"","Sample","Length","CpG_met","CpG_unmet","Sum"
"1","07_report/CpG_context_sampling_135_1_trimmed_bismark_bt2.CpG",45,39,6,45
"2","07_report/CpG_context_sampling_135_2_trimmed_bismark_bt2.CpG",42,34,8,42
"3","07_report/CpG_context_sampling_135_3_trimmed_bismark_bt2.CpG",46,37,9,46
"4","07_report/CpG_context_sampling_135_4_trimmed_bismark_bt2.CpG",49,41,8,49
"5","07_report/CpG_context_sampling_135_5_trimmed_bismark_bt2.CpG",44,35,9,44
"6","07_report/CpG_context_sampling_135_6_trimmed_bismark_bt2.CpG",42,34,8,42
"7","07_report/CpG_context_sampling_135_7_trimmed_bismark_bt2.CpG",52,47,5,52
"8","07_report/CpG_context_sampling_135_8_trimmed_bismark_bt2.CpG",38,35,3,38
"9","07_report/CpG_context_sampling_135_9_trimmed_bismark_bt2.CpG",41,28,13,41
"10","07_report/CpG_context_sampling_135_10_trimmed_bismark_bt2.CpG",50,41,9,50
"11","07_report/CpG_context_sampling_135_11_trimmed_bismark_bt2.CpG",48,39,9,48
"12","07_report/CpG_context_sampling_135_12_trimmed_bismark_bt2.CpG",51,39,12,51
"13","07_report/CpG_context_sampling_135_13_trimmed_bismark_bt2.CpG",37,32,5,37
"14","07_report/CpG_context_sampling_135_14_trimmed_bismark_bt2.CpG",47,41,6,47
"15","07_report/CpG_context_sampling_135_15_trimmed_bismark_bt2.CpG",44,28,16,44
"16","07_report/CpG_context_sampling_135_16_trimmed_bismark_bt2.CpG",45,41,4,45
"17","07_report/CpG_context_sampling_135_17_trimmed_bismark_bt2.CpG",39,33,6,39
"18","07_report/CpG_context_sampling_135_18_trimmed_bismark_bt2.CpG",44,35,9,44
"19","07_report/CpG_context_sampling_135_19_trimmed_bismark_bt2.CpG",43,32,11,43
"20","07_report/CpG_context_sampling_135_20_trimmed_bismark_bt2.CpG",29,27,2,29
"21","07_report/CpG_context_sampling_135_21_trimmed_bismark_bt2.CpG",50,39,11,50
"22","07_report/CpG_context_sampling_135_22_trimmed_bismark_bt2.CpG",48,35,13,48
"23","07_report/CpG_context_sampling_135_23_trimmed_bismark_bt2.CpG",47,40,7,47
"24","07_report/CpG_context_sampling_135_24_trimmed_bismark_bt2.CpG",36,27,9,36
"25","07_report/CpG_context_sampling_135_25_trimmed_bismark_bt2.CpG",39,32,7,39
"26","07_report/CpG_context_sampling_135_26_trimmed_bismark_bt2.CpG",62,49,13,62
"27","07_report/CpG_context_sampling_135_27_trimmed_bismark_bt2.CpG",49,45,4,49
"28","07_report/CpG_context_sampling_135_28_trimmed_bismark_bt2.CpG",41,30,11,41
"29","07_report/CpG_context_sampling_135_29_trimmed_bismark_bt2.CpG",51,44,7,51
"30","07_report/CpG_context_sampling_135_30_trimmed_bismark_bt2.CpG",45,37,8,45
"31","07_report/CpG_context_sampling_135_31_trimmed_bismark_bt2.CpG",47,42,5,47
"32","07_report/CpG_context_sampling_135_32_trimmed_bismark_bt2.CpG",45,40,5,45
"33","07_report/CpG_context_sampling_135_33_trimmed_bismark_bt2.CpG",37,34,3,37
"34","07_report/CpG_context_sampling_135_34_trimmed_bismark_bt2.CpG",46,36,10,46
"35","07_report/CpG_context_sampling_135_35_trimmed_bismark_bt2.CpG",32,28,4,32
"36","07_report/CpG_context_sampling_135_36_trimmed_bismark_bt2.CpG",53,42,11,53
"37","07_report/CpG_context_sampling_135_37_trimmed_bismark_bt2.CpG",55,49,6,55
"38","07_report/CpG_context_sampling_135_38_trimmed_bismark_bt2.CpG",53,44,9,53
"39","07_report/CpG_context_sampling_135_39_trimmed_bismark_bt2.CpG",50,39,11,50
"40","07_report/CpG_context_sampling_135_40_trimmed_bismark_bt2.CpG",48,42,6,48
"41","07_report/CpG_context_sampling_135_41_trimmed_bismark_bt2.CpG",51,43,8,51
"42","07_report/CpG_context_sampling_135_42_trimmed_bismark_bt2.CpG",38,32,6,38
"43","07_report/CpG_context_sampling_135_43_trimmed_bismark_bt2.CpG",33,29,4,33
"44","07_report/CpG_context_sampling_135_44_trimmed_bismark_bt2.CpG",49,39,10,49
"45","07_report/CpG_context_sampling_135_45_trimmed_bismark_bt2.CpG",36,29,7,36
"46","07_report/CpG_context_sampling_135_46_trimmed_bismark_bt2.CpG",39,32,7,39
"47","07_report/CpG_context_sampling_135_47_trimmed_bismark_bt2.CpG",32,27,5,32
"48","07_report/CpG_context_sampling_135_48_trimmed_bismark_bt2.CpG",53,45,8,53
"49","07_report/CpG_context_sampling_135_49_trimmed_bismark_bt2.CpG",34,29,5,34
"50","07_report/CpG_context_sampling_135_50_trimmed_bismark_bt2.CpG",40,34,6,40
"51","07_report/CpG_context_sampling_135_51_trimmed_bismark_bt2.CpG",42,35,7,42
"52","07_report/CpG_context_sampling_135_52_trimmed_bismark_bt2.CpG",41,37,4,41
"53","07_report/CpG_context_sampling_135_53_trimmed_bismark_bt2.CpG",51,43,8,51
"54","07_report/CpG_context_sampling_135_54_trimmed_bismark_bt2.CpG",33,27,6,33
"55","07_report/CpG_context_sampling_135_55_trimmed_bismark_bt2.CpG",39,28,11,39
"56","07_report/CpG_context_sampling_135_56_trimmed_bismark_bt2.CpG",41,34,7,41
"57","07_report/CpG_context_sampling_135_57_trimmed_bismark_bt2.CpG",56,49,7,56
"58","07_report/CpG_context_sampling_135_58_trimmed_bismark_bt2.CpG",35,24,11,35
"59","07_report/CpG_context_sampling_135_59_trimmed_bismark_bt2.CpG",32,29,3,32
"60","07_report/CpG_context_sampling_135_60_trimmed_bismark_bt2.CpG",41,32,9,41
"61","07_report/CpG_context_sampling_135_61_trimmed_bismark_bt2.CpG",41,33,8,41
"62","07_report/CpG_context_sampling_135_62_trimmed_bismark_bt2.CpG",55,43,12,55
"63","07_report/CpG_context_sampling_135_63_trimmed_bismark_bt2.CpG",43,38,5,43
"64","07_report/CpG_context_sampling_135_64_trimmed_bismark_bt2.CpG",41,36,5,41
"65","07_report/CpG_context_sampling_135_65_trimmed_bismark_bt2.CpG",37,28,9,37
"66","07_report/CpG_context_sampling_135_66_trimmed_bismark_bt2.CpG",51,40,11,51
"67","07_report/CpG_context_sampling_135_67_trimmed_bismark_bt2.CpG",44,38,6,44
"68","07_report/CpG_context_sampling_135_68_trimmed_bismark_bt2.CpG",46,36,10,46
"69","07_report/CpG_context_sampling_135_69_trimmed_bismark_bt2.CpG",40,32,8,40
"70","07_report/CpG_context_sampling_135_70_trimmed_bismark_bt2.CpG",44,39,5,44
"71","07_report/CpG_context_sampling_135_71_trimmed_bismark_bt2.CpG",52,45,7,52
"72","07_report/CpG_context_sampling_135_72_trimmed_bismark_bt2.CpG",36,34,2,36
"73","07_report/CpG_context_sampling_135_73_trimmed_bismark_bt2.CpG",34,27,7,34
"74","07_report/CpG_context_sampling_135_74_trimmed_bismark_bt2.CpG",32,23,9,32
"75","07_report/CpG_context_sampling_135_75_trimmed_bismark_bt2.CpG",47,38,9,47
"76","07_report/CpG_context_sampling_135_76_trimmed_bismark_bt2.CpG",39,32,7,39
"77","07_report/CpG_context_sampling_135_77_trimmed_bismark_bt2.CpG",47,37,10,47
"78","07_report/CpG_context_sampling_135_78_trimmed_bismark_bt2.CpG",35,28,7,35
"79","07_report/CpG_context_sampling_135_79_trimmed_bismark_bt2.CpG",44,41,3,44
"80","07_report/CpG_context_sampling_135_80_trimmed_bismark_bt2.CpG",39,31,8,39
"81","07_report/CpG_context_sampling_135_81_trimmed_bismark_bt2.CpG",44,37,7,44
"82","07_report/CpG_context_sampling_135_82_trimmed_bismark_bt2.CpG",48,39,9,48
"83","07_report/CpG_context_sampling_135_83_trimmed_bismark_bt2.CpG",49,42,7,49
"84","07_report/CpG_context_sampling_135_84_trimmed_bismark_bt2.CpG",44,36,8,44
"85","07_report/CpG_context_sampling_135_85_trimmed_bismark_bt2.CpG",49,44,5,49
"86","07_report/CpG_context_sampling_135_86_trimmed_bismark_bt2.CpG",44,39,5,44
"87","07_report/CpG_context_sampling_135_87_trimmed_bismark_bt2.CpG",47,39,8,47
"88","07_report/CpG_context_sampling_135_88_trimmed_bismark_bt2.CpG",46,39,7,46
"89","07_report/CpG_context_sampling_135_89_trimmed_bismark_bt2.CpG",41,34,7,41
"90","07_report/CpG_context_sampling_135_90_trimmed_bismark_bt2.CpG",45,37,8,45
"91","07_report/CpG_context_sampling_135_91_trimmed_bismark_bt2.CpG",43,36,7,43
"92","07_report/CpG_context_sampling_135_92_trimmed_bismark_bt2.CpG",47,42,5,47
"93","07_report/CpG_context_sampling_135_93_trimmed_bismark_bt2.CpG",48,37,11,48
"94","07_report/CpG_context_sampling_135_94_trimmed_bismark_bt2.CpG",40,34,6,40
"95","07_report/CpG_context_sampling_135_95_trimmed_bismark_bt2.CpG",55,51,4,55
"96","07_report/CpG_context_sampling_135_96_trimmed_bismark_bt2.CpG",40,33,7,40
"97","07_report/CpG_context_sampling_135_97_trimmed_bismark_bt2.CpG",46,29,17,46
"98","07_report/CpG_context_sampling_135_98_trimmed_bismark_bt2.CpG",40,37,3,40
"99","07_report/CpG_context_sampling_135_99_trimmed_bismark_bt2.CpG",54,44,10,54
"100","07_report/CpG_context_sampling_135_100_trimmed_bismark_bt2.CpG",38,33,5,38
"101","07_report/CpG_context_sampling_135_101_trimmed_bismark_bt2.CpG",41,34,7,41
"102","07_report/CpG_context_sampling_135_102_trimmed_bismark_bt2.CpG",49,43,6,49
"103","07_report/CpG_context_sampling_135_103_trimmed_bismark_bt2.CpG",40,36,4,40
"104","07_report/CpG_context_sampling_135_104_trimmed_bismark_bt2.CpG",47,37,10,47
"105","07_report/CpG_context_sampling_135_105_trimmed_bismark_bt2.CpG",45,39,6,45
"106","07_report/CpG_context_sampling_135_106_trimmed_bismark_bt2.CpG",36,29,7,36
"107","07_report/CpG_context_sampling_135_107_trimmed_bismark_bt2.CpG",49,43,6,49
"108","07_report/CpG_context_sampling_135_108_trimmed_bismark_bt2.CpG",41,36,5,41
"109","07_report/CpG_context_sampling_135_109_trimmed_bismark_bt2.CpG",53,41,12,53
"110","07_report/CpG_context_sampling_135_110_trimmed_bismark_bt2.CpG",47,41,6,47
"111","07_report/CpG_context_sampling_135_111_trimmed_bismark_bt2.CpG",42,38,4,42
"112","07_report/CpG_context_sampling_135_112_trimmed_bismark_bt2.CpG",38,30,8,38
"113","07_report/CpG_context_sampling_135_113_trimmed_bismark_bt2.CpG",45,36,9,45
"114","07_report/CpG_context_sampling_135_114_trimmed_bismark_bt2.CpG",44,42,2,44
"115","07_report/CpG_context_sampling_135_115_trimmed_bismark_bt2.CpG",53,46,7,53
"116","07_report/CpG_context_sampling_135_116_trimmed_bismark_bt2.CpG",46,43,3,46
"117","07_report/CpG_context_sampling_135_117_trimmed_bismark_bt2.CpG",41,32,9,41
"118","07_report/CpG_context_sampling_135_118_trimmed_bismark_bt2.CpG",45,33,12,45
"119","07_report/CpG_context_sampling_135_119_trimmed_bismark_bt2.CpG",40,39,1,40
"120","07_report/CpG_context_sampling_135_120_trimmed_bismark_bt2.CpG",42,37,5,42
"121","07_report/CpG_context_sampling_135_121_trimmed_bismark_bt2.CpG",35,24,11,35
"122","07_report/CpG_context_sampling_135_122_trimmed_bismark_bt2.CpG",42,35,7,42
"123","07_report/CpG_context_sampling_135_123_trimmed_bismark_bt2.CpG",49,35,14,49
"124","07_report/CpG_context_sampling_135_124_trimmed_bismark_bt2.CpG",41,36,5,41
"125","07_report/CpG_context_sampling_135_125_trimmed_bismark_bt2.CpG",36,28,8,36
"126","07_report/CpG_context_sampling_135_126_trimmed_bismark_bt2.CpG",49,41,8,49
"127","07_report/CpG_context_sampling_135_127_trimmed_bismark_bt2.CpG",41,35,6,41
"128","07_report/CpG_context_sampling_135_128_trimmed_bismark_bt2.CpG",46,36,10,46
"129","07_report/CpG_context_sampling_135_129_trimmed_bismark_bt2.CpG",46,35,11,46
"130","07_report/CpG_context_sampling_135_130_trimmed_bismark_bt2.CpG",48,40,8,48
"131","07_report/CpG_context_sampling_135_131_trimmed_bismark_bt2.CpG",44,31,13,44
"132","07_report/CpG_context_sampling_135_132_trimmed_bismark_bt2.CpG",53,46,7,53
"133","07_report/CpG_context_sampling_135_133_trimmed_bismark_bt2.CpG",34,28,6,34
"134","07_report/CpG_context_sampling_135_134_trimmed_bismark_bt2.CpG",38,33,5,38
"135","07_report/CpG_context_sampling_135_135_trimmed_bismark_bt2.CpG",38,32,6,38
"136","07_report/CpG_context_sampling_135_136_trimmed_bismark_bt2.CpG",37,33,4,37
"137","07_report/CpG_context_sampling_135_137_trimmed_bismark_bt2.CpG",36,29,7,36
"138","07_report/CpG_context_sampling_135_138_trimmed_bismark_bt2.CpG",46,36,10,46
"139","07_report/CpG_context_sampling_135_139_trimmed_bismark_bt2.CpG",51,46,5,51
"140","07_report/CpG_context_sampling_135_140_trimmed_bismark_bt2.CpG",45,36,9,45
"141","07_report/CpG_context_sampling_135_141_trimmed_bismark_bt2.CpG",42,38,4,42
"142","07_report/CpG_context_sampling_135_142_trimmed_bismark_bt2.CpG",51,40,11,51
"143","07_report/CpG_context_sampling_135_143_trimmed_bismark_bt2.CpG",43,34,9,43
"144","07_report/CpG_context_sampling_135_144_trimmed_bismark_bt2.CpG",49,36,13,49
"145","07_report/CpG_context_sampling_135_145_trimmed_bismark_bt2.CpG",48,40,8,48
"146","07_report/CpG_context_sampling_135_146_trimmed_bismark_bt2.CpG",33,25,8,33
"147","07_report/CpG_context_sampling_135_147_trimmed_bismark_bt2.CpG",44,36,8,44
"148","07_report/CpG_context_sampling_135_148_trimmed_bismark_bt2.CpG",44,37,7,44
"149","07_report/CpG_context_sampling_135_149_trimmed_bismark_bt2.CpG",50,48,2,50
"150","07_report/CpG_context_sampling_135_150_trimmed_bismark_bt2.CpG",34,27,7,34
"151","07_report/CpG_context_sampling_135_151_trimmed_bismark_bt2.CpG",46,39,7,46
"152","07_report/CpG_context_sampling_135_152_trimmed_bismark_bt2.CpG",49,41,8,49
"153","07_report/CpG_context_sampling_135_153_trimmed_bismark_bt2.CpG",50,38,12,50
"154","07_report/CpG_context_sampling_135_154_trimmed_bismark_bt2.CpG",48,40,8,48
"155","07_report/CpG_context_sampling_135_155_trimmed_bismark_bt2.CpG",40,35,5,40
"156","07_report/CpG_context_sampling_135_156_trimmed_bismark_bt2.CpG",42,33,9,42
"157","07_report/CpG_context_sampling_135_157_trimmed_bismark_bt2.CpG",35,30,5,35
"158","07_report/CpG_context_sampling_135_158_trimmed_bismark_bt2.CpG",37,30,7,37
"159","07_report/CpG_context_sampling_135_159_trimmed_bismark_bt2.CpG",39,29,10,39
"160","07_report/CpG_context_sampling_135_160_trimmed_bismark_bt2.CpG",40,34,6,40
"161","07_report/CpG_context_sampling_135_161_trimmed_bismark_bt2.CpG",36,29,7,36
"162","07_report/CpG_context_sampling_135_162_trimmed_bismark_bt2.CpG",40,33,7,40
"163","07_report/CpG_context_sampling_135_163_trimmed_bismark_bt2.CpG",49,44,5,49
"164","07_report/CpG_context_sampling_135_164_trimmed_bismark_bt2.CpG",54,45,9,54
"165","07_report/CpG_context_sampling_135_165_trimmed_bismark_bt2.CpG",48,44,4,48
"166","07_report/CpG_context_sampling_135_166_trimmed_bismark_bt2.CpG",33,31,2,33
"167","07_report/CpG_context_sampling_135_167_trimmed_bismark_bt2.CpG",45,39,6,45
"168","07_report/CpG_context_sampling_135_168_trimmed_bismark_bt2.CpG",44,39,5,44
"169","07_report/CpG_context_sampling_135_169_trimmed_bismark_bt2.CpG",44,35,9,44
"170","07_report/CpG_context_sampling_135_170_trimmed_bismark_bt2.CpG",43,35,8,43
"171","07_report/CpG_context_sampling_135_171_trimmed_bismark_bt2.CpG",46,38,8,46
"172","07_report/CpG_context_sampling_135_172_trimmed_bismark_bt2.CpG",42,34,8,42
"173","07_report/CpG_context_sampling_135_173_trimmed_bismark_bt2.CpG",42,34,8,42
"174","07_report/CpG_context_sampling_135_174_trimmed_bismark_bt2.CpG",28,22,6,28
"175","07_report/CpG_context_sampling_135_175_trimmed_bismark_bt2.CpG",57,52,5,57
"176","07_report/CpG_context_sampling_135_176_trimmed_bismark_bt2.CpG",44,41,3,44
"177","07_report/CpG_context_sampling_135_177_trimmed_bismark_bt2.CpG",41,38,3,41
"178","07_report/CpG_context_sampling_135_178_trimmed_bismark_bt2.CpG",49,41,8,49
"179","07_report/CpG_context_sampling_135_179_trimmed_bismark_bt2.CpG",46,40,6,46
"180","07_report/CpG_context_sampling_135_180_trimmed_bismark_bt2.CpG",49,40,9,49
"181","07_report/CpG_context_sampling_135_181_trimmed_bismark_bt2.CpG",40,30,10,40
"182","07_report/CpG_context_sampling_135_182_trimmed_bismark_bt2.CpG",56,46,10,56
"183","07_report/CpG_context_sampling_135_183_trimmed_bismark_bt2.CpG",39,27,12,39
"184","07_report/CpG_context_sampling_135_184_trimmed_bismark_bt2.CpG",39,32,7,39
"185","07_report/CpG_context_sampling_135_185_trimmed_bismark_bt2.CpG",43,37,6,43
"186","07_report/CpG_context_sampling_135_186_trimmed_bismark_bt2.CpG",45,30,15,45
"187","07_report/CpG_context_sampling_135_187_trimmed_bismark_bt2.CpG",46,41,5,46
"188","07_report/CpG_context_sampling_135_188_trimmed_bismark_bt2.CpG",51,44,7,51
"189","07_report/CpG_context_sampling_135_189_trimmed_bismark_bt2.CpG",50,42,8,50
"190","07_report/CpG_context_sampling_135_190_trimmed_bismark_bt2.CpG",43,38,5,43
"191","07_report/CpG_context_sampling_135_191_trimmed_bismark_bt2.CpG",39,29,10,39
"192","07_report/CpG_context_sampling_135_192_trimmed_bismark_bt2.CpG",36,32,4,36
"193","07_report/CpG_context_sampling_135_193_trimmed_bismark_bt2.CpG",45,40,5,45
"194","07_report/CpG_context_sampling_135_194_trimmed_bismark_bt2.CpG",44,38,6,44
"195","07_report/CpG_context_sampling_135_195_trimmed_bismark_bt2.CpG",51,46,5,51
"196","07_report/CpG_context_sampling_135_196_trimmed_bismark_bt2.CpG",43,39,4,43
"197","07_report/CpG_context_sampling_135_197_trimmed_bismark_bt2.CpG",43,34,9,43
"198","07_report/CpG_context_sampling_135_198_trimmed_bismark_bt2.CpG",32,26,6,32
"199","07_report/CpG_context_sampling_135_199_trimmed_bismark_bt2.CpG",43,33,10,43
"200","07_report/CpG_context_sampling_135_200_trimmed_bismark_bt2.CpG",40,30,10,40
"201","07_report/CpG_context_sampling_135_201_trimmed_bismark_bt2.CpG",45,38,7,45
"202","07_report/CpG_context_sampling_135_202_trimmed_bismark_bt2.CpG",51,43,8,51
"203","07_report/CpG_context_sampling_135_203_trimmed_bismark_bt2.CpG",33,27,6,33
"204","07_report/CpG_context_sampling_135_204_trimmed_bismark_bt2.CpG",46,39,7,46
"205","07_report/CpG_context_sampling_135_205_trimmed_bismark_bt2.CpG",38,28,10,38
"206","07_report/CpG_context_sampling_135_206_trimmed_bismark_bt2.CpG",33,30,3,33
"207","07_report/CpG_context_sampling_135_207_trimmed_bismark_bt2.CpG",51,44,7,51
"208","07_report/CpG_context_sampling_135_208_trimmed_bismark_bt2.CpG",38,30,8,38
"209","07_report/CpG_context_sampling_135_209_trimmed_bismark_bt2.CpG",49,41,8,49
"210","07_report/CpG_context_sampling_135_210_trimmed_bismark_bt2.CpG",36,27,9,36
"211","07_report/CpG_context_sampling_135_211_trimmed_bismark_bt2.CpG",46,35,11,46
"212","07_report/CpG_context_sampling_135_212_trimmed_bismark_bt2.CpG",42,36,6,42
"213","07_report/CpG_context_sampling_135_213_trimmed_bismark_bt2.CpG",34,29,5,34
"214","07_report/CpG_context_sampling_135_214_trimmed_bismark_bt2.CpG",50,41,9,50
"215","07_report/CpG_context_sampling_135_215_trimmed_bismark_bt2.CpG",52,48,4,52
"216","07_report/CpG_context_sampling_135_216_trimmed_bismark_bt2.CpG",41,34,7,41
"217","07_report/CpG_context_sampling_135_217_trimmed_bismark_bt2.CpG",37,32,5,37
"218","07_report/CpG_context_sampling_135_218_trimmed_bismark_bt2.CpG",35,27,8,35
"219","07_report/CpG_context_sampling_135_219_trimmed_bismark_bt2.CpG",50,42,8,50
"220","07_report/CpG_context_sampling_135_220_trimmed_bismark_bt2.CpG",50,40,10,50
"221","07_report/CpG_context_sampling_135_221_trimmed_bismark_bt2.CpG",37,33,4,37
"222","07_report/CpG_context_sampling_135_222_trimmed_bismark_bt2.CpG",44,35,9,44
"223","07_report/CpG_context_sampling_135_223_trimmed_bismark_bt2.CpG",40,30,10,40
"224","07_report/CpG_context_sampling_135_224_trimmed_bismark_bt2.CpG",43,34,9,43
"225","07_report/CpG_context_sampling_135_225_trimmed_bismark_bt2.CpG",44,36,8,44
"226","07_report/CpG_context_sampling_135_226_trimmed_bismark_bt2.CpG",44,38,6,44
"227","07_report/CpG_context_sampling_135_227_trimmed_bismark_bt2.CpG",51,44,7,51
"228","07_report/CpG_context_sampling_135_228_trimmed_bismark_bt2.CpG",46,38,8,46
"229","07_report/CpG_context_sampling_135_229_trimmed_bismark_bt2.CpG",47,39,8,47
"230","07_report/CpG_context_sampling_135_230_trimmed_bismark_bt2.CpG",40,37,3,40
"231","07_report/CpG_context_sampling_135_231_trimmed_bismark_bt2.CpG",44,41,3,44
"232","07_report/CpG_context_sampling_135_232_trimmed_bismark_bt2.CpG",52,36,16,52
"233","07_report/CpG_context_sampling_135_233_trimmed_bismark_bt2.CpG",46,41,5,46
"234","07_report/CpG_context_sampling_135_234_trimmed_bismark_bt2.CpG",48,39,9,48
"235","07_report/CpG_context_sampling_135_235_trimmed_bismark_bt2.CpG",47,40,7,47
"236","07_report/CpG_context_sampling_135_236_trimmed_bismark_bt2.CpG",40,36,4,40
"237","07_report/CpG_context_sampling_135_237_trimmed_bismark_bt2.CpG",43,37,6,43
"238","07_report/CpG_context_sampling_135_238_trimmed_bismark_bt2.CpG",35,30,5,35
"239","07_report/CpG_context_sampling_135_239_trimmed_bismark_bt2.CpG",39,32,7,39
"240","07_report/CpG_context_sampling_135_240_trimmed_bismark_bt2.CpG",43,35,8,43
"241","07_report/CpG_context_sampling_135_241_trimmed_bismark_bt2.CpG",39,31,8,39
"242","07_report/CpG_context_sampling_135_242_trimmed_bismark_bt2.CpG",38,31,7,38
"243","07_report/CpG_context_sampling_135_243_trimmed_bismark_bt2.CpG",40,35,5,40
"244","07_report/CpG_context_sampling_135_244_trimmed_bismark_bt2.CpG",47,34,13,47
"245","07_report/CpG_context_sampling_135_245_trimmed_bismark_bt2.CpG",45,38,7,45
"246","07_report/CpG_context_sampling_135_246_trimmed_bismark_bt2.CpG",41,35,6,41
"247","07_report/CpG_context_sampling_135_247_trimmed_bismark_bt2.CpG",38,31,7,38
"248","07_report/CpG_context_sampling_135_248_trimmed_bismark_bt2.CpG",36,32,4,36
"249","07_report/CpG_context_sampling_135_249_trimmed_bismark_bt2.CpG",45,33,12,45
"250","07_report/CpG_context_sampling_135_250_trimmed_bismark_bt2.CpG",41,33,8,41
"251","07_report/CpG_context_sampling_135_251_trimmed_bismark_bt2.CpG",50,40,10,50
"252","07_report/CpG_context_sampling_135_252_trimmed_bismark_bt2.CpG",36,28,8,36
"253","07_report/CpG_context_sampling_135_253_trimmed_bismark_bt2.CpG",35,28,7,35
"254","07_report/CpG_context_sampling_135_254_trimmed_bismark_bt2.CpG",43,37,6,43
"255","07_report/CpG_context_sampling_135_255_trimmed_bismark_bt2.CpG",49,40,9,49
"256","07_report/CpG_context_sampling_135_256_trimmed_bismark_bt2.CpG",49,39,10,49
"257","07_report/CpG_context_sampling_135_257_trimmed_bismark_bt2.CpG",50,43,7,50
"258","07_report/CpG_context_sampling_135_258_trimmed_bismark_bt2.CpG",47,37,10,47
"259","07_report/CpG_context_sampling_135_259_trimmed_bismark_bt2.CpG",47,39,8,47
"260","07_report/CpG_context_sampling_135_260_trimmed_bismark_bt2.CpG",46,38,8,46
"261","07_report/CpG_context_sampling_135_261_trimmed_bismark_bt2.CpG",47,41,6,47
"262","07_report/CpG_context_sampling_135_262_trimmed_bismark_bt2.CpG",34,28,6,34
"263","07_report/CpG_context_sampling_135_263_trimmed_bismark_bt2.CpG",45,43,2,45
"264","07_report/CpG_context_sampling_135_264_trimmed_bismark_bt2.CpG",39,27,12,39
"265","07_report/CpG_context_sampling_135_265_trimmed_bismark_bt2.CpG",51,42,9,51
"266","07_report/CpG_context_sampling_135_266_trimmed_bismark_bt2.CpG",39,33,6,39
"267","07_report/CpG_context_sampling_135_267_trimmed_bismark_bt2.CpG",52,45,7,52
"268","07_report/CpG_context_sampling_135_268_trimmed_bismark_bt2.CpG",37,35,2,37
"269","07_report/CpG_context_sampling_135_269_trimmed_bismark_bt2.CpG",50,41,9,50
"270","07_report/CpG_context_sampling_135_270_trimmed_bismark_bt2.CpG",46,38,8,46
"271","07_report/CpG_context_sampling_135_271_trimmed_bismark_bt2.CpG",56,50,6,56
"272","07_report/CpG_context_sampling_135_272_trimmed_bismark_bt2.CpG",48,44,4,48
"273","07_report/CpG_context_sampling_135_273_trimmed_bismark_bt2.CpG",44,38,6,44
"274","07_report/CpG_context_sampling_135_274_trimmed_bismark_bt2.CpG",46,37,9,46
"275","07_report/CpG_context_sampling_135_275_trimmed_bismark_bt2.CpG",37,32,5,37
"276","07_report/CpG_context_sampling_135_276_trimmed_bismark_bt2.CpG",44,32,12,44
"277","07_report/CpG_context_sampling_135_277_trimmed_bismark_bt2.CpG",42,39,3,42
"278","07_report/CpG_context_sampling_135_278_trimmed_bismark_bt2.CpG",46,41,5,46
"279","07_report/CpG_context_sampling_135_279_trimmed_bismark_bt2.CpG",41,32,9,41
"280","07_report/CpG_context_sampling_135_280_trimmed_bismark_bt2.CpG",50,43,7,50
"281","07_report/CpG_context_sampling_135_281_trimmed_bismark_bt2.CpG",44,32,12,44
"282","07_report/CpG_context_sampling_135_282_trimmed_bismark_bt2.CpG",52,40,12,52
"283","07_report/CpG_context_sampling_135_283_trimmed_bismark_bt2.CpG",44,38,6,44
"284","07_report/CpG_context_sampling_135_284_trimmed_bismark_bt2.CpG",46,40,6,46
"285","07_report/CpG_context_sampling_135_285_trimmed_bismark_bt2.CpG",42,35,7,42
"286","07_report/CpG_context_sampling_135_286_trimmed_bismark_bt2.CpG",49,44,5,49
"287","07_report/CpG_context_sampling_135_287_trimmed_bismark_bt2.CpG",46,34,12,46
"288","07_report/CpG_context_sampling_135_288_trimmed_bismark_bt2.CpG",47,39,8,47
"289","07_report/CpG_context_sampling_135_289_trimmed_bismark_bt2.CpG",49,38,11,49
"290","07_report/CpG_context_sampling_135_290_trimmed_bismark_bt2.CpG",48,37,11,48
"291","07_report/CpG_context_sampling_135_291_trimmed_bismark_bt2.CpG",35,27,8,35
"292","07_report/CpG_context_sampling_135_292_trimmed_bismark_bt2.CpG",44,36,8,44
"293","07_report/CpG_context_sampling_135_293_trimmed_bismark_bt2.CpG",38,34,4,38
"294","07_report/CpG_context_sampling_135_294_trimmed_bismark_bt2.CpG",38,32,6,38
"295","07_report/CpG_context_sampling_135_295_trimmed_bismark_bt2.CpG",45,39,6,45
"296","07_report/CpG_context_sampling_135_296_trimmed_bismark_bt2.CpG",46,34,12,46
"297","07_report/CpG_context_sampling_135_297_trimmed_bismark_bt2.CpG",44,39,5,44
"298","07_report/CpG_context_sampling_135_298_trimmed_bismark_bt2.CpG",40,34,6,40
"299","07_report/CpG_context_sampling_135_299_trimmed_bismark_bt2.CpG",38,34,4,38
"300","07_report/CpG_context_sampling_135_300_trimmed_bismark_bt2.CpG",39,30,9,39
"301","07_report/CpG_context_sampling_135_301_trimmed_bismark_bt2.CpG",42,36,6,42
"302","07_report/CpG_context_sampling_135_302_trimmed_bismark_bt2.CpG",37,30,7,37
"303","07_report/CpG_context_sampling_135_303_trimmed_bismark_bt2.CpG",37,34,3,37
"304","07_report/CpG_context_sampling_135_304_trimmed_bismark_bt2.CpG",43,36,7,43
"305","07_report/CpG_context_sampling_135_305_trimmed_bismark_bt2.CpG",32,26,6,32
"306","07_report/CpG_context_sampling_135_306_trimmed_bismark_bt2.CpG",38,32,6,38
"307","07_report/CpG_context_sampling_135_307_trimmed_bismark_bt2.CpG",46,38,8,46
"308","07_report/CpG_context_sampling_135_308_trimmed_bismark_bt2.CpG",52,48,4,52
"309","07_report/CpG_context_sampling_135_309_trimmed_bismark_bt2.CpG",37,30,7,37
"310","07_report/CpG_context_sampling_135_310_trimmed_bismark_bt2.CpG",39,34,5,39
"311","07_report/CpG_context_sampling_135_311_trimmed_bismark_bt2.CpG",55,46,9,55
"312","07_report/CpG_context_sampling_135_312_trimmed_bismark_bt2.CpG",44,39,5,44
"313","07_report/CpG_context_sampling_135_313_trimmed_bismark_bt2.CpG",43,35,8,43
"314","07_report/CpG_context_sampling_135_314_trimmed_bismark_bt2.CpG",37,31,6,37
"315","07_report/CpG_context_sampling_135_315_trimmed_bismark_bt2.CpG",34,27,7,34
"316","07_report/CpG_context_sampling_135_316_trimmed_bismark_bt2.CpG",42,40,2,42
"317","07_report/CpG_context_sampling_135_317_trimmed_bismark_bt2.CpG",48,40,8,48
"318","07_report/CpG_context_sampling_135_318_trimmed_bismark_bt2.CpG",48,41,7,48
"319","07_report/CpG_context_sampling_135_319_trimmed_bismark_bt2.CpG",46,41,5,46
"320","07_report/CpG_context_sampling_135_320_trimmed_bismark_bt2.CpG",40,37,3,40
"321","07_report/CpG_context_sampling_135_321_trimmed_bismark_bt2.CpG",36,31,5,36
"322","07_report/CpG_context_sampling_135_322_trimmed_bismark_bt2.CpG",48,38,10,48
"323","07_report/CpG_context_sampling_135_323_trimmed_bismark_bt2.CpG",40,34,6,40
"324","07_report/CpG_context_sampling_135_324_trimmed_bismark_bt2.CpG",49,41,8,49
"325","07_report/CpG_context_sampling_135_325_trimmed_bismark_bt2.CpG",44,37,7,44
"326","07_report/CpG_context_sampling_135_326_trimmed_bismark_bt2.CpG",41,35,6,41
"327","07_report/CpG_context_sampling_135_327_trimmed_bismark_bt2.CpG",41,34,7,41
"328","07_report/CpG_context_sampling_135_328_trimmed_bismark_bt2.CpG",45,39,6,45
"329","07_report/CpG_context_sampling_135_329_trimmed_bismark_bt2.CpG",45,38,7,45
"330","07_report/CpG_context_sampling_135_330_trimmed_bismark_bt2.CpG",42,35,7,42
"331","07_report/CpG_context_sampling_135_331_trimmed_bismark_bt2.CpG",42,34,8,42
"332","07_report/CpG_context_sampling_135_332_trimmed_bismark_bt2.CpG",39,32,7,39
"333","07_report/CpG_context_sampling_135_333_trimmed_bismark_bt2.CpG",36,29,7,36
"334","07_report/CpG_context_sampling_135_334_trimmed_bismark_bt2.CpG",43,32,11,43
"335","07_report/CpG_context_sampling_135_335_trimmed_bismark_bt2.CpG",47,33,14,47
"336","07_report/CpG_context_sampling_135_336_trimmed_bismark_bt2.CpG",45,38,7,45
"337","07_report/CpG_context_sampling_135_337_trimmed_bismark_bt2.CpG",41,38,3,41
"338","07_report/CpG_context_sampling_135_338_trimmed_bismark_bt2.CpG",44,41,3,44
"339","07_report/CpG_context_sampling_135_339_trimmed_bismark_bt2.CpG",46,36,10,46
"340","07_report/CpG_context_sampling_135_340_trimmed_bismark_bt2.CpG",44,36,8,44
"341","07_report/CpG_context_sampling_135_341_trimmed_bismark_bt2.CpG",47,32,15,47
"342","07_report/CpG_context_sampling_135_342_trimmed_bismark_bt2.CpG",40,35,5,40
"343","07_report/CpG_context_sampling_135_343_trimmed_bismark_bt2.CpG",43,35,8,43
"344","07_report/CpG_context_sampling_135_344_trimmed_bismark_bt2.CpG",50,37,13,50
"345","07_report/CpG_context_sampling_135_345_trimmed_bismark_bt2.CpG",51,38,13,51
"346","07_report/CpG_context_sampling_135_346_trimmed_bismark_bt2.CpG",46,44,2,46
"347","07_report/CpG_context_sampling_135_347_trimmed_bismark_bt2.CpG",58,51,7,58
"348","07_report/CpG_context_sampling_135_348_trimmed_bismark_bt2.CpG",43,34,9,43
"349","07_report/CpG_context_sampling_135_349_trimmed_bismark_bt2.CpG",43,35,8,43
"350","07_report/CpG_context_sampling_135_350_trimmed_bismark_bt2.CpG",46,38,8,46
"351","07_report/CpG_context_sampling_135_351_trimmed_bismark_bt2.CpG",40,30,10,40
"352","07_report/CpG_context_sampling_135_352_trimmed_bismark_bt2.CpG",43,37,6,43
"353","07_report/CpG_context_sampling_135_353_trimmed_bismark_bt2.CpG",41,36,5,41
"354","07_report/CpG_context_sampling_135_354_trimmed_bismark_bt2.CpG",45,41,4,45
"355","07_report/CpG_context_sampling_135_355_trimmed_bismark_bt2.CpG",36,29,7,36
"356","07_report/CpG_context_sampling_135_356_trimmed_bismark_bt2.CpG",43,35,8,43
"357","07_report/CpG_context_sampling_135_357_trimmed_bismark_bt2.CpG",38,35,3,38
"358","07_report/CpG_context_sampling_135_358_trimmed_bismark_bt2.CpG",50,42,8,50
"359","07_report/CpG_context_sampling_135_359_trimmed_bismark_bt2.CpG",47,39,8,47
"360","07_report/CpG_context_sampling_135_360_trimmed_bismark_bt2.CpG",42,39,3,42
"361","07_report/CpG_context_sampling_135_361_trimmed_bismark_bt2.CpG",41,34,7,41
"362","07_report/CpG_context_sampling_135_362_trimmed_bismark_bt2.CpG",40,37,3,40
"363","07_report/CpG_context_sampling_135_363_trimmed_bismark_bt2.CpG",47,37,10,47
"364","07_report/CpG_context_sampling_135_364_trimmed_bismark_bt2.CpG",40,37,3,40
"365","07_report/CpG_context_sampling_135_365_trimmed_bismark_bt2.CpG",34,32,2,34
"366","07_report/CpG_context_sampling_135_366_trimmed_bismark_bt2.CpG",38,35,3,38
"367","07_report/CpG_context_sampling_135_367_trimmed_bismark_bt2.CpG",47,37,10,47
"368","07_report/CpG_context_sampling_135_368_trimmed_bismark_bt2.CpG",33,28,5,33
"369","07_report/CpG_context_sampling_135_369_trimmed_bismark_bt2.CpG",45,37,8,45
"370","07_report/CpG_context_sampling_135_370_trimmed_bismark_bt2.CpG",44,38,6,44
"371","07_report/CpG_context_sampling_135_371_trimmed_bismark_bt2.CpG",44,35,9,44
"372","07_report/CpG_context_sampling_135_372_trimmed_bismark_bt2.CpG",52,38,14,52
"373","07_report/CpG_context_sampling_135_373_trimmed_bismark_bt2.CpG",34,30,4,34
"374","07_report/CpG_context_sampling_135_374_trimmed_bismark_bt2.CpG",50,41,9,50
"375","07_report/CpG_context_sampling_135_375_trimmed_bismark_bt2.CpG",44,35,9,44
"376","07_report/CpG_context_sampling_135_376_trimmed_bismark_bt2.CpG",40,28,12,40
"377","07_report/CpG_context_sampling_135_377_trimmed_bismark_bt2.CpG",37,27,10,37
"378","07_report/CpG_context_sampling_135_378_trimmed_bismark_bt2.CpG",40,30,10,40
"379","07_report/CpG_context_sampling_135_379_trimmed_bismark_bt2.CpG",47,37,10,47
"380","07_report/CpG_context_sampling_135_380_trimmed_bismark_bt2.CpG",37,29,8,37
"381","07_report/CpG_context_sampling_135_381_trimmed_bismark_bt2.CpG",50,42,8,50
"382","07_report/CpG_context_sampling_135_382_trimmed_bismark_bt2.CpG",46,40,6,46
"383","07_report/CpG_context_sampling_135_383_trimmed_bismark_bt2.CpG",43,35,8,43
"384","07_report/CpG_context_sampling_135_384_trimmed_bismark_bt2.CpG",36,29,7,36
"385","07_report/CpG_context_sampling_135_385_trimmed_bismark_bt2.CpG",43,39,4,43
"386","07_report/CpG_context_sampling_135_386_trimmed_bismark_bt2.CpG",52,44,8,52
"387","07_report/CpG_context_sampling_135_387_trimmed_bismark_bt2.CpG",41,37,4,41
"388","07_report/CpG_context_sampling_135_388_trimmed_bismark_bt2.CpG",37,30,7,37
"389","07_report/CpG_context_sampling_135_389_trimmed_bismark_bt2.CpG",34,29,5,34
"390","07_report/CpG_context_sampling_135_390_trimmed_bismark_bt2.CpG",53,45,8,53
"391","07_report/CpG_context_sampling_135_391_trimmed_bismark_bt2.CpG",34,27,7,34
"392","07_report/CpG_context_sampling_135_392_trimmed_bismark_bt2.CpG",39,33,6,39
"393","07_report/CpG_context_sampling_135_393_trimmed_bismark_bt2.CpG",35,26,9,35
"394","07_report/CpG_context_sampling_135_394_trimmed_bismark_bt2.CpG",40,34,6,40
"395","07_report/CpG_context_sampling_135_395_trimmed_bismark_bt2.CpG",42,37,5,42
"396","07_report/CpG_context_sampling_135_396_trimmed_bismark_bt2.CpG",40,36,4,40
"397","07_report/CpG_context_sampling_135_397_trimmed_bismark_bt2.CpG",32,25,7,32
"398","07_report/CpG_context_sampling_135_398_trimmed_bismark_bt2.CpG",53,44,9,53
"399","07_report/CpG_context_sampling_135_399_trimmed_bismark_bt2.CpG",41,31,10,41
"400","07_report/CpG_context_sampling_135_400_trimmed_bismark_bt2.CpG",38,35,3,38
"401","07_report/CpG_context_sampling_135_401_trimmed_bismark_bt2.CpG",48,39,9,48
"402","07_report/CpG_context_sampling_135_402_trimmed_bismark_bt2.CpG",50,39,11,50
"403","07_report/CpG_context_sampling_135_403_trimmed_bismark_bt2.CpG",40,35,5,40
"404","07_report/CpG_context_sampling_135_404_trimmed_bismark_bt2.CpG",39,33,6,39
"405","07_report/CpG_context_sampling_135_405_trimmed_bismark_bt2.CpG",49,42,7,49
"406","07_report/CpG_context_sampling_135_406_trimmed_bismark_bt2.CpG",30,23,7,30
"407","07_report/CpG_context_sampling_135_407_trimmed_bismark_bt2.CpG",46,36,10,46
"408","07_report/CpG_context_sampling_135_408_trimmed_bismark_bt2.CpG",53,45,8,53
"409","07_report/CpG_context_sampling_135_409_trimmed_bismark_bt2.CpG",31,26,5,31
"410","07_report/CpG_context_sampling_135_410_trimmed_bismark_bt2.CpG",39,31,8,39
"411","07_report/CpG_context_sampling_135_411_trimmed_bismark_bt2.CpG",39,30,9,39
"412","07_report/CpG_context_sampling_135_412_trimmed_bismark_bt2.CpG",40,36,4,40
"413","07_report/CpG_context_sampling_135_413_trimmed_bismark_bt2.CpG",36,31,5,36
"414","07_report/CpG_context_sampling_135_414_trimmed_bismark_bt2.CpG",48,41,7,48
"415","07_report/CpG_context_sampling_135_415_trimmed_bismark_bt2.CpG",41,26,15,41
"416","07_report/CpG_context_sampling_135_416_trimmed_bismark_bt2.CpG",45,40,5,45
"417","07_report/CpG_context_sampling_135_417_trimmed_bismark_bt2.CpG",57,46,11,57
"418","07_report/CpG_context_sampling_135_418_trimmed_bismark_bt2.CpG",37,29,8,37
"419","07_report/CpG_context_sampling_135_419_trimmed_bismark_bt2.CpG",30,24,6,30
"420","07_report/CpG_context_sampling_135_420_trimmed_bismark_bt2.CpG",36,28,8,36
"421","07_report/CpG_context_sampling_135_421_trimmed_bismark_bt2.CpG",45,39,6,45
"422","07_report/CpG_context_sampling_135_422_trimmed_bismark_bt2.CpG",39,34,5,39
"423","07_report/CpG_context_sampling_135_423_trimmed_bismark_bt2.CpG",42,37,5,42
"424","07_report/CpG_context_sampling_135_424_trimmed_bismark_bt2.CpG",44,39,5,44
"425","07_report/CpG_context_sampling_135_425_trimmed_bismark_bt2.CpG",53,44,9,53
"426","07_report/CpG_context_sampling_135_426_trimmed_bismark_bt2.CpG",46,41,5,46
"427","07_report/CpG_context_sampling_135_427_trimmed_bismark_bt2.CpG",46,32,14,46
"428","07_report/CpG_context_sampling_135_428_trimmed_bismark_bt2.CpG",48,43,5,48
"429","07_report/CpG_context_sampling_135_429_trimmed_bismark_bt2.CpG",45,39,6,45
"430","07_report/CpG_context_sampling_135_430_trimmed_bismark_bt2.CpG",39,33,6,39
"431","07_report/CpG_context_sampling_135_431_trimmed_bismark_bt2.CpG",51,46,5,51
"432","07_report/CpG_context_sampling_135_432_trimmed_bismark_bt2.CpG",48,36,12,48
"433","07_report/CpG_context_sampling_135_433_trimmed_bismark_bt2.CpG",53,43,10,53
"434","07_report/CpG_context_sampling_135_434_trimmed_bismark_bt2.CpG",48,36,12,48
"435","07_report/CpG_context_sampling_135_435_trimmed_bismark_bt2.CpG",55,45,10,55
"436","07_report/CpG_context_sampling_135_436_trimmed_bismark_bt2.CpG",42,37,5,42
"437","07_report/CpG_context_sampling_135_437_trimmed_bismark_bt2.CpG",38,33,5,38
"438","07_report/CpG_context_sampling_135_438_trimmed_bismark_bt2.CpG",51,40,11,51
"439","07_report/CpG_context_sampling_135_439_trimmed_bismark_bt2.CpG",41,33,8,41
"440","07_report/CpG_context_sampling_135_440_trimmed_bismark_bt2.CpG",46,38,8,46
"441","07_report/CpG_context_sampling_135_441_trimmed_bismark_bt2.CpG",50,44,6,50
"442","07_report/CpG_context_sampling_135_442_trimmed_bismark_bt2.CpG",42,37,5,42
"443","07_report/CpG_context_sampling_135_443_trimmed_bismark_bt2.CpG",49,37,12,49
"444","07_report/CpG_context_sampling_135_444_trimmed_bismark_bt2.CpG",46,34,12,46
"445","07_report/CpG_context_sampling_135_445_trimmed_bismark_bt2.CpG",44,38,6,44
"446","07_report/CpG_context_sampling_135_446_trimmed_bismark_bt2.CpG",48,39,9,48
"447","07_report/CpG_context_sampling_135_447_trimmed_bismark_bt2.CpG",48,44,4,48
"448","07_report/CpG_context_sampling_135_448_trimmed_bismark_bt2.CpG",33,29,4,33
"449","07_report/CpG_context_sampling_135_449_trimmed_bismark_bt2.CpG",41,32,9,41
"450","07_report/CpG_context_sampling_135_450_trimmed_bismark_bt2.CpG",44,38,6,44
"451","07_report/CpG_context_sampling_135_451_trimmed_bismark_bt2.CpG",45,41,4,45
"452","07_report/CpG_context_sampling_135_452_trimmed_bismark_bt2.CpG",41,34,7,41
"453","07_report/CpG_context_sampling_135_453_trimmed_bismark_bt2.CpG",36,28,8,36
"454","07_report/CpG_context_sampling_135_454_trimmed_bismark_bt2.CpG",53,46,7,53
"455","07_report/CpG_context_sampling_135_455_trimmed_bismark_bt2.CpG",50,42,8,50
"456","07_report/CpG_context_sampling_135_456_trimmed_bismark_bt2.CpG",46,32,14,46
"457","07_report/CpG_context_sampling_135_457_trimmed_bismark_bt2.CpG",40,34,6,40
"458","07_report/CpG_context_sampling_135_458_trimmed_bismark_bt2.CpG",55,48,7,55
"459","07_report/CpG_context_sampling_135_459_trimmed_bismark_bt2.CpG",48,43,5,48
"460","07_report/CpG_context_sampling_135_460_trimmed_bismark_bt2.CpG",37,25,12,37
"461","07_report/CpG_context_sampling_135_461_trimmed_bismark_bt2.CpG",52,44,8,52
"462","07_report/CpG_context_sampling_135_462_trimmed_bismark_bt2.CpG",41,37,4,41
"463","07_report/CpG_context_sampling_135_463_trimmed_bismark_bt2.CpG",43,37,6,43
"464","07_report/CpG_context_sampling_135_464_trimmed_bismark_bt2.CpG",43,27,16,43
"465","07_report/CpG_context_sampling_135_465_trimmed_bismark_bt2.CpG",42,35,7,42
"466","07_report/CpG_context_sampling_135_466_trimmed_bismark_bt2.CpG",42,36,6,42
"467","07_report/CpG_context_sampling_135_467_trimmed_bismark_bt2.CpG",45,37,8,45
"468","07_report/CpG_context_sampling_135_468_trimmed_bismark_bt2.CpG",52,45,7,52
"469","07_report/CpG_context_sampling_135_469_trimmed_bismark_bt2.CpG",40,34,6,40
"470","07_report/CpG_context_sampling_135_470_trimmed_bismark_bt2.CpG",43,35,8,43
"471","07_report/CpG_context_sampling_135_471_trimmed_bismark_bt2.CpG",47,38,9,47
"472","07_report/CpG_context_sampling_135_472_trimmed_bismark_bt2.CpG",39,35,4,39
"473","07_report/CpG_context_sampling_135_473_trimmed_bismark_bt2.CpG",56,51,5,56
"474","07_report/CpG_context_sampling_135_474_trimmed_bismark_bt2.CpG",42,33,9,42
"475","07_report/CpG_context_sampling_135_475_trimmed_bismark_bt2.CpG",50,41,9,50
"476","07_report/CpG_context_sampling_135_476_trimmed_bismark_bt2.CpG",46,39,7,46
"477","07_report/CpG_context_sampling_135_477_trimmed_bismark_bt2.CpG",42,37,5,42
"478","07_report/CpG_context_sampling_135_478_trimmed_bismark_bt2.CpG",58,45,13,58
"479","07_report/CpG_context_sampling_135_479_trimmed_bismark_bt2.CpG",50,44,6,50
"480","07_report/CpG_context_sampling_135_480_trimmed_bismark_bt2.CpG",42,35,7,42
"481","07_report/CpG_context_sampling_135_481_trimmed_bismark_bt2.CpG",41,33,8,41
"482","07_report/CpG_context_sampling_135_482_trimmed_bismark_bt2.CpG",35,29,6,35
"483","07_report/CpG_context_sampling_135_483_trimmed_bismark_bt2.CpG",51,41,10,51
"484","07_report/CpG_context_sampling_135_484_trimmed_bismark_bt2.CpG",46,41,5,46
"485","07_report/CpG_context_sampling_135_485_trimmed_bismark_bt2.CpG",43,41,2,43
"486","07_report/CpG_context_sampling_135_486_trimmed_bismark_bt2.CpG",39,31,8,39
"487","07_report/CpG_context_sampling_135_487_trimmed_bismark_bt2.CpG",38,33,5,38
"488","07_report/CpG_context_sampling_135_488_trimmed_bismark_bt2.CpG",43,33,10,43
"489","07_report/CpG_context_sampling_135_489_trimmed_bismark_bt2.CpG",37,32,5,37
"490","07_report/CpG_context_sampling_135_490_trimmed_bismark_bt2.CpG",46,40,6,46
"491","07_report/CpG_context_sampling_135_491_trimmed_bismark_bt2.CpG",37,26,11,37
"492","07_report/CpG_context_sampling_135_492_trimmed_bismark_bt2.CpG",50,43,7,50
"493","07_report/CpG_context_sampling_135_493_trimmed_bismark_bt2.CpG",48,37,11,48
"494","07_report/CpG_context_sampling_135_494_trimmed_bismark_bt2.CpG",41,33,8,41
"495","07_report/CpG_context_sampling_135_495_trimmed_bismark_bt2.CpG",45,37,8,45
"496","07_report/CpG_context_sampling_135_496_trimmed_bismark_bt2.CpG",41,34,7,41
"497","07_report/CpG_context_sampling_135_497_trimmed_bismark_bt2.CpG",38,35,3,38
"498","07_report/CpG_context_sampling_135_498_trimmed_bismark_bt2.CpG",32,30,2,32
"499","07_report/CpG_context_sampling_135_499_trimmed_bismark_bt2.CpG",45,33,12,45
"500","07_report/CpG_context_sampling_135_500_trimmed_bismark_bt2.CpG",51,41,10,51
"501","07_report/CpG_context_sampling_135_501_trimmed_bismark_bt2.CpG",46,38,8,46
"502","07_report/CpG_context_sampling_135_502_trimmed_bismark_bt2.CpG",47,42,5,47
"503","07_report/CpG_context_sampling_135_503_trimmed_bismark_bt2.CpG",44,31,13,44
"504","07_report/CpG_context_sampling_135_504_trimmed_bismark_bt2.CpG",39,33,6,39
"505","07_report/CpG_context_sampling_135_505_trimmed_bismark_bt2.CpG",46,34,12,46
"506","07_report/CpG_context_sampling_135_506_trimmed_bismark_bt2.CpG",48,37,11,48
"507","07_report/CpG_context_sampling_135_507_trimmed_bismark_bt2.CpG",60,56,4,60
"508","07_report/CpG_context_sampling_135_508_trimmed_bismark_bt2.CpG",47,41,6,47
"509","07_report/CpG_context_sampling_135_509_trimmed_bismark_bt2.CpG",43,34,9,43
"510","07_report/CpG_context_sampling_135_510_trimmed_bismark_bt2.CpG",57,47,10,57
"511","07_report/CpG_context_sampling_135_511_trimmed_bismark_bt2.CpG",42,31,11,42
"512","07_report/CpG_context_sampling_135_512_trimmed_bismark_bt2.CpG",48,40,8,48
"513","07_report/CpG_context_sampling_135_513_trimmed_bismark_bt2.CpG",42,32,10,42
"514","07_report/CpG_context_sampling_135_514_trimmed_bismark_bt2.CpG",52,39,13,52
"515","07_report/CpG_context_sampling_135_515_trimmed_bismark_bt2.CpG",45,41,4,45
"516","07_report/CpG_context_sampling_135_516_trimmed_bismark_bt2.CpG",41,39,2,41
"517","07_report/CpG_context_sampling_135_517_trimmed_bismark_bt2.CpG",45,37,8,45
"518","07_report/CpG_context_sampling_135_518_trimmed_bismark_bt2.CpG",38,31,7,38
"519","07_report/CpG_context_sampling_135_519_trimmed_bismark_bt2.CpG",48,37,11,48
"520","07_report/CpG_context_sampling_135_520_trimmed_bismark_bt2.CpG",43,38,5,43
"521","07_report/CpG_context_sampling_135_521_trimmed_bismark_bt2.CpG",51,43,8,51
"522","07_report/CpG_context_sampling_135_522_trimmed_bismark_bt2.CpG",42,31,11,42
"523","07_report/CpG_context_sampling_135_523_trimmed_bismark_bt2.CpG",44,36,8,44
"524","07_report/CpG_context_sampling_135_524_trimmed_bismark_bt2.CpG",36,30,6,36
"525","07_report/CpG_context_sampling_135_525_trimmed_bismark_bt2.CpG",47,40,7,47
"526","07_report/CpG_context_sampling_135_526_trimmed_bismark_bt2.CpG",42,32,10,42
"527","07_report/CpG_context_sampling_135_527_trimmed_bismark_bt2.CpG",36,27,9,36
"528","07_report/CpG_context_sampling_135_528_trimmed_bismark_bt2.CpG",44,38,6,44
"529","07_report/CpG_context_sampling_135_529_trimmed_bismark_bt2.CpG",43,36,7,43
"530","07_report/CpG_context_sampling_135_530_trimmed_bismark_bt2.CpG",33,31,2,33
"531","07_report/CpG_context_sampling_135_531_trimmed_bismark_bt2.CpG",37,32,5,37
"532","07_report/CpG_context_sampling_135_532_trimmed_bismark_bt2.CpG",48,42,6,48
"533","07_report/CpG_context_sampling_135_533_trimmed_bismark_bt2.CpG",39,29,10,39
"534","07_report/CpG_context_sampling_135_534_trimmed_bismark_bt2.CpG",41,39,2,41
"535","07_report/CpG_context_sampling_135_535_trimmed_bismark_bt2.CpG",52,40,12,52
"536","07_report/CpG_context_sampling_135_536_trimmed_bismark_bt2.CpG",44,43,1,44
"537","07_report/CpG_context_sampling_135_537_trimmed_bismark_bt2.CpG",46,35,11,46
"538","07_report/CpG_context_sampling_135_538_trimmed_bismark_bt2.CpG",46,38,8,46
"539","07_report/CpG_context_sampling_135_539_trimmed_bismark_bt2.CpG",44,39,5,44
"540","07_report/CpG_context_sampling_135_540_trimmed_bismark_bt2.CpG",44,36,8,44
"541","07_report/CpG_context_sampling_135_541_trimmed_bismark_bt2.CpG",45,35,10,45
"542","07_report/CpG_context_sampling_135_542_trimmed_bismark_bt2.CpG",43,35,8,43
"543","07_report/CpG_context_sampling_135_543_trimmed_bismark_bt2.CpG",41,36,5,41
"544","07_report/CpG_context_sampling_135_544_trimmed_bismark_bt2.CpG",43,36,7,43
"545","07_report/CpG_context_sampling_135_545_trimmed_bismark_bt2.CpG",52,35,17,52
"546","07_report/CpG_context_sampling_135_546_trimmed_bismark_bt2.CpG",41,39,2,41
"547","07_report/CpG_context_sampling_135_547_trimmed_bismark_bt2.CpG",52,47,5,52
"548","07_report/CpG_context_sampling_135_548_trimmed_bismark_bt2.CpG",42,34,8,42
"549","07_report/CpG_context_sampling_135_549_trimmed_bismark_bt2.CpG",40,38,2,40
"550","07_report/CpG_context_sampling_135_550_trimmed_bismark_bt2.CpG",42,33,9,42
"551","07_report/CpG_context_sampling_135_551_trimmed_bismark_bt2.CpG",40,36,4,40
"552","07_report/CpG_context_sampling_135_552_trimmed_bismark_bt2.CpG",42,38,4,42
"553","07_report/CpG_context_sampling_135_553_trimmed_bismark_bt2.CpG",47,37,10,47
"554","07_report/CpG_context_sampling_135_554_trimmed_bismark_bt2.CpG",41,32,9,41
"555","07_report/CpG_context_sampling_135_555_trimmed_bismark_bt2.CpG",32,26,6,32
"556","07_report/CpG_context_sampling_135_556_trimmed_bismark_bt2.CpG",37,31,6,37
"557","07_report/CpG_context_sampling_135_557_trimmed_bismark_bt2.CpG",41,34,7,41
"558","07_report/CpG_context_sampling_135_558_trimmed_bismark_bt2.CpG",46,39,7,46
"559","07_report/CpG_context_sampling_135_559_trimmed_bismark_bt2.CpG",38,29,9,38
"560","07_report/CpG_context_sampling_135_560_trimmed_bismark_bt2.CpG",43,33,10,43
"561","07_report/CpG_context_sampling_135_561_trimmed_bismark_bt2.CpG",45,35,10,45
"562","07_report/CpG_context_sampling_135_562_trimmed_bismark_bt2.CpG",38,31,7,38
"563","07_report/CpG_context_sampling_135_563_trimmed_bismark_bt2.CpG",44,37,7,44
"564","07_report/CpG_context_sampling_135_564_trimmed_bismark_bt2.CpG",44,40,4,44
"565","07_report/CpG_context_sampling_135_565_trimmed_bismark_bt2.CpG",46,39,7,46
"566","07_report/CpG_context_sampling_135_566_trimmed_bismark_bt2.CpG",46,41,5,46
"567","07_report/CpG_context_sampling_135_567_trimmed_bismark_bt2.CpG",39,33,6,39
"568","07_report/CpG_context_sampling_135_568_trimmed_bismark_bt2.CpG",38,34,4,38
"569","07_report/CpG_context_sampling_135_569_trimmed_bismark_bt2.CpG",45,34,11,45
"570","07_report/CpG_context_sampling_135_570_trimmed_bismark_bt2.CpG",48,39,9,48
"571","07_report/CpG_context_sampling_135_571_trimmed_bismark_bt2.CpG",38,31,7,38
"572","07_report/CpG_context_sampling_135_572_trimmed_bismark_bt2.CpG",44,38,6,44
"573","07_report/CpG_context_sampling_135_573_trimmed_bismark_bt2.CpG",39,30,9,39
"574","07_report/CpG_context_sampling_135_574_trimmed_bismark_bt2.CpG",41,31,10,41
"575","07_report/CpG_context_sampling_135_575_trimmed_bismark_bt2.CpG",41,38,3,41
"576","07_report/CpG_context_sampling_135_576_trimmed_bismark_bt2.CpG",45,35,10,45
"577","07_report/CpG_context_sampling_135_577_trimmed_bismark_bt2.CpG",38,34,4,38
"578","07_report/CpG_context_sampling_135_578_trimmed_bismark_bt2.CpG",39,33,6,39
"579","07_report/CpG_context_sampling_135_579_trimmed_bismark_bt2.CpG",52,43,9,52
"580","07_report/CpG_context_sampling_135_580_trimmed_bismark_bt2.CpG",47,39,8,47
"581","07_report/CpG_context_sampling_135_581_trimmed_bismark_bt2.CpG",43,41,2,43
"582","07_report/CpG_context_sampling_135_582_trimmed_bismark_bt2.CpG",33,29,4,33
"583","07_report/CpG_context_sampling_135_583_trimmed_bismark_bt2.CpG",53,46,7,53
"584","07_report/CpG_context_sampling_135_584_trimmed_bismark_bt2.CpG",45,38,7,45
"585","07_report/CpG_context_sampling_135_585_trimmed_bismark_bt2.CpG",51,47,4,51
"586","07_report/CpG_context_sampling_135_586_trimmed_bismark_bt2.CpG",37,30,7,37
"587","07_report/CpG_context_sampling_135_587_trimmed_bismark_bt2.CpG",50,41,9,50
"588","07_report/CpG_context_sampling_135_588_trimmed_bismark_bt2.CpG",44,37,7,44
"589","07_report/CpG_context_sampling_135_589_trimmed_bismark_bt2.CpG",41,35,6,41
"590","07_report/CpG_context_sampling_135_590_trimmed_bismark_bt2.CpG",46,37,9,46
"591","07_report/CpG_context_sampling_135_591_trimmed_bismark_bt2.CpG",36,29,7,36
"592","07_report/CpG_context_sampling_135_592_trimmed_bismark_bt2.CpG",43,31,12,43
"593","07_report/CpG_context_sampling_135_593_trimmed_bismark_bt2.CpG",38,31,7,38
"594","07_report/CpG_context_sampling_135_594_trimmed_bismark_bt2.CpG",42,39,3,42
"595","07_report/CpG_context_sampling_135_595_trimmed_bismark_bt2.CpG",38,29,9,38
"596","07_report/CpG_context_sampling_135_596_trimmed_bismark_bt2.CpG",42,39,3,42
"597","07_report/CpG_context_sampling_135_597_trimmed_bismark_bt2.CpG",44,38,6,44
"598","07_report/CpG_context_sampling_135_598_trimmed_bismark_bt2.CpG",38,30,8,38
"599","07_report/CpG_context_sampling_135_599_trimmed_bismark_bt2.CpG",41,34,7,41
"600","07_report/CpG_context_sampling_135_600_trimmed_bismark_bt2.CpG",40,28,12,40
"601","07_report/CpG_context_sampling_135_601_trimmed_bismark_bt2.CpG",29,21,8,29
"602","07_report/CpG_context_sampling_135_602_trimmed_bismark_bt2.CpG",49,47,2,49
"603","07_report/CpG_context_sampling_135_603_trimmed_bismark_bt2.CpG",41,33,8,41
"604","07_report/CpG_context_sampling_135_604_trimmed_bismark_bt2.CpG",44,41,3,44
"605","07_report/CpG_context_sampling_135_605_trimmed_bismark_bt2.CpG",41,32,9,41
"606","07_report/CpG_context_sampling_135_606_trimmed_bismark_bt2.CpG",37,27,10,37
"607","07_report/CpG_context_sampling_135_607_trimmed_bismark_bt2.CpG",41,34,7,41
"608","07_report/CpG_context_sampling_135_608_trimmed_bismark_bt2.CpG",35,24,11,35
"609","07_report/CpG_context_sampling_135_609_trimmed_bismark_bt2.CpG",37,29,8,37
"610","07_report/CpG_context_sampling_135_610_trimmed_bismark_bt2.CpG",41,33,8,41
"611","07_report/CpG_context_sampling_135_611_trimmed_bismark_bt2.CpG",41,33,8,41
"612","07_report/CpG_context_sampling_135_612_trimmed_bismark_bt2.CpG",47,43,4,47
"613","07_report/CpG_context_sampling_135_613_trimmed_bismark_bt2.CpG",45,39,6,45
"614","07_report/CpG_context_sampling_135_614_trimmed_bismark_bt2.CpG",44,40,4,44
"615","07_report/CpG_context_sampling_135_615_trimmed_bismark_bt2.CpG",42,33,9,42
"616","07_report/CpG_context_sampling_135_616_trimmed_bismark_bt2.CpG",52,43,9,52
"617","07_report/CpG_context_sampling_135_617_trimmed_bismark_bt2.CpG",39,33,6,39
"618","07_report/CpG_context_sampling_135_618_trimmed_bismark_bt2.CpG",36,33,3,36
"619","07_report/CpG_context_sampling_135_619_trimmed_bismark_bt2.CpG",43,33,10,43
"620","07_report/CpG_context_sampling_135_620_trimmed_bismark_bt2.CpG",47,43,4,47
"621","07_report/CpG_context_sampling_135_621_trimmed_bismark_bt2.CpG",38,37,1,38
"622","07_report/CpG_context_sampling_135_622_trimmed_bismark_bt2.CpG",37,33,4,37
"623","07_report/CpG_context_sampling_135_623_trimmed_bismark_bt2.CpG",45,37,8,45
"624","07_report/CpG_context_sampling_135_624_trimmed_bismark_bt2.CpG",43,34,9,43
"625","07_report/CpG_context_sampling_135_625_trimmed_bismark_bt2.CpG",46,38,8,46
"626","07_report/CpG_context_sampling_135_626_trimmed_bismark_bt2.CpG",42,32,10,42
"627","07_report/CpG_context_sampling_135_627_trimmed_bismark_bt2.CpG",48,39,9,48
"628","07_report/CpG_context_sampling_135_628_trimmed_bismark_bt2.CpG",32,28,4,32
"629","07_report/CpG_context_sampling_135_629_trimmed_bismark_bt2.CpG",37,30,7,37
"630","07_report/CpG_context_sampling_135_630_trimmed_bismark_bt2.CpG",50,41,9,50
"631","07_report/CpG_context_sampling_135_631_trimmed_bismark_bt2.CpG",46,41,5,46
"632","07_report/CpG_context_sampling_135_632_trimmed_bismark_bt2.CpG",43,38,5,43
"633","07_report/CpG_context_sampling_135_633_trimmed_bismark_bt2.CpG",34,27,7,34
"634","07_report/CpG_context_sampling_135_634_trimmed_bismark_bt2.CpG",41,30,11,41
"635","07_report/CpG_context_sampling_135_635_trimmed_bismark_bt2.CpG",43,36,7,43
"636","07_report/CpG_context_sampling_135_636_trimmed_bismark_bt2.CpG",51,43,8,51
"637","07_report/CpG_context_sampling_135_637_trimmed_bismark_bt2.CpG",46,42,4,46
"638","07_report/CpG_context_sampling_135_638_trimmed_bismark_bt2.CpG",41,35,6,41
"639","07_report/CpG_context_sampling_135_639_trimmed_bismark_bt2.CpG",39,34,5,39
"640","07_report/CpG_context_sampling_135_640_trimmed_bismark_bt2.CpG",44,32,12,44
"641","07_report/CpG_context_sampling_135_641_trimmed_bismark_bt2.CpG",45,35,10,45
"642","07_report/CpG_context_sampling_135_642_trimmed_bismark_bt2.CpG",51,49,2,51
"643","07_report/CpG_context_sampling_135_643_trimmed_bismark_bt2.CpG",37,35,2,37
"644","07_report/CpG_context_sampling_135_644_trimmed_bismark_bt2.CpG",45,37,8,45
"645","07_report/CpG_context_sampling_135_645_trimmed_bismark_bt2.CpG",36,30,6,36
"646","07_report/CpG_context_sampling_135_646_trimmed_bismark_bt2.CpG",44,36,8,44
"647","07_report/CpG_context_sampling_135_647_trimmed_bismark_bt2.CpG",48,40,8,48
"648","07_report/CpG_context_sampling_135_648_trimmed_bismark_bt2.CpG",34,30,4,34
"649","07_report/CpG_context_sampling_135_649_trimmed_bismark_bt2.CpG",32,26,6,32
"650","07_report/CpG_context_sampling_135_650_trimmed_bismark_bt2.CpG",46,39,7,46
"651","07_report/CpG_context_sampling_135_651_trimmed_bismark_bt2.CpG",47,42,5,47
"652","07_report/CpG_context_sampling_135_652_trimmed_bismark_bt2.CpG",41,34,7,41
"653","07_report/CpG_context_sampling_135_653_trimmed_bismark_bt2.CpG",42,30,12,42
"654","07_report/CpG_context_sampling_135_654_trimmed_bismark_bt2.CpG",45,36,9,45
"655","07_report/CpG_context_sampling_135_655_trimmed_bismark_bt2.CpG",45,35,10,45
"656","07_report/CpG_context_sampling_135_656_trimmed_bismark_bt2.CpG",38,31,7,38
"657","07_report/CpG_context_sampling_135_657_trimmed_bismark_bt2.CpG",46,38,8,46
"658","07_report/CpG_context_sampling_135_658_trimmed_bismark_bt2.CpG",43,35,8,43
"659","07_report/CpG_context_sampling_135_659_trimmed_bismark_bt2.CpG",42,31,11,42
"660","07_report/CpG_context_sampling_135_660_trimmed_bismark_bt2.CpG",42,32,10,42
"661","07_report/CpG_context_sampling_135_661_trimmed_bismark_bt2.CpG",45,42,3,45
"662","07_report/CpG_context_sampling_135_662_trimmed_bismark_bt2.CpG",38,34,4,38
"663","07_report/CpG_context_sampling_135_663_trimmed_bismark_bt2.CpG",48,41,7,48
"664","07_report/CpG_context_sampling_135_664_trimmed_bismark_bt2.CpG",51,44,7,51
"665","07_report/CpG_context_sampling_135_665_trimmed_bismark_bt2.CpG",51,40,11,51
"666","07_report/CpG_context_sampling_135_666_trimmed_bismark_bt2.CpG",30,24,6,30
"667","07_report/CpG_context_sampling_135_667_trimmed_bismark_bt2.CpG",46,37,9,46
"668","07_report/CpG_context_sampling_135_668_trimmed_bismark_bt2.CpG",48,38,10,48
"669","07_report/CpG_context_sampling_135_669_trimmed_bismark_bt2.CpG",41,36,5,41
"670","07_report/CpG_context_sampling_135_670_trimmed_bismark_bt2.CpG",42,36,6,42
"671","07_report/CpG_context_sampling_135_671_trimmed_bismark_bt2.CpG",54,43,11,54
"672","07_report/CpG_context_sampling_135_672_trimmed_bismark_bt2.CpG",45,34,11,45
"673","07_report/CpG_context_sampling_135_673_trimmed_bismark_bt2.CpG",37,31,6,37
"674","07_report/CpG_context_sampling_135_674_trimmed_bismark_bt2.CpG",52,42,10,52
"675","07_report/CpG_context_sampling_135_675_trimmed_bismark_bt2.CpG",36,27,9,36
"676","07_report/CpG_context_sampling_135_676_trimmed_bismark_bt2.CpG",52,42,10,52
"677","07_report/CpG_context_sampling_135_677_trimmed_bismark_bt2.CpG",46,35,11,46
"678","07_report/CpG_context_sampling_135_678_trimmed_bismark_bt2.CpG",36,29,7,36
"679","07_report/CpG_context_sampling_135_679_trimmed_bismark_bt2.CpG",49,37,12,49
"680","07_report/CpG_context_sampling_135_680_trimmed_bismark_bt2.CpG",44,38,6,44
"681","07_report/CpG_context_sampling_135_681_trimmed_bismark_bt2.CpG",40,34,6,40
"682","07_report/CpG_context_sampling_135_682_trimmed_bismark_bt2.CpG",39,34,5,39
"683","07_report/CpG_context_sampling_135_683_trimmed_bismark_bt2.CpG",55,47,8,55
"684","07_report/CpG_context_sampling_135_684_trimmed_bismark_bt2.CpG",48,44,4,48
"685","07_report/CpG_context_sampling_135_685_trimmed_bismark_bt2.CpG",36,31,5,36
"686","07_report/CpG_context_sampling_135_686_trimmed_bismark_bt2.CpG",52,42,10,52
"687","07_report/CpG_context_sampling_135_687_trimmed_bismark_bt2.CpG",43,37,6,43
"688","07_report/CpG_context_sampling_135_688_trimmed_bismark_bt2.CpG",43,37,6,43
"689","07_report/CpG_context_sampling_135_689_trimmed_bismark_bt2.CpG",52,46,6,52
"690","07_report/CpG_context_sampling_135_690_trimmed_bismark_bt2.CpG",36,29,7,36
"691","07_report/CpG_context_sampling_135_691_trimmed_bismark_bt2.CpG",46,37,9,46
"692","07_report/CpG_context_sampling_135_692_trimmed_bismark_bt2.CpG",41,35,6,41
"693","07_report/CpG_context_sampling_135_693_trimmed_bismark_bt2.CpG",45,40,5,45
"694","07_report/CpG_context_sampling_135_694_trimmed_bismark_bt2.CpG",43,40,3,43
"695","07_report/CpG_context_sampling_135_695_trimmed_bismark_bt2.CpG",42,38,4,42
"696","07_report/CpG_context_sampling_135_696_trimmed_bismark_bt2.CpG",36,26,10,36
"697","07_report/CpG_context_sampling_135_697_trimmed_bismark_bt2.CpG",45,37,8,45
"698","07_report/CpG_context_sampling_135_698_trimmed_bismark_bt2.CpG",50,38,12,50
"699","07_report/CpG_context_sampling_135_699_trimmed_bismark_bt2.CpG",36,32,4,36
"700","07_report/CpG_context_sampling_135_700_trimmed_bismark_bt2.CpG",45,40,5,45
"701","07_report/CpG_context_sampling_135_701_trimmed_bismark_bt2.CpG",45,37,8,45
"702","07_report/CpG_context_sampling_135_702_trimmed_bismark_bt2.CpG",44,34,10,44
"703","07_report/CpG_context_sampling_135_703_trimmed_bismark_bt2.CpG",32,27,5,32
"704","07_report/CpG_context_sampling_135_704_trimmed_bismark_bt2.CpG",51,43,8,51
"705","07_report/CpG_context_sampling_135_705_trimmed_bismark_bt2.CpG",47,43,4,47
"706","07_report/CpG_context_sampling_135_706_trimmed_bismark_bt2.CpG",55,42,13,55
"707","07_report/CpG_context_sampling_135_707_trimmed_bismark_bt2.CpG",57,47,10,57
"708","07_report/CpG_context_sampling_135_708_trimmed_bismark_bt2.CpG",45,38,7,45
"709","07_report/CpG_context_sampling_135_709_trimmed_bismark_bt2.CpG",42,33,9,42
"710","07_report/CpG_context_sampling_135_710_trimmed_bismark_bt2.CpG",44,37,7,44
"711","07_report/CpG_context_sampling_135_711_trimmed_bismark_bt2.CpG",43,33,10,43
"712","07_report/CpG_context_sampling_135_712_trimmed_bismark_bt2.CpG",45,39,6,45
"713","07_report/CpG_context_sampling_135_713_trimmed_bismark_bt2.CpG",50,43,7,50
"714","07_report/CpG_context_sampling_135_714_trimmed_bismark_bt2.CpG",47,42,5,47
"715","07_report/CpG_context_sampling_135_715_trimmed_bismark_bt2.CpG",41,32,9,41
"716","07_report/CpG_context_sampling_135_716_trimmed_bismark_bt2.CpG",30,23,7,30
"717","07_report/CpG_context_sampling_135_717_trimmed_bismark_bt2.CpG",36,31,5,36
"718","07_report/CpG_context_sampling_135_718_trimmed_bismark_bt2.CpG",34,27,7,34
"719","07_report/CpG_context_sampling_135_719_trimmed_bismark_bt2.CpG",35,27,8,35
"720","07_report/CpG_context_sampling_135_720_trimmed_bismark_bt2.CpG",41,35,6,41
"721","07_report/CpG_context_sampling_135_721_trimmed_bismark_bt2.CpG",40,36,4,40
"722","07_report/CpG_context_sampling_135_722_trimmed_bismark_bt2.CpG",45,37,8,45
"723","07_report/CpG_context_sampling_135_723_trimmed_bismark_bt2.CpG",40,30,10,40
"724","07_report/CpG_context_sampling_135_724_trimmed_bismark_bt2.CpG",41,35,6,41
"725","07_report/CpG_context_sampling_135_725_trimmed_bismark_bt2.CpG",45,34,11,45
"726","07_report/CpG_context_sampling_135_726_trimmed_bismark_bt2.CpG",40,35,5,40
"727","07_report/CpG_context_sampling_135_727_trimmed_bismark_bt2.CpG",34,30,4,34
"728","07_report/CpG_context_sampling_135_728_trimmed_bismark_bt2.CpG",42,30,12,42
"729","07_report/CpG_context_sampling_135_729_trimmed_bismark_bt2.CpG",35,31,4,35
"730","07_report/CpG_context_sampling_135_730_trimmed_bismark_bt2.CpG",45,36,9,45
"731","07_report/CpG_context_sampling_135_731_trimmed_bismark_bt2.CpG",40,31,9,40
"732","07_report/CpG_context_sampling_135_732_trimmed_bismark_bt2.CpG",45,37,8,45
"733","07_report/CpG_context_sampling_135_733_trimmed_bismark_bt2.CpG",45,34,11,45
"734","07_report/CpG_context_sampling_135_734_trimmed_bismark_bt2.CpG",47,40,7,47
"735","07_report/CpG_context_sampling_135_735_trimmed_bismark_bt2.CpG",42,36,6,42
"736","07_report/CpG_context_sampling_135_736_trimmed_bismark_bt2.CpG",36,31,5,36
"737","07_report/CpG_context_sampling_135_737_trimmed_bismark_bt2.CpG",41,36,5,41
"738","07_report/CpG_context_sampling_135_738_trimmed_bismark_bt2.CpG",38,33,5,38
"739","07_report/CpG_context_sampling_135_739_trimmed_bismark_bt2.CpG",44,38,6,44
"740","07_report/CpG_context_sampling_135_740_trimmed_bismark_bt2.CpG",43,39,4,43
"741","07_report/CpG_context_sampling_135_741_trimmed_bismark_bt2.CpG",41,35,6,41
"742","07_report/CpG_context_sampling_135_742_trimmed_bismark_bt2.CpG",49,37,12,49
"743","07_report/CpG_context_sampling_135_743_trimmed_bismark_bt2.CpG",51,38,13,51
"744","07_report/CpG_context_sampling_135_744_trimmed_bismark_bt2.CpG",40,33,7,40
"745","07_report/CpG_context_sampling_135_745_trimmed_bismark_bt2.CpG",45,36,9,45
"746","07_report/CpG_context_sampling_135_746_trimmed_bismark_bt2.CpG",38,30,8,38
"747","07_report/CpG_context_sampling_135_747_trimmed_bismark_bt2.CpG",44,33,11,44
"748","07_report/CpG_context_sampling_135_748_trimmed_bismark_bt2.CpG",49,45,4,49
"749","07_report/CpG_context_sampling_135_749_trimmed_bismark_bt2.CpG",36,32,4,36
"750","07_report/CpG_context_sampling_135_750_trimmed_bismark_bt2.CpG",44,36,8,44
"751","07_report/CpG_context_sampling_135_751_trimmed_bismark_bt2.CpG",41,33,8,41
"752","07_report/CpG_context_sampling_135_752_trimmed_bismark_bt2.CpG",43,34,9,43
"753","07_report/CpG_context_sampling_135_753_trimmed_bismark_bt2.CpG",35,30,5,35
"754","07_report/CpG_context_sampling_135_754_trimmed_bismark_bt2.CpG",49,41,8,49
"755","07_report/CpG_context_sampling_135_755_trimmed_bismark_bt2.CpG",43,41,2,43
"756","07_report/CpG_context_sampling_135_756_trimmed_bismark_bt2.CpG",42,35,7,42
"757","07_report/CpG_context_sampling_135_757_trimmed_bismark_bt2.CpG",46,40,6,46
"758","07_report/CpG_context_sampling_135_758_trimmed_bismark_bt2.CpG",50,41,9,50
"759","07_report/CpG_context_sampling_135_759_trimmed_bismark_bt2.CpG",51,42,9,51
"760","07_report/CpG_context_sampling_135_760_trimmed_bismark_bt2.CpG",46,38,8,46
"761","07_report/CpG_context_sampling_135_761_trimmed_bismark_bt2.CpG",45,41,4,45
"762","07_report/CpG_context_sampling_135_762_trimmed_bismark_bt2.CpG",39,28,11,39
"763","07_report/CpG_context_sampling_135_763_trimmed_bismark_bt2.CpG",37,32,5,37
"764","07_report/CpG_context_sampling_135_764_trimmed_bismark_bt2.CpG",32,23,9,32
"765","07_report/CpG_context_sampling_135_765_trimmed_bismark_bt2.CpG",51,39,12,51
"766","07_report/CpG_context_sampling_135_766_trimmed_bismark_bt2.CpG",44,38,6,44
"767","07_report/CpG_context_sampling_135_767_trimmed_bismark_bt2.CpG",46,38,8,46
"768","07_report/CpG_context_sampling_135_768_trimmed_bismark_bt2.CpG",52,39,13,52
"769","07_report/CpG_context_sampling_135_769_trimmed_bismark_bt2.CpG",40,32,8,40
"770","07_report/CpG_context_sampling_135_770_trimmed_bismark_bt2.CpG",50,39,11,50
"771","07_report/CpG_context_sampling_135_771_trimmed_bismark_bt2.CpG",50,39,11,50
"772","07_report/CpG_context_sampling_135_772_trimmed_bismark_bt2.CpG",41,33,8,41
"773","07_report/CpG_context_sampling_135_773_trimmed_bismark_bt2.CpG",43,35,8,43
"774","07_report/CpG_context_sampling_135_774_trimmed_bismark_bt2.CpG",45,36,9,45
"775","07_report/CpG_context_sampling_135_775_trimmed_bismark_bt2.CpG",48,42,6,48
"776","07_report/CpG_context_sampling_135_776_trimmed_bismark_bt2.CpG",45,39,6,45
"777","07_report/CpG_context_sampling_135_777_trimmed_bismark_bt2.CpG",40,34,6,40
"778","07_report/CpG_context_sampling_135_778_trimmed_bismark_bt2.CpG",55,48,7,55
"779","07_report/CpG_context_sampling_135_779_trimmed_bismark_bt2.CpG",46,37,9,46
"780","07_report/CpG_context_sampling_135_780_trimmed_bismark_bt2.CpG",49,44,5,49
"781","07_report/CpG_context_sampling_135_781_trimmed_bismark_bt2.CpG",48,40,8,48
"782","07_report/CpG_context_sampling_135_782_trimmed_bismark_bt2.CpG",47,37,10,47
"783","07_report/CpG_context_sampling_135_783_trimmed_bismark_bt2.CpG",42,36,6,42
"784","07_report/CpG_context_sampling_135_784_trimmed_bismark_bt2.CpG",46,36,10,46
"785","07_report/CpG_context_sampling_135_785_trimmed_bismark_bt2.CpG",40,32,8,40
"786","07_report/CpG_context_sampling_135_786_trimmed_bismark_bt2.CpG",44,40,4,44
"787","07_report/CpG_context_sampling_135_787_trimmed_bismark_bt2.CpG",39,33,6,39
"788","07_report/CpG_context_sampling_135_788_trimmed_bismark_bt2.CpG",42,37,5,42
"789","07_report/CpG_context_sampling_135_789_trimmed_bismark_bt2.CpG",38,30,8,38
"790","07_report/CpG_context_sampling_135_790_trimmed_bismark_bt2.CpG",46,32,14,46
"791","07_report/CpG_context_sampling_135_791_trimmed_bismark_bt2.CpG",40,31,9,40
"792","07_report/CpG_context_sampling_135_792_trimmed_bismark_bt2.CpG",46,39,7,46
"793","07_report/CpG_context_sampling_135_793_trimmed_bismark_bt2.CpG",48,39,9,48
"794","07_report/CpG_context_sampling_135_794_trimmed_bismark_bt2.CpG",36,27,9,36
"795","07_report/CpG_context_sampling_135_795_trimmed_bismark_bt2.CpG",43,37,6,43
"796","07_report/CpG_context_sampling_135_796_trimmed_bismark_bt2.CpG",46,40,6,46
"797","07_report/CpG_context_sampling_135_797_trimmed_bismark_bt2.CpG",45,35,10,45
"798","07_report/CpG_context_sampling_135_798_trimmed_bismark_bt2.CpG",41,31,10,41
"799","07_report/CpG_context_sampling_135_799_trimmed_bismark_bt2.CpG",51,41,10,51
"800","07_report/CpG_context_sampling_135_800_trimmed_bismark_bt2.CpG",43,38,5,43
"801","07_report/CpG_context_sampling_135_801_trimmed_bismark_bt2.CpG",39,34,5,39
"802","07_report/CpG_context_sampling_135_802_trimmed_bismark_bt2.CpG",42,32,10,42
"803","07_report/CpG_context_sampling_135_803_trimmed_bismark_bt2.CpG",47,39,8,47
"804","07_report/CpG_context_sampling_135_804_trimmed_bismark_bt2.CpG",40,34,6,40
"805","07_report/CpG_context_sampling_135_805_trimmed_bismark_bt2.CpG",45,37,8,45
"806","07_report/CpG_context_sampling_135_806_trimmed_bismark_bt2.CpG",48,42,6,48
"807","07_report/CpG_context_sampling_135_807_trimmed_bismark_bt2.CpG",43,36,7,43
"808","07_report/CpG_context_sampling_135_808_trimmed_bismark_bt2.CpG",42,37,5,42
"809","07_report/CpG_context_sampling_135_809_trimmed_bismark_bt2.CpG",49,38,11,49
"810","07_report/CpG_context_sampling_135_810_trimmed_bismark_bt2.CpG",37,29,8,37
"811","07_report/CpG_context_sampling_135_811_trimmed_bismark_bt2.CpG",32,29,3,32
"812","07_report/CpG_context_sampling_135_812_trimmed_bismark_bt2.CpG",44,34,10,44
"813","07_report/CpG_context_sampling_135_813_trimmed_bismark_bt2.CpG",45,41,4,45
"814","07_report/CpG_context_sampling_135_814_trimmed_bismark_bt2.CpG",38,33,5,38
"815","07_report/CpG_context_sampling_135_815_trimmed_bismark_bt2.CpG",41,32,9,41
"816","07_report/CpG_context_sampling_135_816_trimmed_bismark_bt2.CpG",43,37,6,43
"817","07_report/CpG_context_sampling_135_817_trimmed_bismark_bt2.CpG",56,46,10,56
"818","07_report/CpG_context_sampling_135_818_trimmed_bismark_bt2.CpG",52,40,12,52
"819","07_report/CpG_context_sampling_135_819_trimmed_bismark_bt2.CpG",54,44,10,54
"820","07_report/CpG_context_sampling_135_820_trimmed_bismark_bt2.CpG",45,39,6,45
"821","07_report/CpG_context_sampling_135_821_trimmed_bismark_bt2.CpG",47,37,10,47
"822","07_report/CpG_context_sampling_135_822_trimmed_bismark_bt2.CpG",50,45,5,50
"823","07_report/CpG_context_sampling_135_823_trimmed_bismark_bt2.CpG",39,32,7,39
"824","07_report/CpG_context_sampling_135_824_trimmed_bismark_bt2.CpG",50,40,10,50
"825","07_report/CpG_context_sampling_135_825_trimmed_bismark_bt2.CpG",43,37,6,43
"826","07_report/CpG_context_sampling_135_826_trimmed_bismark_bt2.CpG",37,32,5,37
"827","07_report/CpG_context_sampling_135_827_trimmed_bismark_bt2.CpG",41,37,4,41
"828","07_report/CpG_context_sampling_135_828_trimmed_bismark_bt2.CpG",47,36,11,47
"829","07_report/CpG_context_sampling_135_829_trimmed_bismark_bt2.CpG",43,37,6,43
"830","07_report/CpG_context_sampling_135_830_trimmed_bismark_bt2.CpG",49,45,4,49
"831","07_report/CpG_context_sampling_135_831_trimmed_bismark_bt2.CpG",42,33,9,42
"832","07_report/CpG_context_sampling_135_832_trimmed_bismark_bt2.CpG",43,37,6,43
"833","07_report/CpG_context_sampling_135_833_trimmed_bismark_bt2.CpG",46,40,6,46
"834","07_report/CpG_context_sampling_135_834_trimmed_bismark_bt2.CpG",49,41,8,49
"835","07_report/CpG_context_sampling_135_835_trimmed_bismark_bt2.CpG",44,37,7,44
"836","07_report/CpG_context_sampling_135_836_trimmed_bismark_bt2.CpG",52,45,7,52
"837","07_report/CpG_context_sampling_135_837_trimmed_bismark_bt2.CpG",48,38,10,48
"838","07_report/CpG_context_sampling_135_838_trimmed_bismark_bt2.CpG",40,32,8,40
"839","07_report/CpG_context_sampling_135_839_trimmed_bismark_bt2.CpG",42,34,8,42
"840","07_report/CpG_context_sampling_135_840_trimmed_bismark_bt2.CpG",46,41,5,46
"841","07_report/CpG_context_sampling_135_841_trimmed_bismark_bt2.CpG",44,38,6,44
"842","07_report/CpG_context_sampling_135_842_trimmed_bismark_bt2.CpG",34,26,8,34
"843","07_report/CpG_context_sampling_135_843_trimmed_bismark_bt2.CpG",47,35,12,47
"844","07_report/CpG_context_sampling_135_844_trimmed_bismark_bt2.CpG",42,35,7,42
"845","07_report/CpG_context_sampling_135_845_trimmed_bismark_bt2.CpG",56,50,6,56
"846","07_report/CpG_context_sampling_135_846_trimmed_bismark_bt2.CpG",41,32,9,41
"847","07_report/CpG_context_sampling_135_847_trimmed_bismark_bt2.CpG",46,41,5,46
"848","07_report/CpG_context_sampling_135_848_trimmed_bismark_bt2.CpG",39,32,7,39
"849","07_report/CpG_context_sampling_135_849_trimmed_bismark_bt2.CpG",49,37,12,49
"850","07_report/CpG_context_sampling_135_850_trimmed_bismark_bt2.CpG",46,37,9,46
"851","07_report/CpG_context_sampling_135_851_trimmed_bismark_bt2.CpG",40,37,3,40
"852","07_report/CpG_context_sampling_135_852_trimmed_bismark_bt2.CpG",40,32,8,40
"853","07_report/CpG_context_sampling_135_853_trimmed_bismark_bt2.CpG",34,28,6,34
"854","07_report/CpG_context_sampling_135_854_trimmed_bismark_bt2.CpG",40,29,11,40
"855","07_report/CpG_context_sampling_135_855_trimmed_bismark_bt2.CpG",37,28,9,37
"856","07_report/CpG_context_sampling_135_856_trimmed_bismark_bt2.CpG",43,36,7,43
"857","07_report/CpG_context_sampling_135_857_trimmed_bismark_bt2.CpG",44,38,6,44
"858","07_report/CpG_context_sampling_135_858_trimmed_bismark_bt2.CpG",47,36,11,47
"859","07_report/CpG_context_sampling_135_859_trimmed_bismark_bt2.CpG",46,40,6,46
"860","07_report/CpG_context_sampling_135_860_trimmed_bismark_bt2.CpG",40,35,5,40
"861","07_report/CpG_context_sampling_135_861_trimmed_bismark_bt2.CpG",40,35,5,40
"862","07_report/CpG_context_sampling_135_862_trimmed_bismark_bt2.CpG",40,32,8,40
"863","07_report/CpG_context_sampling_135_863_trimmed_bismark_bt2.CpG",48,40,8,48
"864","07_report/CpG_context_sampling_135_864_trimmed_bismark_bt2.CpG",38,35,3,38
"865","07_report/CpG_context_sampling_135_865_trimmed_bismark_bt2.CpG",46,40,6,46
"866","07_report/CpG_context_sampling_135_866_trimmed_bismark_bt2.CpG",40,33,7,40
"867","07_report/CpG_context_sampling_135_867_trimmed_bismark_bt2.CpG",30,28,2,30
"868","07_report/CpG_context_sampling_135_868_trimmed_bismark_bt2.CpG",46,38,8,46
"869","07_report/CpG_context_sampling_135_869_trimmed_bismark_bt2.CpG",42,36,6,42
"870","07_report/CpG_context_sampling_135_870_trimmed_bismark_bt2.CpG",34,27,7,34
"871","07_report/CpG_context_sampling_135_871_trimmed_bismark_bt2.CpG",50,43,7,50
"872","07_report/CpG_context_sampling_135_872_trimmed_bismark_bt2.CpG",49,44,5,49
"873","07_report/CpG_context_sampling_135_873_trimmed_bismark_bt2.CpG",43,31,12,43
"874","07_report/CpG_context_sampling_135_874_trimmed_bismark_bt2.CpG",48,38,10,48
"875","07_report/CpG_context_sampling_135_875_trimmed_bismark_bt2.CpG",52,42,10,52
"876","07_report/CpG_context_sampling_135_876_trimmed_bismark_bt2.CpG",42,39,3,42
"877","07_report/CpG_context_sampling_135_877_trimmed_bismark_bt2.CpG",44,37,7,44
"878","07_report/CpG_context_sampling_135_878_trimmed_bismark_bt2.CpG",50,39,11,50
"879","07_report/CpG_context_sampling_135_879_trimmed_bismark_bt2.CpG",47,43,4,47
"880","07_report/CpG_context_sampling_135_880_trimmed_bismark_bt2.CpG",49,41,8,49
"881","07_report/CpG_context_sampling_135_881_trimmed_bismark_bt2.CpG",42,31,11,42
"882","07_report/CpG_context_sampling_135_882_trimmed_bismark_bt2.CpG",53,49,4,53
"883","07_report/CpG_context_sampling_135_883_trimmed_bismark_bt2.CpG",48,39,9,48
"884","07_report/CpG_context_sampling_135_884_trimmed_bismark_bt2.CpG",49,44,5,49
"885","07_report/CpG_context_sampling_135_885_trimmed_bismark_bt2.CpG",35,24,11,35
"886","07_report/CpG_context_sampling_135_886_trimmed_bismark_bt2.CpG",40,32,8,40
"887","07_report/CpG_context_sampling_135_887_trimmed_bismark_bt2.CpG",48,38,10,48
"888","07_report/CpG_context_sampling_135_888_trimmed_bismark_bt2.CpG",35,29,6,35
"889","07_report/CpG_context_sampling_135_889_trimmed_bismark_bt2.CpG",44,38,6,44
"890","07_report/CpG_context_sampling_135_890_trimmed_bismark_bt2.CpG",54,47,7,54
"891","07_report/CpG_context_sampling_135_891_trimmed_bismark_bt2.CpG",49,43,6,49
"892","07_report/CpG_context_sampling_135_892_trimmed_bismark_bt2.CpG",50,43,7,50
"893","07_report/CpG_context_sampling_135_893_trimmed_bismark_bt2.CpG",44,35,9,44
"894","07_report/CpG_context_sampling_135_894_trimmed_bismark_bt2.CpG",47,37,10,47
"895","07_report/CpG_context_sampling_135_895_trimmed_bismark_bt2.CpG",40,32,8,40
"896","07_report/CpG_context_sampling_135_896_trimmed_bismark_bt2.CpG",42,33,9,42
"897","07_report/CpG_context_sampling_135_897_trimmed_bismark_bt2.CpG",47,42,5,47
"898","07_report/CpG_context_sampling_135_898_trimmed_bismark_bt2.CpG",43,35,8,43
"899","07_report/CpG_context_sampling_135_899_trimmed_bismark_bt2.CpG",47,35,12,47
"900","07_report/CpG_context_sampling_135_900_trimmed_bismark_bt2.CpG",38,33,5,38
"901","07_report/CpG_context_sampling_135_901_trimmed_bismark_bt2.CpG",44,34,10,44
"902","07_report/CpG_context_sampling_135_902_trimmed_bismark_bt2.CpG",40,32,8,40
"903","07_report/CpG_context_sampling_135_903_trimmed_bismark_bt2.CpG",49,42,7,49
"904","07_report/CpG_context_sampling_135_904_trimmed_bismark_bt2.CpG",44,38,6,44
"905","07_report/CpG_context_sampling_135_905_trimmed_bismark_bt2.CpG",39,34,5,39
"906","07_report/CpG_context_sampling_135_906_trimmed_bismark_bt2.CpG",41,38,3,41
"907","07_report/CpG_context_sampling_135_907_trimmed_bismark_bt2.CpG",37,32,5,37
"908","07_report/CpG_context_sampling_135_908_trimmed_bismark_bt2.CpG",39,34,5,39
"909","07_report/CpG_context_sampling_135_909_trimmed_bismark_bt2.CpG",48,43,5,48
"910","07_report/CpG_context_sampling_135_910_trimmed_bismark_bt2.CpG",40,38,2,40
"911","07_report/CpG_context_sampling_135_911_trimmed_bismark_bt2.CpG",42,34,8,42
"912","07_report/CpG_context_sampling_135_912_trimmed_bismark_bt2.CpG",37,31,6,37
"913","07_report/CpG_context_sampling_135_913_trimmed_bismark_bt2.CpG",45,35,10,45
"914","07_report/CpG_context_sampling_135_914_trimmed_bismark_bt2.CpG",46,39,7,46
"915","07_report/CpG_context_sampling_135_915_trimmed_bismark_bt2.CpG",56,47,9,56
"916","07_report/CpG_context_sampling_135_916_trimmed_bismark_bt2.CpG",40,33,7,40
"917","07_report/CpG_context_sampling_135_917_trimmed_bismark_bt2.CpG",45,36,9,45
"918","07_report/CpG_context_sampling_135_918_trimmed_bismark_bt2.CpG",44,39,5,44
"919","07_report/CpG_context_sampling_135_919_trimmed_bismark_bt2.CpG",50,41,9,50
"920","07_report/CpG_context_sampling_135_920_trimmed_bismark_bt2.CpG",52,45,7,52
"921","07_report/CpG_context_sampling_135_921_trimmed_bismark_bt2.CpG",45,35,10,45
"922","07_report/CpG_context_sampling_135_922_trimmed_bismark_bt2.CpG",44,37,7,44
"923","07_report/CpG_context_sampling_135_923_trimmed_bismark_bt2.CpG",44,38,6,44
"924","07_report/CpG_context_sampling_135_924_trimmed_bismark_bt2.CpG",44,36,8,44
"925","07_report/CpG_context_sampling_135_925_trimmed_bismark_bt2.CpG",48,41,7,48
"926","07_report/CpG_context_sampling_135_926_trimmed_bismark_bt2.CpG",56,47,9,56
"927","07_report/CpG_context_sampling_135_927_trimmed_bismark_bt2.CpG",44,34,10,44
"928","07_report/CpG_context_sampling_135_928_trimmed_bismark_bt2.CpG",46,39,7,46
"929","07_report/CpG_context_sampling_135_929_trimmed_bismark_bt2.CpG",42,36,6,42
"930","07_report/CpG_context_sampling_135_930_trimmed_bismark_bt2.CpG",44,39,5,44
"931","07_report/CpG_context_sampling_135_931_trimmed_bismark_bt2.CpG",50,42,8,50
"932","07_report/CpG_context_sampling_135_932_trimmed_bismark_bt2.CpG",49,40,9,49
"933","07_report/CpG_context_sampling_135_933_trimmed_bismark_bt2.CpG",38,32,6,38
"934","07_report/CpG_context_sampling_135_934_trimmed_bismark_bt2.CpG",40,33,7,40
"935","07_report/CpG_context_sampling_135_935_trimmed_bismark_bt2.CpG",43,36,7,43
"936","07_report/CpG_context_sampling_135_936_trimmed_bismark_bt2.CpG",44,37,7,44
"937","07_report/CpG_context_sampling_135_937_trimmed_bismark_bt2.CpG",42,30,12,42
"938","07_report/CpG_context_sampling_135_938_trimmed_bismark_bt2.CpG",53,45,8,53
"939","07_report/CpG_context_sampling_135_939_trimmed_bismark_bt2.CpG",54,48,6,54
"940","07_report/CpG_context_sampling_135_940_trimmed_bismark_bt2.CpG",46,36,10,46
"941","07_report/CpG_context_sampling_135_941_trimmed_bismark_bt2.CpG",43,31,12,43
"942","07_report/CpG_context_sampling_135_942_trimmed_bismark_bt2.CpG",39,33,6,39
"943","07_report/CpG_context_sampling_135_943_trimmed_bismark_bt2.CpG",46,36,10,46
"944","07_report/CpG_context_sampling_135_944_trimmed_bismark_bt2.CpG",47,34,13,47
"945","07_report/CpG_context_sampling_135_945_trimmed_bismark_bt2.CpG",52,42,10,52
"946","07_report/CpG_context_sampling_135_946_trimmed_bismark_bt2.CpG",48,40,8,48
"947","07_report/CpG_context_sampling_135_947_trimmed_bismark_bt2.CpG",39,27,12,39
"948","07_report/CpG_context_sampling_135_948_trimmed_bismark_bt2.CpG",47,36,11,47
"949","07_report/CpG_context_sampling_135_949_trimmed_bismark_bt2.CpG",39,29,10,39
"950","07_report/CpG_context_sampling_135_950_trimmed_bismark_bt2.CpG",47,38,9,47
"951","07_report/CpG_context_sampling_135_951_trimmed_bismark_bt2.CpG",44,33,11,44
"952","07_report/CpG_context_sampling_135_952_trimmed_bismark_bt2.CpG",37,30,7,37
"953","07_report/CpG_context_sampling_135_953_trimmed_bismark_bt2.CpG",50,41,9,50
"954","07_report/CpG_context_sampling_135_954_trimmed_bismark_bt2.CpG",43,38,5,43
"955","07_report/CpG_context_sampling_135_955_trimmed_bismark_bt2.CpG",42,35,7,42
"956","07_report/CpG_context_sampling_135_956_trimmed_bismark_bt2.CpG",51,40,11,51
"957","07_report/CpG_context_sampling_135_957_trimmed_bismark_bt2.CpG",42,37,5,42
"958","07_report/CpG_context_sampling_135_958_trimmed_bismark_bt2.CpG",45,41,4,45
"959","07_report/CpG_context_sampling_135_959_trimmed_bismark_bt2.CpG",36,32,4,36
"960","07_report/CpG_context_sampling_135_960_trimmed_bismark_bt2.CpG",43,35,8,43
"961","07_report/CpG_context_sampling_135_961_trimmed_bismark_bt2.CpG",62,46,16,62
"962","07_report/CpG_context_sampling_135_962_trimmed_bismark_bt2.CpG",42,38,4,42
"963","07_report/CpG_context_sampling_135_963_trimmed_bismark_bt2.CpG",51,42,9,51
"964","07_report/CpG_context_sampling_135_964_trimmed_bismark_bt2.CpG",56,44,12,56
"965","07_report/CpG_context_sampling_135_965_trimmed_bismark_bt2.CpG",43,36,7,43
"966","07_report/CpG_context_sampling_135_966_trimmed_bismark_bt2.CpG",46,38,8,46
"967","07_report/CpG_context_sampling_135_967_trimmed_bismark_bt2.CpG",43,37,6,43
"968","07_report/CpG_context_sampling_135_968_trimmed_bismark_bt2.CpG",47,39,8,47
"969","07_report/CpG_context_sampling_135_969_trimmed_bismark_bt2.CpG",52,42,10,52
"970","07_report/CpG_context_sampling_135_970_trimmed_bismark_bt2.CpG",51,44,7,51
"971","07_report/CpG_context_sampling_135_971_trimmed_bismark_bt2.CpG",35,25,10,35
"972","07_report/CpG_context_sampling_135_972_trimmed_bismark_bt2.CpG",33,27,6,33
"973","07_report/CpG_context_sampling_135_973_trimmed_bismark_bt2.CpG",43,36,7,43
"974","07_report/CpG_context_sampling_135_974_trimmed_bismark_bt2.CpG",53,45,8,53
"975","07_report/CpG_context_sampling_135_975_trimmed_bismark_bt2.CpG",46,40,6,46
"976","07_report/CpG_context_sampling_135_976_trimmed_bismark_bt2.CpG",44,38,6,44
"977","07_report/CpG_context_sampling_135_977_trimmed_bismark_bt2.CpG",45,39,6,45
"978","07_report/CpG_context_sampling_135_978_trimmed_bismark_bt2.CpG",50,41,9,50
"979","07_report/CpG_context_sampling_135_979_trimmed_bismark_bt2.CpG",55,43,12,55
"980","07_report/CpG_context_sampling_135_980_trimmed_bismark_bt2.CpG",51,41,10,51
"981","07_report/CpG_context_sampling_135_981_trimmed_bismark_bt2.CpG",43,39,4,43
"982","07_report/CpG_context_sampling_135_982_trimmed_bismark_bt2.CpG",38,29,9,38
"983","07_report/CpG_context_sampling_135_983_trimmed_bismark_bt2.CpG",32,27,5,32
"984","07_report/CpG_context_sampling_135_984_trimmed_bismark_bt2.CpG",37,34,3,37
"985","07_report/CpG_context_sampling_135_985_trimmed_bismark_bt2.CpG",41,34,7,41
"986","07_report/CpG_context_sampling_135_986_trimmed_bismark_bt2.CpG",44,34,10,44
"987","07_report/CpG_context_sampling_135_987_trimmed_bismark_bt2.CpG",45,36,9,45
"988","07_report/CpG_context_sampling_135_988_trimmed_bismark_bt2.CpG",40,38,2,40
"989","07_report/CpG_context_sampling_135_989_trimmed_bismark_bt2.CpG",45,40,5,45
"990","07_report/CpG_context_sampling_135_990_trimmed_bismark_bt2.CpG",41,36,5,41
"991","07_report/CpG_context_sampling_135_991_trimmed_bismark_bt2.CpG",48,45,3,48
"992","07_report/CpG_context_sampling_135_992_trimmed_bismark_bt2.CpG",43,32,11,43
"993","07_report/CpG_context_sampling_135_993_trimmed_bismark_bt2.CpG",51,45,6,51
"994","07_report/CpG_context_sampling_135_994_trimmed_bismark_bt2.CpG",42,37,5,42
"995","07_report/CpG_context_sampling_135_995_trimmed_bismark_bt2.CpG",38,36,2,38
"996","07_report/CpG_context_sampling_135_996_trimmed_bismark_bt2.CpG",42,32,10,42
"997","07_report/CpG_context_sampling_135_997_trimmed_bismark_bt2.CpG",43,36,7,43
"998","07_report/CpG_context_sampling_135_998_trimmed_bismark_bt2.CpG",41,37,4,41
"999","07_report/CpG_context_sampling_135_999_trimmed_bismark_bt2.CpG",45,40,5,45
"1000","07_report/CpG_context_sampling_135_1000_trimmed_bismark_bt2.CpG",43,35,8,43
"1001","07_report/CpG_context_sampling_269_1_trimmed_bismark_bt2.CpG",95,84,11,95
"1002","07_report/CpG_context_sampling_269_2_trimmed_bismark_bt2.CpG",84,73,11,84
"1003","07_report/CpG_context_sampling_269_3_trimmed_bismark_bt2.CpG",70,57,13,70
"1004","07_report/CpG_context_sampling_269_4_trimmed_bismark_bt2.CpG",85,70,15,85
"1005","07_report/CpG_context_sampling_269_5_trimmed_bismark_bt2.CpG",89,79,10,89
"1006","07_report/CpG_context_sampling_269_6_trimmed_bismark_bt2.CpG",98,84,14,98
"1007","07_report/CpG_context_sampling_269_7_trimmed_bismark_bt2.CpG",84,70,14,84
"1008","07_report/CpG_context_sampling_269_8_trimmed_bismark_bt2.CpG",75,60,15,75
"1009","07_report/CpG_context_sampling_269_9_trimmed_bismark_bt2.CpG",82,70,12,82
"1010","07_report/CpG_context_sampling_269_10_trimmed_bismark_bt2.CpG",103,83,20,103
"1011","07_report/CpG_context_sampling_269_11_trimmed_bismark_bt2.CpG",87,76,11,87
"1012","07_report/CpG_context_sampling_269_12_trimmed_bismark_bt2.CpG",79,64,15,79
"1013","07_report/CpG_context_sampling_269_13_trimmed_bismark_bt2.CpG",88,73,15,88
"1014","07_report/CpG_context_sampling_269_14_trimmed_bismark_bt2.CpG",80,63,17,80
"1015","07_report/CpG_context_sampling_269_15_trimmed_bismark_bt2.CpG",92,84,8,92
"1016","07_report/CpG_context_sampling_269_16_trimmed_bismark_bt2.CpG",77,67,10,77
"1017","07_report/CpG_context_sampling_269_17_trimmed_bismark_bt2.CpG",92,79,13,92
"1018","07_report/CpG_context_sampling_269_18_trimmed_bismark_bt2.CpG",94,76,18,94
"1019","07_report/CpG_context_sampling_269_19_trimmed_bismark_bt2.CpG",96,73,23,96
"1020","07_report/CpG_context_sampling_269_20_trimmed_bismark_bt2.CpG",95,81,14,95
"1021","07_report/CpG_context_sampling_269_21_trimmed_bismark_bt2.CpG",93,77,16,93
"1022","07_report/CpG_context_sampling_269_22_trimmed_bismark_bt2.CpG",85,69,16,85
"1023","07_report/CpG_context_sampling_269_23_trimmed_bismark_bt2.CpG",80,62,18,80
"1024","07_report/CpG_context_sampling_269_24_trimmed_bismark_bt2.CpG",78,62,16,78
"1025","07_report/CpG_context_sampling_269_25_trimmed_bismark_bt2.CpG",91,68,23,91
"1026","07_report/CpG_context_sampling_269_26_trimmed_bismark_bt2.CpG",86,72,14,86
"1027","07_report/CpG_context_sampling_269_27_trimmed_bismark_bt2.CpG",76,63,13,76
"1028","07_report/CpG_context_sampling_269_28_trimmed_bismark_bt2.CpG",76,60,16,76
"1029","07_report/CpG_context_sampling_269_29_trimmed_bismark_bt2.CpG",86,68,18,86
"1030","07_report/CpG_context_sampling_269_30_trimmed_bismark_bt2.CpG",104,87,17,104
"1031","07_report/CpG_context_sampling_269_31_trimmed_bismark_bt2.CpG",92,78,14,92
"1032","07_report/CpG_context_sampling_269_32_trimmed_bismark_bt2.CpG",85,75,10,85
"1033","07_report/CpG_context_sampling_269_33_trimmed_bismark_bt2.CpG",91,76,15,91
"1034","07_report/CpG_context_sampling_269_34_trimmed_bismark_bt2.CpG",83,73,10,83
"1035","07_report/CpG_context_sampling_269_35_trimmed_bismark_bt2.CpG",89,72,17,89
"1036","07_report/CpG_context_sampling_269_36_trimmed_bismark_bt2.CpG",87,71,16,87
"1037","07_report/CpG_context_sampling_269_37_trimmed_bismark_bt2.CpG",86,72,14,86
"1038","07_report/CpG_context_sampling_269_38_trimmed_bismark_bt2.CpG",86,64,22,86
"1039","07_report/CpG_context_sampling_269_39_trimmed_bismark_bt2.CpG",90,76,14,90
"1040","07_report/CpG_context_sampling_269_40_trimmed_bismark_bt2.CpG",63,52,11,63
"1041","07_report/CpG_context_sampling_269_41_trimmed_bismark_bt2.CpG",103,92,11,103
"1042","07_report/CpG_context_sampling_269_42_trimmed_bismark_bt2.CpG",88,73,15,88
"1043","07_report/CpG_context_sampling_269_43_trimmed_bismark_bt2.CpG",80,69,11,80
"1044","07_report/CpG_context_sampling_269_44_trimmed_bismark_bt2.CpG",89,74,15,89
"1045","07_report/CpG_context_sampling_269_45_trimmed_bismark_bt2.CpG",89,78,11,89
"1046","07_report/CpG_context_sampling_269_46_trimmed_bismark_bt2.CpG",95,80,15,95
"1047","07_report/CpG_context_sampling_269_47_trimmed_bismark_bt2.CpG",81,62,19,81
"1048","07_report/CpG_context_sampling_269_48_trimmed_bismark_bt2.CpG",101,86,15,101
"1049","07_report/CpG_context_sampling_269_49_trimmed_bismark_bt2.CpG",80,63,17,80
"1050","07_report/CpG_context_sampling_269_50_trimmed_bismark_bt2.CpG",87,72,15,87
"1051","07_report/CpG_context_sampling_269_51_trimmed_bismark_bt2.CpG",84,73,11,84
"1052","07_report/CpG_context_sampling_269_52_trimmed_bismark_bt2.CpG",76,58,18,76
"1053","07_report/CpG_context_sampling_269_53_trimmed_bismark_bt2.CpG",92,77,15,92
"1054","07_report/CpG_context_sampling_269_54_trimmed_bismark_bt2.CpG",93,76,17,93
"1055","07_report/CpG_context_sampling_269_55_trimmed_bismark_bt2.CpG",84,68,16,84
"1056","07_report/CpG_context_sampling_269_56_trimmed_bismark_bt2.CpG",88,75,13,88
"1057","07_report/CpG_context_sampling_269_57_trimmed_bismark_bt2.CpG",82,64,18,82
"1058","07_report/CpG_context_sampling_269_58_trimmed_bismark_bt2.CpG",85,73,12,85
"1059","07_report/CpG_context_sampling_269_59_trimmed_bismark_bt2.CpG",86,77,9,86
"1060","07_report/CpG_context_sampling_269_60_trimmed_bismark_bt2.CpG",83,72,11,83
"1061","07_report/CpG_context_sampling_269_61_trimmed_bismark_bt2.CpG",96,83,13,96
"1062","07_report/CpG_context_sampling_269_62_trimmed_bismark_bt2.CpG",88,76,12,88
"1063","07_report/CpG_context_sampling_269_63_trimmed_bismark_bt2.CpG",88,71,17,88
"1064","07_report/CpG_context_sampling_269_64_trimmed_bismark_bt2.CpG",85,74,11,85
"1065","07_report/CpG_context_sampling_269_65_trimmed_bismark_bt2.CpG",90,70,20,90
"1066","07_report/CpG_context_sampling_269_66_trimmed_bismark_bt2.CpG",91,74,17,91
"1067","07_report/CpG_context_sampling_269_67_trimmed_bismark_bt2.CpG",94,77,17,94
"1068","07_report/CpG_context_sampling_269_68_trimmed_bismark_bt2.CpG",91,80,11,91
"1069","07_report/CpG_context_sampling_269_69_trimmed_bismark_bt2.CpG",70,58,12,70
"1070","07_report/CpG_context_sampling_269_70_trimmed_bismark_bt2.CpG",78,67,11,78
"1071","07_report/CpG_context_sampling_269_71_trimmed_bismark_bt2.CpG",85,64,21,85
"1072","07_report/CpG_context_sampling_269_72_trimmed_bismark_bt2.CpG",74,63,11,74
"1073","07_report/CpG_context_sampling_269_73_trimmed_bismark_bt2.CpG",112,92,20,112
"1074","07_report/CpG_context_sampling_269_74_trimmed_bismark_bt2.CpG",82,64,18,82
"1075","07_report/CpG_context_sampling_269_75_trimmed_bismark_bt2.CpG",98,81,17,98
"1076","07_report/CpG_context_sampling_269_76_trimmed_bismark_bt2.CpG",81,66,15,81
"1077","07_report/CpG_context_sampling_269_77_trimmed_bismark_bt2.CpG",91,75,16,91
"1078","07_report/CpG_context_sampling_269_78_trimmed_bismark_bt2.CpG",91,76,15,91
"1079","07_report/CpG_context_sampling_269_79_trimmed_bismark_bt2.CpG",67,57,10,67
"1080","07_report/CpG_context_sampling_269_80_trimmed_bismark_bt2.CpG",88,66,22,88
"1081","07_report/CpG_context_sampling_269_81_trimmed_bismark_bt2.CpG",90,76,14,90
"1082","07_report/CpG_context_sampling_269_82_trimmed_bismark_bt2.CpG",94,84,10,94
"1083","07_report/CpG_context_sampling_269_83_trimmed_bismark_bt2.CpG",85,73,12,85
"1084","07_report/CpG_context_sampling_269_84_trimmed_bismark_bt2.CpG",87,71,16,87
"1085","07_report/CpG_context_sampling_269_85_trimmed_bismark_bt2.CpG",95,80,15,95
"1086","07_report/CpG_context_sampling_269_86_trimmed_bismark_bt2.CpG",89,74,15,89
"1087","07_report/CpG_context_sampling_269_87_trimmed_bismark_bt2.CpG",83,73,10,83
"1088","07_report/CpG_context_sampling_269_88_trimmed_bismark_bt2.CpG",93,76,17,93
"1089","07_report/CpG_context_sampling_269_89_trimmed_bismark_bt2.CpG",84,67,17,84
"1090","07_report/CpG_context_sampling_269_90_trimmed_bismark_bt2.CpG",92,71,21,92
"1091","07_report/CpG_context_sampling_269_91_trimmed_bismark_bt2.CpG",86,72,14,86
"1092","07_report/CpG_context_sampling_269_92_trimmed_bismark_bt2.CpG",88,76,12,88
"1093","07_report/CpG_context_sampling_269_93_trimmed_bismark_bt2.CpG",102,85,17,102
"1094","07_report/CpG_context_sampling_269_94_trimmed_bismark_bt2.CpG",99,81,18,99
"1095","07_report/CpG_context_sampling_269_95_trimmed_bismark_bt2.CpG",90,76,14,90
"1096","07_report/CpG_context_sampling_269_96_trimmed_bismark_bt2.CpG",80,69,11,80
"1097","07_report/CpG_context_sampling_269_97_trimmed_bismark_bt2.CpG",78,70,8,78
"1098","07_report/CpG_context_sampling_269_98_trimmed_bismark_bt2.CpG",98,74,24,98
"1099","07_report/CpG_context_sampling_269_99_trimmed_bismark_bt2.CpG",85,73,12,85
"1100","07_report/CpG_context_sampling_269_100_trimmed_bismark_bt2.CpG",93,72,21,93
"1101","07_report/CpG_context_sampling_269_101_trimmed_bismark_bt2.CpG",85,71,14,85
"1102","07_report/CpG_context_sampling_269_102_trimmed_bismark_bt2.CpG",85,74,11,85
"1103","07_report/CpG_context_sampling_269_103_trimmed_bismark_bt2.CpG",81,70,11,81
"1104","07_report/CpG_context_sampling_269_104_trimmed_bismark_bt2.CpG",73,62,11,73
"1105","07_report/CpG_context_sampling_269_105_trimmed_bismark_bt2.CpG",75,64,11,75
"1106","07_report/CpG_context_sampling_269_106_trimmed_bismark_bt2.CpG",86,65,21,86
"1107","07_report/CpG_context_sampling_269_107_trimmed_bismark_bt2.CpG",84,65,19,84
"1108","07_report/CpG_context_sampling_269_108_trimmed_bismark_bt2.CpG",83,71,12,83
"1109","07_report/CpG_context_sampling_269_109_trimmed_bismark_bt2.CpG",81,74,7,81
"1110","07_report/CpG_context_sampling_269_110_trimmed_bismark_bt2.CpG",97,73,24,97
"1111","07_report/CpG_context_sampling_269_111_trimmed_bismark_bt2.CpG",93,81,12,93
"1112","07_report/CpG_context_sampling_269_112_trimmed_bismark_bt2.CpG",88,73,15,88
"1113","07_report/CpG_context_sampling_269_113_trimmed_bismark_bt2.CpG",90,77,13,90
"1114","07_report/CpG_context_sampling_269_114_trimmed_bismark_bt2.CpG",80,68,12,80
"1115","07_report/CpG_context_sampling_269_115_trimmed_bismark_bt2.CpG",92,71,21,92
"1116","07_report/CpG_context_sampling_269_116_trimmed_bismark_bt2.CpG",79,65,14,79
"1117","07_report/CpG_context_sampling_269_117_trimmed_bismark_bt2.CpG",87,71,16,87
"1118","07_report/CpG_context_sampling_269_118_trimmed_bismark_bt2.CpG",76,58,18,76
"1119","07_report/CpG_context_sampling_269_119_trimmed_bismark_bt2.CpG",78,64,14,78
"1120","07_report/CpG_context_sampling_269_120_trimmed_bismark_bt2.CpG",86,72,14,86
"1121","07_report/CpG_context_sampling_269_121_trimmed_bismark_bt2.CpG",85,71,14,85
"1122","07_report/CpG_context_sampling_269_122_trimmed_bismark_bt2.CpG",106,88,18,106
"1123","07_report/CpG_context_sampling_269_123_trimmed_bismark_bt2.CpG",95,78,17,95
"1124","07_report/CpG_context_sampling_269_124_trimmed_bismark_bt2.CpG",96,78,18,96
"1125","07_report/CpG_context_sampling_269_125_trimmed_bismark_bt2.CpG",92,74,18,92
"1126","07_report/CpG_context_sampling_269_126_trimmed_bismark_bt2.CpG",103,92,11,103
"1127","07_report/CpG_context_sampling_269_127_trimmed_bismark_bt2.CpG",81,70,11,81
"1128","07_report/CpG_context_sampling_269_128_trimmed_bismark_bt2.CpG",75,61,14,75
"1129","07_report/CpG_context_sampling_269_129_trimmed_bismark_bt2.CpG",86,77,9,86
"1130","07_report/CpG_context_sampling_269_130_trimmed_bismark_bt2.CpG",79,59,20,79
"1131","07_report/CpG_context_sampling_269_131_trimmed_bismark_bt2.CpG",88,73,15,88
"1132","07_report/CpG_context_sampling_269_132_trimmed_bismark_bt2.CpG",85,70,15,85
"1133","07_report/CpG_context_sampling_269_133_trimmed_bismark_bt2.CpG",107,88,19,107
"1134","07_report/CpG_context_sampling_269_134_trimmed_bismark_bt2.CpG",78,67,11,78
"1135","07_report/CpG_context_sampling_269_135_trimmed_bismark_bt2.CpG",92,71,21,92
"1136","07_report/CpG_context_sampling_269_136_trimmed_bismark_bt2.CpG",80,66,14,80
"1137","07_report/CpG_context_sampling_269_137_trimmed_bismark_bt2.CpG",89,79,10,89
"1138","07_report/CpG_context_sampling_269_138_trimmed_bismark_bt2.CpG",94,81,13,94
"1139","07_report/CpG_context_sampling_269_139_trimmed_bismark_bt2.CpG",90,76,14,90
"1140","07_report/CpG_context_sampling_269_140_trimmed_bismark_bt2.CpG",84,69,15,84
"1141","07_report/CpG_context_sampling_269_141_trimmed_bismark_bt2.CpG",82,66,16,82
"1142","07_report/CpG_context_sampling_269_142_trimmed_bismark_bt2.CpG",89,69,20,89
"1143","07_report/CpG_context_sampling_269_143_trimmed_bismark_bt2.CpG",94,88,6,94
"1144","07_report/CpG_context_sampling_269_144_trimmed_bismark_bt2.CpG",81,74,7,81
"1145","07_report/CpG_context_sampling_269_145_trimmed_bismark_bt2.CpG",75,61,14,75
"1146","07_report/CpG_context_sampling_269_146_trimmed_bismark_bt2.CpG",96,85,11,96
"1147","07_report/CpG_context_sampling_269_147_trimmed_bismark_bt2.CpG",89,71,18,89
"1148","07_report/CpG_context_sampling_269_148_trimmed_bismark_bt2.CpG",98,80,18,98
"1149","07_report/CpG_context_sampling_269_149_trimmed_bismark_bt2.CpG",89,76,13,89
"1150","07_report/CpG_context_sampling_269_150_trimmed_bismark_bt2.CpG",96,81,15,96
"1151","07_report/CpG_context_sampling_269_151_trimmed_bismark_bt2.CpG",82,71,11,82
"1152","07_report/CpG_context_sampling_269_152_trimmed_bismark_bt2.CpG",91,77,14,91
"1153","07_report/CpG_context_sampling_269_153_trimmed_bismark_bt2.CpG",86,63,23,86
"1154","07_report/CpG_context_sampling_269_154_trimmed_bismark_bt2.CpG",94,83,11,94
"1155","07_report/CpG_context_sampling_269_155_trimmed_bismark_bt2.CpG",108,86,22,108
"1156","07_report/CpG_context_sampling_269_156_trimmed_bismark_bt2.CpG",101,76,25,101
"1157","07_report/CpG_context_sampling_269_157_trimmed_bismark_bt2.CpG",74,60,14,74
"1158","07_report/CpG_context_sampling_269_158_trimmed_bismark_bt2.CpG",85,68,17,85
"1159","07_report/CpG_context_sampling_269_159_trimmed_bismark_bt2.CpG",81,67,14,81
"1160","07_report/CpG_context_sampling_269_160_trimmed_bismark_bt2.CpG",78,69,9,78
"1161","07_report/CpG_context_sampling_269_161_trimmed_bismark_bt2.CpG",90,76,14,90
"1162","07_report/CpG_context_sampling_269_162_trimmed_bismark_bt2.CpG",86,66,20,86
"1163","07_report/CpG_context_sampling_269_163_trimmed_bismark_bt2.CpG",78,69,9,78
"1164","07_report/CpG_context_sampling_269_164_trimmed_bismark_bt2.CpG",94,78,16,94
"1165","07_report/CpG_context_sampling_269_165_trimmed_bismark_bt2.CpG",72,64,8,72
"1166","07_report/CpG_context_sampling_269_166_trimmed_bismark_bt2.CpG",80,65,15,80
"1167","07_report/CpG_context_sampling_269_167_trimmed_bismark_bt2.CpG",92,79,13,92
"1168","07_report/CpG_context_sampling_269_168_trimmed_bismark_bt2.CpG",77,61,16,77
"1169","07_report/CpG_context_sampling_269_169_trimmed_bismark_bt2.CpG",84,73,11,84
"1170","07_report/CpG_context_sampling_269_170_trimmed_bismark_bt2.CpG",87,70,17,87
"1171","07_report/CpG_context_sampling_269_171_trimmed_bismark_bt2.CpG",78,59,19,78
"1172","07_report/CpG_context_sampling_269_172_trimmed_bismark_bt2.CpG",78,63,15,78
"1173","07_report/CpG_context_sampling_269_173_trimmed_bismark_bt2.CpG",95,81,14,95
"1174","07_report/CpG_context_sampling_269_174_trimmed_bismark_bt2.CpG",92,82,10,92
"1175","07_report/CpG_context_sampling_269_175_trimmed_bismark_bt2.CpG",85,72,13,85
"1176","07_report/CpG_context_sampling_269_176_trimmed_bismark_bt2.CpG",79,65,14,79
"1177","07_report/CpG_context_sampling_269_177_trimmed_bismark_bt2.CpG",100,85,15,100
"1178","07_report/CpG_context_sampling_269_178_trimmed_bismark_bt2.CpG",83,76,7,83
"1179","07_report/CpG_context_sampling_269_179_trimmed_bismark_bt2.CpG",94,79,15,94
"1180","07_report/CpG_context_sampling_269_180_trimmed_bismark_bt2.CpG",81,69,12,81
"1181","07_report/CpG_context_sampling_269_181_trimmed_bismark_bt2.CpG",75,61,14,75
"1182","07_report/CpG_context_sampling_269_182_trimmed_bismark_bt2.CpG",82,76,6,82
"1183","07_report/CpG_context_sampling_269_183_trimmed_bismark_bt2.CpG",87,73,14,87
"1184","07_report/CpG_context_sampling_269_184_trimmed_bismark_bt2.CpG",94,77,17,94
"1185","07_report/CpG_context_sampling_269_185_trimmed_bismark_bt2.CpG",89,80,9,89
"1186","07_report/CpG_context_sampling_269_186_trimmed_bismark_bt2.CpG",75,65,10,75
"1187","07_report/CpG_context_sampling_269_187_trimmed_bismark_bt2.CpG",78,63,15,78
"1188","07_report/CpG_context_sampling_269_188_trimmed_bismark_bt2.CpG",85,74,11,85
"1189","07_report/CpG_context_sampling_269_189_trimmed_bismark_bt2.CpG",91,77,14,91
"1190","07_report/CpG_context_sampling_269_190_trimmed_bismark_bt2.CpG",93,81,12,93
"1191","07_report/CpG_context_sampling_269_191_trimmed_bismark_bt2.CpG",78,67,11,78
"1192","07_report/CpG_context_sampling_269_192_trimmed_bismark_bt2.CpG",87,73,14,87
"1193","07_report/CpG_context_sampling_269_193_trimmed_bismark_bt2.CpG",83,67,16,83
"1194","07_report/CpG_context_sampling_269_194_trimmed_bismark_bt2.CpG",86,72,14,86
"1195","07_report/CpG_context_sampling_269_195_trimmed_bismark_bt2.CpG",93,76,17,93
"1196","07_report/CpG_context_sampling_269_196_trimmed_bismark_bt2.CpG",82,72,10,82
"1197","07_report/CpG_context_sampling_269_197_trimmed_bismark_bt2.CpG",84,69,15,84
"1198","07_report/CpG_context_sampling_269_198_trimmed_bismark_bt2.CpG",79,65,14,79
"1199","07_report/CpG_context_sampling_269_199_trimmed_bismark_bt2.CpG",90,76,14,90
"1200","07_report/CpG_context_sampling_269_200_trimmed_bismark_bt2.CpG",87,65,22,87
"1201","07_report/CpG_context_sampling_269_201_trimmed_bismark_bt2.CpG",85,68,17,85
"1202","07_report/CpG_context_sampling_269_202_trimmed_bismark_bt2.CpG",88,72,16,88
"1203","07_report/CpG_context_sampling_269_203_trimmed_bismark_bt2.CpG",91,84,7,91
"1204","07_report/CpG_context_sampling_269_204_trimmed_bismark_bt2.CpG",82,74,8,82
"1205","07_report/CpG_context_sampling_269_205_trimmed_bismark_bt2.CpG",93,77,16,93
"1206","07_report/CpG_context_sampling_269_206_trimmed_bismark_bt2.CpG",82,68,14,82
"1207","07_report/CpG_context_sampling_269_207_trimmed_bismark_bt2.CpG",92,71,21,92
"1208","07_report/CpG_context_sampling_269_208_trimmed_bismark_bt2.CpG",83,74,9,83
"1209","07_report/CpG_context_sampling_269_209_trimmed_bismark_bt2.CpG",76,61,15,76
"1210","07_report/CpG_context_sampling_269_210_trimmed_bismark_bt2.CpG",90,72,18,90
"1211","07_report/CpG_context_sampling_269_211_trimmed_bismark_bt2.CpG",95,74,21,95
"1212","07_report/CpG_context_sampling_269_212_trimmed_bismark_bt2.CpG",91,82,9,91
"1213","07_report/CpG_context_sampling_269_213_trimmed_bismark_bt2.CpG",107,92,15,107
"1214","07_report/CpG_context_sampling_269_214_trimmed_bismark_bt2.CpG",77,58,19,77
"1215","07_report/CpG_context_sampling_269_215_trimmed_bismark_bt2.CpG",89,76,13,89
"1216","07_report/CpG_context_sampling_269_216_trimmed_bismark_bt2.CpG",90,77,13,90
"1217","07_report/CpG_context_sampling_269_217_trimmed_bismark_bt2.CpG",84,64,20,84
"1218","07_report/CpG_context_sampling_269_218_trimmed_bismark_bt2.CpG",87,74,13,87
"1219","07_report/CpG_context_sampling_269_219_trimmed_bismark_bt2.CpG",88,76,12,88
"1220","07_report/CpG_context_sampling_269_220_trimmed_bismark_bt2.CpG",93,84,9,93
"1221","07_report/CpG_context_sampling_269_221_trimmed_bismark_bt2.CpG",79,60,19,79
"1222","07_report/CpG_context_sampling_269_222_trimmed_bismark_bt2.CpG",80,69,11,80
"1223","07_report/CpG_context_sampling_269_223_trimmed_bismark_bt2.CpG",73,61,12,73
"1224","07_report/CpG_context_sampling_269_224_trimmed_bismark_bt2.CpG",100,87,13,100
"1225","07_report/CpG_context_sampling_269_225_trimmed_bismark_bt2.CpG",88,72,16,88
"1226","07_report/CpG_context_sampling_269_226_trimmed_bismark_bt2.CpG",87,75,12,87
"1227","07_report/CpG_context_sampling_269_227_trimmed_bismark_bt2.CpG",80,65,15,80
"1228","07_report/CpG_context_sampling_269_228_trimmed_bismark_bt2.CpG",78,69,9,78
"1229","07_report/CpG_context_sampling_269_229_trimmed_bismark_bt2.CpG",97,75,22,97
"1230","07_report/CpG_context_sampling_269_230_trimmed_bismark_bt2.CpG",81,70,11,81
"1231","07_report/CpG_context_sampling_269_231_trimmed_bismark_bt2.CpG",77,70,7,77
"1232","07_report/CpG_context_sampling_269_232_trimmed_bismark_bt2.CpG",82,71,11,82
"1233","07_report/CpG_context_sampling_269_233_trimmed_bismark_bt2.CpG",86,71,15,86
"1234","07_report/CpG_context_sampling_269_234_trimmed_bismark_bt2.CpG",71,64,7,71
"1235","07_report/CpG_context_sampling_269_235_trimmed_bismark_bt2.CpG",83,68,15,83
"1236","07_report/CpG_context_sampling_269_236_trimmed_bismark_bt2.CpG",79,62,17,79
"1237","07_report/CpG_context_sampling_269_237_trimmed_bismark_bt2.CpG",80,67,13,80
"1238","07_report/CpG_context_sampling_269_238_trimmed_bismark_bt2.CpG",99,71,28,99
"1239","07_report/CpG_context_sampling_269_239_trimmed_bismark_bt2.CpG",61,50,11,61
"1240","07_report/CpG_context_sampling_269_240_trimmed_bismark_bt2.CpG",106,90,16,106
"1241","07_report/CpG_context_sampling_269_241_trimmed_bismark_bt2.CpG",80,61,19,80
"1242","07_report/CpG_context_sampling_269_242_trimmed_bismark_bt2.CpG",88,65,23,88
"1243","07_report/CpG_context_sampling_269_243_trimmed_bismark_bt2.CpG",88,69,19,88
"1244","07_report/CpG_context_sampling_269_244_trimmed_bismark_bt2.CpG",88,72,16,88
"1245","07_report/CpG_context_sampling_269_245_trimmed_bismark_bt2.CpG",95,80,15,95
"1246","07_report/CpG_context_sampling_269_246_trimmed_bismark_bt2.CpG",75,59,16,75
"1247","07_report/CpG_context_sampling_269_247_trimmed_bismark_bt2.CpG",80,66,14,80
"1248","07_report/CpG_context_sampling_269_248_trimmed_bismark_bt2.CpG",93,79,14,93
"1249","07_report/CpG_context_sampling_269_249_trimmed_bismark_bt2.CpG",81,65,16,81
"1250","07_report/CpG_context_sampling_269_250_trimmed_bismark_bt2.CpG",79,67,12,79
"1251","07_report/CpG_context_sampling_269_251_trimmed_bismark_bt2.CpG",81,68,13,81
"1252","07_report/CpG_context_sampling_269_252_trimmed_bismark_bt2.CpG",96,78,18,96
"1253","07_report/CpG_context_sampling_269_253_trimmed_bismark_bt2.CpG",89,78,11,89
"1254","07_report/CpG_context_sampling_269_254_trimmed_bismark_bt2.CpG",83,69,14,83
"1255","07_report/CpG_context_sampling_269_255_trimmed_bismark_bt2.CpG",80,66,14,80
"1256","07_report/CpG_context_sampling_269_256_trimmed_bismark_bt2.CpG",95,81,14,95
"1257","07_report/CpG_context_sampling_269_257_trimmed_bismark_bt2.CpG",77,60,17,77
"1258","07_report/CpG_context_sampling_269_258_trimmed_bismark_bt2.CpG",85,71,14,85
"1259","07_report/CpG_context_sampling_269_259_trimmed_bismark_bt2.CpG",84,66,18,84
"1260","07_report/CpG_context_sampling_269_260_trimmed_bismark_bt2.CpG",78,66,12,78
"1261","07_report/CpG_context_sampling_269_261_trimmed_bismark_bt2.CpG",80,70,10,80
"1262","07_report/CpG_context_sampling_269_262_trimmed_bismark_bt2.CpG",82,72,10,82
"1263","07_report/CpG_context_sampling_269_263_trimmed_bismark_bt2.CpG",76,61,15,76
"1264","07_report/CpG_context_sampling_269_264_trimmed_bismark_bt2.CpG",108,84,24,108
"1265","07_report/CpG_context_sampling_269_265_trimmed_bismark_bt2.CpG",91,71,20,91
"1266","07_report/CpG_context_sampling_269_266_trimmed_bismark_bt2.CpG",94,80,14,94
"1267","07_report/CpG_context_sampling_269_267_trimmed_bismark_bt2.CpG",92,74,18,92
"1268","07_report/CpG_context_sampling_269_268_trimmed_bismark_bt2.CpG",86,67,19,86
"1269","07_report/CpG_context_sampling_269_269_trimmed_bismark_bt2.CpG",86,76,10,86
"1270","07_report/CpG_context_sampling_269_270_trimmed_bismark_bt2.CpG",77,66,11,77
"1271","07_report/CpG_context_sampling_269_271_trimmed_bismark_bt2.CpG",94,79,15,94
"1272","07_report/CpG_context_sampling_269_272_trimmed_bismark_bt2.CpG",77,64,13,77
"1273","07_report/CpG_context_sampling_269_273_trimmed_bismark_bt2.CpG",87,72,15,87
"1274","07_report/CpG_context_sampling_269_274_trimmed_bismark_bt2.CpG",96,77,19,96
"1275","07_report/CpG_context_sampling_269_275_trimmed_bismark_bt2.CpG",75,61,14,75
"1276","07_report/CpG_context_sampling_269_276_trimmed_bismark_bt2.CpG",75,61,14,75
"1277","07_report/CpG_context_sampling_269_277_trimmed_bismark_bt2.CpG",83,68,15,83
"1278","07_report/CpG_context_sampling_269_278_trimmed_bismark_bt2.CpG",83,72,11,83
"1279","07_report/CpG_context_sampling_269_279_trimmed_bismark_bt2.CpG",90,78,12,90
"1280","07_report/CpG_context_sampling_269_280_trimmed_bismark_bt2.CpG",83,72,11,83
"1281","07_report/CpG_context_sampling_269_281_trimmed_bismark_bt2.CpG",82,62,20,82
"1282","07_report/CpG_context_sampling_269_282_trimmed_bismark_bt2.CpG",83,74,9,83
"1283","07_report/CpG_context_sampling_269_283_trimmed_bismark_bt2.CpG",99,80,19,99
"1284","07_report/CpG_context_sampling_269_284_trimmed_bismark_bt2.CpG",79,64,15,79
"1285","07_report/CpG_context_sampling_269_285_trimmed_bismark_bt2.CpG",71,59,12,71
"1286","07_report/CpG_context_sampling_269_286_trimmed_bismark_bt2.CpG",71,57,14,71
"1287","07_report/CpG_context_sampling_269_287_trimmed_bismark_bt2.CpG",95,77,18,95
"1288","07_report/CpG_context_sampling_269_288_trimmed_bismark_bt2.CpG",87,73,14,87
"1289","07_report/CpG_context_sampling_269_289_trimmed_bismark_bt2.CpG",85,71,14,85
"1290","07_report/CpG_context_sampling_269_290_trimmed_bismark_bt2.CpG",94,79,15,94
"1291","07_report/CpG_context_sampling_269_291_trimmed_bismark_bt2.CpG",98,84,14,98
"1292","07_report/CpG_context_sampling_269_292_trimmed_bismark_bt2.CpG",81,72,9,81
"1293","07_report/CpG_context_sampling_269_293_trimmed_bismark_bt2.CpG",91,71,20,91
"1294","07_report/CpG_context_sampling_269_294_trimmed_bismark_bt2.CpG",83,68,15,83
"1295","07_report/CpG_context_sampling_269_295_trimmed_bismark_bt2.CpG",88,76,12,88
"1296","07_report/CpG_context_sampling_269_296_trimmed_bismark_bt2.CpG",80,69,11,80
"1297","07_report/CpG_context_sampling_269_297_trimmed_bismark_bt2.CpG",97,84,13,97
"1298","07_report/CpG_context_sampling_269_298_trimmed_bismark_bt2.CpG",84,65,19,84
"1299","07_report/CpG_context_sampling_269_299_trimmed_bismark_bt2.CpG",96,79,17,96
"1300","07_report/CpG_context_sampling_269_300_trimmed_bismark_bt2.CpG",90,71,19,90
"1301","07_report/CpG_context_sampling_269_301_trimmed_bismark_bt2.CpG",112,91,21,112
"1302","07_report/CpG_context_sampling_269_302_trimmed_bismark_bt2.CpG",86,75,11,86
"1303","07_report/CpG_context_sampling_269_303_trimmed_bismark_bt2.CpG",84,70,14,84
"1304","07_report/CpG_context_sampling_269_304_trimmed_bismark_bt2.CpG",89,76,13,89
"1305","07_report/CpG_context_sampling_269_305_trimmed_bismark_bt2.CpG",83,66,17,83
"1306","07_report/CpG_context_sampling_269_306_trimmed_bismark_bt2.CpG",95,78,17,95
"1307","07_report/CpG_context_sampling_269_307_trimmed_bismark_bt2.CpG",98,85,13,98
"1308","07_report/CpG_context_sampling_269_308_trimmed_bismark_bt2.CpG",84,69,15,84
"1309","07_report/CpG_context_sampling_269_309_trimmed_bismark_bt2.CpG",88,68,20,88
"1310","07_report/CpG_context_sampling_269_310_trimmed_bismark_bt2.CpG",86,70,16,86
"1311","07_report/CpG_context_sampling_269_311_trimmed_bismark_bt2.CpG",86,72,14,86
"1312","07_report/CpG_context_sampling_269_312_trimmed_bismark_bt2.CpG",87,72,15,87
"1313","07_report/CpG_context_sampling_269_313_trimmed_bismark_bt2.CpG",90,76,14,90
"1314","07_report/CpG_context_sampling_269_314_trimmed_bismark_bt2.CpG",75,64,11,75
"1315","07_report/CpG_context_sampling_269_315_trimmed_bismark_bt2.CpG",74,60,14,74
"1316","07_report/CpG_context_sampling_269_316_trimmed_bismark_bt2.CpG",92,81,11,92
"1317","07_report/CpG_context_sampling_269_317_trimmed_bismark_bt2.CpG",99,88,11,99
"1318","07_report/CpG_context_sampling_269_318_trimmed_bismark_bt2.CpG",87,74,13,87
"1319","07_report/CpG_context_sampling_269_319_trimmed_bismark_bt2.CpG",83,71,12,83
"1320","07_report/CpG_context_sampling_269_320_trimmed_bismark_bt2.CpG",103,85,18,103
"1321","07_report/CpG_context_sampling_269_321_trimmed_bismark_bt2.CpG",89,74,15,89
"1322","07_report/CpG_context_sampling_269_322_trimmed_bismark_bt2.CpG",92,73,19,92
"1323","07_report/CpG_context_sampling_269_323_trimmed_bismark_bt2.CpG",82,67,15,82
"1324","07_report/CpG_context_sampling_269_324_trimmed_bismark_bt2.CpG",97,84,13,97
"1325","07_report/CpG_context_sampling_269_325_trimmed_bismark_bt2.CpG",93,84,9,93
"1326","07_report/CpG_context_sampling_269_326_trimmed_bismark_bt2.CpG",77,61,16,77
"1327","07_report/CpG_context_sampling_269_327_trimmed_bismark_bt2.CpG",98,81,17,98
"1328","07_report/CpG_context_sampling_269_328_trimmed_bismark_bt2.CpG",75,65,10,75
"1329","07_report/CpG_context_sampling_269_329_trimmed_bismark_bt2.CpG",77,67,10,77
"1330","07_report/CpG_context_sampling_269_330_trimmed_bismark_bt2.CpG",87,62,25,87
"1331","07_report/CpG_context_sampling_269_331_trimmed_bismark_bt2.CpG",87,73,14,87
"1332","07_report/CpG_context_sampling_269_332_trimmed_bismark_bt2.CpG",83,71,12,83
"1333","07_report/CpG_context_sampling_269_333_trimmed_bismark_bt2.CpG",84,67,17,84
"1334","07_report/CpG_context_sampling_269_334_trimmed_bismark_bt2.CpG",90,74,16,90
"1335","07_report/CpG_context_sampling_269_335_trimmed_bismark_bt2.CpG",69,60,9,69
"1336","07_report/CpG_context_sampling_269_336_trimmed_bismark_bt2.CpG",86,70,16,86
"1337","07_report/CpG_context_sampling_269_337_trimmed_bismark_bt2.CpG",84,71,13,84
"1338","07_report/CpG_context_sampling_269_338_trimmed_bismark_bt2.CpG",81,71,10,81
"1339","07_report/CpG_context_sampling_269_339_trimmed_bismark_bt2.CpG",92,82,10,92
"1340","07_report/CpG_context_sampling_269_340_trimmed_bismark_bt2.CpG",95,80,15,95
"1341","07_report/CpG_context_sampling_269_341_trimmed_bismark_bt2.CpG",99,82,17,99
"1342","07_report/CpG_context_sampling_269_342_trimmed_bismark_bt2.CpG",90,75,15,90
"1343","07_report/CpG_context_sampling_269_343_trimmed_bismark_bt2.CpG",82,67,15,82
"1344","07_report/CpG_context_sampling_269_344_trimmed_bismark_bt2.CpG",103,80,23,103
"1345","07_report/CpG_context_sampling_269_345_trimmed_bismark_bt2.CpG",95,82,13,95
"1346","07_report/CpG_context_sampling_269_346_trimmed_bismark_bt2.CpG",78,65,13,78
"1347","07_report/CpG_context_sampling_269_347_trimmed_bismark_bt2.CpG",81,66,15,81
"1348","07_report/CpG_context_sampling_269_348_trimmed_bismark_bt2.CpG",82,65,17,82
"1349","07_report/CpG_context_sampling_269_349_trimmed_bismark_bt2.CpG",89,71,18,89
"1350","07_report/CpG_context_sampling_269_350_trimmed_bismark_bt2.CpG",87,75,12,87
"1351","07_report/CpG_context_sampling_269_351_trimmed_bismark_bt2.CpG",82,76,6,82
"1352","07_report/CpG_context_sampling_269_352_trimmed_bismark_bt2.CpG",86,71,15,86
"1353","07_report/CpG_context_sampling_269_353_trimmed_bismark_bt2.CpG",86,76,10,86
"1354","07_report/CpG_context_sampling_269_354_trimmed_bismark_bt2.CpG",79,65,14,79
"1355","07_report/CpG_context_sampling_269_355_trimmed_bismark_bt2.CpG",87,75,12,87
"1356","07_report/CpG_context_sampling_269_356_trimmed_bismark_bt2.CpG",84,71,13,84
"1357","07_report/CpG_context_sampling_269_357_trimmed_bismark_bt2.CpG",84,65,19,84
"1358","07_report/CpG_context_sampling_269_358_trimmed_bismark_bt2.CpG",98,81,17,98
"1359","07_report/CpG_context_sampling_269_359_trimmed_bismark_bt2.CpG",84,68,16,84
"1360","07_report/CpG_context_sampling_269_360_trimmed_bismark_bt2.CpG",79,66,13,79
"1361","07_report/CpG_context_sampling_269_361_trimmed_bismark_bt2.CpG",95,76,19,95
"1362","07_report/CpG_context_sampling_269_362_trimmed_bismark_bt2.CpG",93,78,15,93
"1363","07_report/CpG_context_sampling_269_363_trimmed_bismark_bt2.CpG",75,68,7,75
"1364","07_report/CpG_context_sampling_269_364_trimmed_bismark_bt2.CpG",69,61,8,69
"1365","07_report/CpG_context_sampling_269_365_trimmed_bismark_bt2.CpG",86,66,20,86
"1366","07_report/CpG_context_sampling_269_366_trimmed_bismark_bt2.CpG",107,87,20,107
"1367","07_report/CpG_context_sampling_269_367_trimmed_bismark_bt2.CpG",91,77,14,91
"1368","07_report/CpG_context_sampling_269_368_trimmed_bismark_bt2.CpG",97,80,17,97
"1369","07_report/CpG_context_sampling_269_369_trimmed_bismark_bt2.CpG",88,65,23,88
"1370","07_report/CpG_context_sampling_269_370_trimmed_bismark_bt2.CpG",93,81,12,93
"1371","07_report/CpG_context_sampling_269_371_trimmed_bismark_bt2.CpG",80,63,17,80
"1372","07_report/CpG_context_sampling_269_372_trimmed_bismark_bt2.CpG",92,69,23,92
"1373","07_report/CpG_context_sampling_269_373_trimmed_bismark_bt2.CpG",111,99,12,111
"1374","07_report/CpG_context_sampling_269_374_trimmed_bismark_bt2.CpG",91,74,17,91
"1375","07_report/CpG_context_sampling_269_375_trimmed_bismark_bt2.CpG",92,77,15,92
"1376","07_report/CpG_context_sampling_269_376_trimmed_bismark_bt2.CpG",107,92,15,107
"1377","07_report/CpG_context_sampling_269_377_trimmed_bismark_bt2.CpG",91,72,19,91
"1378","07_report/CpG_context_sampling_269_378_trimmed_bismark_bt2.CpG",101,85,16,101
"1379","07_report/CpG_context_sampling_269_379_trimmed_bismark_bt2.CpG",83,65,18,83
"1380","07_report/CpG_context_sampling_269_380_trimmed_bismark_bt2.CpG",90,71,19,90
"1381","07_report/CpG_context_sampling_269_381_trimmed_bismark_bt2.CpG",92,80,12,92
"1382","07_report/CpG_context_sampling_269_382_trimmed_bismark_bt2.CpG",92,82,10,92
"1383","07_report/CpG_context_sampling_269_383_trimmed_bismark_bt2.CpG",84,66,18,84
"1384","07_report/CpG_context_sampling_269_384_trimmed_bismark_bt2.CpG",81,67,14,81
"1385","07_report/CpG_context_sampling_269_385_trimmed_bismark_bt2.CpG",96,77,19,96
"1386","07_report/CpG_context_sampling_269_386_trimmed_bismark_bt2.CpG",78,66,12,78
"1387","07_report/CpG_context_sampling_269_387_trimmed_bismark_bt2.CpG",94,80,14,94
"1388","07_report/CpG_context_sampling_269_388_trimmed_bismark_bt2.CpG",86,66,20,86
"1389","07_report/CpG_context_sampling_269_389_trimmed_bismark_bt2.CpG",97,82,15,97
"1390","07_report/CpG_context_sampling_269_390_trimmed_bismark_bt2.CpG",83,70,13,83
"1391","07_report/CpG_context_sampling_269_391_trimmed_bismark_bt2.CpG",88,69,19,88
"1392","07_report/CpG_context_sampling_269_392_trimmed_bismark_bt2.CpG",92,77,15,92
"1393","07_report/CpG_context_sampling_269_393_trimmed_bismark_bt2.CpG",74,59,15,74
"1394","07_report/CpG_context_sampling_269_394_trimmed_bismark_bt2.CpG",92,76,16,92
"1395","07_report/CpG_context_sampling_269_395_trimmed_bismark_bt2.CpG",91,79,12,91
"1396","07_report/CpG_context_sampling_269_396_trimmed_bismark_bt2.CpG",79,72,7,79
"1397","07_report/CpG_context_sampling_269_397_trimmed_bismark_bt2.CpG",84,69,15,84
"1398","07_report/CpG_context_sampling_269_398_trimmed_bismark_bt2.CpG",90,76,14,90
"1399","07_report/CpG_context_sampling_269_399_trimmed_bismark_bt2.CpG",75,58,17,75
"1400","07_report/CpG_context_sampling_269_400_trimmed_bismark_bt2.CpG",83,69,14,83
"1401","07_report/CpG_context_sampling_269_401_trimmed_bismark_bt2.CpG",93,76,17,93
"1402","07_report/CpG_context_sampling_269_402_trimmed_bismark_bt2.CpG",81,73,8,81
"1403","07_report/CpG_context_sampling_269_403_trimmed_bismark_bt2.CpG",82,64,18,82
"1404","07_report/CpG_context_sampling_269_404_trimmed_bismark_bt2.CpG",79,66,13,79
"1405","07_report/CpG_context_sampling_269_405_trimmed_bismark_bt2.CpG",74,63,11,74
"1406","07_report/CpG_context_sampling_269_406_trimmed_bismark_bt2.CpG",82,66,16,82
"1407","07_report/CpG_context_sampling_269_407_trimmed_bismark_bt2.CpG",85,67,18,85
"1408","07_report/CpG_context_sampling_269_408_trimmed_bismark_bt2.CpG",95,84,11,95
"1409","07_report/CpG_context_sampling_269_409_trimmed_bismark_bt2.CpG",77,64,13,77
"1410","07_report/CpG_context_sampling_269_410_trimmed_bismark_bt2.CpG",81,69,12,81
"1411","07_report/CpG_context_sampling_269_411_trimmed_bismark_bt2.CpG",98,77,21,98
"1412","07_report/CpG_context_sampling_269_412_trimmed_bismark_bt2.CpG",84,76,8,84
"1413","07_report/CpG_context_sampling_269_413_trimmed_bismark_bt2.CpG",103,95,8,103
"1414","07_report/CpG_context_sampling_269_414_trimmed_bismark_bt2.CpG",91,77,14,91
"1415","07_report/CpG_context_sampling_269_415_trimmed_bismark_bt2.CpG",93,84,9,93
"1416","07_report/CpG_context_sampling_269_416_trimmed_bismark_bt2.CpG",82,69,13,82
"1417","07_report/CpG_context_sampling_269_417_trimmed_bismark_bt2.CpG",85,72,13,85
"1418","07_report/CpG_context_sampling_269_418_trimmed_bismark_bt2.CpG",86,75,11,86
"1419","07_report/CpG_context_sampling_269_419_trimmed_bismark_bt2.CpG",89,72,17,89
"1420","07_report/CpG_context_sampling_269_420_trimmed_bismark_bt2.CpG",85,67,18,85
"1421","07_report/CpG_context_sampling_269_421_trimmed_bismark_bt2.CpG",75,59,16,75
"1422","07_report/CpG_context_sampling_269_422_trimmed_bismark_bt2.CpG",83,66,17,83
"1423","07_report/CpG_context_sampling_269_423_trimmed_bismark_bt2.CpG",88,70,18,88
"1424","07_report/CpG_context_sampling_269_424_trimmed_bismark_bt2.CpG",89,79,10,89
"1425","07_report/CpG_context_sampling_269_425_trimmed_bismark_bt2.CpG",81,68,13,81
"1426","07_report/CpG_context_sampling_269_426_trimmed_bismark_bt2.CpG",75,57,18,75
"1427","07_report/CpG_context_sampling_269_427_trimmed_bismark_bt2.CpG",89,69,20,89
"1428","07_report/CpG_context_sampling_269_428_trimmed_bismark_bt2.CpG",75,66,9,75
"1429","07_report/CpG_context_sampling_269_429_trimmed_bismark_bt2.CpG",84,68,16,84
"1430","07_report/CpG_context_sampling_269_430_trimmed_bismark_bt2.CpG",85,68,17,85
"1431","07_report/CpG_context_sampling_269_431_trimmed_bismark_bt2.CpG",84,64,20,84
"1432","07_report/CpG_context_sampling_269_432_trimmed_bismark_bt2.CpG",89,76,13,89
"1433","07_report/CpG_context_sampling_269_433_trimmed_bismark_bt2.CpG",83,69,14,83
"1434","07_report/CpG_context_sampling_269_434_trimmed_bismark_bt2.CpG",79,71,8,79
"1435","07_report/CpG_context_sampling_269_435_trimmed_bismark_bt2.CpG",82,66,16,82
"1436","07_report/CpG_context_sampling_269_436_trimmed_bismark_bt2.CpG",89,74,15,89
"1437","07_report/CpG_context_sampling_269_437_trimmed_bismark_bt2.CpG",79,64,15,79
"1438","07_report/CpG_context_sampling_269_438_trimmed_bismark_bt2.CpG",80,67,13,80
"1439","07_report/CpG_context_sampling_269_439_trimmed_bismark_bt2.CpG",94,80,14,94
"1440","07_report/CpG_context_sampling_269_440_trimmed_bismark_bt2.CpG",83,64,19,83
"1441","07_report/CpG_context_sampling_269_441_trimmed_bismark_bt2.CpG",83,77,6,83
"1442","07_report/CpG_context_sampling_269_442_trimmed_bismark_bt2.CpG",91,76,15,91
"1443","07_report/CpG_context_sampling_269_443_trimmed_bismark_bt2.CpG",79,67,12,79
"1444","07_report/CpG_context_sampling_269_444_trimmed_bismark_bt2.CpG",85,75,10,85
"1445","07_report/CpG_context_sampling_269_445_trimmed_bismark_bt2.CpG",98,75,23,98
"1446","07_report/CpG_context_sampling_269_446_trimmed_bismark_bt2.CpG",91,75,16,91
"1447","07_report/CpG_context_sampling_269_447_trimmed_bismark_bt2.CpG",79,65,14,79
"1448","07_report/CpG_context_sampling_269_448_trimmed_bismark_bt2.CpG",75,66,9,75
"1449","07_report/CpG_context_sampling_269_449_trimmed_bismark_bt2.CpG",99,86,13,99
"1450","07_report/CpG_context_sampling_269_450_trimmed_bismark_bt2.CpG",93,77,16,93
"1451","07_report/CpG_context_sampling_269_451_trimmed_bismark_bt2.CpG",89,79,10,89
"1452","07_report/CpG_context_sampling_269_452_trimmed_bismark_bt2.CpG",68,52,16,68
"1453","07_report/CpG_context_sampling_269_453_trimmed_bismark_bt2.CpG",92,76,16,92
"1454","07_report/CpG_context_sampling_269_454_trimmed_bismark_bt2.CpG",91,71,20,91
"1455","07_report/CpG_context_sampling_269_455_trimmed_bismark_bt2.CpG",89,73,16,89
"1456","07_report/CpG_context_sampling_269_456_trimmed_bismark_bt2.CpG",81,64,17,81
"1457","07_report/CpG_context_sampling_269_457_trimmed_bismark_bt2.CpG",85,72,13,85
"1458","07_report/CpG_context_sampling_269_458_trimmed_bismark_bt2.CpG",84,66,18,84
"1459","07_report/CpG_context_sampling_269_459_trimmed_bismark_bt2.CpG",88,74,14,88
"1460","07_report/CpG_context_sampling_269_460_trimmed_bismark_bt2.CpG",76,62,14,76
"1461","07_report/CpG_context_sampling_269_461_trimmed_bismark_bt2.CpG",83,65,18,83
"1462","07_report/CpG_context_sampling_269_462_trimmed_bismark_bt2.CpG",91,77,14,91
"1463","07_report/CpG_context_sampling_269_463_trimmed_bismark_bt2.CpG",94,78,16,94
"1464","07_report/CpG_context_sampling_269_464_trimmed_bismark_bt2.CpG",77,65,12,77
"1465","07_report/CpG_context_sampling_269_465_trimmed_bismark_bt2.CpG",82,68,14,82
"1466","07_report/CpG_context_sampling_269_466_trimmed_bismark_bt2.CpG",84,65,19,84
"1467","07_report/CpG_context_sampling_269_467_trimmed_bismark_bt2.CpG",79,59,20,79
"1468","07_report/CpG_context_sampling_269_468_trimmed_bismark_bt2.CpG",83,77,6,83
"1469","07_report/CpG_context_sampling_269_469_trimmed_bismark_bt2.CpG",87,72,15,87
"1470","07_report/CpG_context_sampling_269_470_trimmed_bismark_bt2.CpG",94,88,6,94
"1471","07_report/CpG_context_sampling_269_471_trimmed_bismark_bt2.CpG",79,65,14,79
"1472","07_report/CpG_context_sampling_269_472_trimmed_bismark_bt2.CpG",82,63,19,82
"1473","07_report/CpG_context_sampling_269_473_trimmed_bismark_bt2.CpG",83,68,15,83
"1474","07_report/CpG_context_sampling_269_474_trimmed_bismark_bt2.CpG",84,71,13,84
"1475","07_report/CpG_context_sampling_269_475_trimmed_bismark_bt2.CpG",66,56,10,66
"1476","07_report/CpG_context_sampling_269_476_trimmed_bismark_bt2.CpG",89,73,16,89
"1477","07_report/CpG_context_sampling_269_477_trimmed_bismark_bt2.CpG",89,65,24,89
"1478","07_report/CpG_context_sampling_269_478_trimmed_bismark_bt2.CpG",93,79,14,93
"1479","07_report/CpG_context_sampling_269_479_trimmed_bismark_bt2.CpG",91,73,18,91
"1480","07_report/CpG_context_sampling_269_480_trimmed_bismark_bt2.CpG",90,81,9,90
"1481","07_report/CpG_context_sampling_269_481_trimmed_bismark_bt2.CpG",81,65,16,81
"1482","07_report/CpG_context_sampling_269_482_trimmed_bismark_bt2.CpG",99,82,17,99
"1483","07_report/CpG_context_sampling_269_483_trimmed_bismark_bt2.CpG",88,74,14,88
"1484","07_report/CpG_context_sampling_269_484_trimmed_bismark_bt2.CpG",84,72,12,84
"1485","07_report/CpG_context_sampling_269_485_trimmed_bismark_bt2.CpG",85,67,18,85
"1486","07_report/CpG_context_sampling_269_486_trimmed_bismark_bt2.CpG",98,87,11,98
"1487","07_report/CpG_context_sampling_269_487_trimmed_bismark_bt2.CpG",89,81,8,89
"1488","07_report/CpG_context_sampling_269_488_trimmed_bismark_bt2.CpG",78,63,15,78
"1489","07_report/CpG_context_sampling_269_489_trimmed_bismark_bt2.CpG",82,69,13,82
"1490","07_report/CpG_context_sampling_269_490_trimmed_bismark_bt2.CpG",83,69,14,83
"1491","07_report/CpG_context_sampling_269_491_trimmed_bismark_bt2.CpG",90,79,11,90
"1492","07_report/CpG_context_sampling_269_492_trimmed_bismark_bt2.CpG",83,64,19,83
"1493","07_report/CpG_context_sampling_269_493_trimmed_bismark_bt2.CpG",90,73,17,90
"1494","07_report/CpG_context_sampling_269_494_trimmed_bismark_bt2.CpG",76,64,12,76
"1495","07_report/CpG_context_sampling_269_495_trimmed_bismark_bt2.CpG",84,66,18,84
"1496","07_report/CpG_context_sampling_269_496_trimmed_bismark_bt2.CpG",102,85,17,102
"1497","07_report/CpG_context_sampling_269_497_trimmed_bismark_bt2.CpG",78,68,10,78
"1498","07_report/CpG_context_sampling_269_498_trimmed_bismark_bt2.CpG",91,78,13,91
"1499","07_report/CpG_context_sampling_269_499_trimmed_bismark_bt2.CpG",84,73,11,84
"1500","07_report/CpG_context_sampling_269_500_trimmed_bismark_bt2.CpG",88,71,17,88
"1501","07_report/CpG_context_sampling_269_501_trimmed_bismark_bt2.CpG",89,72,17,89
"1502","07_report/CpG_context_sampling_269_502_trimmed_bismark_bt2.CpG",90,74,16,90
"1503","07_report/CpG_context_sampling_269_503_trimmed_bismark_bt2.CpG",87,77,10,87
"1504","07_report/CpG_context_sampling_269_504_trimmed_bismark_bt2.CpG",77,66,11,77
"1505","07_report/CpG_context_sampling_269_505_trimmed_bismark_bt2.CpG",73,64,9,73
"1506","07_report/CpG_context_sampling_269_506_trimmed_bismark_bt2.CpG",88,70,18,88
"1507","07_report/CpG_context_sampling_269_507_trimmed_bismark_bt2.CpG",87,70,17,87
"1508","07_report/CpG_context_sampling_269_508_trimmed_bismark_bt2.CpG",101,89,12,101
"1509","07_report/CpG_context_sampling_269_509_trimmed_bismark_bt2.CpG",86,74,12,86
"1510","07_report/CpG_context_sampling_269_510_trimmed_bismark_bt2.CpG",92,79,13,92
"1511","07_report/CpG_context_sampling_269_511_trimmed_bismark_bt2.CpG",81,66,15,81
"1512","07_report/CpG_context_sampling_269_512_trimmed_bismark_bt2.CpG",87,71,16,87
"1513","07_report/CpG_context_sampling_269_513_trimmed_bismark_bt2.CpG",80,70,10,80
"1514","07_report/CpG_context_sampling_269_514_trimmed_bismark_bt2.CpG",77,66,11,77
"1515","07_report/CpG_context_sampling_269_515_trimmed_bismark_bt2.CpG",77,64,13,77
"1516","07_report/CpG_context_sampling_269_516_trimmed_bismark_bt2.CpG",86,74,12,86
"1517","07_report/CpG_context_sampling_269_517_trimmed_bismark_bt2.CpG",100,85,15,100
"1518","07_report/CpG_context_sampling_269_518_trimmed_bismark_bt2.CpG",75,58,17,75
"1519","07_report/CpG_context_sampling_269_519_trimmed_bismark_bt2.CpG",79,60,19,79
"1520","07_report/CpG_context_sampling_269_520_trimmed_bismark_bt2.CpG",84,69,15,84
"1521","07_report/CpG_context_sampling_269_521_trimmed_bismark_bt2.CpG",79,61,18,79
"1522","07_report/CpG_context_sampling_269_522_trimmed_bismark_bt2.CpG",78,68,10,78
"1523","07_report/CpG_context_sampling_269_523_trimmed_bismark_bt2.CpG",83,69,14,83
"1524","07_report/CpG_context_sampling_269_524_trimmed_bismark_bt2.CpG",79,62,17,79
"1525","07_report/CpG_context_sampling_269_525_trimmed_bismark_bt2.CpG",74,60,14,74
"1526","07_report/CpG_context_sampling_269_526_trimmed_bismark_bt2.CpG",91,75,16,91
"1527","07_report/CpG_context_sampling_269_527_trimmed_bismark_bt2.CpG",91,80,11,91
"1528","07_report/CpG_context_sampling_269_528_trimmed_bismark_bt2.CpG",88,74,14,88
"1529","07_report/CpG_context_sampling_269_529_trimmed_bismark_bt2.CpG",90,75,15,90
"1530","07_report/CpG_context_sampling_269_530_trimmed_bismark_bt2.CpG",88,73,15,88
"1531","07_report/CpG_context_sampling_269_531_trimmed_bismark_bt2.CpG",84,65,19,84
"1532","07_report/CpG_context_sampling_269_532_trimmed_bismark_bt2.CpG",73,59,14,73
"1533","07_report/CpG_context_sampling_269_533_trimmed_bismark_bt2.CpG",82,66,16,82
"1534","07_report/CpG_context_sampling_269_534_trimmed_bismark_bt2.CpG",91,76,15,91
"1535","07_report/CpG_context_sampling_269_535_trimmed_bismark_bt2.CpG",86,75,11,86
"1536","07_report/CpG_context_sampling_269_536_trimmed_bismark_bt2.CpG",81,68,13,81
"1537","07_report/CpG_context_sampling_269_537_trimmed_bismark_bt2.CpG",96,79,17,96
"1538","07_report/CpG_context_sampling_269_538_trimmed_bismark_bt2.CpG",84,69,15,84
"1539","07_report/CpG_context_sampling_269_539_trimmed_bismark_bt2.CpG",79,65,14,79
"1540","07_report/CpG_context_sampling_269_540_trimmed_bismark_bt2.CpG",101,84,17,101
"1541","07_report/CpG_context_sampling_269_541_trimmed_bismark_bt2.CpG",83,59,24,83
"1542","07_report/CpG_context_sampling_269_542_trimmed_bismark_bt2.CpG",91,73,18,91
"1543","07_report/CpG_context_sampling_269_543_trimmed_bismark_bt2.CpG",98,75,23,98
"1544","07_report/CpG_context_sampling_269_544_trimmed_bismark_bt2.CpG",81,70,11,81
"1545","07_report/CpG_context_sampling_269_545_trimmed_bismark_bt2.CpG",92,71,21,92
"1546","07_report/CpG_context_sampling_269_546_trimmed_bismark_bt2.CpG",92,74,18,92
"1547","07_report/CpG_context_sampling_269_547_trimmed_bismark_bt2.CpG",76,66,10,76
"1548","07_report/CpG_context_sampling_269_548_trimmed_bismark_bt2.CpG",92,72,20,92
"1549","07_report/CpG_context_sampling_269_549_trimmed_bismark_bt2.CpG",95,78,17,95
"1550","07_report/CpG_context_sampling_269_550_trimmed_bismark_bt2.CpG",90,80,10,90
"1551","07_report/CpG_context_sampling_269_551_trimmed_bismark_bt2.CpG",76,62,14,76
"1552","07_report/CpG_context_sampling_269_552_trimmed_bismark_bt2.CpG",104,87,17,104
"1553","07_report/CpG_context_sampling_269_553_trimmed_bismark_bt2.CpG",94,79,15,94
"1554","07_report/CpG_context_sampling_269_554_trimmed_bismark_bt2.CpG",86,73,13,86
"1555","07_report/CpG_context_sampling_269_555_trimmed_bismark_bt2.CpG",93,79,14,93
"1556","07_report/CpG_context_sampling_269_556_trimmed_bismark_bt2.CpG",76,68,8,76
"1557","07_report/CpG_context_sampling_269_557_trimmed_bismark_bt2.CpG",91,69,22,91
"1558","07_report/CpG_context_sampling_269_558_trimmed_bismark_bt2.CpG",83,74,9,83
"1559","07_report/CpG_context_sampling_269_559_trimmed_bismark_bt2.CpG",94,84,10,94
"1560","07_report/CpG_context_sampling_269_560_trimmed_bismark_bt2.CpG",85,72,13,85
"1561","07_report/CpG_context_sampling_269_561_trimmed_bismark_bt2.CpG",75,65,10,75
"1562","07_report/CpG_context_sampling_269_562_trimmed_bismark_bt2.CpG",85,67,18,85
"1563","07_report/CpG_context_sampling_269_563_trimmed_bismark_bt2.CpG",92,79,13,92
"1564","07_report/CpG_context_sampling_269_564_trimmed_bismark_bt2.CpG",97,71,26,97
"1565","07_report/CpG_context_sampling_269_565_trimmed_bismark_bt2.CpG",74,61,13,74
"1566","07_report/CpG_context_sampling_269_566_trimmed_bismark_bt2.CpG",84,71,13,84
"1567","07_report/CpG_context_sampling_269_567_trimmed_bismark_bt2.CpG",86,69,17,86
"1568","07_report/CpG_context_sampling_269_568_trimmed_bismark_bt2.CpG",89,68,21,89
"1569","07_report/CpG_context_sampling_269_569_trimmed_bismark_bt2.CpG",78,65,13,78
"1570","07_report/CpG_context_sampling_269_570_trimmed_bismark_bt2.CpG",97,81,16,97
"1571","07_report/CpG_context_sampling_269_571_trimmed_bismark_bt2.CpG",86,75,11,86
"1572","07_report/CpG_context_sampling_269_572_trimmed_bismark_bt2.CpG",91,74,17,91
"1573","07_report/CpG_context_sampling_269_573_trimmed_bismark_bt2.CpG",101,86,15,101
"1574","07_report/CpG_context_sampling_269_574_trimmed_bismark_bt2.CpG",79,70,9,79
"1575","07_report/CpG_context_sampling_269_575_trimmed_bismark_bt2.CpG",81,65,16,81
"1576","07_report/CpG_context_sampling_269_576_trimmed_bismark_bt2.CpG",93,79,14,93
"1577","07_report/CpG_context_sampling_269_577_trimmed_bismark_bt2.CpG",95,73,22,95
"1578","07_report/CpG_context_sampling_269_578_trimmed_bismark_bt2.CpG",89,76,13,89
"1579","07_report/CpG_context_sampling_269_579_trimmed_bismark_bt2.CpG",89,78,11,89
"1580","07_report/CpG_context_sampling_269_580_trimmed_bismark_bt2.CpG",88,78,10,88
"1581","07_report/CpG_context_sampling_269_581_trimmed_bismark_bt2.CpG",81,63,18,81
"1582","07_report/CpG_context_sampling_269_582_trimmed_bismark_bt2.CpG",73,63,10,73
"1583","07_report/CpG_context_sampling_269_583_trimmed_bismark_bt2.CpG",71,57,14,71
"1584","07_report/CpG_context_sampling_269_584_trimmed_bismark_bt2.CpG",80,61,19,80
"1585","07_report/CpG_context_sampling_269_585_trimmed_bismark_bt2.CpG",84,71,13,84
"1586","07_report/CpG_context_sampling_269_586_trimmed_bismark_bt2.CpG",89,75,14,89
"1587","07_report/CpG_context_sampling_269_587_trimmed_bismark_bt2.CpG",77,65,12,77
"1588","07_report/CpG_context_sampling_269_588_trimmed_bismark_bt2.CpG",85,70,15,85
"1589","07_report/CpG_context_sampling_269_589_trimmed_bismark_bt2.CpG",79,63,16,79
"1590","07_report/CpG_context_sampling_269_590_trimmed_bismark_bt2.CpG",84,71,13,84
"1591","07_report/CpG_context_sampling_269_591_trimmed_bismark_bt2.CpG",92,75,17,92
"1592","07_report/CpG_context_sampling_269_592_trimmed_bismark_bt2.CpG",84,73,11,84
"1593","07_report/CpG_context_sampling_269_593_trimmed_bismark_bt2.CpG",73,64,9,73
"1594","07_report/CpG_context_sampling_269_594_trimmed_bismark_bt2.CpG",84,60,24,84
"1595","07_report/CpG_context_sampling_269_595_trimmed_bismark_bt2.CpG",76,65,11,76
"1596","07_report/CpG_context_sampling_269_596_trimmed_bismark_bt2.CpG",86,69,17,86
"1597","07_report/CpG_context_sampling_269_597_trimmed_bismark_bt2.CpG",76,60,16,76
"1598","07_report/CpG_context_sampling_269_598_trimmed_bismark_bt2.CpG",91,73,18,91
"1599","07_report/CpG_context_sampling_269_599_trimmed_bismark_bt2.CpG",81,66,15,81
"1600","07_report/CpG_context_sampling_269_600_trimmed_bismark_bt2.CpG",100,82,18,100
"1601","07_report/CpG_context_sampling_269_601_trimmed_bismark_bt2.CpG",77,61,16,77
"1602","07_report/CpG_context_sampling_269_602_trimmed_bismark_bt2.CpG",72,60,12,72
"1603","07_report/CpG_context_sampling_269_603_trimmed_bismark_bt2.CpG",84,73,11,84
"1604","07_report/CpG_context_sampling_269_604_trimmed_bismark_bt2.CpG",74,61,13,74
"1605","07_report/CpG_context_sampling_269_605_trimmed_bismark_bt2.CpG",82,68,14,82
"1606","07_report/CpG_context_sampling_269_606_trimmed_bismark_bt2.CpG",94,81,13,94
"1607","07_report/CpG_context_sampling_269_607_trimmed_bismark_bt2.CpG",81,66,15,81
"1608","07_report/CpG_context_sampling_269_608_trimmed_bismark_bt2.CpG",90,73,17,90
"1609","07_report/CpG_context_sampling_269_609_trimmed_bismark_bt2.CpG",105,79,26,105
"1610","07_report/CpG_context_sampling_269_610_trimmed_bismark_bt2.CpG",84,64,20,84
"1611","07_report/CpG_context_sampling_269_611_trimmed_bismark_bt2.CpG",103,88,15,103
"1612","07_report/CpG_context_sampling_269_612_trimmed_bismark_bt2.CpG",78,60,18,78
"1613","07_report/CpG_context_sampling_269_613_trimmed_bismark_bt2.CpG",86,67,19,86
"1614","07_report/CpG_context_sampling_269_614_trimmed_bismark_bt2.CpG",89,83,6,89
"1615","07_report/CpG_context_sampling_269_615_trimmed_bismark_bt2.CpG",90,74,16,90
"1616","07_report/CpG_context_sampling_269_616_trimmed_bismark_bt2.CpG",80,65,15,80
"1617","07_report/CpG_context_sampling_269_617_trimmed_bismark_bt2.CpG",86,65,21,86
"1618","07_report/CpG_context_sampling_269_618_trimmed_bismark_bt2.CpG",92,72,20,92
"1619","07_report/CpG_context_sampling_269_619_trimmed_bismark_bt2.CpG",70,60,10,70
"1620","07_report/CpG_context_sampling_269_620_trimmed_bismark_bt2.CpG",90,79,11,90
"1621","07_report/CpG_context_sampling_269_621_trimmed_bismark_bt2.CpG",85,75,10,85
"1622","07_report/CpG_context_sampling_269_622_trimmed_bismark_bt2.CpG",77,66,11,77
"1623","07_report/CpG_context_sampling_269_623_trimmed_bismark_bt2.CpG",79,68,11,79
"1624","07_report/CpG_context_sampling_269_624_trimmed_bismark_bt2.CpG",99,80,19,99
"1625","07_report/CpG_context_sampling_269_625_trimmed_bismark_bt2.CpG",87,69,18,87
"1626","07_report/CpG_context_sampling_269_626_trimmed_bismark_bt2.CpG",99,82,17,99
"1627","07_report/CpG_context_sampling_269_627_trimmed_bismark_bt2.CpG",83,72,11,83
"1628","07_report/CpG_context_sampling_269_628_trimmed_bismark_bt2.CpG",85,68,17,85
"1629","07_report/CpG_context_sampling_269_629_trimmed_bismark_bt2.CpG",89,76,13,89
"1630","07_report/CpG_context_sampling_269_630_trimmed_bismark_bt2.CpG",77,60,17,77
"1631","07_report/CpG_context_sampling_269_631_trimmed_bismark_bt2.CpG",88,71,17,88
"1632","07_report/CpG_context_sampling_269_632_trimmed_bismark_bt2.CpG",79,69,10,79
"1633","07_report/CpG_context_sampling_269_633_trimmed_bismark_bt2.CpG",89,74,15,89
"1634","07_report/CpG_context_sampling_269_634_trimmed_bismark_bt2.CpG",102,73,29,102
"1635","07_report/CpG_context_sampling_269_635_trimmed_bismark_bt2.CpG",80,68,12,80
"1636","07_report/CpG_context_sampling_269_636_trimmed_bismark_bt2.CpG",95,74,21,95
"1637","07_report/CpG_context_sampling_269_637_trimmed_bismark_bt2.CpG",92,70,22,92
"1638","07_report/CpG_context_sampling_269_638_trimmed_bismark_bt2.CpG",82,64,18,82
"1639","07_report/CpG_context_sampling_269_639_trimmed_bismark_bt2.CpG",91,78,13,91
"1640","07_report/CpG_context_sampling_269_640_trimmed_bismark_bt2.CpG",86,71,15,86
"1641","07_report/CpG_context_sampling_269_641_trimmed_bismark_bt2.CpG",95,77,18,95
"1642","07_report/CpG_context_sampling_269_642_trimmed_bismark_bt2.CpG",86,74,12,86
"1643","07_report/CpG_context_sampling_269_643_trimmed_bismark_bt2.CpG",83,69,14,83
"1644","07_report/CpG_context_sampling_269_644_trimmed_bismark_bt2.CpG",97,86,11,97
"1645","07_report/CpG_context_sampling_269_645_trimmed_bismark_bt2.CpG",87,70,17,87
"1646","07_report/CpG_context_sampling_269_646_trimmed_bismark_bt2.CpG",95,82,13,95
"1647","07_report/CpG_context_sampling_269_647_trimmed_bismark_bt2.CpG",99,78,21,99
"1648","07_report/CpG_context_sampling_269_648_trimmed_bismark_bt2.CpG",94,74,20,94
"1649","07_report/CpG_context_sampling_269_649_trimmed_bismark_bt2.CpG",89,79,10,89
"1650","07_report/CpG_context_sampling_269_650_trimmed_bismark_bt2.CpG",83,65,18,83
"1651","07_report/CpG_context_sampling_269_651_trimmed_bismark_bt2.CpG",83,68,15,83
"1652","07_report/CpG_context_sampling_269_652_trimmed_bismark_bt2.CpG",94,85,9,94
"1653","07_report/CpG_context_sampling_269_653_trimmed_bismark_bt2.CpG",79,70,9,79
"1654","07_report/CpG_context_sampling_269_654_trimmed_bismark_bt2.CpG",89,73,16,89
"1655","07_report/CpG_context_sampling_269_655_trimmed_bismark_bt2.CpG",91,75,16,91
"1656","07_report/CpG_context_sampling_269_656_trimmed_bismark_bt2.CpG",78,55,23,78
"1657","07_report/CpG_context_sampling_269_657_trimmed_bismark_bt2.CpG",74,62,12,74
"1658","07_report/CpG_context_sampling_269_658_trimmed_bismark_bt2.CpG",99,82,17,99
"1659","07_report/CpG_context_sampling_269_659_trimmed_bismark_bt2.CpG",90,72,18,90
"1660","07_report/CpG_context_sampling_269_660_trimmed_bismark_bt2.CpG",83,68,15,83
"1661","07_report/CpG_context_sampling_269_661_trimmed_bismark_bt2.CpG",83,68,15,83
"1662","07_report/CpG_context_sampling_269_662_trimmed_bismark_bt2.CpG",90,79,11,90
"1663","07_report/CpG_context_sampling_269_663_trimmed_bismark_bt2.CpG",94,76,18,94
"1664","07_report/CpG_context_sampling_269_664_trimmed_bismark_bt2.CpG",84,65,19,84
"1665","07_report/CpG_context_sampling_269_665_trimmed_bismark_bt2.CpG",94,76,18,94
"1666","07_report/CpG_context_sampling_269_666_trimmed_bismark_bt2.CpG",97,86,11,97
"1667","07_report/CpG_context_sampling_269_667_trimmed_bismark_bt2.CpG",87,75,12,87
"1668","07_report/CpG_context_sampling_269_668_trimmed_bismark_bt2.CpG",83,68,15,83
"1669","07_report/CpG_context_sampling_269_669_trimmed_bismark_bt2.CpG",81,70,11,81
"1670","07_report/CpG_context_sampling_269_670_trimmed_bismark_bt2.CpG",79,68,11,79
"1671","07_report/CpG_context_sampling_269_671_trimmed_bismark_bt2.CpG",93,76,17,93
"1672","07_report/CpG_context_sampling_269_672_trimmed_bismark_bt2.CpG",90,75,15,90
"1673","07_report/CpG_context_sampling_269_673_trimmed_bismark_bt2.CpG",83,70,13,83
"1674","07_report/CpG_context_sampling_269_674_trimmed_bismark_bt2.CpG",85,74,11,85
"1675","07_report/CpG_context_sampling_269_675_trimmed_bismark_bt2.CpG",95,75,20,95
"1676","07_report/CpG_context_sampling_269_676_trimmed_bismark_bt2.CpG",76,61,15,76
"1677","07_report/CpG_context_sampling_269_677_trimmed_bismark_bt2.CpG",72,66,6,72
"1678","07_report/CpG_context_sampling_269_678_trimmed_bismark_bt2.CpG",92,79,13,92
"1679","07_report/CpG_context_sampling_269_679_trimmed_bismark_bt2.CpG",79,68,11,79
"1680","07_report/CpG_context_sampling_269_680_trimmed_bismark_bt2.CpG",89,71,18,89
"1681","07_report/CpG_context_sampling_269_681_trimmed_bismark_bt2.CpG",84,67,17,84
"1682","07_report/CpG_context_sampling_269_682_trimmed_bismark_bt2.CpG",76,64,12,76
"1683","07_report/CpG_context_sampling_269_683_trimmed_bismark_bt2.CpG",102,87,15,102
"1684","07_report/CpG_context_sampling_269_684_trimmed_bismark_bt2.CpG",104,86,18,104
"1685","07_report/CpG_context_sampling_269_685_trimmed_bismark_bt2.CpG",100,84,16,100
"1686","07_report/CpG_context_sampling_269_686_trimmed_bismark_bt2.CpG",90,77,13,90
"1687","07_report/CpG_context_sampling_269_687_trimmed_bismark_bt2.CpG",81,63,18,81
"1688","07_report/CpG_context_sampling_269_688_trimmed_bismark_bt2.CpG",100,88,12,100
"1689","07_report/CpG_context_sampling_269_689_trimmed_bismark_bt2.CpG",98,77,21,98
"1690","07_report/CpG_context_sampling_269_690_trimmed_bismark_bt2.CpG",96,80,16,96
"1691","07_report/CpG_context_sampling_269_691_trimmed_bismark_bt2.CpG",80,70,10,80
"1692","07_report/CpG_context_sampling_269_692_trimmed_bismark_bt2.CpG",75,65,10,75
"1693","07_report/CpG_context_sampling_269_693_trimmed_bismark_bt2.CpG",83,73,10,83
"1694","07_report/CpG_context_sampling_269_694_trimmed_bismark_bt2.CpG",86,71,15,86
"1695","07_report/CpG_context_sampling_269_695_trimmed_bismark_bt2.CpG",79,67,12,79
"1696","07_report/CpG_context_sampling_269_696_trimmed_bismark_bt2.CpG",92,79,13,92
"1697","07_report/CpG_context_sampling_269_697_trimmed_bismark_bt2.CpG",83,66,17,83
"1698","07_report/CpG_context_sampling_269_698_trimmed_bismark_bt2.CpG",77,66,11,77
"1699","07_report/CpG_context_sampling_269_699_trimmed_bismark_bt2.CpG",95,82,13,95
"1700","07_report/CpG_context_sampling_269_700_trimmed_bismark_bt2.CpG",95,81,14,95
"1701","07_report/CpG_context_sampling_269_701_trimmed_bismark_bt2.CpG",87,73,14,87
"1702","07_report/CpG_context_sampling_269_702_trimmed_bismark_bt2.CpG",97,80,17,97
"1703","07_report/CpG_context_sampling_269_703_trimmed_bismark_bt2.CpG",95,80,15,95
"1704","07_report/CpG_context_sampling_269_704_trimmed_bismark_bt2.CpG",83,72,11,83
"1705","07_report/CpG_context_sampling_269_705_trimmed_bismark_bt2.CpG",81,66,15,81
"1706","07_report/CpG_context_sampling_269_706_trimmed_bismark_bt2.CpG",93,79,14,93
"1707","07_report/CpG_context_sampling_269_707_trimmed_bismark_bt2.CpG",84,70,14,84
"1708","07_report/CpG_context_sampling_269_708_trimmed_bismark_bt2.CpG",83,60,23,83
"1709","07_report/CpG_context_sampling_269_709_trimmed_bismark_bt2.CpG",92,75,17,92
"1710","07_report/CpG_context_sampling_269_710_trimmed_bismark_bt2.CpG",101,88,13,101
"1711","07_report/CpG_context_sampling_269_711_trimmed_bismark_bt2.CpG",103,92,11,103
"1712","07_report/CpG_context_sampling_269_712_trimmed_bismark_bt2.CpG",100,83,17,100
"1713","07_report/CpG_context_sampling_269_713_trimmed_bismark_bt2.CpG",85,73,12,85
"1714","07_report/CpG_context_sampling_269_714_trimmed_bismark_bt2.CpG",86,69,17,86
"1715","07_report/CpG_context_sampling_269_715_trimmed_bismark_bt2.CpG",83,63,20,83
"1716","07_report/CpG_context_sampling_269_716_trimmed_bismark_bt2.CpG",84,69,15,84
"1717","07_report/CpG_context_sampling_269_717_trimmed_bismark_bt2.CpG",72,66,6,72
"1718","07_report/CpG_context_sampling_269_718_trimmed_bismark_bt2.CpG",89,73,16,89
"1719","07_report/CpG_context_sampling_269_719_trimmed_bismark_bt2.CpG",70,59,11,70
"1720","07_report/CpG_context_sampling_269_720_trimmed_bismark_bt2.CpG",95,80,15,95
"1721","07_report/CpG_context_sampling_269_721_trimmed_bismark_bt2.CpG",78,61,17,78
"1722","07_report/CpG_context_sampling_269_722_trimmed_bismark_bt2.CpG",85,75,10,85
"1723","07_report/CpG_context_sampling_269_723_trimmed_bismark_bt2.CpG",88,74,14,88
"1724","07_report/CpG_context_sampling_269_724_trimmed_bismark_bt2.CpG",89,72,17,89
"1725","07_report/CpG_context_sampling_269_725_trimmed_bismark_bt2.CpG",94,82,12,94
"1726","07_report/CpG_context_sampling_269_726_trimmed_bismark_bt2.CpG",88,77,11,88
"1727","07_report/CpG_context_sampling_269_727_trimmed_bismark_bt2.CpG",94,84,10,94
"1728","07_report/CpG_context_sampling_269_728_trimmed_bismark_bt2.CpG",83,69,14,83
"1729","07_report/CpG_context_sampling_269_729_trimmed_bismark_bt2.CpG",94,78,16,94
"1730","07_report/CpG_context_sampling_269_730_trimmed_bismark_bt2.CpG",68,63,5,68
"1731","07_report/CpG_context_sampling_269_731_trimmed_bismark_bt2.CpG",93,80,13,93
"1732","07_report/CpG_context_sampling_269_732_trimmed_bismark_bt2.CpG",81,71,10,81
"1733","07_report/CpG_context_sampling_269_733_trimmed_bismark_bt2.CpG",74,68,6,74
"1734","07_report/CpG_context_sampling_269_734_trimmed_bismark_bt2.CpG",90,78,12,90
"1735","07_report/CpG_context_sampling_269_735_trimmed_bismark_bt2.CpG",89,73,16,89
"1736","07_report/CpG_context_sampling_269_736_trimmed_bismark_bt2.CpG",65,50,15,65
"1737","07_report/CpG_context_sampling_269_737_trimmed_bismark_bt2.CpG",102,83,19,102
"1738","07_report/CpG_context_sampling_269_738_trimmed_bismark_bt2.CpG",96,80,16,96
"1739","07_report/CpG_context_sampling_269_739_trimmed_bismark_bt2.CpG",93,76,17,93
"1740","07_report/CpG_context_sampling_269_740_trimmed_bismark_bt2.CpG",91,74,17,91
"1741","07_report/CpG_context_sampling_269_741_trimmed_bismark_bt2.CpG",94,77,17,94
"1742","07_report/CpG_context_sampling_269_742_trimmed_bismark_bt2.CpG",90,76,14,90
"1743","07_report/CpG_context_sampling_269_743_trimmed_bismark_bt2.CpG",81,69,12,81
"1744","07_report/CpG_context_sampling_269_744_trimmed_bismark_bt2.CpG",89,71,18,89
"1745","07_report/CpG_context_sampling_269_745_trimmed_bismark_bt2.CpG",80,69,11,80
"1746","07_report/CpG_context_sampling_269_746_trimmed_bismark_bt2.CpG",101,85,16,101
"1747","07_report/CpG_context_sampling_269_747_trimmed_bismark_bt2.CpG",88,68,20,88
"1748","07_report/CpG_context_sampling_269_748_trimmed_bismark_bt2.CpG",96,85,11,96
"1749","07_report/CpG_context_sampling_269_749_trimmed_bismark_bt2.CpG",87,73,14,87
"1750","07_report/CpG_context_sampling_269_750_trimmed_bismark_bt2.CpG",96,83,13,96
"1751","07_report/CpG_context_sampling_269_751_trimmed_bismark_bt2.CpG",76,61,15,76
"1752","07_report/CpG_context_sampling_269_752_trimmed_bismark_bt2.CpG",74,59,15,74
"1753","07_report/CpG_context_sampling_269_753_trimmed_bismark_bt2.CpG",86,68,18,86
"1754","07_report/CpG_context_sampling_269_754_trimmed_bismark_bt2.CpG",79,66,13,79
"1755","07_report/CpG_context_sampling_269_755_trimmed_bismark_bt2.CpG",87,73,14,87
"1756","07_report/CpG_context_sampling_269_756_trimmed_bismark_bt2.CpG",92,82,10,92
"1757","07_report/CpG_context_sampling_269_757_trimmed_bismark_bt2.CpG",99,81,18,99
"1758","07_report/CpG_context_sampling_269_758_trimmed_bismark_bt2.CpG",87,74,13,87
"1759","07_report/CpG_context_sampling_269_759_trimmed_bismark_bt2.CpG",77,64,13,77
"1760","07_report/CpG_context_sampling_269_760_trimmed_bismark_bt2.CpG",92,77,15,92
"1761","07_report/CpG_context_sampling_269_761_trimmed_bismark_bt2.CpG",91,76,15,91
"1762","07_report/CpG_context_sampling_269_762_trimmed_bismark_bt2.CpG",85,67,18,85
"1763","07_report/CpG_context_sampling_269_763_trimmed_bismark_bt2.CpG",94,79,15,94
"1764","07_report/CpG_context_sampling_269_764_trimmed_bismark_bt2.CpG",93,75,18,93
"1765","07_report/CpG_context_sampling_269_765_trimmed_bismark_bt2.CpG",87,64,23,87
"1766","07_report/CpG_context_sampling_269_766_trimmed_bismark_bt2.CpG",78,67,11,78
"1767","07_report/CpG_context_sampling_269_767_trimmed_bismark_bt2.CpG",83,65,18,83
"1768","07_report/CpG_context_sampling_269_768_trimmed_bismark_bt2.CpG",78,62,16,78
"1769","07_report/CpG_context_sampling_269_769_trimmed_bismark_bt2.CpG",97,82,15,97
"1770","07_report/CpG_context_sampling_269_770_trimmed_bismark_bt2.CpG",89,71,18,89
"1771","07_report/CpG_context_sampling_269_771_trimmed_bismark_bt2.CpG",82,72,10,82
"1772","07_report/CpG_context_sampling_269_772_trimmed_bismark_bt2.CpG",77,67,10,77
"1773","07_report/CpG_context_sampling_269_773_trimmed_bismark_bt2.CpG",77,64,13,77
"1774","07_report/CpG_context_sampling_269_774_trimmed_bismark_bt2.CpG",80,70,10,80
"1775","07_report/CpG_context_sampling_269_775_trimmed_bismark_bt2.CpG",83,71,12,83
"1776","07_report/CpG_context_sampling_269_776_trimmed_bismark_bt2.CpG",87,75,12,87
"1777","07_report/CpG_context_sampling_269_777_trimmed_bismark_bt2.CpG",87,71,16,87
"1778","07_report/CpG_context_sampling_269_778_trimmed_bismark_bt2.CpG",80,68,12,80
"1779","07_report/CpG_context_sampling_269_779_trimmed_bismark_bt2.CpG",83,70,13,83
"1780","07_report/CpG_context_sampling_269_780_trimmed_bismark_bt2.CpG",99,82,17,99
"1781","07_report/CpG_context_sampling_269_781_trimmed_bismark_bt2.CpG",103,88,15,103
"1782","07_report/CpG_context_sampling_269_782_trimmed_bismark_bt2.CpG",74,64,10,74
"1783","07_report/CpG_context_sampling_269_783_trimmed_bismark_bt2.CpG",89,72,17,89
"1784","07_report/CpG_context_sampling_269_784_trimmed_bismark_bt2.CpG",91,78,13,91
"1785","07_report/CpG_context_sampling_269_785_trimmed_bismark_bt2.CpG",95,75,20,95
"1786","07_report/CpG_context_sampling_269_786_trimmed_bismark_bt2.CpG",94,77,17,94
"1787","07_report/CpG_context_sampling_269_787_trimmed_bismark_bt2.CpG",90,73,17,90
"1788","07_report/CpG_context_sampling_269_788_trimmed_bismark_bt2.CpG",94,77,17,94
"1789","07_report/CpG_context_sampling_269_789_trimmed_bismark_bt2.CpG",92,77,15,92
"1790","07_report/CpG_context_sampling_269_790_trimmed_bismark_bt2.CpG",92,74,18,92
"1791","07_report/CpG_context_sampling_269_791_trimmed_bismark_bt2.CpG",89,73,16,89
"1792","07_report/CpG_context_sampling_269_792_trimmed_bismark_bt2.CpG",98,79,19,98
"1793","07_report/CpG_context_sampling_269_793_trimmed_bismark_bt2.CpG",90,73,17,90
"1794","07_report/CpG_context_sampling_269_794_trimmed_bismark_bt2.CpG",91,76,15,91
"1795","07_report/CpG_context_sampling_269_795_trimmed_bismark_bt2.CpG",84,67,17,84
"1796","07_report/CpG_context_sampling_269_796_trimmed_bismark_bt2.CpG",90,82,8,90
"1797","07_report/CpG_context_sampling_269_797_trimmed_bismark_bt2.CpG",95,79,16,95
"1798","07_report/CpG_context_sampling_269_798_trimmed_bismark_bt2.CpG",86,74,12,86
"1799","07_report/CpG_context_sampling_269_799_trimmed_bismark_bt2.CpG",83,69,14,83
"1800","07_report/CpG_context_sampling_269_800_trimmed_bismark_bt2.CpG",86,71,15,86
"1801","07_report/CpG_context_sampling_269_801_trimmed_bismark_bt2.CpG",79,67,12,79
"1802","07_report/CpG_context_sampling_269_802_trimmed_bismark_bt2.CpG",87,74,13,87
"1803","07_report/CpG_context_sampling_269_803_trimmed_bismark_bt2.CpG",89,70,19,89
"1804","07_report/CpG_context_sampling_269_804_trimmed_bismark_bt2.CpG",101,87,14,101
"1805","07_report/CpG_context_sampling_269_805_trimmed_bismark_bt2.CpG",96,82,14,96
"1806","07_report/CpG_context_sampling_269_806_trimmed_bismark_bt2.CpG",87,72,15,87
"1807","07_report/CpG_context_sampling_269_807_trimmed_bismark_bt2.CpG",89,71,18,89
"1808","07_report/CpG_context_sampling_269_808_trimmed_bismark_bt2.CpG",77,68,9,77
"1809","07_report/CpG_context_sampling_269_809_trimmed_bismark_bt2.CpG",95,75,20,95
"1810","07_report/CpG_context_sampling_269_810_trimmed_bismark_bt2.CpG",91,73,18,91
"1811","07_report/CpG_context_sampling_269_811_trimmed_bismark_bt2.CpG",96,81,15,96
"1812","07_report/CpG_context_sampling_269_812_trimmed_bismark_bt2.CpG",90,77,13,90
"1813","07_report/CpG_context_sampling_269_813_trimmed_bismark_bt2.CpG",87,68,19,87
"1814","07_report/CpG_context_sampling_269_814_trimmed_bismark_bt2.CpG",94,75,19,94
"1815","07_report/CpG_context_sampling_269_815_trimmed_bismark_bt2.CpG",87,69,18,87
"1816","07_report/CpG_context_sampling_269_816_trimmed_bismark_bt2.CpG",97,80,17,97
"1817","07_report/CpG_context_sampling_269_817_trimmed_bismark_bt2.CpG",77,59,18,77
"1818","07_report/CpG_context_sampling_269_818_trimmed_bismark_bt2.CpG",84,68,16,84
"1819","07_report/CpG_context_sampling_269_819_trimmed_bismark_bt2.CpG",92,75,17,92
"1820","07_report/CpG_context_sampling_269_820_trimmed_bismark_bt2.CpG",91,77,14,91
"1821","07_report/CpG_context_sampling_269_821_trimmed_bismark_bt2.CpG",84,72,12,84
"1822","07_report/CpG_context_sampling_269_822_trimmed_bismark_bt2.CpG",100,80,20,100
"1823","07_report/CpG_context_sampling_269_823_trimmed_bismark_bt2.CpG",80,71,9,80
"1824","07_report/CpG_context_sampling_269_824_trimmed_bismark_bt2.CpG",85,77,8,85
"1825","07_report/CpG_context_sampling_269_825_trimmed_bismark_bt2.CpG",78,68,10,78
"1826","07_report/CpG_context_sampling_269_826_trimmed_bismark_bt2.CpG",87,72,15,87
"1827","07_report/CpG_context_sampling_269_827_trimmed_bismark_bt2.CpG",94,74,20,94
"1828","07_report/CpG_context_sampling_269_828_trimmed_bismark_bt2.CpG",83,70,13,83
"1829","07_report/CpG_context_sampling_269_829_trimmed_bismark_bt2.CpG",80,66,14,80
"1830","07_report/CpG_context_sampling_269_830_trimmed_bismark_bt2.CpG",98,80,18,98
"1831","07_report/CpG_context_sampling_269_831_trimmed_bismark_bt2.CpG",87,69,18,87
"1832","07_report/CpG_context_sampling_269_832_trimmed_bismark_bt2.CpG",83,72,11,83
"1833","07_report/CpG_context_sampling_269_833_trimmed_bismark_bt2.CpG",89,73,16,89
"1834","07_report/CpG_context_sampling_269_834_trimmed_bismark_bt2.CpG",90,77,13,90
"1835","07_report/CpG_context_sampling_269_835_trimmed_bismark_bt2.CpG",95,79,16,95
"1836","07_report/CpG_context_sampling_269_836_trimmed_bismark_bt2.CpG",93,80,13,93
"1837","07_report/CpG_context_sampling_269_837_trimmed_bismark_bt2.CpG",78,65,13,78
"1838","07_report/CpG_context_sampling_269_838_trimmed_bismark_bt2.CpG",79,67,12,79
"1839","07_report/CpG_context_sampling_269_839_trimmed_bismark_bt2.CpG",79,65,14,79
"1840","07_report/CpG_context_sampling_269_840_trimmed_bismark_bt2.CpG",93,78,15,93
"1841","07_report/CpG_context_sampling_269_841_trimmed_bismark_bt2.CpG",84,75,9,84
"1842","07_report/CpG_context_sampling_269_842_trimmed_bismark_bt2.CpG",84,70,14,84
"1843","07_report/CpG_context_sampling_269_843_trimmed_bismark_bt2.CpG",78,68,10,78
"1844","07_report/CpG_context_sampling_269_844_trimmed_bismark_bt2.CpG",88,74,14,88
"1845","07_report/CpG_context_sampling_269_845_trimmed_bismark_bt2.CpG",109,88,21,109
"1846","07_report/CpG_context_sampling_269_846_trimmed_bismark_bt2.CpG",93,74,19,93
"1847","07_report/CpG_context_sampling_269_847_trimmed_bismark_bt2.CpG",89,78,11,89
"1848","07_report/CpG_context_sampling_269_848_trimmed_bismark_bt2.CpG",89,68,21,89
"1849","07_report/CpG_context_sampling_269_849_trimmed_bismark_bt2.CpG",83,70,13,83
"1850","07_report/CpG_context_sampling_269_850_trimmed_bismark_bt2.CpG",76,67,9,76
"1851","07_report/CpG_context_sampling_269_851_trimmed_bismark_bt2.CpG",89,74,15,89
"1852","07_report/CpG_context_sampling_269_852_trimmed_bismark_bt2.CpG",82,61,21,82
"1853","07_report/CpG_context_sampling_269_853_trimmed_bismark_bt2.CpG",91,77,14,91
"1854","07_report/CpG_context_sampling_269_854_trimmed_bismark_bt2.CpG",74,67,7,74
"1855","07_report/CpG_context_sampling_269_855_trimmed_bismark_bt2.CpG",100,84,16,100
"1856","07_report/CpG_context_sampling_269_856_trimmed_bismark_bt2.CpG",84,72,12,84
"1857","07_report/CpG_context_sampling_269_857_trimmed_bismark_bt2.CpG",83,71,12,83
"1858","07_report/CpG_context_sampling_269_858_trimmed_bismark_bt2.CpG",91,69,22,91
"1859","07_report/CpG_context_sampling_269_859_trimmed_bismark_bt2.CpG",87,72,15,87
"1860","07_report/CpG_context_sampling_269_860_trimmed_bismark_bt2.CpG",82,67,15,82
"1861","07_report/CpG_context_sampling_269_861_trimmed_bismark_bt2.CpG",78,67,11,78
"1862","07_report/CpG_context_sampling_269_862_trimmed_bismark_bt2.CpG",90,65,25,90
"1863","07_report/CpG_context_sampling_269_863_trimmed_bismark_bt2.CpG",95,80,15,95
"1864","07_report/CpG_context_sampling_269_864_trimmed_bismark_bt2.CpG",90,78,12,90
"1865","07_report/CpG_context_sampling_269_865_trimmed_bismark_bt2.CpG",90,77,13,90
"1866","07_report/CpG_context_sampling_269_866_trimmed_bismark_bt2.CpG",87,72,15,87
"1867","07_report/CpG_context_sampling_269_867_trimmed_bismark_bt2.CpG",90,78,12,90
"1868","07_report/CpG_context_sampling_269_868_trimmed_bismark_bt2.CpG",91,75,16,91
"1869","07_report/CpG_context_sampling_269_869_trimmed_bismark_bt2.CpG",95,73,22,95
"1870","07_report/CpG_context_sampling_269_870_trimmed_bismark_bt2.CpG",84,66,18,84
"1871","07_report/CpG_context_sampling_269_871_trimmed_bismark_bt2.CpG",83,66,17,83
"1872","07_report/CpG_context_sampling_269_872_trimmed_bismark_bt2.CpG",81,69,12,81
"1873","07_report/CpG_context_sampling_269_873_trimmed_bismark_bt2.CpG",91,73,18,91
"1874","07_report/CpG_context_sampling_269_874_trimmed_bismark_bt2.CpG",85,73,12,85
"1875","07_report/CpG_context_sampling_269_875_trimmed_bismark_bt2.CpG",87,70,17,87
"1876","07_report/CpG_context_sampling_269_876_trimmed_bismark_bt2.CpG",77,67,10,77
"1877","07_report/CpG_context_sampling_269_877_trimmed_bismark_bt2.CpG",84,62,22,84
"1878","07_report/CpG_context_sampling_269_878_trimmed_bismark_bt2.CpG",71,57,14,71
"1879","07_report/CpG_context_sampling_269_879_trimmed_bismark_bt2.CpG",95,83,12,95
"1880","07_report/CpG_context_sampling_269_880_trimmed_bismark_bt2.CpG",86,71,15,86
"1881","07_report/CpG_context_sampling_269_881_trimmed_bismark_bt2.CpG",87,74,13,87
"1882","07_report/CpG_context_sampling_269_882_trimmed_bismark_bt2.CpG",83,67,16,83
"1883","07_report/CpG_context_sampling_269_883_trimmed_bismark_bt2.CpG",88,76,12,88
"1884","07_report/CpG_context_sampling_269_884_trimmed_bismark_bt2.CpG",91,70,21,91
"1885","07_report/CpG_context_sampling_269_885_trimmed_bismark_bt2.CpG",99,80,19,99
"1886","07_report/CpG_context_sampling_269_886_trimmed_bismark_bt2.CpG",89,72,17,89
"1887","07_report/CpG_context_sampling_269_887_trimmed_bismark_bt2.CpG",94,79,15,94
"1888","07_report/CpG_context_sampling_269_888_trimmed_bismark_bt2.CpG",76,68,8,76
"1889","07_report/CpG_context_sampling_269_889_trimmed_bismark_bt2.CpG",90,69,21,90
"1890","07_report/CpG_context_sampling_269_890_trimmed_bismark_bt2.CpG",84,72,12,84
"1891","07_report/CpG_context_sampling_269_891_trimmed_bismark_bt2.CpG",75,63,12,75
"1892","07_report/CpG_context_sampling_269_892_trimmed_bismark_bt2.CpG",93,78,15,93
"1893","07_report/CpG_context_sampling_269_893_trimmed_bismark_bt2.CpG",94,78,16,94
"1894","07_report/CpG_context_sampling_269_894_trimmed_bismark_bt2.CpG",78,65,13,78
"1895","07_report/CpG_context_sampling_269_895_trimmed_bismark_bt2.CpG",89,79,10,89
"1896","07_report/CpG_context_sampling_269_896_trimmed_bismark_bt2.CpG",92,78,14,92
"1897","07_report/CpG_context_sampling_269_897_trimmed_bismark_bt2.CpG",88,71,17,88
"1898","07_report/CpG_context_sampling_269_898_trimmed_bismark_bt2.CpG",87,72,15,87
"1899","07_report/CpG_context_sampling_269_899_trimmed_bismark_bt2.CpG",92,76,16,92
"1900","07_report/CpG_context_sampling_269_900_trimmed_bismark_bt2.CpG",107,88,19,107
"1901","07_report/CpG_context_sampling_269_901_trimmed_bismark_bt2.CpG",85,71,14,85
"1902","07_report/CpG_context_sampling_269_902_trimmed_bismark_bt2.CpG",93,76,17,93
"1903","07_report/CpG_context_sampling_269_903_trimmed_bismark_bt2.CpG",76,59,17,76
"1904","07_report/CpG_context_sampling_269_904_trimmed_bismark_bt2.CpG",91,73,18,91
"1905","07_report/CpG_context_sampling_269_905_trimmed_bismark_bt2.CpG",78,65,13,78
"1906","07_report/CpG_context_sampling_269_906_trimmed_bismark_bt2.CpG",83,67,16,83
"1907","07_report/CpG_context_sampling_269_907_trimmed_bismark_bt2.CpG",90,72,18,90
"1908","07_report/CpG_context_sampling_269_908_trimmed_bismark_bt2.CpG",98,88,10,98
"1909","07_report/CpG_context_sampling_269_909_trimmed_bismark_bt2.CpG",85,72,13,85
"1910","07_report/CpG_context_sampling_269_910_trimmed_bismark_bt2.CpG",92,74,18,92
"1911","07_report/CpG_context_sampling_269_911_trimmed_bismark_bt2.CpG",86,66,20,86
"1912","07_report/CpG_context_sampling_269_912_trimmed_bismark_bt2.CpG",96,74,22,96
"1913","07_report/CpG_context_sampling_269_913_trimmed_bismark_bt2.CpG",77,61,16,77
"1914","07_report/CpG_context_sampling_269_914_trimmed_bismark_bt2.CpG",102,84,18,102
"1915","07_report/CpG_context_sampling_269_915_trimmed_bismark_bt2.CpG",94,75,19,94
"1916","07_report/CpG_context_sampling_269_916_trimmed_bismark_bt2.CpG",83,69,14,83
"1917","07_report/CpG_context_sampling_269_917_trimmed_bismark_bt2.CpG",73,60,13,73
"1918","07_report/CpG_context_sampling_269_918_trimmed_bismark_bt2.CpG",79,66,13,79
"1919","07_report/CpG_context_sampling_269_919_trimmed_bismark_bt2.CpG",86,75,11,86
"1920","07_report/CpG_context_sampling_269_920_trimmed_bismark_bt2.CpG",75,59,16,75
"1921","07_report/CpG_context_sampling_269_921_trimmed_bismark_bt2.CpG",99,85,14,99
"1922","07_report/CpG_context_sampling_269_922_trimmed_bismark_bt2.CpG",88,73,15,88
"1923","07_report/CpG_context_sampling_269_923_trimmed_bismark_bt2.CpG",83,69,14,83
"1924","07_report/CpG_context_sampling_269_924_trimmed_bismark_bt2.CpG",90,73,17,90
"1925","07_report/CpG_context_sampling_269_925_trimmed_bismark_bt2.CpG",91,79,12,91
"1926","07_report/CpG_context_sampling_269_926_trimmed_bismark_bt2.CpG",85,66,19,85
"1927","07_report/CpG_context_sampling_269_927_trimmed_bismark_bt2.CpG",78,61,17,78
"1928","07_report/CpG_context_sampling_269_928_trimmed_bismark_bt2.CpG",93,81,12,93
"1929","07_report/CpG_context_sampling_269_929_trimmed_bismark_bt2.CpG",90,77,13,90
"1930","07_report/CpG_context_sampling_269_930_trimmed_bismark_bt2.CpG",88,69,19,88
"1931","07_report/CpG_context_sampling_269_931_trimmed_bismark_bt2.CpG",71,55,16,71
"1932","07_report/CpG_context_sampling_269_932_trimmed_bismark_bt2.CpG",81,64,17,81
"1933","07_report/CpG_context_sampling_269_933_trimmed_bismark_bt2.CpG",91,77,14,91
"1934","07_report/CpG_context_sampling_269_934_trimmed_bismark_bt2.CpG",85,77,8,85
"1935","07_report/CpG_context_sampling_269_935_trimmed_bismark_bt2.CpG",94,82,12,94
"1936","07_report/CpG_context_sampling_269_936_trimmed_bismark_bt2.CpG",86,71,15,86
"1937","07_report/CpG_context_sampling_269_937_trimmed_bismark_bt2.CpG",87,71,16,87
"1938","07_report/CpG_context_sampling_269_938_trimmed_bismark_bt2.CpG",80,71,9,80
"1939","07_report/CpG_context_sampling_269_939_trimmed_bismark_bt2.CpG",86,71,15,86
"1940","07_report/CpG_context_sampling_269_940_trimmed_bismark_bt2.CpG",80,68,12,80
"1941","07_report/CpG_context_sampling_269_941_trimmed_bismark_bt2.CpG",85,69,16,85
"1942","07_report/CpG_context_sampling_269_942_trimmed_bismark_bt2.CpG",90,80,10,90
"1943","07_report/CpG_context_sampling_269_943_trimmed_bismark_bt2.CpG",96,80,16,96
"1944","07_report/CpG_context_sampling_269_944_trimmed_bismark_bt2.CpG",76,62,14,76
"1945","07_report/CpG_context_sampling_269_945_trimmed_bismark_bt2.CpG",90,71,19,90
"1946","07_report/CpG_context_sampling_269_946_trimmed_bismark_bt2.CpG",78,61,17,78
"1947","07_report/CpG_context_sampling_269_947_trimmed_bismark_bt2.CpG",71,58,13,71
"1948","07_report/CpG_context_sampling_269_948_trimmed_bismark_bt2.CpG",73,60,13,73
"1949","07_report/CpG_context_sampling_269_949_trimmed_bismark_bt2.CpG",110,86,24,110
"1950","07_report/CpG_context_sampling_269_950_trimmed_bismark_bt2.CpG",78,69,9,78
"1951","07_report/CpG_context_sampling_269_951_trimmed_bismark_bt2.CpG",101,81,20,101
"1952","07_report/CpG_context_sampling_269_952_trimmed_bismark_bt2.CpG",100,83,17,100
"1953","07_report/CpG_context_sampling_269_953_trimmed_bismark_bt2.CpG",90,78,12,90
"1954","07_report/CpG_context_sampling_269_954_trimmed_bismark_bt2.CpG",82,68,14,82
"1955","07_report/CpG_context_sampling_269_955_trimmed_bismark_bt2.CpG",99,79,20,99
"1956","07_report/CpG_context_sampling_269_956_trimmed_bismark_bt2.CpG",88,77,11,88
"1957","07_report/CpG_context_sampling_269_957_trimmed_bismark_bt2.CpG",86,70,16,86
"1958","07_report/CpG_context_sampling_269_958_trimmed_bismark_bt2.CpG",86,69,17,86
"1959","07_report/CpG_context_sampling_269_959_trimmed_bismark_bt2.CpG",88,74,14,88
"1960","07_report/CpG_context_sampling_269_960_trimmed_bismark_bt2.CpG",91,79,12,91
"1961","07_report/CpG_context_sampling_269_961_trimmed_bismark_bt2.CpG",92,73,19,92
"1962","07_report/CpG_context_sampling_269_962_trimmed_bismark_bt2.CpG",106,83,23,106
"1963","07_report/CpG_context_sampling_269_963_trimmed_bismark_bt2.CpG",75,57,18,75
"1964","07_report/CpG_context_sampling_269_964_trimmed_bismark_bt2.CpG",102,81,21,102
"1965","07_report/CpG_context_sampling_269_965_trimmed_bismark_bt2.CpG",90,70,20,90
"1966","07_report/CpG_context_sampling_269_966_trimmed_bismark_bt2.CpG",99,81,18,99
"1967","07_report/CpG_context_sampling_269_967_trimmed_bismark_bt2.CpG",73,64,9,73
"1968","07_report/CpG_context_sampling_269_968_trimmed_bismark_bt2.CpG",84,69,15,84
"1969","07_report/CpG_context_sampling_269_969_trimmed_bismark_bt2.CpG",103,90,13,103
"1970","07_report/CpG_context_sampling_269_970_trimmed_bismark_bt2.CpG",81,74,7,81
"1971","07_report/CpG_context_sampling_269_971_trimmed_bismark_bt2.CpG",81,69,12,81
"1972","07_report/CpG_context_sampling_269_972_trimmed_bismark_bt2.CpG",91,74,17,91
"1973","07_report/CpG_context_sampling_269_973_trimmed_bismark_bt2.CpG",82,69,13,82
"1974","07_report/CpG_context_sampling_269_974_trimmed_bismark_bt2.CpG",82,71,11,82
"1975","07_report/CpG_context_sampling_269_975_trimmed_bismark_bt2.CpG",80,65,15,80
"1976","07_report/CpG_context_sampling_269_976_trimmed_bismark_bt2.CpG",95,75,20,95
"1977","07_report/CpG_context_sampling_269_977_trimmed_bismark_bt2.CpG",88,74,14,88
"1978","07_report/CpG_context_sampling_269_978_trimmed_bismark_bt2.CpG",94,78,16,94
"1979","07_report/CpG_context_sampling_269_979_trimmed_bismark_bt2.CpG",96,76,20,96
"1980","07_report/CpG_context_sampling_269_980_trimmed_bismark_bt2.CpG",88,67,21,88
"1981","07_report/CpG_context_sampling_269_981_trimmed_bismark_bt2.CpG",102,90,12,102
"1982","07_report/CpG_context_sampling_269_982_trimmed_bismark_bt2.CpG",84,68,16,84
"1983","07_report/CpG_context_sampling_269_983_trimmed_bismark_bt2.CpG",99,85,14,99
"1984","07_report/CpG_context_sampling_269_984_trimmed_bismark_bt2.CpG",75,62,13,75
"1985","07_report/CpG_context_sampling_269_985_trimmed_bismark_bt2.CpG",79,61,18,79
"1986","07_report/CpG_context_sampling_269_986_trimmed_bismark_bt2.CpG",82,70,12,82
"1987","07_report/CpG_context_sampling_269_987_trimmed_bismark_bt2.CpG",93,79,14,93
"1988","07_report/CpG_context_sampling_269_988_trimmed_bismark_bt2.CpG",82,66,16,82
"1989","07_report/CpG_context_sampling_269_989_trimmed_bismark_bt2.CpG",97,81,16,97
"1990","07_report/CpG_context_sampling_269_990_trimmed_bismark_bt2.CpG",90,74,16,90
"1991","07_report/CpG_context_sampling_269_991_trimmed_bismark_bt2.CpG",100,82,18,100
"1992","07_report/CpG_context_sampling_269_992_trimmed_bismark_bt2.CpG",90,77,13,90
"1993","07_report/CpG_context_sampling_269_993_trimmed_bismark_bt2.CpG",76,67,9,76
"1994","07_report/CpG_context_sampling_269_994_trimmed_bismark_bt2.CpG",88,72,16,88
"1995","07_report/CpG_context_sampling_269_995_trimmed_bismark_bt2.CpG",78,64,14,78
"1996","07_report/CpG_context_sampling_269_996_trimmed_bismark_bt2.CpG",82,72,10,82
"1997","07_report/CpG_context_sampling_269_997_trimmed_bismark_bt2.CpG",89,77,12,89
"1998","07_report/CpG_context_sampling_269_998_trimmed_bismark_bt2.CpG",89,73,16,89
"1999","07_report/CpG_context_sampling_269_999_trimmed_bismark_bt2.CpG",81,68,13,81
"2000","07_report/CpG_context_sampling_269_1000_trimmed_bismark_bt2.CpG",82,66,16,82
"2001","07_report/CpG_context_sampling_673_1_trimmed_bismark_bt2.CpG",214,183,31,214
"2002","07_report/CpG_context_sampling_673_2_trimmed_bismark_bt2.CpG",222,180,42,222
"2003","07_report/CpG_context_sampling_673_3_trimmed_bismark_bt2.CpG",217,181,36,217
"2004","07_report/CpG_context_sampling_673_4_trimmed_bismark_bt2.CpG",207,177,30,207
"2005","07_report/CpG_context_sampling_673_5_trimmed_bismark_bt2.CpG",224,184,40,224
"2006","07_report/CpG_context_sampling_673_6_trimmed_bismark_bt2.CpG",216,178,38,216
"2007","07_report/CpG_context_sampling_673_7_trimmed_bismark_bt2.CpG",220,180,40,220
"2008","07_report/CpG_context_sampling_673_8_trimmed_bismark_bt2.CpG",212,190,22,212
"2009","07_report/CpG_context_sampling_673_9_trimmed_bismark_bt2.CpG",232,204,28,232
"2010","07_report/CpG_context_sampling_673_10_trimmed_bismark_bt2.CpG",229,187,42,229
"2011","07_report/CpG_context_sampling_673_11_trimmed_bismark_bt2.CpG",227,194,33,227
"2012","07_report/CpG_context_sampling_673_12_trimmed_bismark_bt2.CpG",220,184,36,220
"2013","07_report/CpG_context_sampling_673_13_trimmed_bismark_bt2.CpG",211,183,28,211
"2014","07_report/CpG_context_sampling_673_14_trimmed_bismark_bt2.CpG",220,192,28,220
"2015","07_report/CpG_context_sampling_673_15_trimmed_bismark_bt2.CpG",223,174,49,223
"2016","07_report/CpG_context_sampling_673_16_trimmed_bismark_bt2.CpG",204,166,38,204
"2017","07_report/CpG_context_sampling_673_17_trimmed_bismark_bt2.CpG",192,151,41,192
"2018","07_report/CpG_context_sampling_673_18_trimmed_bismark_bt2.CpG",222,181,41,222
"2019","07_report/CpG_context_sampling_673_19_trimmed_bismark_bt2.CpG",234,183,51,234
"2020","07_report/CpG_context_sampling_673_20_trimmed_bismark_bt2.CpG",224,202,22,224
"2021","07_report/CpG_context_sampling_673_21_trimmed_bismark_bt2.CpG",218,187,31,218
"2022","07_report/CpG_context_sampling_673_22_trimmed_bismark_bt2.CpG",188,154,34,188
"2023","07_report/CpG_context_sampling_673_23_trimmed_bismark_bt2.CpG",222,177,45,222
"2024","07_report/CpG_context_sampling_673_24_trimmed_bismark_bt2.CpG",195,161,34,195
"2025","07_report/CpG_context_sampling_673_25_trimmed_bismark_bt2.CpG",216,182,34,216
"2026","07_report/CpG_context_sampling_673_26_trimmed_bismark_bt2.CpG",208,170,38,208
"2027","07_report/CpG_context_sampling_673_27_trimmed_bismark_bt2.CpG",197,159,38,197
"2028","07_report/CpG_context_sampling_673_28_trimmed_bismark_bt2.CpG",214,181,33,214
"2029","07_report/CpG_context_sampling_673_29_trimmed_bismark_bt2.CpG",228,180,48,228
"2030","07_report/CpG_context_sampling_673_30_trimmed_bismark_bt2.CpG",206,173,33,206
"2031","07_report/CpG_context_sampling_673_31_trimmed_bismark_bt2.CpG",208,172,36,208
"2032","07_report/CpG_context_sampling_673_32_trimmed_bismark_bt2.CpG",225,190,35,225
"2033","07_report/CpG_context_sampling_673_33_trimmed_bismark_bt2.CpG",204,172,32,204
"2034","07_report/CpG_context_sampling_673_34_trimmed_bismark_bt2.CpG",210,181,29,210
"2035","07_report/CpG_context_sampling_673_35_trimmed_bismark_bt2.CpG",222,185,37,222
"2036","07_report/CpG_context_sampling_673_36_trimmed_bismark_bt2.CpG",216,174,42,216
"2037","07_report/CpG_context_sampling_673_37_trimmed_bismark_bt2.CpG",219,190,29,219
"2038","07_report/CpG_context_sampling_673_38_trimmed_bismark_bt2.CpG",215,175,40,215
"2039","07_report/CpG_context_sampling_673_39_trimmed_bismark_bt2.CpG",194,162,32,194
"2040","07_report/CpG_context_sampling_673_40_trimmed_bismark_bt2.CpG",216,188,28,216
"2041","07_report/CpG_context_sampling_673_41_trimmed_bismark_bt2.CpG",226,185,41,226
"2042","07_report/CpG_context_sampling_673_42_trimmed_bismark_bt2.CpG",217,184,33,217
"2043","07_report/CpG_context_sampling_673_43_trimmed_bismark_bt2.CpG",213,169,44,213
"2044","07_report/CpG_context_sampling_673_44_trimmed_bismark_bt2.CpG",217,187,30,217
"2045","07_report/CpG_context_sampling_673_45_trimmed_bismark_bt2.CpG",222,189,33,222
"2046","07_report/CpG_context_sampling_673_46_trimmed_bismark_bt2.CpG",220,184,36,220
"2047","07_report/CpG_context_sampling_673_47_trimmed_bismark_bt2.CpG",223,178,45,223
"2048","07_report/CpG_context_sampling_673_48_trimmed_bismark_bt2.CpG",195,159,36,195
"2049","07_report/CpG_context_sampling_673_49_trimmed_bismark_bt2.CpG",209,167,42,209
"2050","07_report/CpG_context_sampling_673_50_trimmed_bismark_bt2.CpG",209,164,45,209
"2051","07_report/CpG_context_sampling_673_51_trimmed_bismark_bt2.CpG",213,175,38,213
"2052","07_report/CpG_context_sampling_673_52_trimmed_bismark_bt2.CpG",209,173,36,209
"2053","07_report/CpG_context_sampling_673_53_trimmed_bismark_bt2.CpG",230,192,38,230
"2054","07_report/CpG_context_sampling_673_54_trimmed_bismark_bt2.CpG",201,157,44,201
"2055","07_report/CpG_context_sampling_673_55_trimmed_bismark_bt2.CpG",220,185,35,220
"2056","07_report/CpG_context_sampling_673_56_trimmed_bismark_bt2.CpG",216,173,43,216
"2057","07_report/CpG_context_sampling_673_57_trimmed_bismark_bt2.CpG",214,169,45,214
"2058","07_report/CpG_context_sampling_673_58_trimmed_bismark_bt2.CpG",223,182,41,223
"2059","07_report/CpG_context_sampling_673_59_trimmed_bismark_bt2.CpG",229,188,41,229
"2060","07_report/CpG_context_sampling_673_60_trimmed_bismark_bt2.CpG",204,174,30,204
"2061","07_report/CpG_context_sampling_673_61_trimmed_bismark_bt2.CpG",218,185,33,218
"2062","07_report/CpG_context_sampling_673_62_trimmed_bismark_bt2.CpG",223,176,47,223
"2063","07_report/CpG_context_sampling_673_63_trimmed_bismark_bt2.CpG",197,161,36,197
"2064","07_report/CpG_context_sampling_673_64_trimmed_bismark_bt2.CpG",216,194,22,216
"2065","07_report/CpG_context_sampling_673_65_trimmed_bismark_bt2.CpG",226,184,42,226
"2066","07_report/CpG_context_sampling_673_66_trimmed_bismark_bt2.CpG",239,204,35,239
"2067","07_report/CpG_context_sampling_673_67_trimmed_bismark_bt2.CpG",230,199,31,230
"2068","07_report/CpG_context_sampling_673_68_trimmed_bismark_bt2.CpG",222,184,38,222
"2069","07_report/CpG_context_sampling_673_69_trimmed_bismark_bt2.CpG",222,191,31,222
"2070","07_report/CpG_context_sampling_673_70_trimmed_bismark_bt2.CpG",214,175,39,214
"2071","07_report/CpG_context_sampling_673_71_trimmed_bismark_bt2.CpG",184,150,34,184
"2072","07_report/CpG_context_sampling_673_72_trimmed_bismark_bt2.CpG",218,182,36,218
"2073","07_report/CpG_context_sampling_673_73_trimmed_bismark_bt2.CpG",213,171,42,213
"2074","07_report/CpG_context_sampling_673_74_trimmed_bismark_bt2.CpG",215,177,38,215
"2075","07_report/CpG_context_sampling_673_75_trimmed_bismark_bt2.CpG",212,178,34,212
"2076","07_report/CpG_context_sampling_673_76_trimmed_bismark_bt2.CpG",223,186,37,223
"2077","07_report/CpG_context_sampling_673_77_trimmed_bismark_bt2.CpG",207,167,40,207
"2078","07_report/CpG_context_sampling_673_78_trimmed_bismark_bt2.CpG",238,201,37,238
"2079","07_report/CpG_context_sampling_673_79_trimmed_bismark_bt2.CpG",232,195,37,232
"2080","07_report/CpG_context_sampling_673_80_trimmed_bismark_bt2.CpG",221,189,32,221
"2081","07_report/CpG_context_sampling_673_81_trimmed_bismark_bt2.CpG",234,182,52,234
"2082","07_report/CpG_context_sampling_673_82_trimmed_bismark_bt2.CpG",217,180,37,217
"2083","07_report/CpG_context_sampling_673_83_trimmed_bismark_bt2.CpG",223,191,32,223
"2084","07_report/CpG_context_sampling_673_84_trimmed_bismark_bt2.CpG",197,160,37,197
"2085","07_report/CpG_context_sampling_673_85_trimmed_bismark_bt2.CpG",210,178,32,210
"2086","07_report/CpG_context_sampling_673_86_trimmed_bismark_bt2.CpG",222,180,42,222
"2087","07_report/CpG_context_sampling_673_87_trimmed_bismark_bt2.CpG",231,197,34,231
"2088","07_report/CpG_context_sampling_673_88_trimmed_bismark_bt2.CpG",229,180,49,229
"2089","07_report/CpG_context_sampling_673_89_trimmed_bismark_bt2.CpG",221,177,44,221
"2090","07_report/CpG_context_sampling_673_90_trimmed_bismark_bt2.CpG",186,156,30,186
"2091","07_report/CpG_context_sampling_673_91_trimmed_bismark_bt2.CpG",228,184,44,228
"2092","07_report/CpG_context_sampling_673_92_trimmed_bismark_bt2.CpG",229,190,39,229
"2093","07_report/CpG_context_sampling_673_93_trimmed_bismark_bt2.CpG",207,182,25,207
"2094","07_report/CpG_context_sampling_673_94_trimmed_bismark_bt2.CpG",220,190,30,220
"2095","07_report/CpG_context_sampling_673_95_trimmed_bismark_bt2.CpG",207,174,33,207
"2096","07_report/CpG_context_sampling_673_96_trimmed_bismark_bt2.CpG",226,185,41,226
"2097","07_report/CpG_context_sampling_673_97_trimmed_bismark_bt2.CpG",219,184,35,219
"2098","07_report/CpG_context_sampling_673_98_trimmed_bismark_bt2.CpG",201,169,32,201
"2099","07_report/CpG_context_sampling_673_99_trimmed_bismark_bt2.CpG",205,175,30,205
"2100","07_report/CpG_context_sampling_673_100_trimmed_bismark_bt2.CpG",223,192,31,223
"2101","07_report/CpG_context_sampling_673_101_trimmed_bismark_bt2.CpG",199,161,38,199
"2102","07_report/CpG_context_sampling_673_102_trimmed_bismark_bt2.CpG",220,190,30,220
"2103","07_report/CpG_context_sampling_673_103_trimmed_bismark_bt2.CpG",217,179,38,217
"2104","07_report/CpG_context_sampling_673_104_trimmed_bismark_bt2.CpG",231,195,36,231
"2105","07_report/CpG_context_sampling_673_105_trimmed_bismark_bt2.CpG",209,179,30,209
"2106","07_report/CpG_context_sampling_673_106_trimmed_bismark_bt2.CpG",214,182,32,214
"2107","07_report/CpG_context_sampling_673_107_trimmed_bismark_bt2.CpG",205,175,30,205
"2108","07_report/CpG_context_sampling_673_108_trimmed_bismark_bt2.CpG",227,187,40,227
"2109","07_report/CpG_context_sampling_673_109_trimmed_bismark_bt2.CpG",211,184,27,211
"2110","07_report/CpG_context_sampling_673_110_trimmed_bismark_bt2.CpG",207,174,33,207
"2111","07_report/CpG_context_sampling_673_111_trimmed_bismark_bt2.CpG",200,169,31,200
"2112","07_report/CpG_context_sampling_673_112_trimmed_bismark_bt2.CpG",228,192,36,228
"2113","07_report/CpG_context_sampling_673_113_trimmed_bismark_bt2.CpG",231,192,39,231
"2114","07_report/CpG_context_sampling_673_114_trimmed_bismark_bt2.CpG",216,175,41,216
"2115","07_report/CpG_context_sampling_673_115_trimmed_bismark_bt2.CpG",208,161,47,208
"2116","07_report/CpG_context_sampling_673_116_trimmed_bismark_bt2.CpG",215,178,37,215
"2117","07_report/CpG_context_sampling_673_117_trimmed_bismark_bt2.CpG",198,169,29,198
"2118","07_report/CpG_context_sampling_673_118_trimmed_bismark_bt2.CpG",213,180,33,213
"2119","07_report/CpG_context_sampling_673_119_trimmed_bismark_bt2.CpG",199,160,39,199
"2120","07_report/CpG_context_sampling_673_120_trimmed_bismark_bt2.CpG",203,166,37,203
"2121","07_report/CpG_context_sampling_673_121_trimmed_bismark_bt2.CpG",205,171,34,205
"2122","07_report/CpG_context_sampling_673_122_trimmed_bismark_bt2.CpG",231,203,28,231
"2123","07_report/CpG_context_sampling_673_123_trimmed_bismark_bt2.CpG",214,183,31,214
"2124","07_report/CpG_context_sampling_673_124_trimmed_bismark_bt2.CpG",223,190,33,223
"2125","07_report/CpG_context_sampling_673_125_trimmed_bismark_bt2.CpG",224,186,38,224
"2126","07_report/CpG_context_sampling_673_126_trimmed_bismark_bt2.CpG",227,184,43,227
"2127","07_report/CpG_context_sampling_673_127_trimmed_bismark_bt2.CpG",198,160,38,198
"2128","07_report/CpG_context_sampling_673_128_trimmed_bismark_bt2.CpG",206,174,32,206
"2129","07_report/CpG_context_sampling_673_129_trimmed_bismark_bt2.CpG",225,192,33,225
"2130","07_report/CpG_context_sampling_673_130_trimmed_bismark_bt2.CpG",237,205,32,237
"2131","07_report/CpG_context_sampling_673_131_trimmed_bismark_bt2.CpG",224,188,36,224
"2132","07_report/CpG_context_sampling_673_132_trimmed_bismark_bt2.CpG",236,190,46,236
"2133","07_report/CpG_context_sampling_673_133_trimmed_bismark_bt2.CpG",243,198,45,243
"2134","07_report/CpG_context_sampling_673_134_trimmed_bismark_bt2.CpG",201,162,39,201
"2135","07_report/CpG_context_sampling_673_135_trimmed_bismark_bt2.CpG",207,172,35,207
"2136","07_report/CpG_context_sampling_673_136_trimmed_bismark_bt2.CpG",234,189,45,234
"2137","07_report/CpG_context_sampling_673_137_trimmed_bismark_bt2.CpG",218,168,50,218
"2138","07_report/CpG_context_sampling_673_138_trimmed_bismark_bt2.CpG",229,182,47,229
"2139","07_report/CpG_context_sampling_673_139_trimmed_bismark_bt2.CpG",236,186,50,236
"2140","07_report/CpG_context_sampling_673_140_trimmed_bismark_bt2.CpG",219,174,45,219
"2141","07_report/CpG_context_sampling_673_141_trimmed_bismark_bt2.CpG",235,197,38,235
"2142","07_report/CpG_context_sampling_673_142_trimmed_bismark_bt2.CpG",226,184,42,226
"2143","07_report/CpG_context_sampling_673_143_trimmed_bismark_bt2.CpG",209,181,28,209
"2144","07_report/CpG_context_sampling_673_144_trimmed_bismark_bt2.CpG",221,183,38,221
"2145","07_report/CpG_context_sampling_673_145_trimmed_bismark_bt2.CpG",225,184,41,225
"2146","07_report/CpG_context_sampling_673_146_trimmed_bismark_bt2.CpG",213,184,29,213
"2147","07_report/CpG_context_sampling_673_147_trimmed_bismark_bt2.CpG",216,176,40,216
"2148","07_report/CpG_context_sampling_673_148_trimmed_bismark_bt2.CpG",225,188,37,225
"2149","07_report/CpG_context_sampling_673_149_trimmed_bismark_bt2.CpG",224,187,37,224
"2150","07_report/CpG_context_sampling_673_150_trimmed_bismark_bt2.CpG",221,185,36,221
"2151","07_report/CpG_context_sampling_673_151_trimmed_bismark_bt2.CpG",224,189,35,224
"2152","07_report/CpG_context_sampling_673_152_trimmed_bismark_bt2.CpG",214,185,29,214
"2153","07_report/CpG_context_sampling_673_153_trimmed_bismark_bt2.CpG",222,171,51,222
"2154","07_report/CpG_context_sampling_673_154_trimmed_bismark_bt2.CpG",221,188,33,221
"2155","07_report/CpG_context_sampling_673_155_trimmed_bismark_bt2.CpG",236,201,35,236
"2156","07_report/CpG_context_sampling_673_156_trimmed_bismark_bt2.CpG",221,184,37,221
"2157","07_report/CpG_context_sampling_673_157_trimmed_bismark_bt2.CpG",217,182,35,217
"2158","07_report/CpG_context_sampling_673_158_trimmed_bismark_bt2.CpG",221,178,43,221
"2159","07_report/CpG_context_sampling_673_159_trimmed_bismark_bt2.CpG",217,193,24,217
"2160","07_report/CpG_context_sampling_673_160_trimmed_bismark_bt2.CpG",229,184,45,229
"2161","07_report/CpG_context_sampling_673_161_trimmed_bismark_bt2.CpG",202,163,39,202
"2162","07_report/CpG_context_sampling_673_162_trimmed_bismark_bt2.CpG",209,168,41,209
"2163","07_report/CpG_context_sampling_673_163_trimmed_bismark_bt2.CpG",201,154,47,201
"2164","07_report/CpG_context_sampling_673_164_trimmed_bismark_bt2.CpG",222,186,36,222
"2165","07_report/CpG_context_sampling_673_165_trimmed_bismark_bt2.CpG",207,168,39,207
"2166","07_report/CpG_context_sampling_673_166_trimmed_bismark_bt2.CpG",250,201,49,250
"2167","07_report/CpG_context_sampling_673_167_trimmed_bismark_bt2.CpG",204,170,34,204
"2168","07_report/CpG_context_sampling_673_168_trimmed_bismark_bt2.CpG",233,192,41,233
"2169","07_report/CpG_context_sampling_673_169_trimmed_bismark_bt2.CpG",234,191,43,234
"2170","07_report/CpG_context_sampling_673_170_trimmed_bismark_bt2.CpG",205,172,33,205
"2171","07_report/CpG_context_sampling_673_171_trimmed_bismark_bt2.CpG",216,178,38,216
"2172","07_report/CpG_context_sampling_673_172_trimmed_bismark_bt2.CpG",206,173,33,206
"2173","07_report/CpG_context_sampling_673_173_trimmed_bismark_bt2.CpG",227,189,38,227
"2174","07_report/CpG_context_sampling_673_174_trimmed_bismark_bt2.CpG",218,188,30,218
"2175","07_report/CpG_context_sampling_673_175_trimmed_bismark_bt2.CpG",236,206,30,236
"2176","07_report/CpG_context_sampling_673_176_trimmed_bismark_bt2.CpG",212,188,24,212
"2177","07_report/CpG_context_sampling_673_177_trimmed_bismark_bt2.CpG",202,170,32,202
"2178","07_report/CpG_context_sampling_673_178_trimmed_bismark_bt2.CpG",203,173,30,203
"2179","07_report/CpG_context_sampling_673_179_trimmed_bismark_bt2.CpG",200,166,34,200
"2180","07_report/CpG_context_sampling_673_180_trimmed_bismark_bt2.CpG",239,202,37,239
"2181","07_report/CpG_context_sampling_673_181_trimmed_bismark_bt2.CpG",223,188,35,223
"2182","07_report/CpG_context_sampling_673_182_trimmed_bismark_bt2.CpG",245,207,38,245
"2183","07_report/CpG_context_sampling_673_183_trimmed_bismark_bt2.CpG",211,180,31,211
"2184","07_report/CpG_context_sampling_673_184_trimmed_bismark_bt2.CpG",223,183,40,223
"2185","07_report/CpG_context_sampling_673_185_trimmed_bismark_bt2.CpG",200,159,41,200
"2186","07_report/CpG_context_sampling_673_186_trimmed_bismark_bt2.CpG",208,171,37,208
"2187","07_report/CpG_context_sampling_673_187_trimmed_bismark_bt2.CpG",223,177,46,223
"2188","07_report/CpG_context_sampling_673_188_trimmed_bismark_bt2.CpG",220,195,25,220
"2189","07_report/CpG_context_sampling_673_189_trimmed_bismark_bt2.CpG",215,183,32,215
"2190","07_report/CpG_context_sampling_673_190_trimmed_bismark_bt2.CpG",214,165,49,214
"2191","07_report/CpG_context_sampling_673_191_trimmed_bismark_bt2.CpG",209,167,42,209
"2192","07_report/CpG_context_sampling_673_192_trimmed_bismark_bt2.CpG",209,174,35,209
"2193","07_report/CpG_context_sampling_673_193_trimmed_bismark_bt2.CpG",206,168,38,206
"2194","07_report/CpG_context_sampling_673_194_trimmed_bismark_bt2.CpG",221,188,33,221
"2195","07_report/CpG_context_sampling_673_195_trimmed_bismark_bt2.CpG",204,159,45,204
"2196","07_report/CpG_context_sampling_673_196_trimmed_bismark_bt2.CpG",229,188,41,229
"2197","07_report/CpG_context_sampling_673_197_trimmed_bismark_bt2.CpG",202,172,30,202
"2198","07_report/CpG_context_sampling_673_198_trimmed_bismark_bt2.CpG",187,157,30,187
"2199","07_report/CpG_context_sampling_673_199_trimmed_bismark_bt2.CpG",209,174,35,209
"2200","07_report/CpG_context_sampling_673_200_trimmed_bismark_bt2.CpG",202,162,40,202
"2201","07_report/CpG_context_sampling_673_201_trimmed_bismark_bt2.CpG",197,168,29,197
"2202","07_report/CpG_context_sampling_673_202_trimmed_bismark_bt2.CpG",209,182,27,209
"2203","07_report/CpG_context_sampling_673_203_trimmed_bismark_bt2.CpG",206,169,37,206
"2204","07_report/CpG_context_sampling_673_204_trimmed_bismark_bt2.CpG",232,202,30,232
"2205","07_report/CpG_context_sampling_673_205_trimmed_bismark_bt2.CpG",250,200,50,250
"2206","07_report/CpG_context_sampling_673_206_trimmed_bismark_bt2.CpG",221,177,44,221
"2207","07_report/CpG_context_sampling_673_207_trimmed_bismark_bt2.CpG",255,217,38,255
"2208","07_report/CpG_context_sampling_673_208_trimmed_bismark_bt2.CpG",207,178,29,207
"2209","07_report/CpG_context_sampling_673_209_trimmed_bismark_bt2.CpG",217,172,45,217
"2210","07_report/CpG_context_sampling_673_210_trimmed_bismark_bt2.CpG",243,199,44,243
"2211","07_report/CpG_context_sampling_673_211_trimmed_bismark_bt2.CpG",208,175,33,208
"2212","07_report/CpG_context_sampling_673_212_trimmed_bismark_bt2.CpG",209,178,31,209
"2213","07_report/CpG_context_sampling_673_213_trimmed_bismark_bt2.CpG",207,171,36,207
"2214","07_report/CpG_context_sampling_673_214_trimmed_bismark_bt2.CpG",233,191,42,233
"2215","07_report/CpG_context_sampling_673_215_trimmed_bismark_bt2.CpG",204,175,29,204
"2216","07_report/CpG_context_sampling_673_216_trimmed_bismark_bt2.CpG",219,183,36,219
"2217","07_report/CpG_context_sampling_673_217_trimmed_bismark_bt2.CpG",205,176,29,205
"2218","07_report/CpG_context_sampling_673_218_trimmed_bismark_bt2.CpG",205,176,29,205
"2219","07_report/CpG_context_sampling_673_219_trimmed_bismark_bt2.CpG",224,191,33,224
"2220","07_report/CpG_context_sampling_673_220_trimmed_bismark_bt2.CpG",230,197,33,230
"2221","07_report/CpG_context_sampling_673_221_trimmed_bismark_bt2.CpG",211,174,37,211
"2222","07_report/CpG_context_sampling_673_222_trimmed_bismark_bt2.CpG",226,188,38,226
"2223","07_report/CpG_context_sampling_673_223_trimmed_bismark_bt2.CpG",206,178,28,206
"2224","07_report/CpG_context_sampling_673_224_trimmed_bismark_bt2.CpG",224,186,38,224
"2225","07_report/CpG_context_sampling_673_225_trimmed_bismark_bt2.CpG",236,189,47,236
"2226","07_report/CpG_context_sampling_673_226_trimmed_bismark_bt2.CpG",217,174,43,217
"2227","07_report/CpG_context_sampling_673_227_trimmed_bismark_bt2.CpG",213,176,37,213
"2228","07_report/CpG_context_sampling_673_228_trimmed_bismark_bt2.CpG",206,170,36,206
"2229","07_report/CpG_context_sampling_673_229_trimmed_bismark_bt2.CpG",209,173,36,209
"2230","07_report/CpG_context_sampling_673_230_trimmed_bismark_bt2.CpG",228,180,48,228
"2231","07_report/CpG_context_sampling_673_231_trimmed_bismark_bt2.CpG",192,153,39,192
"2232","07_report/CpG_context_sampling_673_232_trimmed_bismark_bt2.CpG",220,175,45,220
"2233","07_report/CpG_context_sampling_673_233_trimmed_bismark_bt2.CpG",216,174,42,216
"2234","07_report/CpG_context_sampling_673_234_trimmed_bismark_bt2.CpG",211,169,42,211
"2235","07_report/CpG_context_sampling_673_235_trimmed_bismark_bt2.CpG",229,196,33,229
"2236","07_report/CpG_context_sampling_673_236_trimmed_bismark_bt2.CpG",225,186,39,225
"2237","07_report/CpG_context_sampling_673_237_trimmed_bismark_bt2.CpG",230,183,47,230
"2238","07_report/CpG_context_sampling_673_238_trimmed_bismark_bt2.CpG",222,183,39,222
"2239","07_report/CpG_context_sampling_673_239_trimmed_bismark_bt2.CpG",208,170,38,208
"2240","07_report/CpG_context_sampling_673_240_trimmed_bismark_bt2.CpG",215,181,34,215
"2241","07_report/CpG_context_sampling_673_241_trimmed_bismark_bt2.CpG",215,180,35,215
"2242","07_report/CpG_context_sampling_673_242_trimmed_bismark_bt2.CpG",216,181,35,216
"2243","07_report/CpG_context_sampling_673_243_trimmed_bismark_bt2.CpG",221,178,43,221
"2244","07_report/CpG_context_sampling_673_244_trimmed_bismark_bt2.CpG",217,179,38,217
"2245","07_report/CpG_context_sampling_673_245_trimmed_bismark_bt2.CpG",212,176,36,212
"2246","07_report/CpG_context_sampling_673_246_trimmed_bismark_bt2.CpG",208,163,45,208
"2247","07_report/CpG_context_sampling_673_247_trimmed_bismark_bt2.CpG",205,179,26,205
"2248","07_report/CpG_context_sampling_673_248_trimmed_bismark_bt2.CpG",233,200,33,233
"2249","07_report/CpG_context_sampling_673_249_trimmed_bismark_bt2.CpG",213,178,35,213
"2250","07_report/CpG_context_sampling_673_250_trimmed_bismark_bt2.CpG",215,173,42,215
"2251","07_report/CpG_context_sampling_673_251_trimmed_bismark_bt2.CpG",241,191,50,241
"2252","07_report/CpG_context_sampling_673_252_trimmed_bismark_bt2.CpG",191,146,45,191
"2253","07_report/CpG_context_sampling_673_253_trimmed_bismark_bt2.CpG",197,168,29,197
"2254","07_report/CpG_context_sampling_673_254_trimmed_bismark_bt2.CpG",238,204,34,238
"2255","07_report/CpG_context_sampling_673_255_trimmed_bismark_bt2.CpG",226,181,45,226
"2256","07_report/CpG_context_sampling_673_256_trimmed_bismark_bt2.CpG",199,171,28,199
"2257","07_report/CpG_context_sampling_673_257_trimmed_bismark_bt2.CpG",218,178,40,218
"2258","07_report/CpG_context_sampling_673_258_trimmed_bismark_bt2.CpG",222,185,37,222
"2259","07_report/CpG_context_sampling_673_259_trimmed_bismark_bt2.CpG",232,194,38,232
"2260","07_report/CpG_context_sampling_673_260_trimmed_bismark_bt2.CpG",208,160,48,208
"2261","07_report/CpG_context_sampling_673_261_trimmed_bismark_bt2.CpG",212,168,44,212
"2262","07_report/CpG_context_sampling_673_262_trimmed_bismark_bt2.CpG",216,187,29,216
"2263","07_report/CpG_context_sampling_673_263_trimmed_bismark_bt2.CpG",216,176,40,216
"2264","07_report/CpG_context_sampling_673_264_trimmed_bismark_bt2.CpG",226,188,38,226
"2265","07_report/CpG_context_sampling_673_265_trimmed_bismark_bt2.CpG",216,185,31,216
"2266","07_report/CpG_context_sampling_673_266_trimmed_bismark_bt2.CpG",216,170,46,216
"2267","07_report/CpG_context_sampling_673_267_trimmed_bismark_bt2.CpG",228,182,46,228
"2268","07_report/CpG_context_sampling_673_268_trimmed_bismark_bt2.CpG",220,179,41,220
"2269","07_report/CpG_context_sampling_673_269_trimmed_bismark_bt2.CpG",227,191,36,227
"2270","07_report/CpG_context_sampling_673_270_trimmed_bismark_bt2.CpG",214,188,26,214
"2271","07_report/CpG_context_sampling_673_271_trimmed_bismark_bt2.CpG",225,187,38,225
"2272","07_report/CpG_context_sampling_673_272_trimmed_bismark_bt2.CpG",195,163,32,195
"2273","07_report/CpG_context_sampling_673_273_trimmed_bismark_bt2.CpG",202,172,30,202
"2274","07_report/CpG_context_sampling_673_274_trimmed_bismark_bt2.CpG",230,187,43,230
"2275","07_report/CpG_context_sampling_673_275_trimmed_bismark_bt2.CpG",191,161,30,191
"2276","07_report/CpG_context_sampling_673_276_trimmed_bismark_bt2.CpG",213,173,40,213
"2277","07_report/CpG_context_sampling_673_277_trimmed_bismark_bt2.CpG",202,168,34,202
"2278","07_report/CpG_context_sampling_673_278_trimmed_bismark_bt2.CpG",221,183,38,221
"2279","07_report/CpG_context_sampling_673_279_trimmed_bismark_bt2.CpG",224,178,46,224
"2280","07_report/CpG_context_sampling_673_280_trimmed_bismark_bt2.CpG",235,202,33,235
"2281","07_report/CpG_context_sampling_673_281_trimmed_bismark_bt2.CpG",230,201,29,230
"2282","07_report/CpG_context_sampling_673_282_trimmed_bismark_bt2.CpG",227,189,38,227
"2283","07_report/CpG_context_sampling_673_283_trimmed_bismark_bt2.CpG",211,172,39,211
"2284","07_report/CpG_context_sampling_673_284_trimmed_bismark_bt2.CpG",231,197,34,231
"2285","07_report/CpG_context_sampling_673_285_trimmed_bismark_bt2.CpG",224,178,46,224
"2286","07_report/CpG_context_sampling_673_286_trimmed_bismark_bt2.CpG",230,185,45,230
"2287","07_report/CpG_context_sampling_673_287_trimmed_bismark_bt2.CpG",213,177,36,213
"2288","07_report/CpG_context_sampling_673_288_trimmed_bismark_bt2.CpG",209,182,27,209
"2289","07_report/CpG_context_sampling_673_289_trimmed_bismark_bt2.CpG",227,187,40,227
"2290","07_report/CpG_context_sampling_673_290_trimmed_bismark_bt2.CpG",218,174,44,218
"2291","07_report/CpG_context_sampling_673_291_trimmed_bismark_bt2.CpG",225,191,34,225
"2292","07_report/CpG_context_sampling_673_292_trimmed_bismark_bt2.CpG",241,207,34,241
"2293","07_report/CpG_context_sampling_673_293_trimmed_bismark_bt2.CpG",223,181,42,223
"2294","07_report/CpG_context_sampling_673_294_trimmed_bismark_bt2.CpG",201,158,43,201
"2295","07_report/CpG_context_sampling_673_295_trimmed_bismark_bt2.CpG",223,193,30,223
"2296","07_report/CpG_context_sampling_673_296_trimmed_bismark_bt2.CpG",222,188,34,222
"2297","07_report/CpG_context_sampling_673_297_trimmed_bismark_bt2.CpG",208,173,35,208
"2298","07_report/CpG_context_sampling_673_298_trimmed_bismark_bt2.CpG",226,189,37,226
"2299","07_report/CpG_context_sampling_673_299_trimmed_bismark_bt2.CpG",223,188,35,223
"2300","07_report/CpG_context_sampling_673_300_trimmed_bismark_bt2.CpG",212,176,36,212
"2301","07_report/CpG_context_sampling_673_301_trimmed_bismark_bt2.CpG",202,157,45,202
"2302","07_report/CpG_context_sampling_673_302_trimmed_bismark_bt2.CpG",219,185,34,219
"2303","07_report/CpG_context_sampling_673_303_trimmed_bismark_bt2.CpG",210,179,31,210
"2304","07_report/CpG_context_sampling_673_304_trimmed_bismark_bt2.CpG",197,148,49,197
"2305","07_report/CpG_context_sampling_673_305_trimmed_bismark_bt2.CpG",229,187,42,229
"2306","07_report/CpG_context_sampling_673_306_trimmed_bismark_bt2.CpG",234,189,45,234
"2307","07_report/CpG_context_sampling_673_307_trimmed_bismark_bt2.CpG",219,185,34,219
"2308","07_report/CpG_context_sampling_673_308_trimmed_bismark_bt2.CpG",233,190,43,233
"2309","07_report/CpG_context_sampling_673_309_trimmed_bismark_bt2.CpG",227,188,39,227
"2310","07_report/CpG_context_sampling_673_310_trimmed_bismark_bt2.CpG",209,168,41,209
"2311","07_report/CpG_context_sampling_673_311_trimmed_bismark_bt2.CpG",217,179,38,217
"2312","07_report/CpG_context_sampling_673_312_trimmed_bismark_bt2.CpG",215,182,33,215
"2313","07_report/CpG_context_sampling_673_313_trimmed_bismark_bt2.CpG",207,172,35,207
"2314","07_report/CpG_context_sampling_673_314_trimmed_bismark_bt2.CpG",226,187,39,226
"2315","07_report/CpG_context_sampling_673_315_trimmed_bismark_bt2.CpG",200,171,29,200
"2316","07_report/CpG_context_sampling_673_316_trimmed_bismark_bt2.CpG",226,190,36,226
"2317","07_report/CpG_context_sampling_673_317_trimmed_bismark_bt2.CpG",210,174,36,210
"2318","07_report/CpG_context_sampling_673_318_trimmed_bismark_bt2.CpG",206,175,31,206
"2319","07_report/CpG_context_sampling_673_319_trimmed_bismark_bt2.CpG",211,162,49,211
"2320","07_report/CpG_context_sampling_673_320_trimmed_bismark_bt2.CpG",228,193,35,228
"2321","07_report/CpG_context_sampling_673_321_trimmed_bismark_bt2.CpG",224,192,32,224
"2322","07_report/CpG_context_sampling_673_322_trimmed_bismark_bt2.CpG",214,179,35,214
"2323","07_report/CpG_context_sampling_673_323_trimmed_bismark_bt2.CpG",213,181,32,213
"2324","07_report/CpG_context_sampling_673_324_trimmed_bismark_bt2.CpG",224,179,45,224
"2325","07_report/CpG_context_sampling_673_325_trimmed_bismark_bt2.CpG",215,186,29,215
"2326","07_report/CpG_context_sampling_673_326_trimmed_bismark_bt2.CpG",197,165,32,197
"2327","07_report/CpG_context_sampling_673_327_trimmed_bismark_bt2.CpG",217,177,40,217
"2328","07_report/CpG_context_sampling_673_328_trimmed_bismark_bt2.CpG",216,184,32,216
"2329","07_report/CpG_context_sampling_673_329_trimmed_bismark_bt2.CpG",216,183,33,216
"2330","07_report/CpG_context_sampling_673_330_trimmed_bismark_bt2.CpG",216,191,25,216
"2331","07_report/CpG_context_sampling_673_331_trimmed_bismark_bt2.CpG",215,180,35,215
"2332","07_report/CpG_context_sampling_673_332_trimmed_bismark_bt2.CpG",215,171,44,215
"2333","07_report/CpG_context_sampling_673_333_trimmed_bismark_bt2.CpG",232,187,45,232
"2334","07_report/CpG_context_sampling_673_334_trimmed_bismark_bt2.CpG",233,189,44,233
"2335","07_report/CpG_context_sampling_673_335_trimmed_bismark_bt2.CpG",221,178,43,221
"2336","07_report/CpG_context_sampling_673_336_trimmed_bismark_bt2.CpG",211,179,32,211
"2337","07_report/CpG_context_sampling_673_337_trimmed_bismark_bt2.CpG",214,174,40,214
"2338","07_report/CpG_context_sampling_673_338_trimmed_bismark_bt2.CpG",203,166,37,203
"2339","07_report/CpG_context_sampling_673_339_trimmed_bismark_bt2.CpG",215,176,39,215
"2340","07_report/CpG_context_sampling_673_340_trimmed_bismark_bt2.CpG",214,173,41,214
"2341","07_report/CpG_context_sampling_673_341_trimmed_bismark_bt2.CpG",200,175,25,200
"2342","07_report/CpG_context_sampling_673_342_trimmed_bismark_bt2.CpG",224,193,31,224
"2343","07_report/CpG_context_sampling_673_343_trimmed_bismark_bt2.CpG",219,168,51,219
"2344","07_report/CpG_context_sampling_673_344_trimmed_bismark_bt2.CpG",232,202,30,232
"2345","07_report/CpG_context_sampling_673_345_trimmed_bismark_bt2.CpG",214,181,33,214
"2346","07_report/CpG_context_sampling_673_346_trimmed_bismark_bt2.CpG",240,205,35,240
"2347","07_report/CpG_context_sampling_673_347_trimmed_bismark_bt2.CpG",209,169,40,209
"2348","07_report/CpG_context_sampling_673_348_trimmed_bismark_bt2.CpG",204,162,42,204
"2349","07_report/CpG_context_sampling_673_349_trimmed_bismark_bt2.CpG",223,175,48,223
"2350","07_report/CpG_context_sampling_673_350_trimmed_bismark_bt2.CpG",211,170,41,211
"2351","07_report/CpG_context_sampling_673_351_trimmed_bismark_bt2.CpG",221,177,44,221
"2352","07_report/CpG_context_sampling_673_352_trimmed_bismark_bt2.CpG",230,192,38,230
"2353","07_report/CpG_context_sampling_673_353_trimmed_bismark_bt2.CpG",225,185,40,225
"2354","07_report/CpG_context_sampling_673_354_trimmed_bismark_bt2.CpG",228,190,38,228
"2355","07_report/CpG_context_sampling_673_355_trimmed_bismark_bt2.CpG",203,172,31,203
"2356","07_report/CpG_context_sampling_673_356_trimmed_bismark_bt2.CpG",220,186,34,220
"2357","07_report/CpG_context_sampling_673_357_trimmed_bismark_bt2.CpG",220,181,39,220
"2358","07_report/CpG_context_sampling_673_358_trimmed_bismark_bt2.CpG",231,181,50,231
"2359","07_report/CpG_context_sampling_673_359_trimmed_bismark_bt2.CpG",236,199,37,236
"2360","07_report/CpG_context_sampling_673_360_trimmed_bismark_bt2.CpG",225,187,38,225
"2361","07_report/CpG_context_sampling_673_361_trimmed_bismark_bt2.CpG",223,173,50,223
"2362","07_report/CpG_context_sampling_673_362_trimmed_bismark_bt2.CpG",206,170,36,206
"2363","07_report/CpG_context_sampling_673_363_trimmed_bismark_bt2.CpG",212,174,38,212
"2364","07_report/CpG_context_sampling_673_364_trimmed_bismark_bt2.CpG",231,188,43,231
"2365","07_report/CpG_context_sampling_673_365_trimmed_bismark_bt2.CpG",216,177,39,216
"2366","07_report/CpG_context_sampling_673_366_trimmed_bismark_bt2.CpG",204,165,39,204
"2367","07_report/CpG_context_sampling_673_367_trimmed_bismark_bt2.CpG",212,179,33,212
"2368","07_report/CpG_context_sampling_673_368_trimmed_bismark_bt2.CpG",215,178,37,215
"2369","07_report/CpG_context_sampling_673_369_trimmed_bismark_bt2.CpG",208,173,35,208
"2370","07_report/CpG_context_sampling_673_370_trimmed_bismark_bt2.CpG",203,180,23,203
"2371","07_report/CpG_context_sampling_673_371_trimmed_bismark_bt2.CpG",204,174,30,204
"2372","07_report/CpG_context_sampling_673_372_trimmed_bismark_bt2.CpG",227,188,39,227
"2373","07_report/CpG_context_sampling_673_373_trimmed_bismark_bt2.CpG",205,170,35,205
"2374","07_report/CpG_context_sampling_673_374_trimmed_bismark_bt2.CpG",218,181,37,218
"2375","07_report/CpG_context_sampling_673_375_trimmed_bismark_bt2.CpG",220,184,36,220
"2376","07_report/CpG_context_sampling_673_376_trimmed_bismark_bt2.CpG",215,174,41,215
"2377","07_report/CpG_context_sampling_673_377_trimmed_bismark_bt2.CpG",240,203,37,240
"2378","07_report/CpG_context_sampling_673_378_trimmed_bismark_bt2.CpG",209,180,29,209
"2379","07_report/CpG_context_sampling_673_379_trimmed_bismark_bt2.CpG",204,176,28,204
"2380","07_report/CpG_context_sampling_673_380_trimmed_bismark_bt2.CpG",210,183,27,210
"2381","07_report/CpG_context_sampling_673_381_trimmed_bismark_bt2.CpG",251,211,40,251
"2382","07_report/CpG_context_sampling_673_382_trimmed_bismark_bt2.CpG",234,198,36,234
"2383","07_report/CpG_context_sampling_673_383_trimmed_bismark_bt2.CpG",223,187,36,223
"2384","07_report/CpG_context_sampling_673_384_trimmed_bismark_bt2.CpG",216,177,39,216
"2385","07_report/CpG_context_sampling_673_385_trimmed_bismark_bt2.CpG",207,181,26,207
"2386","07_report/CpG_context_sampling_673_386_trimmed_bismark_bt2.CpG",223,188,35,223
"2387","07_report/CpG_context_sampling_673_387_trimmed_bismark_bt2.CpG",193,155,38,193
"2388","07_report/CpG_context_sampling_673_388_trimmed_bismark_bt2.CpG",223,185,38,223
"2389","07_report/CpG_context_sampling_673_389_trimmed_bismark_bt2.CpG",216,180,36,216
"2390","07_report/CpG_context_sampling_673_390_trimmed_bismark_bt2.CpG",227,191,36,227
"2391","07_report/CpG_context_sampling_673_391_trimmed_bismark_bt2.CpG",217,181,36,217
"2392","07_report/CpG_context_sampling_673_392_trimmed_bismark_bt2.CpG",206,177,29,206
"2393","07_report/CpG_context_sampling_673_393_trimmed_bismark_bt2.CpG",232,192,40,232
"2394","07_report/CpG_context_sampling_673_394_trimmed_bismark_bt2.CpG",220,182,38,220
"2395","07_report/CpG_context_sampling_673_395_trimmed_bismark_bt2.CpG",214,177,37,214
"2396","07_report/CpG_context_sampling_673_396_trimmed_bismark_bt2.CpG",230,191,39,230
"2397","07_report/CpG_context_sampling_673_397_trimmed_bismark_bt2.CpG",216,180,36,216
"2398","07_report/CpG_context_sampling_673_398_trimmed_bismark_bt2.CpG",217,177,40,217
"2399","07_report/CpG_context_sampling_673_399_trimmed_bismark_bt2.CpG",207,159,48,207
"2400","07_report/CpG_context_sampling_673_400_trimmed_bismark_bt2.CpG",224,185,39,224
"2401","07_report/CpG_context_sampling_673_401_trimmed_bismark_bt2.CpG",211,175,36,211
"2402","07_report/CpG_context_sampling_673_402_trimmed_bismark_bt2.CpG",208,172,36,208
"2403","07_report/CpG_context_sampling_673_403_trimmed_bismark_bt2.CpG",222,179,43,222
"2404","07_report/CpG_context_sampling_673_404_trimmed_bismark_bt2.CpG",213,180,33,213
"2405","07_report/CpG_context_sampling_673_405_trimmed_bismark_bt2.CpG",236,190,46,236
"2406","07_report/CpG_context_sampling_673_406_trimmed_bismark_bt2.CpG",237,203,34,237
"2407","07_report/CpG_context_sampling_673_407_trimmed_bismark_bt2.CpG",227,183,44,227
"2408","07_report/CpG_context_sampling_673_408_trimmed_bismark_bt2.CpG",217,187,30,217
"2409","07_report/CpG_context_sampling_673_409_trimmed_bismark_bt2.CpG",215,165,50,215
"2410","07_report/CpG_context_sampling_673_410_trimmed_bismark_bt2.CpG",217,173,44,217
"2411","07_report/CpG_context_sampling_673_411_trimmed_bismark_bt2.CpG",213,175,38,213
"2412","07_report/CpG_context_sampling_673_412_trimmed_bismark_bt2.CpG",242,203,39,242
"2413","07_report/CpG_context_sampling_673_413_trimmed_bismark_bt2.CpG",216,174,42,216
"2414","07_report/CpG_context_sampling_673_414_trimmed_bismark_bt2.CpG",220,184,36,220
"2415","07_report/CpG_context_sampling_673_415_trimmed_bismark_bt2.CpG",218,181,37,218
"2416","07_report/CpG_context_sampling_673_416_trimmed_bismark_bt2.CpG",208,178,30,208
"2417","07_report/CpG_context_sampling_673_417_trimmed_bismark_bt2.CpG",209,179,30,209
"2418","07_report/CpG_context_sampling_673_418_trimmed_bismark_bt2.CpG",237,189,48,237
"2419","07_report/CpG_context_sampling_673_419_trimmed_bismark_bt2.CpG",206,180,26,206
"2420","07_report/CpG_context_sampling_673_420_trimmed_bismark_bt2.CpG",217,186,31,217
"2421","07_report/CpG_context_sampling_673_421_trimmed_bismark_bt2.CpG",205,176,29,205
"2422","07_report/CpG_context_sampling_673_422_trimmed_bismark_bt2.CpG",211,184,27,211
"2423","07_report/CpG_context_sampling_673_423_trimmed_bismark_bt2.CpG",227,180,47,227
"2424","07_report/CpG_context_sampling_673_424_trimmed_bismark_bt2.CpG",203,170,33,203
"2425","07_report/CpG_context_sampling_673_425_trimmed_bismark_bt2.CpG",196,157,39,196
"2426","07_report/CpG_context_sampling_673_426_trimmed_bismark_bt2.CpG",231,189,42,231
"2427","07_report/CpG_context_sampling_673_427_trimmed_bismark_bt2.CpG",228,185,43,228
"2428","07_report/CpG_context_sampling_673_428_trimmed_bismark_bt2.CpG",206,175,31,206
"2429","07_report/CpG_context_sampling_673_429_trimmed_bismark_bt2.CpG",219,183,36,219
"2430","07_report/CpG_context_sampling_673_430_trimmed_bismark_bt2.CpG",212,174,38,212
"2431","07_report/CpG_context_sampling_673_431_trimmed_bismark_bt2.CpG",230,186,44,230
"2432","07_report/CpG_context_sampling_673_432_trimmed_bismark_bt2.CpG",225,190,35,225
"2433","07_report/CpG_context_sampling_673_433_trimmed_bismark_bt2.CpG",191,163,28,191
"2434","07_report/CpG_context_sampling_673_434_trimmed_bismark_bt2.CpG",206,176,30,206
"2435","07_report/CpG_context_sampling_673_435_trimmed_bismark_bt2.CpG",218,180,38,218
"2436","07_report/CpG_context_sampling_673_436_trimmed_bismark_bt2.CpG",219,186,33,219
"2437","07_report/CpG_context_sampling_673_437_trimmed_bismark_bt2.CpG",215,181,34,215
"2438","07_report/CpG_context_sampling_673_438_trimmed_bismark_bt2.CpG",193,166,27,193
"2439","07_report/CpG_context_sampling_673_439_trimmed_bismark_bt2.CpG",203,175,28,203
"2440","07_report/CpG_context_sampling_673_440_trimmed_bismark_bt2.CpG",222,188,34,222
"2441","07_report/CpG_context_sampling_673_441_trimmed_bismark_bt2.CpG",241,202,39,241
"2442","07_report/CpG_context_sampling_673_442_trimmed_bismark_bt2.CpG",244,200,44,244
"2443","07_report/CpG_context_sampling_673_443_trimmed_bismark_bt2.CpG",224,186,38,224
"2444","07_report/CpG_context_sampling_673_444_trimmed_bismark_bt2.CpG",220,170,50,220
"2445","07_report/CpG_context_sampling_673_445_trimmed_bismark_bt2.CpG",204,179,25,204
"2446","07_report/CpG_context_sampling_673_446_trimmed_bismark_bt2.CpG",202,172,30,202
"2447","07_report/CpG_context_sampling_673_447_trimmed_bismark_bt2.CpG",226,189,37,226
"2448","07_report/CpG_context_sampling_673_448_trimmed_bismark_bt2.CpG",218,181,37,218
"2449","07_report/CpG_context_sampling_673_449_trimmed_bismark_bt2.CpG",223,184,39,223
"2450","07_report/CpG_context_sampling_673_450_trimmed_bismark_bt2.CpG",203,178,25,203
"2451","07_report/CpG_context_sampling_673_451_trimmed_bismark_bt2.CpG",242,203,39,242
"2452","07_report/CpG_context_sampling_673_452_trimmed_bismark_bt2.CpG",210,177,33,210
"2453","07_report/CpG_context_sampling_673_453_trimmed_bismark_bt2.CpG",215,177,38,215
"2454","07_report/CpG_context_sampling_673_454_trimmed_bismark_bt2.CpG",213,170,43,213
"2455","07_report/CpG_context_sampling_673_455_trimmed_bismark_bt2.CpG",229,187,42,229
"2456","07_report/CpG_context_sampling_673_456_trimmed_bismark_bt2.CpG",217,171,46,217
"2457","07_report/CpG_context_sampling_673_457_trimmed_bismark_bt2.CpG",215,177,38,215
"2458","07_report/CpG_context_sampling_673_458_trimmed_bismark_bt2.CpG",202,157,45,202
"2459","07_report/CpG_context_sampling_673_459_trimmed_bismark_bt2.CpG",231,187,44,231
"2460","07_report/CpG_context_sampling_673_460_trimmed_bismark_bt2.CpG",235,201,34,235
"2461","07_report/CpG_context_sampling_673_461_trimmed_bismark_bt2.CpG",217,183,34,217
"2462","07_report/CpG_context_sampling_673_462_trimmed_bismark_bt2.CpG",213,176,37,213
"2463","07_report/CpG_context_sampling_673_463_trimmed_bismark_bt2.CpG",216,184,32,216
"2464","07_report/CpG_context_sampling_673_464_trimmed_bismark_bt2.CpG",230,191,39,230
"2465","07_report/CpG_context_sampling_673_465_trimmed_bismark_bt2.CpG",221,181,40,221
"2466","07_report/CpG_context_sampling_673_466_trimmed_bismark_bt2.CpG",224,191,33,224
"2467","07_report/CpG_context_sampling_673_467_trimmed_bismark_bt2.CpG",220,181,39,220
"2468","07_report/CpG_context_sampling_673_468_trimmed_bismark_bt2.CpG",206,178,28,206
"2469","07_report/CpG_context_sampling_673_469_trimmed_bismark_bt2.CpG",209,173,36,209
"2470","07_report/CpG_context_sampling_673_470_trimmed_bismark_bt2.CpG",223,190,33,223
"2471","07_report/CpG_context_sampling_673_471_trimmed_bismark_bt2.CpG",217,181,36,217
"2472","07_report/CpG_context_sampling_673_472_trimmed_bismark_bt2.CpG",210,178,32,210
"2473","07_report/CpG_context_sampling_673_473_trimmed_bismark_bt2.CpG",217,176,41,217
"2474","07_report/CpG_context_sampling_673_474_trimmed_bismark_bt2.CpG",195,162,33,195
"2475","07_report/CpG_context_sampling_673_475_trimmed_bismark_bt2.CpG",215,182,33,215
"2476","07_report/CpG_context_sampling_673_476_trimmed_bismark_bt2.CpG",202,165,37,202
"2477","07_report/CpG_context_sampling_673_477_trimmed_bismark_bt2.CpG",219,174,45,219
"2478","07_report/CpG_context_sampling_673_478_trimmed_bismark_bt2.CpG",215,179,36,215
"2479","07_report/CpG_context_sampling_673_479_trimmed_bismark_bt2.CpG",224,187,37,224
"2480","07_report/CpG_context_sampling_673_480_trimmed_bismark_bt2.CpG",237,190,47,237
"2481","07_report/CpG_context_sampling_673_481_trimmed_bismark_bt2.CpG",229,190,39,229
"2482","07_report/CpG_context_sampling_673_482_trimmed_bismark_bt2.CpG",222,183,39,222
"2483","07_report/CpG_context_sampling_673_483_trimmed_bismark_bt2.CpG",229,191,38,229
"2484","07_report/CpG_context_sampling_673_484_trimmed_bismark_bt2.CpG",205,168,37,205
"2485","07_report/CpG_context_sampling_673_485_trimmed_bismark_bt2.CpG",222,180,42,222
"2486","07_report/CpG_context_sampling_673_486_trimmed_bismark_bt2.CpG",206,174,32,206
"2487","07_report/CpG_context_sampling_673_487_trimmed_bismark_bt2.CpG",217,187,30,217
"2488","07_report/CpG_context_sampling_673_488_trimmed_bismark_bt2.CpG",207,177,30,207
"2489","07_report/CpG_context_sampling_673_489_trimmed_bismark_bt2.CpG",226,184,42,226
"2490","07_report/CpG_context_sampling_673_490_trimmed_bismark_bt2.CpG",213,175,38,213
"2491","07_report/CpG_context_sampling_673_491_trimmed_bismark_bt2.CpG",218,192,26,218
"2492","07_report/CpG_context_sampling_673_492_trimmed_bismark_bt2.CpG",221,181,40,221
"2493","07_report/CpG_context_sampling_673_493_trimmed_bismark_bt2.CpG",216,178,38,216
"2494","07_report/CpG_context_sampling_673_494_trimmed_bismark_bt2.CpG",221,183,38,221
"2495","07_report/CpG_context_sampling_673_495_trimmed_bismark_bt2.CpG",222,185,37,222
"2496","07_report/CpG_context_sampling_673_496_trimmed_bismark_bt2.CpG",247,201,46,247
"2497","07_report/CpG_context_sampling_673_497_trimmed_bismark_bt2.CpG",229,199,30,229
"2498","07_report/CpG_context_sampling_673_498_trimmed_bismark_bt2.CpG",234,188,46,234
"2499","07_report/CpG_context_sampling_673_499_trimmed_bismark_bt2.CpG",228,188,40,228
"2500","07_report/CpG_context_sampling_673_500_trimmed_bismark_bt2.CpG",222,180,42,222
"2501","07_report/CpG_context_sampling_673_501_trimmed_bismark_bt2.CpG",199,167,32,199
"2502","07_report/CpG_context_sampling_673_502_trimmed_bismark_bt2.CpG",219,180,39,219
"2503","07_report/CpG_context_sampling_673_503_trimmed_bismark_bt2.CpG",212,171,41,212
"2504","07_report/CpG_context_sampling_673_504_trimmed_bismark_bt2.CpG",236,205,31,236
"2505","07_report/CpG_context_sampling_673_505_trimmed_bismark_bt2.CpG",197,166,31,197
"2506","07_report/CpG_context_sampling_673_506_trimmed_bismark_bt2.CpG",217,178,39,217
"2507","07_report/CpG_context_sampling_673_507_trimmed_bismark_bt2.CpG",213,173,40,213
"2508","07_report/CpG_context_sampling_673_508_trimmed_bismark_bt2.CpG",237,191,46,237
"2509","07_report/CpG_context_sampling_673_509_trimmed_bismark_bt2.CpG",212,169,43,212
"2510","07_report/CpG_context_sampling_673_510_trimmed_bismark_bt2.CpG",232,191,41,232
"2511","07_report/CpG_context_sampling_673_511_trimmed_bismark_bt2.CpG",236,190,46,236
"2512","07_report/CpG_context_sampling_673_512_trimmed_bismark_bt2.CpG",215,180,35,215
"2513","07_report/CpG_context_sampling_673_513_trimmed_bismark_bt2.CpG",210,172,38,210
"2514","07_report/CpG_context_sampling_673_514_trimmed_bismark_bt2.CpG",212,181,31,212
"2515","07_report/CpG_context_sampling_673_515_trimmed_bismark_bt2.CpG",200,169,31,200
"2516","07_report/CpG_context_sampling_673_516_trimmed_bismark_bt2.CpG",196,156,40,196
"2517","07_report/CpG_context_sampling_673_517_trimmed_bismark_bt2.CpG",237,199,38,237
"2518","07_report/CpG_context_sampling_673_518_trimmed_bismark_bt2.CpG",219,183,36,219
"2519","07_report/CpG_context_sampling_673_519_trimmed_bismark_bt2.CpG",198,164,34,198
"2520","07_report/CpG_context_sampling_673_520_trimmed_bismark_bt2.CpG",227,188,39,227
"2521","07_report/CpG_context_sampling_673_521_trimmed_bismark_bt2.CpG",228,192,36,228
"2522","07_report/CpG_context_sampling_673_522_trimmed_bismark_bt2.CpG",225,189,36,225
"2523","07_report/CpG_context_sampling_673_523_trimmed_bismark_bt2.CpG",210,173,37,210
"2524","07_report/CpG_context_sampling_673_524_trimmed_bismark_bt2.CpG",231,198,33,231
"2525","07_report/CpG_context_sampling_673_525_trimmed_bismark_bt2.CpG",228,190,38,228
"2526","07_report/CpG_context_sampling_673_526_trimmed_bismark_bt2.CpG",217,180,37,217
"2527","07_report/CpG_context_sampling_673_527_trimmed_bismark_bt2.CpG",204,170,34,204
"2528","07_report/CpG_context_sampling_673_528_trimmed_bismark_bt2.CpG",220,174,46,220
"2529","07_report/CpG_context_sampling_673_529_trimmed_bismark_bt2.CpG",222,186,36,222
"2530","07_report/CpG_context_sampling_673_530_trimmed_bismark_bt2.CpG",224,195,29,224
"2531","07_report/CpG_context_sampling_673_531_trimmed_bismark_bt2.CpG",219,187,32,219
"2532","07_report/CpG_context_sampling_673_532_trimmed_bismark_bt2.CpG",212,179,33,212
"2533","07_report/CpG_context_sampling_673_533_trimmed_bismark_bt2.CpG",204,177,27,204
"2534","07_report/CpG_context_sampling_673_534_trimmed_bismark_bt2.CpG",224,188,36,224
"2535","07_report/CpG_context_sampling_673_535_trimmed_bismark_bt2.CpG",220,180,40,220
"2536","07_report/CpG_context_sampling_673_536_trimmed_bismark_bt2.CpG",207,175,32,207
"2537","07_report/CpG_context_sampling_673_537_trimmed_bismark_bt2.CpG",213,178,35,213
"2538","07_report/CpG_context_sampling_673_538_trimmed_bismark_bt2.CpG",233,204,29,233
"2539","07_report/CpG_context_sampling_673_539_trimmed_bismark_bt2.CpG",215,179,36,215
"2540","07_report/CpG_context_sampling_673_540_trimmed_bismark_bt2.CpG",213,177,36,213
"2541","07_report/CpG_context_sampling_673_541_trimmed_bismark_bt2.CpG",220,186,34,220
"2542","07_report/CpG_context_sampling_673_542_trimmed_bismark_bt2.CpG",203,168,35,203
"2543","07_report/CpG_context_sampling_673_543_trimmed_bismark_bt2.CpG",212,178,34,212
"2544","07_report/CpG_context_sampling_673_544_trimmed_bismark_bt2.CpG",195,156,39,195
"2545","07_report/CpG_context_sampling_673_545_trimmed_bismark_bt2.CpG",234,187,47,234
"2546","07_report/CpG_context_sampling_673_546_trimmed_bismark_bt2.CpG",226,201,25,226
"2547","07_report/CpG_context_sampling_673_547_trimmed_bismark_bt2.CpG",210,170,40,210
"2548","07_report/CpG_context_sampling_673_548_trimmed_bismark_bt2.CpG",238,200,38,238
"2549","07_report/CpG_context_sampling_673_549_trimmed_bismark_bt2.CpG",229,197,32,229
"2550","07_report/CpG_context_sampling_673_550_trimmed_bismark_bt2.CpG",224,184,40,224
"2551","07_report/CpG_context_sampling_673_551_trimmed_bismark_bt2.CpG",238,196,42,238
"2552","07_report/CpG_context_sampling_673_552_trimmed_bismark_bt2.CpG",223,182,41,223
"2553","07_report/CpG_context_sampling_673_553_trimmed_bismark_bt2.CpG",230,185,45,230
"2554","07_report/CpG_context_sampling_673_554_trimmed_bismark_bt2.CpG",209,164,45,209
"2555","07_report/CpG_context_sampling_673_555_trimmed_bismark_bt2.CpG",215,182,33,215
"2556","07_report/CpG_context_sampling_673_556_trimmed_bismark_bt2.CpG",229,198,31,229
"2557","07_report/CpG_context_sampling_673_557_trimmed_bismark_bt2.CpG",219,180,39,219
"2558","07_report/CpG_context_sampling_673_558_trimmed_bismark_bt2.CpG",227,183,44,227
"2559","07_report/CpG_context_sampling_673_559_trimmed_bismark_bt2.CpG",191,154,37,191
"2560","07_report/CpG_context_sampling_673_560_trimmed_bismark_bt2.CpG",237,196,41,237
"2561","07_report/CpG_context_sampling_673_561_trimmed_bismark_bt2.CpG",204,167,37,204
"2562","07_report/CpG_context_sampling_673_562_trimmed_bismark_bt2.CpG",257,210,47,257
"2563","07_report/CpG_context_sampling_673_563_trimmed_bismark_bt2.CpG",197,169,28,197
"2564","07_report/CpG_context_sampling_673_564_trimmed_bismark_bt2.CpG",214,177,37,214
"2565","07_report/CpG_context_sampling_673_565_trimmed_bismark_bt2.CpG",227,188,39,227
"2566","07_report/CpG_context_sampling_673_566_trimmed_bismark_bt2.CpG",211,182,29,211
"2567","07_report/CpG_context_sampling_673_567_trimmed_bismark_bt2.CpG",210,176,34,210
"2568","07_report/CpG_context_sampling_673_568_trimmed_bismark_bt2.CpG",215,169,46,215
"2569","07_report/CpG_context_sampling_673_569_trimmed_bismark_bt2.CpG",211,175,36,211
"2570","07_report/CpG_context_sampling_673_570_trimmed_bismark_bt2.CpG",219,181,38,219
"2571","07_report/CpG_context_sampling_673_571_trimmed_bismark_bt2.CpG",234,192,42,234
"2572","07_report/CpG_context_sampling_673_572_trimmed_bismark_bt2.CpG",207,168,39,207
"2573","07_report/CpG_context_sampling_673_573_trimmed_bismark_bt2.CpG",206,170,36,206
"2574","07_report/CpG_context_sampling_673_574_trimmed_bismark_bt2.CpG",240,205,35,240
"2575","07_report/CpG_context_sampling_673_575_trimmed_bismark_bt2.CpG",229,186,43,229
"2576","07_report/CpG_context_sampling_673_576_trimmed_bismark_bt2.CpG",237,188,49,237
"2577","07_report/CpG_context_sampling_673_577_trimmed_bismark_bt2.CpG",253,219,34,253
"2578","07_report/CpG_context_sampling_673_578_trimmed_bismark_bt2.CpG",213,175,38,213
"2579","07_report/CpG_context_sampling_673_579_trimmed_bismark_bt2.CpG",230,191,39,230
"2580","07_report/CpG_context_sampling_673_580_trimmed_bismark_bt2.CpG",191,156,35,191
"2581","07_report/CpG_context_sampling_673_581_trimmed_bismark_bt2.CpG",201,164,37,201
"2582","07_report/CpG_context_sampling_673_582_trimmed_bismark_bt2.CpG",219,180,39,219
"2583","07_report/CpG_context_sampling_673_583_trimmed_bismark_bt2.CpG",233,190,43,233
"2584","07_report/CpG_context_sampling_673_584_trimmed_bismark_bt2.CpG",196,165,31,196
"2585","07_report/CpG_context_sampling_673_585_trimmed_bismark_bt2.CpG",228,188,40,228
"2586","07_report/CpG_context_sampling_673_586_trimmed_bismark_bt2.CpG",194,164,30,194
"2587","07_report/CpG_context_sampling_673_587_trimmed_bismark_bt2.CpG",221,180,41,221
"2588","07_report/CpG_context_sampling_673_588_trimmed_bismark_bt2.CpG",217,184,33,217
"2589","07_report/CpG_context_sampling_673_589_trimmed_bismark_bt2.CpG",217,185,32,217
"2590","07_report/CpG_context_sampling_673_590_trimmed_bismark_bt2.CpG",222,184,38,222
"2591","07_report/CpG_context_sampling_673_591_trimmed_bismark_bt2.CpG",197,169,28,197
"2592","07_report/CpG_context_sampling_673_592_trimmed_bismark_bt2.CpG",216,181,35,216
"2593","07_report/CpG_context_sampling_673_593_trimmed_bismark_bt2.CpG",214,178,36,214
"2594","07_report/CpG_context_sampling_673_594_trimmed_bismark_bt2.CpG",226,190,36,226
"2595","07_report/CpG_context_sampling_673_595_trimmed_bismark_bt2.CpG",224,184,40,224
"2596","07_report/CpG_context_sampling_673_596_trimmed_bismark_bt2.CpG",201,163,38,201
"2597","07_report/CpG_context_sampling_673_597_trimmed_bismark_bt2.CpG",213,170,43,213
"2598","07_report/CpG_context_sampling_673_598_trimmed_bismark_bt2.CpG",192,151,41,192
"2599","07_report/CpG_context_sampling_673_599_trimmed_bismark_bt2.CpG",204,166,38,204
"2600","07_report/CpG_context_sampling_673_600_trimmed_bismark_bt2.CpG",225,181,44,225
"2601","07_report/CpG_context_sampling_673_601_trimmed_bismark_bt2.CpG",230,194,36,230
"2602","07_report/CpG_context_sampling_673_602_trimmed_bismark_bt2.CpG",205,172,33,205
"2603","07_report/CpG_context_sampling_673_603_trimmed_bismark_bt2.CpG",194,159,35,194
"2604","07_report/CpG_context_sampling_673_604_trimmed_bismark_bt2.CpG",217,171,46,217
"2605","07_report/CpG_context_sampling_673_605_trimmed_bismark_bt2.CpG",220,185,35,220
"2606","07_report/CpG_context_sampling_673_606_trimmed_bismark_bt2.CpG",197,151,46,197
"2607","07_report/CpG_context_sampling_673_607_trimmed_bismark_bt2.CpG",202,161,41,202
"2608","07_report/CpG_context_sampling_673_608_trimmed_bismark_bt2.CpG",205,176,29,205
"2609","07_report/CpG_context_sampling_673_609_trimmed_bismark_bt2.CpG",207,169,38,207
"2610","07_report/CpG_context_sampling_673_610_trimmed_bismark_bt2.CpG",225,186,39,225
"2611","07_report/CpG_context_sampling_673_611_trimmed_bismark_bt2.CpG",224,190,34,224
"2612","07_report/CpG_context_sampling_673_612_trimmed_bismark_bt2.CpG",220,185,35,220
"2613","07_report/CpG_context_sampling_673_613_trimmed_bismark_bt2.CpG",245,210,35,245
"2614","07_report/CpG_context_sampling_673_614_trimmed_bismark_bt2.CpG",210,173,37,210
"2615","07_report/CpG_context_sampling_673_615_trimmed_bismark_bt2.CpG",232,195,37,232
"2616","07_report/CpG_context_sampling_673_616_trimmed_bismark_bt2.CpG",228,203,25,228
"2617","07_report/CpG_context_sampling_673_617_trimmed_bismark_bt2.CpG",211,179,32,211
"2618","07_report/CpG_context_sampling_673_618_trimmed_bismark_bt2.CpG",211,172,39,211
"2619","07_report/CpG_context_sampling_673_619_trimmed_bismark_bt2.CpG",224,191,33,224
"2620","07_report/CpG_context_sampling_673_620_trimmed_bismark_bt2.CpG",203,174,29,203
"2621","07_report/CpG_context_sampling_673_621_trimmed_bismark_bt2.CpG",217,178,39,217
"2622","07_report/CpG_context_sampling_673_622_trimmed_bismark_bt2.CpG",234,194,40,234
"2623","07_report/CpG_context_sampling_673_623_trimmed_bismark_bt2.CpG",223,180,43,223
"2624","07_report/CpG_context_sampling_673_624_trimmed_bismark_bt2.CpG",210,176,34,210
"2625","07_report/CpG_context_sampling_673_625_trimmed_bismark_bt2.CpG",231,197,34,231
"2626","07_report/CpG_context_sampling_673_626_trimmed_bismark_bt2.CpG",212,188,24,212
"2627","07_report/CpG_context_sampling_673_627_trimmed_bismark_bt2.CpG",200,175,25,200
"2628","07_report/CpG_context_sampling_673_628_trimmed_bismark_bt2.CpG",206,170,36,206
"2629","07_report/CpG_context_sampling_673_629_trimmed_bismark_bt2.CpG",212,164,48,212
"2630","07_report/CpG_context_sampling_673_630_trimmed_bismark_bt2.CpG",210,179,31,210
"2631","07_report/CpG_context_sampling_673_631_trimmed_bismark_bt2.CpG",225,195,30,225
"2632","07_report/CpG_context_sampling_673_632_trimmed_bismark_bt2.CpG",213,177,36,213
"2633","07_report/CpG_context_sampling_673_633_trimmed_bismark_bt2.CpG",238,192,46,238
"2634","07_report/CpG_context_sampling_673_634_trimmed_bismark_bt2.CpG",212,165,47,212
"2635","07_report/CpG_context_sampling_673_635_trimmed_bismark_bt2.CpG",222,177,45,222
"2636","07_report/CpG_context_sampling_673_636_trimmed_bismark_bt2.CpG",213,172,41,213
"2637","07_report/CpG_context_sampling_673_637_trimmed_bismark_bt2.CpG",204,174,30,204
"2638","07_report/CpG_context_sampling_673_638_trimmed_bismark_bt2.CpG",216,178,38,216
"2639","07_report/CpG_context_sampling_673_639_trimmed_bismark_bt2.CpG",227,194,33,227
"2640","07_report/CpG_context_sampling_673_640_trimmed_bismark_bt2.CpG",199,166,33,199
"2641","07_report/CpG_context_sampling_673_641_trimmed_bismark_bt2.CpG",243,204,39,243
"2642","07_report/CpG_context_sampling_673_642_trimmed_bismark_bt2.CpG",219,177,42,219
"2643","07_report/CpG_context_sampling_673_643_trimmed_bismark_bt2.CpG",188,157,31,188
"2644","07_report/CpG_context_sampling_673_644_trimmed_bismark_bt2.CpG",213,177,36,213
"2645","07_report/CpG_context_sampling_673_645_trimmed_bismark_bt2.CpG",210,173,37,210
"2646","07_report/CpG_context_sampling_673_646_trimmed_bismark_bt2.CpG",210,171,39,210
"2647","07_report/CpG_context_sampling_673_647_trimmed_bismark_bt2.CpG",215,182,33,215
"2648","07_report/CpG_context_sampling_673_648_trimmed_bismark_bt2.CpG",215,178,37,215
"2649","07_report/CpG_context_sampling_673_649_trimmed_bismark_bt2.CpG",225,193,32,225
"2650","07_report/CpG_context_sampling_673_650_trimmed_bismark_bt2.CpG",219,186,33,219
"2651","07_report/CpG_context_sampling_673_651_trimmed_bismark_bt2.CpG",221,187,34,221
"2652","07_report/CpG_context_sampling_673_652_trimmed_bismark_bt2.CpG",196,162,34,196
"2653","07_report/CpG_context_sampling_673_653_trimmed_bismark_bt2.CpG",222,194,28,222
"2654","07_report/CpG_context_sampling_673_654_trimmed_bismark_bt2.CpG",222,181,41,222
"2655","07_report/CpG_context_sampling_673_655_trimmed_bismark_bt2.CpG",212,169,43,212
"2656","07_report/CpG_context_sampling_673_656_trimmed_bismark_bt2.CpG",203,162,41,203
"2657","07_report/CpG_context_sampling_673_657_trimmed_bismark_bt2.CpG",202,169,33,202
"2658","07_report/CpG_context_sampling_673_658_trimmed_bismark_bt2.CpG",228,192,36,228
"2659","07_report/CpG_context_sampling_673_659_trimmed_bismark_bt2.CpG",224,185,39,224
"2660","07_report/CpG_context_sampling_673_660_trimmed_bismark_bt2.CpG",220,183,37,220
"2661","07_report/CpG_context_sampling_673_661_trimmed_bismark_bt2.CpG",205,179,26,205
"2662","07_report/CpG_context_sampling_673_662_trimmed_bismark_bt2.CpG",222,180,42,222
"2663","07_report/CpG_context_sampling_673_663_trimmed_bismark_bt2.CpG",223,184,39,223
"2664","07_report/CpG_context_sampling_673_664_trimmed_bismark_bt2.CpG",234,196,38,234
"2665","07_report/CpG_context_sampling_673_665_trimmed_bismark_bt2.CpG",211,179,32,211
"2666","07_report/CpG_context_sampling_673_666_trimmed_bismark_bt2.CpG",221,184,37,221
"2667","07_report/CpG_context_sampling_673_667_trimmed_bismark_bt2.CpG",234,196,38,234
"2668","07_report/CpG_context_sampling_673_668_trimmed_bismark_bt2.CpG",214,180,34,214
"2669","07_report/CpG_context_sampling_673_669_trimmed_bismark_bt2.CpG",208,179,29,208
"2670","07_report/CpG_context_sampling_673_670_trimmed_bismark_bt2.CpG",213,169,44,213
"2671","07_report/CpG_context_sampling_673_671_trimmed_bismark_bt2.CpG",190,168,22,190
"2672","07_report/CpG_context_sampling_673_672_trimmed_bismark_bt2.CpG",210,182,28,210
"2673","07_report/CpG_context_sampling_673_673_trimmed_bismark_bt2.CpG",241,213,28,241
"2674","07_report/CpG_context_sampling_673_674_trimmed_bismark_bt2.CpG",231,188,43,231
"2675","07_report/CpG_context_sampling_673_675_trimmed_bismark_bt2.CpG",240,205,35,240
"2676","07_report/CpG_context_sampling_673_676_trimmed_bismark_bt2.CpG",218,189,29,218
"2677","07_report/CpG_context_sampling_673_677_trimmed_bismark_bt2.CpG",230,187,43,230
"2678","07_report/CpG_context_sampling_673_678_trimmed_bismark_bt2.CpG",223,189,34,223
"2679","07_report/CpG_context_sampling_673_679_trimmed_bismark_bt2.CpG",216,178,38,216
"2680","07_report/CpG_context_sampling_673_680_trimmed_bismark_bt2.CpG",221,171,50,221
"2681","07_report/CpG_context_sampling_673_681_trimmed_bismark_bt2.CpG",209,167,42,209
"2682","07_report/CpG_context_sampling_673_682_trimmed_bismark_bt2.CpG",229,195,34,229
"2683","07_report/CpG_context_sampling_673_683_trimmed_bismark_bt2.CpG",237,198,39,237
"2684","07_report/CpG_context_sampling_673_684_trimmed_bismark_bt2.CpG",213,177,36,213
"2685","07_report/CpG_context_sampling_673_685_trimmed_bismark_bt2.CpG",208,172,36,208
"2686","07_report/CpG_context_sampling_673_686_trimmed_bismark_bt2.CpG",195,157,38,195
"2687","07_report/CpG_context_sampling_673_687_trimmed_bismark_bt2.CpG",231,197,34,231
"2688","07_report/CpG_context_sampling_673_688_trimmed_bismark_bt2.CpG",194,155,39,194
"2689","07_report/CpG_context_sampling_673_689_trimmed_bismark_bt2.CpG",196,171,25,196
"2690","07_report/CpG_context_sampling_673_690_trimmed_bismark_bt2.CpG",230,188,42,230
"2691","07_report/CpG_context_sampling_673_691_trimmed_bismark_bt2.CpG",202,167,35,202
"2692","07_report/CpG_context_sampling_673_692_trimmed_bismark_bt2.CpG",230,183,47,230
"2693","07_report/CpG_context_sampling_673_693_trimmed_bismark_bt2.CpG",220,185,35,220
"2694","07_report/CpG_context_sampling_673_694_trimmed_bismark_bt2.CpG",226,179,47,226
"2695","07_report/CpG_context_sampling_673_695_trimmed_bismark_bt2.CpG",219,182,37,219
"2696","07_report/CpG_context_sampling_673_696_trimmed_bismark_bt2.CpG",216,182,34,216
"2697","07_report/CpG_context_sampling_673_697_trimmed_bismark_bt2.CpG",238,204,34,238
"2698","07_report/CpG_context_sampling_673_698_trimmed_bismark_bt2.CpG",208,176,32,208
"2699","07_report/CpG_context_sampling_673_699_trimmed_bismark_bt2.CpG",233,195,38,233
"2700","07_report/CpG_context_sampling_673_700_trimmed_bismark_bt2.CpG",234,196,38,234
"2701","07_report/CpG_context_sampling_673_701_trimmed_bismark_bt2.CpG",233,186,47,233
"2702","07_report/CpG_context_sampling_673_702_trimmed_bismark_bt2.CpG",210,170,40,210
"2703","07_report/CpG_context_sampling_673_703_trimmed_bismark_bt2.CpG",197,172,25,197
"2704","07_report/CpG_context_sampling_673_704_trimmed_bismark_bt2.CpG",215,180,35,215
"2705","07_report/CpG_context_sampling_673_705_trimmed_bismark_bt2.CpG",231,199,32,231
"2706","07_report/CpG_context_sampling_673_706_trimmed_bismark_bt2.CpG",203,172,31,203
"2707","07_report/CpG_context_sampling_673_707_trimmed_bismark_bt2.CpG",211,175,36,211
"2708","07_report/CpG_context_sampling_673_708_trimmed_bismark_bt2.CpG",196,166,30,196
"2709","07_report/CpG_context_sampling_673_709_trimmed_bismark_bt2.CpG",226,186,40,226
"2710","07_report/CpG_context_sampling_673_710_trimmed_bismark_bt2.CpG",209,173,36,209
"2711","07_report/CpG_context_sampling_673_711_trimmed_bismark_bt2.CpG",230,183,47,230
"2712","07_report/CpG_context_sampling_673_712_trimmed_bismark_bt2.CpG",201,173,28,201
"2713","07_report/CpG_context_sampling_673_713_trimmed_bismark_bt2.CpG",208,176,32,208
"2714","07_report/CpG_context_sampling_673_714_trimmed_bismark_bt2.CpG",238,193,45,238
"2715","07_report/CpG_context_sampling_673_715_trimmed_bismark_bt2.CpG",241,203,38,241
"2716","07_report/CpG_context_sampling_673_716_trimmed_bismark_bt2.CpG",233,184,49,233
"2717","07_report/CpG_context_sampling_673_717_trimmed_bismark_bt2.CpG",215,166,49,215
"2718","07_report/CpG_context_sampling_673_718_trimmed_bismark_bt2.CpG",217,174,43,217
"2719","07_report/CpG_context_sampling_673_719_trimmed_bismark_bt2.CpG",219,175,44,219
"2720","07_report/CpG_context_sampling_673_720_trimmed_bismark_bt2.CpG",222,182,40,222
"2721","07_report/CpG_context_sampling_673_721_trimmed_bismark_bt2.CpG",203,166,37,203
"2722","07_report/CpG_context_sampling_673_722_trimmed_bismark_bt2.CpG",205,172,33,205
"2723","07_report/CpG_context_sampling_673_723_trimmed_bismark_bt2.CpG",228,189,39,228
"2724","07_report/CpG_context_sampling_673_724_trimmed_bismark_bt2.CpG",216,179,37,216
"2725","07_report/CpG_context_sampling_673_725_trimmed_bismark_bt2.CpG",220,194,26,220
"2726","07_report/CpG_context_sampling_673_726_trimmed_bismark_bt2.CpG",203,173,30,203
"2727","07_report/CpG_context_sampling_673_727_trimmed_bismark_bt2.CpG",228,178,50,228
"2728","07_report/CpG_context_sampling_673_728_trimmed_bismark_bt2.CpG",219,177,42,219
"2729","07_report/CpG_context_sampling_673_729_trimmed_bismark_bt2.CpG",235,188,47,235
"2730","07_report/CpG_context_sampling_673_730_trimmed_bismark_bt2.CpG",214,177,37,214
"2731","07_report/CpG_context_sampling_673_731_trimmed_bismark_bt2.CpG",229,190,39,229
"2732","07_report/CpG_context_sampling_673_732_trimmed_bismark_bt2.CpG",217,184,33,217
"2733","07_report/CpG_context_sampling_673_733_trimmed_bismark_bt2.CpG",203,174,29,203
"2734","07_report/CpG_context_sampling_673_734_trimmed_bismark_bt2.CpG",202,163,39,202
"2735","07_report/CpG_context_sampling_673_735_trimmed_bismark_bt2.CpG",211,171,40,211
"2736","07_report/CpG_context_sampling_673_736_trimmed_bismark_bt2.CpG",225,191,34,225
"2737","07_report/CpG_context_sampling_673_737_trimmed_bismark_bt2.CpG",228,188,40,228
"2738","07_report/CpG_context_sampling_673_738_trimmed_bismark_bt2.CpG",214,176,38,214
"2739","07_report/CpG_context_sampling_673_739_trimmed_bismark_bt2.CpG",202,168,34,202
"2740","07_report/CpG_context_sampling_673_740_trimmed_bismark_bt2.CpG",205,171,34,205
"2741","07_report/CpG_context_sampling_673_741_trimmed_bismark_bt2.CpG",216,172,44,216
"2742","07_report/CpG_context_sampling_673_742_trimmed_bismark_bt2.CpG",221,183,38,221
"2743","07_report/CpG_context_sampling_673_743_trimmed_bismark_bt2.CpG",223,186,37,223
"2744","07_report/CpG_context_sampling_673_744_trimmed_bismark_bt2.CpG",214,178,36,214
"2745","07_report/CpG_context_sampling_673_745_trimmed_bismark_bt2.CpG",213,166,47,213
"2746","07_report/CpG_context_sampling_673_746_trimmed_bismark_bt2.CpG",241,205,36,241
"2747","07_report/CpG_context_sampling_673_747_trimmed_bismark_bt2.CpG",245,205,40,245
"2748","07_report/CpG_context_sampling_673_748_trimmed_bismark_bt2.CpG",207,171,36,207
"2749","07_report/CpG_context_sampling_673_749_trimmed_bismark_bt2.CpG",220,181,39,220
"2750","07_report/CpG_context_sampling_673_750_trimmed_bismark_bt2.CpG",242,208,34,242
"2751","07_report/CpG_context_sampling_673_751_trimmed_bismark_bt2.CpG",208,175,33,208
"2752","07_report/CpG_context_sampling_673_752_trimmed_bismark_bt2.CpG",203,172,31,203
"2753","07_report/CpG_context_sampling_673_753_trimmed_bismark_bt2.CpG",206,170,36,206
"2754","07_report/CpG_context_sampling_673_754_trimmed_bismark_bt2.CpG",209,169,40,209
"2755","07_report/CpG_context_sampling_673_755_trimmed_bismark_bt2.CpG",226,183,43,226
"2756","07_report/CpG_context_sampling_673_756_trimmed_bismark_bt2.CpG",220,189,31,220
"2757","07_report/CpG_context_sampling_673_757_trimmed_bismark_bt2.CpG",223,186,37,223
"2758","07_report/CpG_context_sampling_673_758_trimmed_bismark_bt2.CpG",227,187,40,227
"2759","07_report/CpG_context_sampling_673_759_trimmed_bismark_bt2.CpG",204,166,38,204
"2760","07_report/CpG_context_sampling_673_760_trimmed_bismark_bt2.CpG",229,188,41,229
"2761","07_report/CpG_context_sampling_673_761_trimmed_bismark_bt2.CpG",208,177,31,208
"2762","07_report/CpG_context_sampling_673_762_trimmed_bismark_bt2.CpG",216,172,44,216
"2763","07_report/CpG_context_sampling_673_763_trimmed_bismark_bt2.CpG",225,190,35,225
"2764","07_report/CpG_context_sampling_673_764_trimmed_bismark_bt2.CpG",228,181,47,228
"2765","07_report/CpG_context_sampling_673_765_trimmed_bismark_bt2.CpG",207,171,36,207
"2766","07_report/CpG_context_sampling_673_766_trimmed_bismark_bt2.CpG",205,170,35,205
"2767","07_report/CpG_context_sampling_673_767_trimmed_bismark_bt2.CpG",234,186,48,234
"2768","07_report/CpG_context_sampling_673_768_trimmed_bismark_bt2.CpG",223,184,39,223
"2769","07_report/CpG_context_sampling_673_769_trimmed_bismark_bt2.CpG",231,190,41,231
"2770","07_report/CpG_context_sampling_673_770_trimmed_bismark_bt2.CpG",212,178,34,212
"2771","07_report/CpG_context_sampling_673_771_trimmed_bismark_bt2.CpG",236,197,39,236
"2772","07_report/CpG_context_sampling_673_772_trimmed_bismark_bt2.CpG",207,163,44,207
"2773","07_report/CpG_context_sampling_673_773_trimmed_bismark_bt2.CpG",222,193,29,222
"2774","07_report/CpG_context_sampling_673_774_trimmed_bismark_bt2.CpG",229,203,26,229
"2775","07_report/CpG_context_sampling_673_775_trimmed_bismark_bt2.CpG",238,194,44,238
"2776","07_report/CpG_context_sampling_673_776_trimmed_bismark_bt2.CpG",195,162,33,195
"2777","07_report/CpG_context_sampling_673_777_trimmed_bismark_bt2.CpG",220,185,35,220
"2778","07_report/CpG_context_sampling_673_778_trimmed_bismark_bt2.CpG",219,180,39,219
"2779","07_report/CpG_context_sampling_673_779_trimmed_bismark_bt2.CpG",209,181,28,209
"2780","07_report/CpG_context_sampling_673_780_trimmed_bismark_bt2.CpG",200,165,35,200
"2781","07_report/CpG_context_sampling_673_781_trimmed_bismark_bt2.CpG",216,176,40,216
"2782","07_report/CpG_context_sampling_673_782_trimmed_bismark_bt2.CpG",210,163,47,210
"2783","07_report/CpG_context_sampling_673_783_trimmed_bismark_bt2.CpG",224,188,36,224
"2784","07_report/CpG_context_sampling_673_784_trimmed_bismark_bt2.CpG",210,175,35,210
"2785","07_report/CpG_context_sampling_673_785_trimmed_bismark_bt2.CpG",220,186,34,220
"2786","07_report/CpG_context_sampling_673_786_trimmed_bismark_bt2.CpG",211,181,30,211
"2787","07_report/CpG_context_sampling_673_787_trimmed_bismark_bt2.CpG",213,170,43,213
"2788","07_report/CpG_context_sampling_673_788_trimmed_bismark_bt2.CpG",218,185,33,218
"2789","07_report/CpG_context_sampling_673_789_trimmed_bismark_bt2.CpG",232,195,37,232
"2790","07_report/CpG_context_sampling_673_790_trimmed_bismark_bt2.CpG",197,168,29,197
"2791","07_report/CpG_context_sampling_673_791_trimmed_bismark_bt2.CpG",224,184,40,224
"2792","07_report/CpG_context_sampling_673_792_trimmed_bismark_bt2.CpG",224,186,38,224
"2793","07_report/CpG_context_sampling_673_793_trimmed_bismark_bt2.CpG",219,188,31,219
"2794","07_report/CpG_context_sampling_673_794_trimmed_bismark_bt2.CpG",224,188,36,224
"2795","07_report/CpG_context_sampling_673_795_trimmed_bismark_bt2.CpG",220,182,38,220
"2796","07_report/CpG_context_sampling_673_796_trimmed_bismark_bt2.CpG",227,187,40,227
"2797","07_report/CpG_context_sampling_673_797_trimmed_bismark_bt2.CpG",230,192,38,230
"2798","07_report/CpG_context_sampling_673_798_trimmed_bismark_bt2.CpG",214,179,35,214
"2799","07_report/CpG_context_sampling_673_799_trimmed_bismark_bt2.CpG",211,173,38,211
"2800","07_report/CpG_context_sampling_673_800_trimmed_bismark_bt2.CpG",205,162,43,205
"2801","07_report/CpG_context_sampling_673_801_trimmed_bismark_bt2.CpG",187,156,31,187
"2802","07_report/CpG_context_sampling_673_802_trimmed_bismark_bt2.CpG",242,207,35,242
"2803","07_report/CpG_context_sampling_673_803_trimmed_bismark_bt2.CpG",219,190,29,219
"2804","07_report/CpG_context_sampling_673_804_trimmed_bismark_bt2.CpG",228,191,37,228
"2805","07_report/CpG_context_sampling_673_805_trimmed_bismark_bt2.CpG",231,189,42,231
"2806","07_report/CpG_context_sampling_673_806_trimmed_bismark_bt2.CpG",228,190,38,228
"2807","07_report/CpG_context_sampling_673_807_trimmed_bismark_bt2.CpG",209,182,27,209
"2808","07_report/CpG_context_sampling_673_808_trimmed_bismark_bt2.CpG",215,181,34,215
"2809","07_report/CpG_context_sampling_673_809_trimmed_bismark_bt2.CpG",211,175,36,211
"2810","07_report/CpG_context_sampling_673_810_trimmed_bismark_bt2.CpG",214,165,49,214
"2811","07_report/CpG_context_sampling_673_811_trimmed_bismark_bt2.CpG",216,181,35,216
"2812","07_report/CpG_context_sampling_673_812_trimmed_bismark_bt2.CpG",223,184,39,223
"2813","07_report/CpG_context_sampling_673_813_trimmed_bismark_bt2.CpG",205,165,40,205
"2814","07_report/CpG_context_sampling_673_814_trimmed_bismark_bt2.CpG",198,162,36,198
"2815","07_report/CpG_context_sampling_673_815_trimmed_bismark_bt2.CpG",211,180,31,211
"2816","07_report/CpG_context_sampling_673_816_trimmed_bismark_bt2.CpG",212,174,38,212
"2817","07_report/CpG_context_sampling_673_817_trimmed_bismark_bt2.CpG",213,178,35,213
"2818","07_report/CpG_context_sampling_673_818_trimmed_bismark_bt2.CpG",217,180,37,217
"2819","07_report/CpG_context_sampling_673_819_trimmed_bismark_bt2.CpG",206,174,32,206
"2820","07_report/CpG_context_sampling_673_820_trimmed_bismark_bt2.CpG",204,183,21,204
"2821","07_report/CpG_context_sampling_673_821_trimmed_bismark_bt2.CpG",227,179,48,227
"2822","07_report/CpG_context_sampling_673_822_trimmed_bismark_bt2.CpG",220,180,40,220
"2823","07_report/CpG_context_sampling_673_823_trimmed_bismark_bt2.CpG",210,170,40,210
"2824","07_report/CpG_context_sampling_673_824_trimmed_bismark_bt2.CpG",221,192,29,221
"2825","07_report/CpG_context_sampling_673_825_trimmed_bismark_bt2.CpG",211,178,33,211
"2826","07_report/CpG_context_sampling_673_826_trimmed_bismark_bt2.CpG",234,202,32,234
"2827","07_report/CpG_context_sampling_673_827_trimmed_bismark_bt2.CpG",210,174,36,210
"2828","07_report/CpG_context_sampling_673_828_trimmed_bismark_bt2.CpG",199,179,20,199
"2829","07_report/CpG_context_sampling_673_829_trimmed_bismark_bt2.CpG",210,184,26,210
"2830","07_report/CpG_context_sampling_673_830_trimmed_bismark_bt2.CpG",211,172,39,211
"2831","07_report/CpG_context_sampling_673_831_trimmed_bismark_bt2.CpG",203,174,29,203
"2832","07_report/CpG_context_sampling_673_832_trimmed_bismark_bt2.CpG",232,191,41,232
"2833","07_report/CpG_context_sampling_673_833_trimmed_bismark_bt2.CpG",226,194,32,226
"2834","07_report/CpG_context_sampling_673_834_trimmed_bismark_bt2.CpG",204,172,32,204
"2835","07_report/CpG_context_sampling_673_835_trimmed_bismark_bt2.CpG",194,164,30,194
"2836","07_report/CpG_context_sampling_673_836_trimmed_bismark_bt2.CpG",210,176,34,210
"2837","07_report/CpG_context_sampling_673_837_trimmed_bismark_bt2.CpG",218,186,32,218
"2838","07_report/CpG_context_sampling_673_838_trimmed_bismark_bt2.CpG",227,190,37,227
"2839","07_report/CpG_context_sampling_673_839_trimmed_bismark_bt2.CpG",209,169,40,209
"2840","07_report/CpG_context_sampling_673_840_trimmed_bismark_bt2.CpG",227,188,39,227
"2841","07_report/CpG_context_sampling_673_841_trimmed_bismark_bt2.CpG",229,198,31,229
"2842","07_report/CpG_context_sampling_673_842_trimmed_bismark_bt2.CpG",200,153,47,200
"2843","07_report/CpG_context_sampling_673_843_trimmed_bismark_bt2.CpG",225,184,41,225
"2844","07_report/CpG_context_sampling_673_844_trimmed_bismark_bt2.CpG",229,192,37,229
"2845","07_report/CpG_context_sampling_673_845_trimmed_bismark_bt2.CpG",239,196,43,239
"2846","07_report/CpG_context_sampling_673_846_trimmed_bismark_bt2.CpG",213,187,26,213
"2847","07_report/CpG_context_sampling_673_847_trimmed_bismark_bt2.CpG",223,189,34,223
"2848","07_report/CpG_context_sampling_673_848_trimmed_bismark_bt2.CpG",216,188,28,216
"2849","07_report/CpG_context_sampling_673_849_trimmed_bismark_bt2.CpG",233,196,37,233
"2850","07_report/CpG_context_sampling_673_850_trimmed_bismark_bt2.CpG",219,186,33,219
"2851","07_report/CpG_context_sampling_673_851_trimmed_bismark_bt2.CpG",215,169,46,215
"2852","07_report/CpG_context_sampling_673_852_trimmed_bismark_bt2.CpG",233,202,31,233
"2853","07_report/CpG_context_sampling_673_853_trimmed_bismark_bt2.CpG",209,180,29,209
"2854","07_report/CpG_context_sampling_673_854_trimmed_bismark_bt2.CpG",232,203,29,232
"2855","07_report/CpG_context_sampling_673_855_trimmed_bismark_bt2.CpG",221,184,37,221
"2856","07_report/CpG_context_sampling_673_856_trimmed_bismark_bt2.CpG",217,179,38,217
"2857","07_report/CpG_context_sampling_673_857_trimmed_bismark_bt2.CpG",221,183,38,221
"2858","07_report/CpG_context_sampling_673_858_trimmed_bismark_bt2.CpG",233,199,34,233
"2859","07_report/CpG_context_sampling_673_859_trimmed_bismark_bt2.CpG",231,189,42,231
"2860","07_report/CpG_context_sampling_673_860_trimmed_bismark_bt2.CpG",200,167,33,200
"2861","07_report/CpG_context_sampling_673_861_trimmed_bismark_bt2.CpG",234,197,37,234
"2862","07_report/CpG_context_sampling_673_862_trimmed_bismark_bt2.CpG",221,180,41,221
"2863","07_report/CpG_context_sampling_673_863_trimmed_bismark_bt2.CpG",215,183,32,215
"2864","07_report/CpG_context_sampling_673_864_trimmed_bismark_bt2.CpG",237,190,47,237
"2865","07_report/CpG_context_sampling_673_865_trimmed_bismark_bt2.CpG",221,184,37,221
"2866","07_report/CpG_context_sampling_673_866_trimmed_bismark_bt2.CpG",203,166,37,203
"2867","07_report/CpG_context_sampling_673_867_trimmed_bismark_bt2.CpG",223,190,33,223
"2868","07_report/CpG_context_sampling_673_868_trimmed_bismark_bt2.CpG",225,184,41,225
"2869","07_report/CpG_context_sampling_673_869_trimmed_bismark_bt2.CpG",237,185,52,237
"2870","07_report/CpG_context_sampling_673_870_trimmed_bismark_bt2.CpG",207,180,27,207
"2871","07_report/CpG_context_sampling_673_871_trimmed_bismark_bt2.CpG",207,158,49,207
"2872","07_report/CpG_context_sampling_673_872_trimmed_bismark_bt2.CpG",231,190,41,231
"2873","07_report/CpG_context_sampling_673_873_trimmed_bismark_bt2.CpG",220,183,37,220
"2874","07_report/CpG_context_sampling_673_874_trimmed_bismark_bt2.CpG",223,187,36,223
"2875","07_report/CpG_context_sampling_673_875_trimmed_bismark_bt2.CpG",206,173,33,206
"2876","07_report/CpG_context_sampling_673_876_trimmed_bismark_bt2.CpG",205,170,35,205
"2877","07_report/CpG_context_sampling_673_877_trimmed_bismark_bt2.CpG",221,181,40,221
"2878","07_report/CpG_context_sampling_673_878_trimmed_bismark_bt2.CpG",218,178,40,218
"2879","07_report/CpG_context_sampling_673_879_trimmed_bismark_bt2.CpG",214,175,39,214
"2880","07_report/CpG_context_sampling_673_880_trimmed_bismark_bt2.CpG",210,175,35,210
"2881","07_report/CpG_context_sampling_673_881_trimmed_bismark_bt2.CpG",202,171,31,202
"2882","07_report/CpG_context_sampling_673_882_trimmed_bismark_bt2.CpG",205,165,40,205
"2883","07_report/CpG_context_sampling_673_883_trimmed_bismark_bt2.CpG",206,170,36,206
"2884","07_report/CpG_context_sampling_673_884_trimmed_bismark_bt2.CpG",228,194,34,228
"2885","07_report/CpG_context_sampling_673_885_trimmed_bismark_bt2.CpG",219,185,34,219
"2886","07_report/CpG_context_sampling_673_886_trimmed_bismark_bt2.CpG",216,181,35,216
"2887","07_report/CpG_context_sampling_673_887_trimmed_bismark_bt2.CpG",211,173,38,211
"2888","07_report/CpG_context_sampling_673_888_trimmed_bismark_bt2.CpG",212,178,34,212
"2889","07_report/CpG_context_sampling_673_889_trimmed_bismark_bt2.CpG",205,171,34,205
"2890","07_report/CpG_context_sampling_673_890_trimmed_bismark_bt2.CpG",210,180,30,210
"2891","07_report/CpG_context_sampling_673_891_trimmed_bismark_bt2.CpG",233,201,32,233
"2892","07_report/CpG_context_sampling_673_892_trimmed_bismark_bt2.CpG",230,197,33,230
"2893","07_report/CpG_context_sampling_673_893_trimmed_bismark_bt2.CpG",222,188,34,222
"2894","07_report/CpG_context_sampling_673_894_trimmed_bismark_bt2.CpG",205,166,39,205
"2895","07_report/CpG_context_sampling_673_895_trimmed_bismark_bt2.CpG",241,204,37,241
"2896","07_report/CpG_context_sampling_673_896_trimmed_bismark_bt2.CpG",214,182,32,214
"2897","07_report/CpG_context_sampling_673_897_trimmed_bismark_bt2.CpG",238,188,50,238
"2898","07_report/CpG_context_sampling_673_898_trimmed_bismark_bt2.CpG",202,172,30,202
"2899","07_report/CpG_context_sampling_673_899_trimmed_bismark_bt2.CpG",216,180,36,216
"2900","07_report/CpG_context_sampling_673_900_trimmed_bismark_bt2.CpG",198,178,20,198
"2901","07_report/CpG_context_sampling_673_901_trimmed_bismark_bt2.CpG",237,194,43,237
"2902","07_report/CpG_context_sampling_673_902_trimmed_bismark_bt2.CpG",216,182,34,216
"2903","07_report/CpG_context_sampling_673_903_trimmed_bismark_bt2.CpG",234,203,31,234
"2904","07_report/CpG_context_sampling_673_904_trimmed_bismark_bt2.CpG",220,171,49,220
"2905","07_report/CpG_context_sampling_673_905_trimmed_bismark_bt2.CpG",223,181,42,223
"2906","07_report/CpG_context_sampling_673_906_trimmed_bismark_bt2.CpG",211,165,46,211
"2907","07_report/CpG_context_sampling_673_907_trimmed_bismark_bt2.CpG",228,194,34,228
"2908","07_report/CpG_context_sampling_673_908_trimmed_bismark_bt2.CpG",216,172,44,216
"2909","07_report/CpG_context_sampling_673_909_trimmed_bismark_bt2.CpG",218,174,44,218
"2910","07_report/CpG_context_sampling_673_910_trimmed_bismark_bt2.CpG",218,178,40,218
"2911","07_report/CpG_context_sampling_673_911_trimmed_bismark_bt2.CpG",214,179,35,214
"2912","07_report/CpG_context_sampling_673_912_trimmed_bismark_bt2.CpG",220,189,31,220
"2913","07_report/CpG_context_sampling_673_913_trimmed_bismark_bt2.CpG",216,185,31,216
"2914","07_report/CpG_context_sampling_673_914_trimmed_bismark_bt2.CpG",212,172,40,212
"2915","07_report/CpG_context_sampling_673_915_trimmed_bismark_bt2.CpG",206,172,34,206
"2916","07_report/CpG_context_sampling_673_916_trimmed_bismark_bt2.CpG",221,180,41,221
"2917","07_report/CpG_context_sampling_673_917_trimmed_bismark_bt2.CpG",225,181,44,225
"2918","07_report/CpG_context_sampling_673_918_trimmed_bismark_bt2.CpG",215,183,32,215
"2919","07_report/CpG_context_sampling_673_919_trimmed_bismark_bt2.CpG",230,198,32,230
"2920","07_report/CpG_context_sampling_673_920_trimmed_bismark_bt2.CpG",206,174,32,206
"2921","07_report/CpG_context_sampling_673_921_trimmed_bismark_bt2.CpG",211,162,49,211
"2922","07_report/CpG_context_sampling_673_922_trimmed_bismark_bt2.CpG",221,177,44,221
"2923","07_report/CpG_context_sampling_673_923_trimmed_bismark_bt2.CpG",229,184,45,229
"2924","07_report/CpG_context_sampling_673_924_trimmed_bismark_bt2.CpG",206,172,34,206
"2925","07_report/CpG_context_sampling_673_925_trimmed_bismark_bt2.CpG",225,191,34,225
"2926","07_report/CpG_context_sampling_673_926_trimmed_bismark_bt2.CpG",220,186,34,220
"2927","07_report/CpG_context_sampling_673_927_trimmed_bismark_bt2.CpG",216,182,34,216
"2928","07_report/CpG_context_sampling_673_928_trimmed_bismark_bt2.CpG",208,170,38,208
"2929","07_report/CpG_context_sampling_673_929_trimmed_bismark_bt2.CpG",222,177,45,222
"2930","07_report/CpG_context_sampling_673_930_trimmed_bismark_bt2.CpG",206,176,30,206
"2931","07_report/CpG_context_sampling_673_931_trimmed_bismark_bt2.CpG",185,149,36,185
"2932","07_report/CpG_context_sampling_673_932_trimmed_bismark_bt2.CpG",207,177,30,207
"2933","07_report/CpG_context_sampling_673_933_trimmed_bismark_bt2.CpG",228,190,38,228
"2934","07_report/CpG_context_sampling_673_934_trimmed_bismark_bt2.CpG",219,172,47,219
"2935","07_report/CpG_context_sampling_673_935_trimmed_bismark_bt2.CpG",217,181,36,217
"2936","07_report/CpG_context_sampling_673_936_trimmed_bismark_bt2.CpG",227,195,32,227
"2937","07_report/CpG_context_sampling_673_937_trimmed_bismark_bt2.CpG",204,172,32,204
"2938","07_report/CpG_context_sampling_673_938_trimmed_bismark_bt2.CpG",231,186,45,231
"2939","07_report/CpG_context_sampling_673_939_trimmed_bismark_bt2.CpG",216,189,27,216
"2940","07_report/CpG_context_sampling_673_940_trimmed_bismark_bt2.CpG",199,160,39,199
"2941","07_report/CpG_context_sampling_673_941_trimmed_bismark_bt2.CpG",220,191,29,220
"2942","07_report/CpG_context_sampling_673_942_trimmed_bismark_bt2.CpG",218,190,28,218
"2943","07_report/CpG_context_sampling_673_943_trimmed_bismark_bt2.CpG",224,186,38,224
"2944","07_report/CpG_context_sampling_673_944_trimmed_bismark_bt2.CpG",218,182,36,218
"2945","07_report/CpG_context_sampling_673_945_trimmed_bismark_bt2.CpG",214,177,37,214
"2946","07_report/CpG_context_sampling_673_946_trimmed_bismark_bt2.CpG",213,188,25,213
"2947","07_report/CpG_context_sampling_673_947_trimmed_bismark_bt2.CpG",222,185,37,222
"2948","07_report/CpG_context_sampling_673_948_trimmed_bismark_bt2.CpG",212,182,30,212
"2949","07_report/CpG_context_sampling_673_949_trimmed_bismark_bt2.CpG",205,172,33,205
"2950","07_report/CpG_context_sampling_673_950_trimmed_bismark_bt2.CpG",212,182,30,212
"2951","07_report/CpG_context_sampling_673_951_trimmed_bismark_bt2.CpG",227,192,35,227
"2952","07_report/CpG_context_sampling_673_952_trimmed_bismark_bt2.CpG",237,196,41,237
"2953","07_report/CpG_context_sampling_673_953_trimmed_bismark_bt2.CpG",216,173,43,216
"2954","07_report/CpG_context_sampling_673_954_trimmed_bismark_bt2.CpG",217,171,46,217
"2955","07_report/CpG_context_sampling_673_955_trimmed_bismark_bt2.CpG",213,181,32,213
"2956","07_report/CpG_context_sampling_673_956_trimmed_bismark_bt2.CpG",224,186,38,224
"2957","07_report/CpG_context_sampling_673_957_trimmed_bismark_bt2.CpG",208,174,34,208
"2958","07_report/CpG_context_sampling_673_958_trimmed_bismark_bt2.CpG",220,178,42,220
"2959","07_report/CpG_context_sampling_673_959_trimmed_bismark_bt2.CpG",203,169,34,203
"2960","07_report/CpG_context_sampling_673_960_trimmed_bismark_bt2.CpG",249,208,41,249
"2961","07_report/CpG_context_sampling_673_961_trimmed_bismark_bt2.CpG",219,187,32,219
"2962","07_report/CpG_context_sampling_673_962_trimmed_bismark_bt2.CpG",244,209,35,244
"2963","07_report/CpG_context_sampling_673_963_trimmed_bismark_bt2.CpG",201,170,31,201
"2964","07_report/CpG_context_sampling_673_964_trimmed_bismark_bt2.CpG",217,184,33,217
"2965","07_report/CpG_context_sampling_673_965_trimmed_bismark_bt2.CpG",218,188,30,218
"2966","07_report/CpG_context_sampling_673_966_trimmed_bismark_bt2.CpG",226,193,33,226
"2967","07_report/CpG_context_sampling_673_967_trimmed_bismark_bt2.CpG",208,170,38,208
"2968","07_report/CpG_context_sampling_673_968_trimmed_bismark_bt2.CpG",206,173,33,206
"2969","07_report/CpG_context_sampling_673_969_trimmed_bismark_bt2.CpG",228,197,31,228
"2970","07_report/CpG_context_sampling_673_970_trimmed_bismark_bt2.CpG",214,172,42,214
"2971","07_report/CpG_context_sampling_673_971_trimmed_bismark_bt2.CpG",210,164,46,210
"2972","07_report/CpG_context_sampling_673_972_trimmed_bismark_bt2.CpG",202,168,34,202
"2973","07_report/CpG_context_sampling_673_973_trimmed_bismark_bt2.CpG",233,186,47,233
"2974","07_report/CpG_context_sampling_673_974_trimmed_bismark_bt2.CpG",219,171,48,219
"2975","07_report/CpG_context_sampling_673_975_trimmed_bismark_bt2.CpG",221,186,35,221
"2976","07_report/CpG_context_sampling_673_976_trimmed_bismark_bt2.CpG",212,179,33,212
"2977","07_report/CpG_context_sampling_673_977_trimmed_bismark_bt2.CpG",221,189,32,221
"2978","07_report/CpG_context_sampling_673_978_trimmed_bismark_bt2.CpG",224,188,36,224
"2979","07_report/CpG_context_sampling_673_979_trimmed_bismark_bt2.CpG",226,192,34,226
"2980","07_report/CpG_context_sampling_673_980_trimmed_bismark_bt2.CpG",216,173,43,216
"2981","07_report/CpG_context_sampling_673_981_trimmed_bismark_bt2.CpG",225,186,39,225
"2982","07_report/CpG_context_sampling_673_982_trimmed_bismark_bt2.CpG",210,183,27,210
"2983","07_report/CpG_context_sampling_673_983_trimmed_bismark_bt2.CpG",204,163,41,204
"2984","07_report/CpG_context_sampling_673_984_trimmed_bismark_bt2.CpG",226,189,37,226
"2985","07_report/CpG_context_sampling_673_985_trimmed_bismark_bt2.CpG",223,185,38,223
"2986","07_report/CpG_context_sampling_673_986_trimmed_bismark_bt2.CpG",211,167,44,211
"2987","07_report/CpG_context_sampling_673_987_trimmed_bismark_bt2.CpG",199,161,38,199
"2988","07_report/CpG_context_sampling_673_988_trimmed_bismark_bt2.CpG",229,201,28,229
"2989","07_report/CpG_context_sampling_673_989_trimmed_bismark_bt2.CpG",227,190,37,227
"2990","07_report/CpG_context_sampling_673_990_trimmed_bismark_bt2.CpG",212,170,42,212
"2991","07_report/CpG_context_sampling_673_991_trimmed_bismark_bt2.CpG",231,186,45,231
"2992","07_report/CpG_context_sampling_673_992_trimmed_bismark_bt2.CpG",218,182,36,218
"2993","07_report/CpG_context_sampling_673_993_trimmed_bismark_bt2.CpG",229,196,33,229
"2994","07_report/CpG_context_sampling_673_994_trimmed_bismark_bt2.CpG",228,183,45,228
"2995","07_report/CpG_context_sampling_673_995_trimmed_bismark_bt2.CpG",240,200,40,240
"2996","07_report/CpG_context_sampling_673_996_trimmed_bismark_bt2.CpG",214,169,45,214
"2997","07_report/CpG_context_sampling_673_997_trimmed_bismark_bt2.CpG",226,185,41,226
"2998","07_report/CpG_context_sampling_673_998_trimmed_bismark_bt2.CpG",230,187,43,230
"2999","07_report/CpG_context_sampling_673_999_trimmed_bismark_bt2.CpG",213,177,36,213
"3000","07_report/CpG_context_sampling_673_1000_trimmed_bismark_bt2.CpG",200,163,37,200
"3001","07_report/CpG_context_sampling_943_1_trimmed_bismark_bt2.CpG",315,264,51,315
"3002","07_report/CpG_context_sampling_943_2_trimmed_bismark_bt2.CpG",281,232,49,281
"3003","07_report/CpG_context_sampling_943_3_trimmed_bismark_bt2.CpG",292,246,46,292
"3004","07_report/CpG_context_sampling_943_4_trimmed_bismark_bt2.CpG",328,266,62,328
"3005","07_report/CpG_context_sampling_943_5_trimmed_bismark_bt2.CpG",279,233,46,279
"3006","07_report/CpG_context_sampling_943_6_trimmed_bismark_bt2.CpG",305,248,57,305
"3007","07_report/CpG_context_sampling_943_7_trimmed_bismark_bt2.CpG",301,249,52,301
"3008","07_report/CpG_context_sampling_943_8_trimmed_bismark_bt2.CpG",298,243,55,298
"3009","07_report/CpG_context_sampling_943_9_trimmed_bismark_bt2.CpG",312,255,57,312
"3010","07_report/CpG_context_sampling_943_10_trimmed_bismark_bt2.CpG",325,279,46,325
"3011","07_report/CpG_context_sampling_943_11_trimmed_bismark_bt2.CpG",322,274,48,322
"3012","07_report/CpG_context_sampling_943_12_trimmed_bismark_bt2.CpG",319,264,55,319
"3013","07_report/CpG_context_sampling_943_13_trimmed_bismark_bt2.CpG",295,244,51,295
"3014","07_report/CpG_context_sampling_943_14_trimmed_bismark_bt2.CpG",315,266,49,315
"3015","07_report/CpG_context_sampling_943_15_trimmed_bismark_bt2.CpG",320,261,59,320
"3016","07_report/CpG_context_sampling_943_16_trimmed_bismark_bt2.CpG",311,256,55,311
"3017","07_report/CpG_context_sampling_943_17_trimmed_bismark_bt2.CpG",292,237,55,292
"3018","07_report/CpG_context_sampling_943_18_trimmed_bismark_bt2.CpG",306,267,39,306
"3019","07_report/CpG_context_sampling_943_19_trimmed_bismark_bt2.CpG",311,258,53,311
"3020","07_report/CpG_context_sampling_943_20_trimmed_bismark_bt2.CpG",322,260,62,322
"3021","07_report/CpG_context_sampling_943_21_trimmed_bismark_bt2.CpG",315,262,53,315
"3022","07_report/CpG_context_sampling_943_22_trimmed_bismark_bt2.CpG",320,273,47,320
"3023","07_report/CpG_context_sampling_943_23_trimmed_bismark_bt2.CpG",303,250,53,303
"3024","07_report/CpG_context_sampling_943_24_trimmed_bismark_bt2.CpG",299,242,57,299
"3025","07_report/CpG_context_sampling_943_25_trimmed_bismark_bt2.CpG",313,271,42,313
"3026","07_report/CpG_context_sampling_943_26_trimmed_bismark_bt2.CpG",312,267,45,312
"3027","07_report/CpG_context_sampling_943_27_trimmed_bismark_bt2.CpG",300,249,51,300
"3028","07_report/CpG_context_sampling_943_28_trimmed_bismark_bt2.CpG",310,263,47,310
"3029","07_report/CpG_context_sampling_943_29_trimmed_bismark_bt2.CpG",305,247,58,305
"3030","07_report/CpG_context_sampling_943_30_trimmed_bismark_bt2.CpG",291,245,46,291
"3031","07_report/CpG_context_sampling_943_31_trimmed_bismark_bt2.CpG",287,228,59,287
"3032","07_report/CpG_context_sampling_943_32_trimmed_bismark_bt2.CpG",316,264,52,316
"3033","07_report/CpG_context_sampling_943_33_trimmed_bismark_bt2.CpG",281,239,42,281
"3034","07_report/CpG_context_sampling_943_34_trimmed_bismark_bt2.CpG",274,209,65,274
"3035","07_report/CpG_context_sampling_943_35_trimmed_bismark_bt2.CpG",321,264,57,321
"3036","07_report/CpG_context_sampling_943_36_trimmed_bismark_bt2.CpG",324,264,60,324
"3037","07_report/CpG_context_sampling_943_37_trimmed_bismark_bt2.CpG",310,250,60,310
"3038","07_report/CpG_context_sampling_943_38_trimmed_bismark_bt2.CpG",315,254,61,315
"3039","07_report/CpG_context_sampling_943_39_trimmed_bismark_bt2.CpG",296,247,49,296
"3040","07_report/CpG_context_sampling_943_40_trimmed_bismark_bt2.CpG",285,231,54,285
"3041","07_report/CpG_context_sampling_943_41_trimmed_bismark_bt2.CpG",311,263,48,311
"3042","07_report/CpG_context_sampling_943_42_trimmed_bismark_bt2.CpG",298,253,45,298
"3043","07_report/CpG_context_sampling_943_43_trimmed_bismark_bt2.CpG",296,240,56,296
"3044","07_report/CpG_context_sampling_943_44_trimmed_bismark_bt2.CpG",313,267,46,313
"3045","07_report/CpG_context_sampling_943_45_trimmed_bismark_bt2.CpG",293,253,40,293
"3046","07_report/CpG_context_sampling_943_46_trimmed_bismark_bt2.CpG",323,269,54,323
"3047","07_report/CpG_context_sampling_943_47_trimmed_bismark_bt2.CpG",296,249,47,296
"3048","07_report/CpG_context_sampling_943_48_trimmed_bismark_bt2.CpG",303,255,48,303
"3049","07_report/CpG_context_sampling_943_49_trimmed_bismark_bt2.CpG",306,245,61,306
"3050","07_report/CpG_context_sampling_943_50_trimmed_bismark_bt2.CpG",317,267,50,317
"3051","07_report/CpG_context_sampling_943_51_trimmed_bismark_bt2.CpG",319,276,43,319
"3052","07_report/CpG_context_sampling_943_52_trimmed_bismark_bt2.CpG",300,250,50,300
"3053","07_report/CpG_context_sampling_943_53_trimmed_bismark_bt2.CpG",308,258,50,308
"3054","07_report/CpG_context_sampling_943_54_trimmed_bismark_bt2.CpG",306,244,62,306
"3055","07_report/CpG_context_sampling_943_55_trimmed_bismark_bt2.CpG",323,280,43,323
"3056","07_report/CpG_context_sampling_943_56_trimmed_bismark_bt2.CpG",283,235,48,283
"3057","07_report/CpG_context_sampling_943_57_trimmed_bismark_bt2.CpG",305,247,58,305
"3058","07_report/CpG_context_sampling_943_58_trimmed_bismark_bt2.CpG",306,259,47,306
"3059","07_report/CpG_context_sampling_943_59_trimmed_bismark_bt2.CpG",319,268,51,319
"3060","07_report/CpG_context_sampling_943_60_trimmed_bismark_bt2.CpG",307,275,32,307
"3061","07_report/CpG_context_sampling_943_61_trimmed_bismark_bt2.CpG",303,249,54,303
"3062","07_report/CpG_context_sampling_943_62_trimmed_bismark_bt2.CpG",291,234,57,291
"3063","07_report/CpG_context_sampling_943_63_trimmed_bismark_bt2.CpG",312,253,59,312
"3064","07_report/CpG_context_sampling_943_64_trimmed_bismark_bt2.CpG",328,274,54,328
"3065","07_report/CpG_context_sampling_943_65_trimmed_bismark_bt2.CpG",311,253,58,311
"3066","07_report/CpG_context_sampling_943_66_trimmed_bismark_bt2.CpG",307,255,52,307
"3067","07_report/CpG_context_sampling_943_67_trimmed_bismark_bt2.CpG",295,240,55,295
"3068","07_report/CpG_context_sampling_943_68_trimmed_bismark_bt2.CpG",291,234,57,291
"3069","07_report/CpG_context_sampling_943_69_trimmed_bismark_bt2.CpG",302,252,50,302
"3070","07_report/CpG_context_sampling_943_70_trimmed_bismark_bt2.CpG",300,239,61,300
"3071","07_report/CpG_context_sampling_943_71_trimmed_bismark_bt2.CpG",290,251,39,290
"3072","07_report/CpG_context_sampling_943_72_trimmed_bismark_bt2.CpG",303,263,40,303
"3073","07_report/CpG_context_sampling_943_73_trimmed_bismark_bt2.CpG",293,229,64,293
"3074","07_report/CpG_context_sampling_943_74_trimmed_bismark_bt2.CpG",313,271,42,313
"3075","07_report/CpG_context_sampling_943_75_trimmed_bismark_bt2.CpG",305,258,47,305
"3076","07_report/CpG_context_sampling_943_76_trimmed_bismark_bt2.CpG",321,271,50,321
"3077","07_report/CpG_context_sampling_943_77_trimmed_bismark_bt2.CpG",295,249,46,295
"3078","07_report/CpG_context_sampling_943_78_trimmed_bismark_bt2.CpG",289,229,60,289
"3079","07_report/CpG_context_sampling_943_79_trimmed_bismark_bt2.CpG",316,249,67,316
"3080","07_report/CpG_context_sampling_943_80_trimmed_bismark_bt2.CpG",298,245,53,298
"3081","07_report/CpG_context_sampling_943_81_trimmed_bismark_bt2.CpG",306,247,59,306
"3082","07_report/CpG_context_sampling_943_82_trimmed_bismark_bt2.CpG",329,274,55,329
"3083","07_report/CpG_context_sampling_943_83_trimmed_bismark_bt2.CpG",303,251,52,303
"3084","07_report/CpG_context_sampling_943_84_trimmed_bismark_bt2.CpG",327,263,64,327
"3085","07_report/CpG_context_sampling_943_85_trimmed_bismark_bt2.CpG",289,248,41,289
"3086","07_report/CpG_context_sampling_943_86_trimmed_bismark_bt2.CpG",317,269,48,317
"3087","07_report/CpG_context_sampling_943_87_trimmed_bismark_bt2.CpG",311,253,58,311
"3088","07_report/CpG_context_sampling_943_88_trimmed_bismark_bt2.CpG",319,254,65,319
"3089","07_report/CpG_context_sampling_943_89_trimmed_bismark_bt2.CpG",334,277,57,334
"3090","07_report/CpG_context_sampling_943_90_trimmed_bismark_bt2.CpG",311,259,52,311
"3091","07_report/CpG_context_sampling_943_91_trimmed_bismark_bt2.CpG",310,243,67,310
"3092","07_report/CpG_context_sampling_943_92_trimmed_bismark_bt2.CpG",290,235,55,290
"3093","07_report/CpG_context_sampling_943_93_trimmed_bismark_bt2.CpG",298,245,53,298
"3094","07_report/CpG_context_sampling_943_94_trimmed_bismark_bt2.CpG",331,276,55,331
"3095","07_report/CpG_context_sampling_943_95_trimmed_bismark_bt2.CpG",303,253,50,303
"3096","07_report/CpG_context_sampling_943_96_trimmed_bismark_bt2.CpG",287,238,49,287
"3097","07_report/CpG_context_sampling_943_97_trimmed_bismark_bt2.CpG",307,256,51,307
"3098","07_report/CpG_context_sampling_943_98_trimmed_bismark_bt2.CpG",305,250,55,305
"3099","07_report/CpG_context_sampling_943_99_trimmed_bismark_bt2.CpG",287,240,47,287
"3100","07_report/CpG_context_sampling_943_100_trimmed_bismark_bt2.CpG",292,253,39,292
"3101","07_report/CpG_context_sampling_943_101_trimmed_bismark_bt2.CpG",286,242,44,286
"3102","07_report/CpG_context_sampling_943_102_trimmed_bismark_bt2.CpG",319,270,49,319
"3103","07_report/CpG_context_sampling_943_103_trimmed_bismark_bt2.CpG",292,243,49,292
"3104","07_report/CpG_context_sampling_943_104_trimmed_bismark_bt2.CpG",310,259,51,310
"3105","07_report/CpG_context_sampling_943_105_trimmed_bismark_bt2.CpG",315,262,53,315
"3106","07_report/CpG_context_sampling_943_106_trimmed_bismark_bt2.CpG",291,239,52,291
"3107","07_report/CpG_context_sampling_943_107_trimmed_bismark_bt2.CpG",343,289,54,343
"3108","07_report/CpG_context_sampling_943_108_trimmed_bismark_bt2.CpG",293,251,42,293
"3109","07_report/CpG_context_sampling_943_109_trimmed_bismark_bt2.CpG",290,247,43,290
"3110","07_report/CpG_context_sampling_943_110_trimmed_bismark_bt2.CpG",298,253,45,298
"3111","07_report/CpG_context_sampling_943_111_trimmed_bismark_bt2.CpG",326,275,51,326
"3112","07_report/CpG_context_sampling_943_112_trimmed_bismark_bt2.CpG",321,270,51,321
"3113","07_report/CpG_context_sampling_943_113_trimmed_bismark_bt2.CpG",304,250,54,304
"3114","07_report/CpG_context_sampling_943_114_trimmed_bismark_bt2.CpG",313,255,58,313
"3115","07_report/CpG_context_sampling_943_115_trimmed_bismark_bt2.CpG",310,260,50,310
"3116","07_report/CpG_context_sampling_943_116_trimmed_bismark_bt2.CpG",312,266,46,312
"3117","07_report/CpG_context_sampling_943_117_trimmed_bismark_bt2.CpG",285,231,54,285
"3118","07_report/CpG_context_sampling_943_118_trimmed_bismark_bt2.CpG",303,250,53,303
"3119","07_report/CpG_context_sampling_943_119_trimmed_bismark_bt2.CpG",306,250,56,306
"3120","07_report/CpG_context_sampling_943_120_trimmed_bismark_bt2.CpG",314,264,50,314
"3121","07_report/CpG_context_sampling_943_121_trimmed_bismark_bt2.CpG",294,243,51,294
"3122","07_report/CpG_context_sampling_943_122_trimmed_bismark_bt2.CpG",290,244,46,290
"3123","07_report/CpG_context_sampling_943_123_trimmed_bismark_bt2.CpG",323,259,64,323
"3124","07_report/CpG_context_sampling_943_124_trimmed_bismark_bt2.CpG",308,255,53,308
"3125","07_report/CpG_context_sampling_943_125_trimmed_bismark_bt2.CpG",326,270,56,326
"3126","07_report/CpG_context_sampling_943_126_trimmed_bismark_bt2.CpG",310,256,54,310
"3127","07_report/CpG_context_sampling_943_127_trimmed_bismark_bt2.CpG",317,264,53,317
"3128","07_report/CpG_context_sampling_943_128_trimmed_bismark_bt2.CpG",325,272,53,325
"3129","07_report/CpG_context_sampling_943_129_trimmed_bismark_bt2.CpG",288,230,58,288
"3130","07_report/CpG_context_sampling_943_130_trimmed_bismark_bt2.CpG",318,264,54,318
"3131","07_report/CpG_context_sampling_943_131_trimmed_bismark_bt2.CpG",309,258,51,309
"3132","07_report/CpG_context_sampling_943_132_trimmed_bismark_bt2.CpG",285,237,48,285
"3133","07_report/CpG_context_sampling_943_133_trimmed_bismark_bt2.CpG",306,253,53,306
"3134","07_report/CpG_context_sampling_943_134_trimmed_bismark_bt2.CpG",304,249,55,304
"3135","07_report/CpG_context_sampling_943_135_trimmed_bismark_bt2.CpG",325,266,59,325
"3136","07_report/CpG_context_sampling_943_136_trimmed_bismark_bt2.CpG",323,270,53,323
"3137","07_report/CpG_context_sampling_943_137_trimmed_bismark_bt2.CpG",318,257,61,318
"3138","07_report/CpG_context_sampling_943_138_trimmed_bismark_bt2.CpG",303,258,45,303
"3139","07_report/CpG_context_sampling_943_139_trimmed_bismark_bt2.CpG",299,234,65,299
"3140","07_report/CpG_context_sampling_943_140_trimmed_bismark_bt2.CpG",312,252,60,312
"3141","07_report/CpG_context_sampling_943_141_trimmed_bismark_bt2.CpG",291,239,52,291
"3142","07_report/CpG_context_sampling_943_142_trimmed_bismark_bt2.CpG",327,276,51,327
"3143","07_report/CpG_context_sampling_943_143_trimmed_bismark_bt2.CpG",305,248,57,305
"3144","07_report/CpG_context_sampling_943_144_trimmed_bismark_bt2.CpG",299,248,51,299
"3145","07_report/CpG_context_sampling_943_145_trimmed_bismark_bt2.CpG",310,254,56,310
"3146","07_report/CpG_context_sampling_943_146_trimmed_bismark_bt2.CpG",294,250,44,294
"3147","07_report/CpG_context_sampling_943_147_trimmed_bismark_bt2.CpG",294,249,45,294
"3148","07_report/CpG_context_sampling_943_148_trimmed_bismark_bt2.CpG",337,272,65,337
"3149","07_report/CpG_context_sampling_943_149_trimmed_bismark_bt2.CpG",300,256,44,300
"3150","07_report/CpG_context_sampling_943_150_trimmed_bismark_bt2.CpG",303,264,39,303
"3151","07_report/CpG_context_sampling_943_151_trimmed_bismark_bt2.CpG",300,256,44,300
"3152","07_report/CpG_context_sampling_943_152_trimmed_bismark_bt2.CpG",299,249,50,299
"3153","07_report/CpG_context_sampling_943_153_trimmed_bismark_bt2.CpG",325,263,62,325
"3154","07_report/CpG_context_sampling_943_154_trimmed_bismark_bt2.CpG",311,260,51,311
"3155","07_report/CpG_context_sampling_943_155_trimmed_bismark_bt2.CpG",276,222,54,276
"3156","07_report/CpG_context_sampling_943_156_trimmed_bismark_bt2.CpG",314,254,60,314
"3157","07_report/CpG_context_sampling_943_157_trimmed_bismark_bt2.CpG",313,254,59,313
"3158","07_report/CpG_context_sampling_943_158_trimmed_bismark_bt2.CpG",289,245,44,289
"3159","07_report/CpG_context_sampling_943_159_trimmed_bismark_bt2.CpG",303,256,47,303
"3160","07_report/CpG_context_sampling_943_160_trimmed_bismark_bt2.CpG",293,241,52,293
"3161","07_report/CpG_context_sampling_943_161_trimmed_bismark_bt2.CpG",317,253,64,317
"3162","07_report/CpG_context_sampling_943_162_trimmed_bismark_bt2.CpG",304,255,49,304
"3163","07_report/CpG_context_sampling_943_163_trimmed_bismark_bt2.CpG",276,242,34,276
"3164","07_report/CpG_context_sampling_943_164_trimmed_bismark_bt2.CpG",286,245,41,286
"3165","07_report/CpG_context_sampling_943_165_trimmed_bismark_bt2.CpG",318,264,54,318
"3166","07_report/CpG_context_sampling_943_166_trimmed_bismark_bt2.CpG",300,253,47,300
"3167","07_report/CpG_context_sampling_943_167_trimmed_bismark_bt2.CpG",300,251,49,300
"3168","07_report/CpG_context_sampling_943_168_trimmed_bismark_bt2.CpG",281,236,45,281
"3169","07_report/CpG_context_sampling_943_169_trimmed_bismark_bt2.CpG",295,247,48,295
"3170","07_report/CpG_context_sampling_943_170_trimmed_bismark_bt2.CpG",313,269,44,313
"3171","07_report/CpG_context_sampling_943_171_trimmed_bismark_bt2.CpG",341,291,50,341
"3172","07_report/CpG_context_sampling_943_172_trimmed_bismark_bt2.CpG",334,273,61,334
"3173","07_report/CpG_context_sampling_943_173_trimmed_bismark_bt2.CpG",302,252,50,302
"3174","07_report/CpG_context_sampling_943_174_trimmed_bismark_bt2.CpG",293,233,60,293
"3175","07_report/CpG_context_sampling_943_175_trimmed_bismark_bt2.CpG",275,236,39,275
"3176","07_report/CpG_context_sampling_943_176_trimmed_bismark_bt2.CpG",292,251,41,292
"3177","07_report/CpG_context_sampling_943_177_trimmed_bismark_bt2.CpG",305,256,49,305
"3178","07_report/CpG_context_sampling_943_178_trimmed_bismark_bt2.CpG",304,250,54,304
"3179","07_report/CpG_context_sampling_943_179_trimmed_bismark_bt2.CpG",315,265,50,315
"3180","07_report/CpG_context_sampling_943_180_trimmed_bismark_bt2.CpG",295,254,41,295
"3181","07_report/CpG_context_sampling_943_181_trimmed_bismark_bt2.CpG",326,266,60,326
"3182","07_report/CpG_context_sampling_943_182_trimmed_bismark_bt2.CpG",300,253,47,300
"3183","07_report/CpG_context_sampling_943_183_trimmed_bismark_bt2.CpG",302,253,49,302
"3184","07_report/CpG_context_sampling_943_184_trimmed_bismark_bt2.CpG",301,242,59,301
"3185","07_report/CpG_context_sampling_943_185_trimmed_bismark_bt2.CpG",335,273,62,335
"3186","07_report/CpG_context_sampling_943_186_trimmed_bismark_bt2.CpG",306,238,68,306
"3187","07_report/CpG_context_sampling_943_187_trimmed_bismark_bt2.CpG",306,257,49,306
"3188","07_report/CpG_context_sampling_943_188_trimmed_bismark_bt2.CpG",287,230,57,287
"3189","07_report/CpG_context_sampling_943_189_trimmed_bismark_bt2.CpG",316,260,56,316
"3190","07_report/CpG_context_sampling_943_190_trimmed_bismark_bt2.CpG",312,267,45,312
"3191","07_report/CpG_context_sampling_943_191_trimmed_bismark_bt2.CpG",304,257,47,304
"3192","07_report/CpG_context_sampling_943_192_trimmed_bismark_bt2.CpG",301,249,52,301
"3193","07_report/CpG_context_sampling_943_193_trimmed_bismark_bt2.CpG",306,258,48,306
"3194","07_report/CpG_context_sampling_943_194_trimmed_bismark_bt2.CpG",317,264,53,317
"3195","07_report/CpG_context_sampling_943_195_trimmed_bismark_bt2.CpG",299,246,53,299
"3196","07_report/CpG_context_sampling_943_196_trimmed_bismark_bt2.CpG",309,262,47,309
"3197","07_report/CpG_context_sampling_943_197_trimmed_bismark_bt2.CpG",316,264,52,316
"3198","07_report/CpG_context_sampling_943_198_trimmed_bismark_bt2.CpG",284,241,43,284
"3199","07_report/CpG_context_sampling_943_199_trimmed_bismark_bt2.CpG",304,252,52,304
"3200","07_report/CpG_context_sampling_943_200_trimmed_bismark_bt2.CpG",311,268,43,311
"3201","07_report/CpG_context_sampling_943_201_trimmed_bismark_bt2.CpG",299,244,55,299
"3202","07_report/CpG_context_sampling_943_202_trimmed_bismark_bt2.CpG",293,250,43,293
"3203","07_report/CpG_context_sampling_943_203_trimmed_bismark_bt2.CpG",297,242,55,297
"3204","07_report/CpG_context_sampling_943_204_trimmed_bismark_bt2.CpG",278,232,46,278
"3205","07_report/CpG_context_sampling_943_205_trimmed_bismark_bt2.CpG",292,250,42,292
"3206","07_report/CpG_context_sampling_943_206_trimmed_bismark_bt2.CpG",283,227,56,283
"3207","07_report/CpG_context_sampling_943_207_trimmed_bismark_bt2.CpG",312,248,64,312
"3208","07_report/CpG_context_sampling_943_208_trimmed_bismark_bt2.CpG",305,259,46,305
"3209","07_report/CpG_context_sampling_943_209_trimmed_bismark_bt2.CpG",296,248,48,296
"3210","07_report/CpG_context_sampling_943_210_trimmed_bismark_bt2.CpG",318,258,60,318
"3211","07_report/CpG_context_sampling_943_211_trimmed_bismark_bt2.CpG",323,269,54,323
"3212","07_report/CpG_context_sampling_943_212_trimmed_bismark_bt2.CpG",302,251,51,302
"3213","07_report/CpG_context_sampling_943_213_trimmed_bismark_bt2.CpG",309,258,51,309
"3214","07_report/CpG_context_sampling_943_214_trimmed_bismark_bt2.CpG",294,242,52,294
"3215","07_report/CpG_context_sampling_943_215_trimmed_bismark_bt2.CpG",304,246,58,304
"3216","07_report/CpG_context_sampling_943_216_trimmed_bismark_bt2.CpG",293,244,49,293
"3217","07_report/CpG_context_sampling_943_217_trimmed_bismark_bt2.CpG",313,273,40,313
"3218","07_report/CpG_context_sampling_943_218_trimmed_bismark_bt2.CpG",291,246,45,291
"3219","07_report/CpG_context_sampling_943_219_trimmed_bismark_bt2.CpG",315,262,53,315
"3220","07_report/CpG_context_sampling_943_220_trimmed_bismark_bt2.CpG",298,250,48,298
"3221","07_report/CpG_context_sampling_943_221_trimmed_bismark_bt2.CpG",314,270,44,314
"3222","07_report/CpG_context_sampling_943_222_trimmed_bismark_bt2.CpG",304,246,58,304
"3223","07_report/CpG_context_sampling_943_223_trimmed_bismark_bt2.CpG",300,248,52,300
"3224","07_report/CpG_context_sampling_943_224_trimmed_bismark_bt2.CpG",297,243,54,297
"3225","07_report/CpG_context_sampling_943_225_trimmed_bismark_bt2.CpG",312,262,50,312
"3226","07_report/CpG_context_sampling_943_226_trimmed_bismark_bt2.CpG",327,265,62,327
"3227","07_report/CpG_context_sampling_943_227_trimmed_bismark_bt2.CpG",331,284,47,331
"3228","07_report/CpG_context_sampling_943_228_trimmed_bismark_bt2.CpG",313,251,62,313
"3229","07_report/CpG_context_sampling_943_229_trimmed_bismark_bt2.CpG",297,248,49,297
"3230","07_report/CpG_context_sampling_943_230_trimmed_bismark_bt2.CpG",317,260,57,317
"3231","07_report/CpG_context_sampling_943_231_trimmed_bismark_bt2.CpG",291,246,45,291
"3232","07_report/CpG_context_sampling_943_232_trimmed_bismark_bt2.CpG",313,263,50,313
"3233","07_report/CpG_context_sampling_943_233_trimmed_bismark_bt2.CpG",302,249,53,302
"3234","07_report/CpG_context_sampling_943_234_trimmed_bismark_bt2.CpG",330,281,49,330
"3235","07_report/CpG_context_sampling_943_235_trimmed_bismark_bt2.CpG",281,240,41,281
"3236","07_report/CpG_context_sampling_943_236_trimmed_bismark_bt2.CpG",299,236,63,299
"3237","07_report/CpG_context_sampling_943_237_trimmed_bismark_bt2.CpG",300,248,52,300
"3238","07_report/CpG_context_sampling_943_238_trimmed_bismark_bt2.CpG",317,264,53,317
"3239","07_report/CpG_context_sampling_943_239_trimmed_bismark_bt2.CpG",315,262,53,315
"3240","07_report/CpG_context_sampling_943_240_trimmed_bismark_bt2.CpG",324,267,57,324
"3241","07_report/CpG_context_sampling_943_241_trimmed_bismark_bt2.CpG",319,263,56,319
"3242","07_report/CpG_context_sampling_943_242_trimmed_bismark_bt2.CpG",306,251,55,306
"3243","07_report/CpG_context_sampling_943_243_trimmed_bismark_bt2.CpG",279,234,45,279
"3244","07_report/CpG_context_sampling_943_244_trimmed_bismark_bt2.CpG",295,246,49,295
"3245","07_report/CpG_context_sampling_943_245_trimmed_bismark_bt2.CpG",284,237,47,284
"3246","07_report/CpG_context_sampling_943_246_trimmed_bismark_bt2.CpG",294,237,57,294
"3247","07_report/CpG_context_sampling_943_247_trimmed_bismark_bt2.CpG",311,263,48,311
"3248","07_report/CpG_context_sampling_943_248_trimmed_bismark_bt2.CpG",299,249,50,299
"3249","07_report/CpG_context_sampling_943_249_trimmed_bismark_bt2.CpG",282,238,44,282
"3250","07_report/CpG_context_sampling_943_250_trimmed_bismark_bt2.CpG",315,260,55,315
"3251","07_report/CpG_context_sampling_943_251_trimmed_bismark_bt2.CpG",310,262,48,310
"3252","07_report/CpG_context_sampling_943_252_trimmed_bismark_bt2.CpG",321,269,52,321
"3253","07_report/CpG_context_sampling_943_253_trimmed_bismark_bt2.CpG",308,257,51,308
"3254","07_report/CpG_context_sampling_943_254_trimmed_bismark_bt2.CpG",321,277,44,321
"3255","07_report/CpG_context_sampling_943_255_trimmed_bismark_bt2.CpG",317,261,56,317
"3256","07_report/CpG_context_sampling_943_256_trimmed_bismark_bt2.CpG",305,259,46,305
"3257","07_report/CpG_context_sampling_943_257_trimmed_bismark_bt2.CpG",288,241,47,288
"3258","07_report/CpG_context_sampling_943_258_trimmed_bismark_bt2.CpG",308,255,53,308
"3259","07_report/CpG_context_sampling_943_259_trimmed_bismark_bt2.CpG",312,261,51,312
"3260","07_report/CpG_context_sampling_943_260_trimmed_bismark_bt2.CpG",309,272,37,309
"3261","07_report/CpG_context_sampling_943_261_trimmed_bismark_bt2.CpG",292,252,40,292
"3262","07_report/CpG_context_sampling_943_262_trimmed_bismark_bt2.CpG",304,263,41,304
"3263","07_report/CpG_context_sampling_943_263_trimmed_bismark_bt2.CpG",287,244,43,287
"3264","07_report/CpG_context_sampling_943_264_trimmed_bismark_bt2.CpG",308,260,48,308
"3265","07_report/CpG_context_sampling_943_265_trimmed_bismark_bt2.CpG",325,270,55,325
"3266","07_report/CpG_context_sampling_943_266_trimmed_bismark_bt2.CpG",279,241,38,279
"3267","07_report/CpG_context_sampling_943_267_trimmed_bismark_bt2.CpG",310,258,52,310
"3268","07_report/CpG_context_sampling_943_268_trimmed_bismark_bt2.CpG",322,275,47,322
"3269","07_report/CpG_context_sampling_943_269_trimmed_bismark_bt2.CpG",306,253,53,306
"3270","07_report/CpG_context_sampling_943_270_trimmed_bismark_bt2.CpG",296,246,50,296
"3271","07_report/CpG_context_sampling_943_271_trimmed_bismark_bt2.CpG",306,256,50,306
"3272","07_report/CpG_context_sampling_943_272_trimmed_bismark_bt2.CpG",293,249,44,293
"3273","07_report/CpG_context_sampling_943_273_trimmed_bismark_bt2.CpG",298,253,45,298
"3274","07_report/CpG_context_sampling_943_274_trimmed_bismark_bt2.CpG",277,215,62,277
"3275","07_report/CpG_context_sampling_943_275_trimmed_bismark_bt2.CpG",326,259,67,326
"3276","07_report/CpG_context_sampling_943_276_trimmed_bismark_bt2.CpG",312,266,46,312
"3277","07_report/CpG_context_sampling_943_277_trimmed_bismark_bt2.CpG",312,255,57,312
"3278","07_report/CpG_context_sampling_943_278_trimmed_bismark_bt2.CpG",318,270,48,318
"3279","07_report/CpG_context_sampling_943_279_trimmed_bismark_bt2.CpG",317,265,52,317
"3280","07_report/CpG_context_sampling_943_280_trimmed_bismark_bt2.CpG",309,261,48,309
"3281","07_report/CpG_context_sampling_943_281_trimmed_bismark_bt2.CpG",322,261,61,322
"3282","07_report/CpG_context_sampling_943_282_trimmed_bismark_bt2.CpG",301,247,54,301
"3283","07_report/CpG_context_sampling_943_283_trimmed_bismark_bt2.CpG",320,259,61,320
"3284","07_report/CpG_context_sampling_943_284_trimmed_bismark_bt2.CpG",289,230,59,289
"3285","07_report/CpG_context_sampling_943_285_trimmed_bismark_bt2.CpG",301,256,45,301
"3286","07_report/CpG_context_sampling_943_286_trimmed_bismark_bt2.CpG",313,264,49,313
"3287","07_report/CpG_context_sampling_943_287_trimmed_bismark_bt2.CpG",301,246,55,301
"3288","07_report/CpG_context_sampling_943_288_trimmed_bismark_bt2.CpG",312,257,55,312
"3289","07_report/CpG_context_sampling_943_289_trimmed_bismark_bt2.CpG",268,214,54,268
"3290","07_report/CpG_context_sampling_943_290_trimmed_bismark_bt2.CpG",324,264,60,324
"3291","07_report/CpG_context_sampling_943_291_trimmed_bismark_bt2.CpG",285,235,50,285
"3292","07_report/CpG_context_sampling_943_292_trimmed_bismark_bt2.CpG",341,281,60,341
"3293","07_report/CpG_context_sampling_943_293_trimmed_bismark_bt2.CpG",283,244,39,283
"3294","07_report/CpG_context_sampling_943_294_trimmed_bismark_bt2.CpG",306,254,52,306
"3295","07_report/CpG_context_sampling_943_295_trimmed_bismark_bt2.CpG",317,266,51,317
"3296","07_report/CpG_context_sampling_943_296_trimmed_bismark_bt2.CpG",292,245,47,292
"3297","07_report/CpG_context_sampling_943_297_trimmed_bismark_bt2.CpG",298,250,48,298
"3298","07_report/CpG_context_sampling_943_298_trimmed_bismark_bt2.CpG",313,249,64,313
"3299","07_report/CpG_context_sampling_943_299_trimmed_bismark_bt2.CpG",302,253,49,302
"3300","07_report/CpG_context_sampling_943_300_trimmed_bismark_bt2.CpG",305,250,55,305
"3301","07_report/CpG_context_sampling_943_301_trimmed_bismark_bt2.CpG",321,261,60,321
"3302","07_report/CpG_context_sampling_943_302_trimmed_bismark_bt2.CpG",294,245,49,294
"3303","07_report/CpG_context_sampling_943_303_trimmed_bismark_bt2.CpG",292,237,55,292
"3304","07_report/CpG_context_sampling_943_304_trimmed_bismark_bt2.CpG",344,299,45,344
"3305","07_report/CpG_context_sampling_943_305_trimmed_bismark_bt2.CpG",337,280,57,337
"3306","07_report/CpG_context_sampling_943_306_trimmed_bismark_bt2.CpG",325,259,66,325
"3307","07_report/CpG_context_sampling_943_307_trimmed_bismark_bt2.CpG",339,289,50,339
"3308","07_report/CpG_context_sampling_943_308_trimmed_bismark_bt2.CpG",293,240,53,293
"3309","07_report/CpG_context_sampling_943_309_trimmed_bismark_bt2.CpG",316,257,59,316
"3310","07_report/CpG_context_sampling_943_310_trimmed_bismark_bt2.CpG",278,229,49,278
"3311","07_report/CpG_context_sampling_943_311_trimmed_bismark_bt2.CpG",290,237,53,290
"3312","07_report/CpG_context_sampling_943_312_trimmed_bismark_bt2.CpG",307,256,51,307
"3313","07_report/CpG_context_sampling_943_313_trimmed_bismark_bt2.CpG",313,256,57,313
"3314","07_report/CpG_context_sampling_943_314_trimmed_bismark_bt2.CpG",284,242,42,284
"3315","07_report/CpG_context_sampling_943_315_trimmed_bismark_bt2.CpG",315,264,51,315
"3316","07_report/CpG_context_sampling_943_316_trimmed_bismark_bt2.CpG",283,238,45,283
"3317","07_report/CpG_context_sampling_943_317_trimmed_bismark_bt2.CpG",325,270,55,325
"3318","07_report/CpG_context_sampling_943_318_trimmed_bismark_bt2.CpG",294,245,49,294
"3319","07_report/CpG_context_sampling_943_319_trimmed_bismark_bt2.CpG",299,250,49,299
"3320","07_report/CpG_context_sampling_943_320_trimmed_bismark_bt2.CpG",317,261,56,317
"3321","07_report/CpG_context_sampling_943_321_trimmed_bismark_bt2.CpG",283,229,54,283
"3322","07_report/CpG_context_sampling_943_322_trimmed_bismark_bt2.CpG",304,251,53,304
"3323","07_report/CpG_context_sampling_943_323_trimmed_bismark_bt2.CpG",298,247,51,298
"3324","07_report/CpG_context_sampling_943_324_trimmed_bismark_bt2.CpG",310,263,47,310
"3325","07_report/CpG_context_sampling_943_325_trimmed_bismark_bt2.CpG",307,250,57,307
"3326","07_report/CpG_context_sampling_943_326_trimmed_bismark_bt2.CpG",284,229,55,284
"3327","07_report/CpG_context_sampling_943_327_trimmed_bismark_bt2.CpG",296,245,51,296
"3328","07_report/CpG_context_sampling_943_328_trimmed_bismark_bt2.CpG",282,224,58,282
"3329","07_report/CpG_context_sampling_943_329_trimmed_bismark_bt2.CpG",295,234,61,295
"3330","07_report/CpG_context_sampling_943_330_trimmed_bismark_bt2.CpG",313,261,52,313
"3331","07_report/CpG_context_sampling_943_331_trimmed_bismark_bt2.CpG",318,270,48,318
"3332","07_report/CpG_context_sampling_943_332_trimmed_bismark_bt2.CpG",289,230,59,289
"3333","07_report/CpG_context_sampling_943_333_trimmed_bismark_bt2.CpG",295,235,60,295
"3334","07_report/CpG_context_sampling_943_334_trimmed_bismark_bt2.CpG",314,245,69,314
"3335","07_report/CpG_context_sampling_943_335_trimmed_bismark_bt2.CpG",299,259,40,299
"3336","07_report/CpG_context_sampling_943_336_trimmed_bismark_bt2.CpG",285,231,54,285
"3337","07_report/CpG_context_sampling_943_337_trimmed_bismark_bt2.CpG",281,225,56,281
"3338","07_report/CpG_context_sampling_943_338_trimmed_bismark_bt2.CpG",294,253,41,294
"3339","07_report/CpG_context_sampling_943_339_trimmed_bismark_bt2.CpG",290,239,51,290
"3340","07_report/CpG_context_sampling_943_340_trimmed_bismark_bt2.CpG",320,269,51,320
"3341","07_report/CpG_context_sampling_943_341_trimmed_bismark_bt2.CpG",303,255,48,303
"3342","07_report/CpG_context_sampling_943_342_trimmed_bismark_bt2.CpG",302,247,55,302
"3343","07_report/CpG_context_sampling_943_343_trimmed_bismark_bt2.CpG",343,288,55,343
"3344","07_report/CpG_context_sampling_943_344_trimmed_bismark_bt2.CpG",302,250,52,302
"3345","07_report/CpG_context_sampling_943_345_trimmed_bismark_bt2.CpG",313,261,52,313
"3346","07_report/CpG_context_sampling_943_346_trimmed_bismark_bt2.CpG",314,272,42,314
"3347","07_report/CpG_context_sampling_943_347_trimmed_bismark_bt2.CpG",294,248,46,294
"3348","07_report/CpG_context_sampling_943_348_trimmed_bismark_bt2.CpG",290,234,56,290
"3349","07_report/CpG_context_sampling_943_349_trimmed_bismark_bt2.CpG",309,262,47,309
"3350","07_report/CpG_context_sampling_943_350_trimmed_bismark_bt2.CpG",295,248,47,295
"3351","07_report/CpG_context_sampling_943_351_trimmed_bismark_bt2.CpG",294,245,49,294
"3352","07_report/CpG_context_sampling_943_352_trimmed_bismark_bt2.CpG",329,274,55,329
"3353","07_report/CpG_context_sampling_943_353_trimmed_bismark_bt2.CpG",313,256,57,313
"3354","07_report/CpG_context_sampling_943_354_trimmed_bismark_bt2.CpG",299,251,48,299
"3355","07_report/CpG_context_sampling_943_355_trimmed_bismark_bt2.CpG",329,273,56,329
"3356","07_report/CpG_context_sampling_943_356_trimmed_bismark_bt2.CpG",302,266,36,302
"3357","07_report/CpG_context_sampling_943_357_trimmed_bismark_bt2.CpG",271,233,38,271
"3358","07_report/CpG_context_sampling_943_358_trimmed_bismark_bt2.CpG",288,239,49,288
"3359","07_report/CpG_context_sampling_943_359_trimmed_bismark_bt2.CpG",293,235,58,293
"3360","07_report/CpG_context_sampling_943_360_trimmed_bismark_bt2.CpG",297,250,47,297
"3361","07_report/CpG_context_sampling_943_361_trimmed_bismark_bt2.CpG",308,267,41,308
"3362","07_report/CpG_context_sampling_943_362_trimmed_bismark_bt2.CpG",297,247,50,297
"3363","07_report/CpG_context_sampling_943_363_trimmed_bismark_bt2.CpG",321,262,59,321
"3364","07_report/CpG_context_sampling_943_364_trimmed_bismark_bt2.CpG",306,243,63,306
"3365","07_report/CpG_context_sampling_943_365_trimmed_bismark_bt2.CpG",301,246,55,301
"3366","07_report/CpG_context_sampling_943_366_trimmed_bismark_bt2.CpG",306,247,59,306
"3367","07_report/CpG_context_sampling_943_367_trimmed_bismark_bt2.CpG",291,246,45,291
"3368","07_report/CpG_context_sampling_943_368_trimmed_bismark_bt2.CpG",316,261,55,316
"3369","07_report/CpG_context_sampling_943_369_trimmed_bismark_bt2.CpG",314,271,43,314
"3370","07_report/CpG_context_sampling_943_370_trimmed_bismark_bt2.CpG",285,237,48,285
"3371","07_report/CpG_context_sampling_943_371_trimmed_bismark_bt2.CpG",320,266,54,320
"3372","07_report/CpG_context_sampling_943_372_trimmed_bismark_bt2.CpG",312,251,61,312
"3373","07_report/CpG_context_sampling_943_373_trimmed_bismark_bt2.CpG",268,225,43,268
"3374","07_report/CpG_context_sampling_943_374_trimmed_bismark_bt2.CpG",296,247,49,296
"3375","07_report/CpG_context_sampling_943_375_trimmed_bismark_bt2.CpG",297,250,47,297
"3376","07_report/CpG_context_sampling_943_376_trimmed_bismark_bt2.CpG",301,243,58,301
"3377","07_report/CpG_context_sampling_943_377_trimmed_bismark_bt2.CpG",291,247,44,291
"3378","07_report/CpG_context_sampling_943_378_trimmed_bismark_bt2.CpG",312,259,53,312
"3379","07_report/CpG_context_sampling_943_379_trimmed_bismark_bt2.CpG",300,252,48,300
"3380","07_report/CpG_context_sampling_943_380_trimmed_bismark_bt2.CpG",300,253,47,300
"3381","07_report/CpG_context_sampling_943_381_trimmed_bismark_bt2.CpG",311,262,49,311
"3382","07_report/CpG_context_sampling_943_382_trimmed_bismark_bt2.CpG",274,225,49,274
"3383","07_report/CpG_context_sampling_943_383_trimmed_bismark_bt2.CpG",306,260,46,306
"3384","07_report/CpG_context_sampling_943_384_trimmed_bismark_bt2.CpG",304,253,51,304
"3385","07_report/CpG_context_sampling_943_385_trimmed_bismark_bt2.CpG",290,232,58,290
"3386","07_report/CpG_context_sampling_943_386_trimmed_bismark_bt2.CpG",315,240,75,315
"3387","07_report/CpG_context_sampling_943_387_trimmed_bismark_bt2.CpG",296,245,51,296
"3388","07_report/CpG_context_sampling_943_388_trimmed_bismark_bt2.CpG",313,263,50,313
"3389","07_report/CpG_context_sampling_943_389_trimmed_bismark_bt2.CpG",313,262,51,313
"3390","07_report/CpG_context_sampling_943_390_trimmed_bismark_bt2.CpG",309,251,58,309
"3391","07_report/CpG_context_sampling_943_391_trimmed_bismark_bt2.CpG",299,259,40,299
"3392","07_report/CpG_context_sampling_943_392_trimmed_bismark_bt2.CpG",306,251,55,306
"3393","07_report/CpG_context_sampling_943_393_trimmed_bismark_bt2.CpG",318,257,61,318
"3394","07_report/CpG_context_sampling_943_394_trimmed_bismark_bt2.CpG",335,281,54,335
"3395","07_report/CpG_context_sampling_943_395_trimmed_bismark_bt2.CpG",285,243,42,285
"3396","07_report/CpG_context_sampling_943_396_trimmed_bismark_bt2.CpG",315,261,54,315
"3397","07_report/CpG_context_sampling_943_397_trimmed_bismark_bt2.CpG",329,282,47,329
"3398","07_report/CpG_context_sampling_943_398_trimmed_bismark_bt2.CpG",313,263,50,313
"3399","07_report/CpG_context_sampling_943_399_trimmed_bismark_bt2.CpG",309,271,38,309
"3400","07_report/CpG_context_sampling_943_400_trimmed_bismark_bt2.CpG",300,236,64,300
"3401","07_report/CpG_context_sampling_943_401_trimmed_bismark_bt2.CpG",278,245,33,278
"3402","07_report/CpG_context_sampling_943_402_trimmed_bismark_bt2.CpG",299,260,39,299
"3403","07_report/CpG_context_sampling_943_403_trimmed_bismark_bt2.CpG",323,281,42,323
"3404","07_report/CpG_context_sampling_943_404_trimmed_bismark_bt2.CpG",327,268,59,327
"3405","07_report/CpG_context_sampling_943_405_trimmed_bismark_bt2.CpG",318,271,47,318
"3406","07_report/CpG_context_sampling_943_406_trimmed_bismark_bt2.CpG",315,271,44,315
"3407","07_report/CpG_context_sampling_943_407_trimmed_bismark_bt2.CpG",312,256,56,312
"3408","07_report/CpG_context_sampling_943_408_trimmed_bismark_bt2.CpG",312,261,51,312
"3409","07_report/CpG_context_sampling_943_409_trimmed_bismark_bt2.CpG",308,249,59,308
"3410","07_report/CpG_context_sampling_943_410_trimmed_bismark_bt2.CpG",300,235,65,300
"3411","07_report/CpG_context_sampling_943_411_trimmed_bismark_bt2.CpG",297,245,52,297
"3412","07_report/CpG_context_sampling_943_412_trimmed_bismark_bt2.CpG",303,252,51,303
"3413","07_report/CpG_context_sampling_943_413_trimmed_bismark_bt2.CpG",325,270,55,325
"3414","07_report/CpG_context_sampling_943_414_trimmed_bismark_bt2.CpG",317,270,47,317
"3415","07_report/CpG_context_sampling_943_415_trimmed_bismark_bt2.CpG",290,236,54,290
"3416","07_report/CpG_context_sampling_943_416_trimmed_bismark_bt2.CpG",277,231,46,277
"3417","07_report/CpG_context_sampling_943_417_trimmed_bismark_bt2.CpG",328,278,50,328
"3418","07_report/CpG_context_sampling_943_418_trimmed_bismark_bt2.CpG",296,242,54,296
"3419","07_report/CpG_context_sampling_943_419_trimmed_bismark_bt2.CpG",295,253,42,295
"3420","07_report/CpG_context_sampling_943_420_trimmed_bismark_bt2.CpG",309,258,51,309
"3421","07_report/CpG_context_sampling_943_421_trimmed_bismark_bt2.CpG",280,231,49,280
"3422","07_report/CpG_context_sampling_943_422_trimmed_bismark_bt2.CpG",309,244,65,309
"3423","07_report/CpG_context_sampling_943_423_trimmed_bismark_bt2.CpG",315,263,52,315
"3424","07_report/CpG_context_sampling_943_424_trimmed_bismark_bt2.CpG",315,257,58,315
"3425","07_report/CpG_context_sampling_943_425_trimmed_bismark_bt2.CpG",301,249,52,301
"3426","07_report/CpG_context_sampling_943_426_trimmed_bismark_bt2.CpG",288,242,46,288
"3427","07_report/CpG_context_sampling_943_427_trimmed_bismark_bt2.CpG",320,273,47,320
"3428","07_report/CpG_context_sampling_943_428_trimmed_bismark_bt2.CpG",295,250,45,295
"3429","07_report/CpG_context_sampling_943_429_trimmed_bismark_bt2.CpG",328,270,58,328
"3430","07_report/CpG_context_sampling_943_430_trimmed_bismark_bt2.CpG",325,272,53,325
"3431","07_report/CpG_context_sampling_943_431_trimmed_bismark_bt2.CpG",316,255,61,316
"3432","07_report/CpG_context_sampling_943_432_trimmed_bismark_bt2.CpG",304,247,57,304
"3433","07_report/CpG_context_sampling_943_433_trimmed_bismark_bt2.CpG",302,257,45,302
"3434","07_report/CpG_context_sampling_943_434_trimmed_bismark_bt2.CpG",303,252,51,303
"3435","07_report/CpG_context_sampling_943_435_trimmed_bismark_bt2.CpG",309,267,42,309
"3436","07_report/CpG_context_sampling_943_436_trimmed_bismark_bt2.CpG",279,237,42,279
"3437","07_report/CpG_context_sampling_943_437_trimmed_bismark_bt2.CpG",308,259,49,308
"3438","07_report/CpG_context_sampling_943_438_trimmed_bismark_bt2.CpG",284,239,45,284
"3439","07_report/CpG_context_sampling_943_439_trimmed_bismark_bt2.CpG",298,246,52,298
"3440","07_report/CpG_context_sampling_943_440_trimmed_bismark_bt2.CpG",306,251,55,306
"3441","07_report/CpG_context_sampling_943_441_trimmed_bismark_bt2.CpG",321,254,67,321
"3442","07_report/CpG_context_sampling_943_442_trimmed_bismark_bt2.CpG",297,252,45,297
"3443","07_report/CpG_context_sampling_943_443_trimmed_bismark_bt2.CpG",295,248,47,295
"3444","07_report/CpG_context_sampling_943_444_trimmed_bismark_bt2.CpG",339,275,64,339
"3445","07_report/CpG_context_sampling_943_445_trimmed_bismark_bt2.CpG",322,266,56,322
"3446","07_report/CpG_context_sampling_943_446_trimmed_bismark_bt2.CpG",319,256,63,319
"3447","07_report/CpG_context_sampling_943_447_trimmed_bismark_bt2.CpG",308,242,66,308
"3448","07_report/CpG_context_sampling_943_448_trimmed_bismark_bt2.CpG",305,246,59,305
"3449","07_report/CpG_context_sampling_943_449_trimmed_bismark_bt2.CpG",314,257,57,314
"3450","07_report/CpG_context_sampling_943_450_trimmed_bismark_bt2.CpG",311,241,70,311
"3451","07_report/CpG_context_sampling_943_451_trimmed_bismark_bt2.CpG",296,236,60,296
"3452","07_report/CpG_context_sampling_943_452_trimmed_bismark_bt2.CpG",293,240,53,293
"3453","07_report/CpG_context_sampling_943_453_trimmed_bismark_bt2.CpG",317,262,55,317
"3454","07_report/CpG_context_sampling_943_454_trimmed_bismark_bt2.CpG",302,249,53,302
"3455","07_report/CpG_context_sampling_943_455_trimmed_bismark_bt2.CpG",322,269,53,322
"3456","07_report/CpG_context_sampling_943_456_trimmed_bismark_bt2.CpG",302,257,45,302
"3457","07_report/CpG_context_sampling_943_457_trimmed_bismark_bt2.CpG",317,252,65,317
"3458","07_report/CpG_context_sampling_943_458_trimmed_bismark_bt2.CpG",303,244,59,303
"3459","07_report/CpG_context_sampling_943_459_trimmed_bismark_bt2.CpG",327,263,64,327
"3460","07_report/CpG_context_sampling_943_460_trimmed_bismark_bt2.CpG",315,257,58,315
"3461","07_report/CpG_context_sampling_943_461_trimmed_bismark_bt2.CpG",314,260,54,314
"3462","07_report/CpG_context_sampling_943_462_trimmed_bismark_bt2.CpG",304,260,44,304
"3463","07_report/CpG_context_sampling_943_463_trimmed_bismark_bt2.CpG",288,246,42,288
"3464","07_report/CpG_context_sampling_943_464_trimmed_bismark_bt2.CpG",286,226,60,286
"3465","07_report/CpG_context_sampling_943_465_trimmed_bismark_bt2.CpG",305,249,56,305
"3466","07_report/CpG_context_sampling_943_466_trimmed_bismark_bt2.CpG",315,270,45,315
"3467","07_report/CpG_context_sampling_943_467_trimmed_bismark_bt2.CpG",312,253,59,312
"3468","07_report/CpG_context_sampling_943_468_trimmed_bismark_bt2.CpG",312,259,53,312
"3469","07_report/CpG_context_sampling_943_469_trimmed_bismark_bt2.CpG",298,255,43,298
"3470","07_report/CpG_context_sampling_943_470_trimmed_bismark_bt2.CpG",291,246,45,291
"3471","07_report/CpG_context_sampling_943_471_trimmed_bismark_bt2.CpG",302,247,55,302
"3472","07_report/CpG_context_sampling_943_472_trimmed_bismark_bt2.CpG",298,246,52,298
"3473","07_report/CpG_context_sampling_943_473_trimmed_bismark_bt2.CpG",310,264,46,310
"3474","07_report/CpG_context_sampling_943_474_trimmed_bismark_bt2.CpG",295,241,54,295
"3475","07_report/CpG_context_sampling_943_475_trimmed_bismark_bt2.CpG",300,236,64,300
"3476","07_report/CpG_context_sampling_943_476_trimmed_bismark_bt2.CpG",332,276,56,332
"3477","07_report/CpG_context_sampling_943_477_trimmed_bismark_bt2.CpG",342,282,60,342
"3478","07_report/CpG_context_sampling_943_478_trimmed_bismark_bt2.CpG",295,241,54,295
"3479","07_report/CpG_context_sampling_943_479_trimmed_bismark_bt2.CpG",325,273,52,325
"3480","07_report/CpG_context_sampling_943_480_trimmed_bismark_bt2.CpG",320,275,45,320
"3481","07_report/CpG_context_sampling_943_481_trimmed_bismark_bt2.CpG",294,244,50,294
"3482","07_report/CpG_context_sampling_943_482_trimmed_bismark_bt2.CpG",289,244,45,289
"3483","07_report/CpG_context_sampling_943_483_trimmed_bismark_bt2.CpG",290,242,48,290
"3484","07_report/CpG_context_sampling_943_484_trimmed_bismark_bt2.CpG",294,240,54,294
"3485","07_report/CpG_context_sampling_943_485_trimmed_bismark_bt2.CpG",318,263,55,318
"3486","07_report/CpG_context_sampling_943_486_trimmed_bismark_bt2.CpG",306,258,48,306
"3487","07_report/CpG_context_sampling_943_487_trimmed_bismark_bt2.CpG",316,267,49,316
"3488","07_report/CpG_context_sampling_943_488_trimmed_bismark_bt2.CpG",310,256,54,310
"3489","07_report/CpG_context_sampling_943_489_trimmed_bismark_bt2.CpG",304,252,52,304
"3490","07_report/CpG_context_sampling_943_490_trimmed_bismark_bt2.CpG",320,267,53,320
"3491","07_report/CpG_context_sampling_943_491_trimmed_bismark_bt2.CpG",287,243,44,287
"3492","07_report/CpG_context_sampling_943_492_trimmed_bismark_bt2.CpG",300,239,61,300
"3493","07_report/CpG_context_sampling_943_493_trimmed_bismark_bt2.CpG",297,253,44,297
"3494","07_report/CpG_context_sampling_943_494_trimmed_bismark_bt2.CpG",329,261,68,329
"3495","07_report/CpG_context_sampling_943_495_trimmed_bismark_bt2.CpG",287,237,50,287
"3496","07_report/CpG_context_sampling_943_496_trimmed_bismark_bt2.CpG",285,236,49,285
"3497","07_report/CpG_context_sampling_943_497_trimmed_bismark_bt2.CpG",310,253,57,310
"3498","07_report/CpG_context_sampling_943_498_trimmed_bismark_bt2.CpG",315,257,58,315
"3499","07_report/CpG_context_sampling_943_499_trimmed_bismark_bt2.CpG",321,266,55,321
"3500","07_report/CpG_context_sampling_943_500_trimmed_bismark_bt2.CpG",320,267,53,320
"3501","07_report/CpG_context_sampling_943_501_trimmed_bismark_bt2.CpG",323,267,56,323
"3502","07_report/CpG_context_sampling_943_502_trimmed_bismark_bt2.CpG",296,237,59,296
"3503","07_report/CpG_context_sampling_943_503_trimmed_bismark_bt2.CpG",317,261,56,317
"3504","07_report/CpG_context_sampling_943_504_trimmed_bismark_bt2.CpG",315,271,44,315
"3505","07_report/CpG_context_sampling_943_505_trimmed_bismark_bt2.CpG",334,280,54,334
"3506","07_report/CpG_context_sampling_943_506_trimmed_bismark_bt2.CpG",271,228,43,271
"3507","07_report/CpG_context_sampling_943_507_trimmed_bismark_bt2.CpG",309,259,50,309
"3508","07_report/CpG_context_sampling_943_508_trimmed_bismark_bt2.CpG",313,261,52,313
"3509","07_report/CpG_context_sampling_943_509_trimmed_bismark_bt2.CpG",285,242,43,285
"3510","07_report/CpG_context_sampling_943_510_trimmed_bismark_bt2.CpG",287,237,50,287
"3511","07_report/CpG_context_sampling_943_511_trimmed_bismark_bt2.CpG",317,256,61,317
"3512","07_report/CpG_context_sampling_943_512_trimmed_bismark_bt2.CpG",304,244,60,304
"3513","07_report/CpG_context_sampling_943_513_trimmed_bismark_bt2.CpG",300,251,49,300
"3514","07_report/CpG_context_sampling_943_514_trimmed_bismark_bt2.CpG",298,247,51,298
"3515","07_report/CpG_context_sampling_943_515_trimmed_bismark_bt2.CpG",295,250,45,295
"3516","07_report/CpG_context_sampling_943_516_trimmed_bismark_bt2.CpG",295,246,49,295
"3517","07_report/CpG_context_sampling_943_517_trimmed_bismark_bt2.CpG",309,256,53,309
"3518","07_report/CpG_context_sampling_943_518_trimmed_bismark_bt2.CpG",301,249,52,301
"3519","07_report/CpG_context_sampling_943_519_trimmed_bismark_bt2.CpG",317,269,48,317
"3520","07_report/CpG_context_sampling_943_520_trimmed_bismark_bt2.CpG",290,243,47,290
"3521","07_report/CpG_context_sampling_943_521_trimmed_bismark_bt2.CpG",321,268,53,321
"3522","07_report/CpG_context_sampling_943_522_trimmed_bismark_bt2.CpG",306,256,50,306
"3523","07_report/CpG_context_sampling_943_523_trimmed_bismark_bt2.CpG",297,256,41,297
"3524","07_report/CpG_context_sampling_943_524_trimmed_bismark_bt2.CpG",316,263,53,316
"3525","07_report/CpG_context_sampling_943_525_trimmed_bismark_bt2.CpG",319,262,57,319
"3526","07_report/CpG_context_sampling_943_526_trimmed_bismark_bt2.CpG",311,260,51,311
"3527","07_report/CpG_context_sampling_943_527_trimmed_bismark_bt2.CpG",315,262,53,315
"3528","07_report/CpG_context_sampling_943_528_trimmed_bismark_bt2.CpG",309,251,58,309
"3529","07_report/CpG_context_sampling_943_529_trimmed_bismark_bt2.CpG",288,235,53,288
"3530","07_report/CpG_context_sampling_943_530_trimmed_bismark_bt2.CpG",282,225,57,282
"3531","07_report/CpG_context_sampling_943_531_trimmed_bismark_bt2.CpG",280,235,45,280
"3532","07_report/CpG_context_sampling_943_532_trimmed_bismark_bt2.CpG",312,268,44,312
"3533","07_report/CpG_context_sampling_943_533_trimmed_bismark_bt2.CpG",306,261,45,306
"3534","07_report/CpG_context_sampling_943_534_trimmed_bismark_bt2.CpG",322,265,57,322
"3535","07_report/CpG_context_sampling_943_535_trimmed_bismark_bt2.CpG",322,261,61,322
"3536","07_report/CpG_context_sampling_943_536_trimmed_bismark_bt2.CpG",325,275,50,325
"3537","07_report/CpG_context_sampling_943_537_trimmed_bismark_bt2.CpG",290,253,37,290
"3538","07_report/CpG_context_sampling_943_538_trimmed_bismark_bt2.CpG",308,259,49,308
"3539","07_report/CpG_context_sampling_943_539_trimmed_bismark_bt2.CpG",308,258,50,308
"3540","07_report/CpG_context_sampling_943_540_trimmed_bismark_bt2.CpG",300,243,57,300
"3541","07_report/CpG_context_sampling_943_541_trimmed_bismark_bt2.CpG",294,247,47,294
"3542","07_report/CpG_context_sampling_943_542_trimmed_bismark_bt2.CpG",306,251,55,306
"3543","07_report/CpG_context_sampling_943_543_trimmed_bismark_bt2.CpG",294,240,54,294
"3544","07_report/CpG_context_sampling_943_544_trimmed_bismark_bt2.CpG",282,232,50,282
"3545","07_report/CpG_context_sampling_943_545_trimmed_bismark_bt2.CpG",293,250,43,293
"3546","07_report/CpG_context_sampling_943_546_trimmed_bismark_bt2.CpG",314,261,53,314
"3547","07_report/CpG_context_sampling_943_547_trimmed_bismark_bt2.CpG",297,242,55,297
"3548","07_report/CpG_context_sampling_943_548_trimmed_bismark_bt2.CpG",296,245,51,296
"3549","07_report/CpG_context_sampling_943_549_trimmed_bismark_bt2.CpG",291,243,48,291
"3550","07_report/CpG_context_sampling_943_550_trimmed_bismark_bt2.CpG",285,253,32,285
"3551","07_report/CpG_context_sampling_943_551_trimmed_bismark_bt2.CpG",321,257,64,321
"3552","07_report/CpG_context_sampling_943_552_trimmed_bismark_bt2.CpG",311,260,51,311
"3553","07_report/CpG_context_sampling_943_553_trimmed_bismark_bt2.CpG",293,244,49,293
"3554","07_report/CpG_context_sampling_943_554_trimmed_bismark_bt2.CpG",309,271,38,309
"3555","07_report/CpG_context_sampling_943_555_trimmed_bismark_bt2.CpG",313,260,53,313
"3556","07_report/CpG_context_sampling_943_556_trimmed_bismark_bt2.CpG",323,281,42,323
"3557","07_report/CpG_context_sampling_943_557_trimmed_bismark_bt2.CpG",300,253,47,300
"3558","07_report/CpG_context_sampling_943_558_trimmed_bismark_bt2.CpG",291,256,35,291
"3559","07_report/CpG_context_sampling_943_559_trimmed_bismark_bt2.CpG",297,260,37,297
"3560","07_report/CpG_context_sampling_943_560_trimmed_bismark_bt2.CpG",297,247,50,297
"3561","07_report/CpG_context_sampling_943_561_trimmed_bismark_bt2.CpG",293,248,45,293
"3562","07_report/CpG_context_sampling_943_562_trimmed_bismark_bt2.CpG",319,257,62,319
"3563","07_report/CpG_context_sampling_943_563_trimmed_bismark_bt2.CpG",308,264,44,308
"3564","07_report/CpG_context_sampling_943_564_trimmed_bismark_bt2.CpG",286,243,43,286
"3565","07_report/CpG_context_sampling_943_565_trimmed_bismark_bt2.CpG",277,233,44,277
"3566","07_report/CpG_context_sampling_943_566_trimmed_bismark_bt2.CpG",293,249,44,293
"3567","07_report/CpG_context_sampling_943_567_trimmed_bismark_bt2.CpG",287,246,41,287
"3568","07_report/CpG_context_sampling_943_568_trimmed_bismark_bt2.CpG",311,263,48,311
"3569","07_report/CpG_context_sampling_943_569_trimmed_bismark_bt2.CpG",304,246,58,304
"3570","07_report/CpG_context_sampling_943_570_trimmed_bismark_bt2.CpG",309,260,49,309
"3571","07_report/CpG_context_sampling_943_571_trimmed_bismark_bt2.CpG",315,272,43,315
"3572","07_report/CpG_context_sampling_943_572_trimmed_bismark_bt2.CpG",296,235,61,296
"3573","07_report/CpG_context_sampling_943_573_trimmed_bismark_bt2.CpG",314,261,53,314
"3574","07_report/CpG_context_sampling_943_574_trimmed_bismark_bt2.CpG",319,266,53,319
"3575","07_report/CpG_context_sampling_943_575_trimmed_bismark_bt2.CpG",321,269,52,321
"3576","07_report/CpG_context_sampling_943_576_trimmed_bismark_bt2.CpG",296,262,34,296
"3577","07_report/CpG_context_sampling_943_577_trimmed_bismark_bt2.CpG",320,271,49,320
"3578","07_report/CpG_context_sampling_943_578_trimmed_bismark_bt2.CpG",321,281,40,321
"3579","07_report/CpG_context_sampling_943_579_trimmed_bismark_bt2.CpG",328,268,60,328
"3580","07_report/CpG_context_sampling_943_580_trimmed_bismark_bt2.CpG",297,247,50,297
"3581","07_report/CpG_context_sampling_943_581_trimmed_bismark_bt2.CpG",308,243,65,308
"3582","07_report/CpG_context_sampling_943_582_trimmed_bismark_bt2.CpG",306,264,42,306
"3583","07_report/CpG_context_sampling_943_583_trimmed_bismark_bt2.CpG",284,241,43,284
"3584","07_report/CpG_context_sampling_943_584_trimmed_bismark_bt2.CpG",327,283,44,327
"3585","07_report/CpG_context_sampling_943_585_trimmed_bismark_bt2.CpG",311,253,58,311
"3586","07_report/CpG_context_sampling_943_586_trimmed_bismark_bt2.CpG",290,240,50,290
"3587","07_report/CpG_context_sampling_943_587_trimmed_bismark_bt2.CpG",296,249,47,296
"3588","07_report/CpG_context_sampling_943_588_trimmed_bismark_bt2.CpG",318,263,55,318
"3589","07_report/CpG_context_sampling_943_589_trimmed_bismark_bt2.CpG",318,265,53,318
"3590","07_report/CpG_context_sampling_943_590_trimmed_bismark_bt2.CpG",278,237,41,278
"3591","07_report/CpG_context_sampling_943_591_trimmed_bismark_bt2.CpG",321,278,43,321
"3592","07_report/CpG_context_sampling_943_592_trimmed_bismark_bt2.CpG",291,244,47,291
"3593","07_report/CpG_context_sampling_943_593_trimmed_bismark_bt2.CpG",311,260,51,311
"3594","07_report/CpG_context_sampling_943_594_trimmed_bismark_bt2.CpG",324,260,64,324
"3595","07_report/CpG_context_sampling_943_595_trimmed_bismark_bt2.CpG",311,256,55,311
"3596","07_report/CpG_context_sampling_943_596_trimmed_bismark_bt2.CpG",298,246,52,298
"3597","07_report/CpG_context_sampling_943_597_trimmed_bismark_bt2.CpG",320,269,51,320
"3598","07_report/CpG_context_sampling_943_598_trimmed_bismark_bt2.CpG",316,259,57,316
"3599","07_report/CpG_context_sampling_943_599_trimmed_bismark_bt2.CpG",334,269,65,334
"3600","07_report/CpG_context_sampling_943_600_trimmed_bismark_bt2.CpG",289,250,39,289
"3601","07_report/CpG_context_sampling_943_601_trimmed_bismark_bt2.CpG",306,235,71,306
"3602","07_report/CpG_context_sampling_943_602_trimmed_bismark_bt2.CpG",316,260,56,316
"3603","07_report/CpG_context_sampling_943_603_trimmed_bismark_bt2.CpG",309,260,49,309
"3604","07_report/CpG_context_sampling_943_604_trimmed_bismark_bt2.CpG",306,256,50,306
"3605","07_report/CpG_context_sampling_943_605_trimmed_bismark_bt2.CpG",286,236,50,286
"3606","07_report/CpG_context_sampling_943_606_trimmed_bismark_bt2.CpG",289,241,48,289
"3607","07_report/CpG_context_sampling_943_607_trimmed_bismark_bt2.CpG",318,263,55,318
"3608","07_report/CpG_context_sampling_943_608_trimmed_bismark_bt2.CpG",302,249,53,302
"3609","07_report/CpG_context_sampling_943_609_trimmed_bismark_bt2.CpG",311,260,51,311
"3610","07_report/CpG_context_sampling_943_610_trimmed_bismark_bt2.CpG",298,247,51,298
"3611","07_report/CpG_context_sampling_943_611_trimmed_bismark_bt2.CpG",284,240,44,284
"3612","07_report/CpG_context_sampling_943_612_trimmed_bismark_bt2.CpG",289,236,53,289
"3613","07_report/CpG_context_sampling_943_613_trimmed_bismark_bt2.CpG",291,243,48,291
"3614","07_report/CpG_context_sampling_943_614_trimmed_bismark_bt2.CpG",311,260,51,311
"3615","07_report/CpG_context_sampling_943_615_trimmed_bismark_bt2.CpG",316,267,49,316
"3616","07_report/CpG_context_sampling_943_616_trimmed_bismark_bt2.CpG",324,269,55,324
"3617","07_report/CpG_context_sampling_943_617_trimmed_bismark_bt2.CpG",304,251,53,304
"3618","07_report/CpG_context_sampling_943_618_trimmed_bismark_bt2.CpG",313,259,54,313
"3619","07_report/CpG_context_sampling_943_619_trimmed_bismark_bt2.CpG",294,244,50,294
"3620","07_report/CpG_context_sampling_943_620_trimmed_bismark_bt2.CpG",306,260,46,306
"3621","07_report/CpG_context_sampling_943_621_trimmed_bismark_bt2.CpG",312,269,43,312
"3622","07_report/CpG_context_sampling_943_622_trimmed_bismark_bt2.CpG",307,256,51,307
"3623","07_report/CpG_context_sampling_943_623_trimmed_bismark_bt2.CpG",315,267,48,315
"3624","07_report/CpG_context_sampling_943_624_trimmed_bismark_bt2.CpG",295,241,54,295
"3625","07_report/CpG_context_sampling_943_625_trimmed_bismark_bt2.CpG",332,285,47,332
"3626","07_report/CpG_context_sampling_943_626_trimmed_bismark_bt2.CpG",300,253,47,300
"3627","07_report/CpG_context_sampling_943_627_trimmed_bismark_bt2.CpG",337,271,66,337
"3628","07_report/CpG_context_sampling_943_628_trimmed_bismark_bt2.CpG",295,246,49,295
"3629","07_report/CpG_context_sampling_943_629_trimmed_bismark_bt2.CpG",291,238,53,291
"3630","07_report/CpG_context_sampling_943_630_trimmed_bismark_bt2.CpG",280,249,31,280
"3631","07_report/CpG_context_sampling_943_631_trimmed_bismark_bt2.CpG",326,274,52,326
"3632","07_report/CpG_context_sampling_943_632_trimmed_bismark_bt2.CpG",309,267,42,309
"3633","07_report/CpG_context_sampling_943_633_trimmed_bismark_bt2.CpG",324,271,53,324
"3634","07_report/CpG_context_sampling_943_634_trimmed_bismark_bt2.CpG",297,235,62,297
"3635","07_report/CpG_context_sampling_943_635_trimmed_bismark_bt2.CpG",309,247,62,309
"3636","07_report/CpG_context_sampling_943_636_trimmed_bismark_bt2.CpG",303,238,65,303
"3637","07_report/CpG_context_sampling_943_637_trimmed_bismark_bt2.CpG",312,266,46,312
"3638","07_report/CpG_context_sampling_943_638_trimmed_bismark_bt2.CpG",320,256,64,320
"3639","07_report/CpG_context_sampling_943_639_trimmed_bismark_bt2.CpG",302,247,55,302
"3640","07_report/CpG_context_sampling_943_640_trimmed_bismark_bt2.CpG",294,239,55,294
"3641","07_report/CpG_context_sampling_943_641_trimmed_bismark_bt2.CpG",294,240,54,294
"3642","07_report/CpG_context_sampling_943_642_trimmed_bismark_bt2.CpG",316,268,48,316
"3643","07_report/CpG_context_sampling_943_643_trimmed_bismark_bt2.CpG",299,256,43,299
"3644","07_report/CpG_context_sampling_943_644_trimmed_bismark_bt2.CpG",283,228,55,283
"3645","07_report/CpG_context_sampling_943_645_trimmed_bismark_bt2.CpG",289,244,45,289
"3646","07_report/CpG_context_sampling_943_646_trimmed_bismark_bt2.CpG",298,245,53,298
"3647","07_report/CpG_context_sampling_943_647_trimmed_bismark_bt2.CpG",326,259,67,326
"3648","07_report/CpG_context_sampling_943_648_trimmed_bismark_bt2.CpG",305,261,44,305
"3649","07_report/CpG_context_sampling_943_649_trimmed_bismark_bt2.CpG",312,265,47,312
"3650","07_report/CpG_context_sampling_943_650_trimmed_bismark_bt2.CpG",283,241,42,283
"3651","07_report/CpG_context_sampling_943_651_trimmed_bismark_bt2.CpG",283,219,64,283
"3652","07_report/CpG_context_sampling_943_652_trimmed_bismark_bt2.CpG",319,258,61,319
"3653","07_report/CpG_context_sampling_943_653_trimmed_bismark_bt2.CpG",322,265,57,322
"3654","07_report/CpG_context_sampling_943_654_trimmed_bismark_bt2.CpG",290,242,48,290
"3655","07_report/CpG_context_sampling_943_655_trimmed_bismark_bt2.CpG",319,274,45,319
"3656","07_report/CpG_context_sampling_943_656_trimmed_bismark_bt2.CpG",313,264,49,313
"3657","07_report/CpG_context_sampling_943_657_trimmed_bismark_bt2.CpG",295,244,51,295
"3658","07_report/CpG_context_sampling_943_658_trimmed_bismark_bt2.CpG",292,239,53,292
"3659","07_report/CpG_context_sampling_943_659_trimmed_bismark_bt2.CpG",320,254,66,320
"3660","07_report/CpG_context_sampling_943_660_trimmed_bismark_bt2.CpG",294,258,36,294
"3661","07_report/CpG_context_sampling_943_661_trimmed_bismark_bt2.CpG",268,216,52,268
"3662","07_report/CpG_context_sampling_943_662_trimmed_bismark_bt2.CpG",297,248,49,297
"3663","07_report/CpG_context_sampling_943_663_trimmed_bismark_bt2.CpG",319,271,48,319
"3664","07_report/CpG_context_sampling_943_664_trimmed_bismark_bt2.CpG",305,244,61,305
"3665","07_report/CpG_context_sampling_943_665_trimmed_bismark_bt2.CpG",306,260,46,306
"3666","07_report/CpG_context_sampling_943_666_trimmed_bismark_bt2.CpG",324,280,44,324
"3667","07_report/CpG_context_sampling_943_667_trimmed_bismark_bt2.CpG",304,253,51,304
"3668","07_report/CpG_context_sampling_943_668_trimmed_bismark_bt2.CpG",322,260,62,322
"3669","07_report/CpG_context_sampling_943_669_trimmed_bismark_bt2.CpG",308,266,42,308
"3670","07_report/CpG_context_sampling_943_670_trimmed_bismark_bt2.CpG",295,236,59,295
"3671","07_report/CpG_context_sampling_943_671_trimmed_bismark_bt2.CpG",315,258,57,315
"3672","07_report/CpG_context_sampling_943_672_trimmed_bismark_bt2.CpG",307,265,42,307
"3673","07_report/CpG_context_sampling_943_673_trimmed_bismark_bt2.CpG",318,271,47,318
"3674","07_report/CpG_context_sampling_943_674_trimmed_bismark_bt2.CpG",314,263,51,314
"3675","07_report/CpG_context_sampling_943_675_trimmed_bismark_bt2.CpG",303,256,47,303
"3676","07_report/CpG_context_sampling_943_676_trimmed_bismark_bt2.CpG",305,269,36,305
"3677","07_report/CpG_context_sampling_943_677_trimmed_bismark_bt2.CpG",314,260,54,314
"3678","07_report/CpG_context_sampling_943_678_trimmed_bismark_bt2.CpG",297,254,43,297
"3679","07_report/CpG_context_sampling_943_679_trimmed_bismark_bt2.CpG",291,247,44,291
"3680","07_report/CpG_context_sampling_943_680_trimmed_bismark_bt2.CpG",310,266,44,310
"3681","07_report/CpG_context_sampling_943_681_trimmed_bismark_bt2.CpG",310,267,43,310
"3682","07_report/CpG_context_sampling_943_682_trimmed_bismark_bt2.CpG",324,273,51,324
"3683","07_report/CpG_context_sampling_943_683_trimmed_bismark_bt2.CpG",310,244,66,310
"3684","07_report/CpG_context_sampling_943_684_trimmed_bismark_bt2.CpG",297,235,62,297
"3685","07_report/CpG_context_sampling_943_685_trimmed_bismark_bt2.CpG",294,256,38,294
"3686","07_report/CpG_context_sampling_943_686_trimmed_bismark_bt2.CpG",311,259,52,311
"3687","07_report/CpG_context_sampling_943_687_trimmed_bismark_bt2.CpG",304,253,51,304
"3688","07_report/CpG_context_sampling_943_688_trimmed_bismark_bt2.CpG",318,262,56,318
"3689","07_report/CpG_context_sampling_943_689_trimmed_bismark_bt2.CpG",285,240,45,285
"3690","07_report/CpG_context_sampling_943_690_trimmed_bismark_bt2.CpG",339,288,51,339
"3691","07_report/CpG_context_sampling_943_691_trimmed_bismark_bt2.CpG",306,265,41,306
"3692","07_report/CpG_context_sampling_943_692_trimmed_bismark_bt2.CpG",319,273,46,319
"3693","07_report/CpG_context_sampling_943_693_trimmed_bismark_bt2.CpG",280,239,41,280
"3694","07_report/CpG_context_sampling_943_694_trimmed_bismark_bt2.CpG",302,257,45,302
"3695","07_report/CpG_context_sampling_943_695_trimmed_bismark_bt2.CpG",298,247,51,298
"3696","07_report/CpG_context_sampling_943_696_trimmed_bismark_bt2.CpG",305,263,42,305
"3697","07_report/CpG_context_sampling_943_697_trimmed_bismark_bt2.CpG",281,228,53,281
"3698","07_report/CpG_context_sampling_943_698_trimmed_bismark_bt2.CpG",320,269,51,320
"3699","07_report/CpG_context_sampling_943_699_trimmed_bismark_bt2.CpG",317,274,43,317
"3700","07_report/CpG_context_sampling_943_700_trimmed_bismark_bt2.CpG",302,244,58,302
"3701","07_report/CpG_context_sampling_943_701_trimmed_bismark_bt2.CpG",297,239,58,297
"3702","07_report/CpG_context_sampling_943_702_trimmed_bismark_bt2.CpG",290,243,47,290
"3703","07_report/CpG_context_sampling_943_703_trimmed_bismark_bt2.CpG",328,264,64,328
"3704","07_report/CpG_context_sampling_943_704_trimmed_bismark_bt2.CpG",304,240,64,304
"3705","07_report/CpG_context_sampling_943_705_trimmed_bismark_bt2.CpG",311,262,49,311
"3706","07_report/CpG_context_sampling_943_706_trimmed_bismark_bt2.CpG",306,257,49,306
"3707","07_report/CpG_context_sampling_943_707_trimmed_bismark_bt2.CpG",328,283,45,328
"3708","07_report/CpG_context_sampling_943_708_trimmed_bismark_bt2.CpG",303,254,49,303
"3709","07_report/CpG_context_sampling_943_709_trimmed_bismark_bt2.CpG",315,263,52,315
"3710","07_report/CpG_context_sampling_943_710_trimmed_bismark_bt2.CpG",298,245,53,298
"3711","07_report/CpG_context_sampling_943_711_trimmed_bismark_bt2.CpG",313,265,48,313
"3712","07_report/CpG_context_sampling_943_712_trimmed_bismark_bt2.CpG",292,249,43,292
"3713","07_report/CpG_context_sampling_943_713_trimmed_bismark_bt2.CpG",294,232,62,294
"3714","07_report/CpG_context_sampling_943_714_trimmed_bismark_bt2.CpG",314,262,52,314
"3715","07_report/CpG_context_sampling_943_715_trimmed_bismark_bt2.CpG",305,256,49,305
"3716","07_report/CpG_context_sampling_943_716_trimmed_bismark_bt2.CpG",302,242,60,302
"3717","07_report/CpG_context_sampling_943_717_trimmed_bismark_bt2.CpG",290,235,55,290
"3718","07_report/CpG_context_sampling_943_718_trimmed_bismark_bt2.CpG",329,291,38,329
"3719","07_report/CpG_context_sampling_943_719_trimmed_bismark_bt2.CpG",319,264,55,319
"3720","07_report/CpG_context_sampling_943_720_trimmed_bismark_bt2.CpG",299,239,60,299
"3721","07_report/CpG_context_sampling_943_721_trimmed_bismark_bt2.CpG",332,273,59,332
"3722","07_report/CpG_context_sampling_943_722_trimmed_bismark_bt2.CpG",304,250,54,304
"3723","07_report/CpG_context_sampling_943_723_trimmed_bismark_bt2.CpG",315,267,48,315
"3724","07_report/CpG_context_sampling_943_724_trimmed_bismark_bt2.CpG",307,245,62,307
"3725","07_report/CpG_context_sampling_943_725_trimmed_bismark_bt2.CpG",316,266,50,316
"3726","07_report/CpG_context_sampling_943_726_trimmed_bismark_bt2.CpG",303,242,61,303
"3727","07_report/CpG_context_sampling_943_727_trimmed_bismark_bt2.CpG",314,263,51,314
"3728","07_report/CpG_context_sampling_943_728_trimmed_bismark_bt2.CpG",317,251,66,317
"3729","07_report/CpG_context_sampling_943_729_trimmed_bismark_bt2.CpG",299,244,55,299
"3730","07_report/CpG_context_sampling_943_730_trimmed_bismark_bt2.CpG",274,222,52,274
"3731","07_report/CpG_context_sampling_943_731_trimmed_bismark_bt2.CpG",331,275,56,331
"3732","07_report/CpG_context_sampling_943_732_trimmed_bismark_bt2.CpG",313,261,52,313
"3733","07_report/CpG_context_sampling_943_733_trimmed_bismark_bt2.CpG",326,278,48,326
"3734","07_report/CpG_context_sampling_943_734_trimmed_bismark_bt2.CpG",285,244,41,285
"3735","07_report/CpG_context_sampling_943_735_trimmed_bismark_bt2.CpG",290,249,41,290
"3736","07_report/CpG_context_sampling_943_736_trimmed_bismark_bt2.CpG",285,232,53,285
"3737","07_report/CpG_context_sampling_943_737_trimmed_bismark_bt2.CpG",300,253,47,300
"3738","07_report/CpG_context_sampling_943_738_trimmed_bismark_bt2.CpG",302,253,49,302
"3739","07_report/CpG_context_sampling_943_739_trimmed_bismark_bt2.CpG",317,265,52,317
"3740","07_report/CpG_context_sampling_943_740_trimmed_bismark_bt2.CpG",296,254,42,296
"3741","07_report/CpG_context_sampling_943_741_trimmed_bismark_bt2.CpG",315,252,63,315
"3742","07_report/CpG_context_sampling_943_742_trimmed_bismark_bt2.CpG",294,239,55,294
"3743","07_report/CpG_context_sampling_943_743_trimmed_bismark_bt2.CpG",309,257,52,309
"3744","07_report/CpG_context_sampling_943_744_trimmed_bismark_bt2.CpG",322,275,47,322
"3745","07_report/CpG_context_sampling_943_745_trimmed_bismark_bt2.CpG",293,250,43,293
"3746","07_report/CpG_context_sampling_943_746_trimmed_bismark_bt2.CpG",275,231,44,275
"3747","07_report/CpG_context_sampling_943_747_trimmed_bismark_bt2.CpG",309,259,50,309
"3748","07_report/CpG_context_sampling_943_748_trimmed_bismark_bt2.CpG",315,254,61,315
"3749","07_report/CpG_context_sampling_943_749_trimmed_bismark_bt2.CpG",304,252,52,304
"3750","07_report/CpG_context_sampling_943_750_trimmed_bismark_bt2.CpG",311,259,52,311
"3751","07_report/CpG_context_sampling_943_751_trimmed_bismark_bt2.CpG",294,248,46,294
"3752","07_report/CpG_context_sampling_943_752_trimmed_bismark_bt2.CpG",309,245,64,309
"3753","07_report/CpG_context_sampling_943_753_trimmed_bismark_bt2.CpG",307,250,57,307
"3754","07_report/CpG_context_sampling_943_754_trimmed_bismark_bt2.CpG",317,262,55,317
"3755","07_report/CpG_context_sampling_943_755_trimmed_bismark_bt2.CpG",294,248,46,294
"3756","07_report/CpG_context_sampling_943_756_trimmed_bismark_bt2.CpG",292,242,50,292
"3757","07_report/CpG_context_sampling_943_757_trimmed_bismark_bt2.CpG",289,243,46,289
"3758","07_report/CpG_context_sampling_943_758_trimmed_bismark_bt2.CpG",319,265,54,319
"3759","07_report/CpG_context_sampling_943_759_trimmed_bismark_bt2.CpG",303,240,63,303
"3760","07_report/CpG_context_sampling_943_760_trimmed_bismark_bt2.CpG",310,262,48,310
"3761","07_report/CpG_context_sampling_943_761_trimmed_bismark_bt2.CpG",323,258,65,323
"3762","07_report/CpG_context_sampling_943_762_trimmed_bismark_bt2.CpG",302,253,49,302
"3763","07_report/CpG_context_sampling_943_763_trimmed_bismark_bt2.CpG",308,246,62,308
"3764","07_report/CpG_context_sampling_943_764_trimmed_bismark_bt2.CpG",313,254,59,313
"3765","07_report/CpG_context_sampling_943_765_trimmed_bismark_bt2.CpG",322,270,52,322
"3766","07_report/CpG_context_sampling_943_766_trimmed_bismark_bt2.CpG",276,238,38,276
"3767","07_report/CpG_context_sampling_943_767_trimmed_bismark_bt2.CpG",303,258,45,303
"3768","07_report/CpG_context_sampling_943_768_trimmed_bismark_bt2.CpG",289,245,44,289
"3769","07_report/CpG_context_sampling_943_769_trimmed_bismark_bt2.CpG",319,276,43,319
"3770","07_report/CpG_context_sampling_943_770_trimmed_bismark_bt2.CpG",305,237,68,305
"3771","07_report/CpG_context_sampling_943_771_trimmed_bismark_bt2.CpG",312,255,57,312
"3772","07_report/CpG_context_sampling_943_772_trimmed_bismark_bt2.CpG",292,245,47,292
"3773","07_report/CpG_context_sampling_943_773_trimmed_bismark_bt2.CpG",312,257,55,312
"3774","07_report/CpG_context_sampling_943_774_trimmed_bismark_bt2.CpG",315,251,64,315
"3775","07_report/CpG_context_sampling_943_775_trimmed_bismark_bt2.CpG",321,261,60,321
"3776","07_report/CpG_context_sampling_943_776_trimmed_bismark_bt2.CpG",309,257,52,309
"3777","07_report/CpG_context_sampling_943_777_trimmed_bismark_bt2.CpG",293,240,53,293
"3778","07_report/CpG_context_sampling_943_778_trimmed_bismark_bt2.CpG",316,258,58,316
"3779","07_report/CpG_context_sampling_943_779_trimmed_bismark_bt2.CpG",296,235,61,296
"3780","07_report/CpG_context_sampling_943_780_trimmed_bismark_bt2.CpG",298,247,51,298
"3781","07_report/CpG_context_sampling_943_781_trimmed_bismark_bt2.CpG",313,263,50,313
"3782","07_report/CpG_context_sampling_943_782_trimmed_bismark_bt2.CpG",320,268,52,320
"3783","07_report/CpG_context_sampling_943_783_trimmed_bismark_bt2.CpG",314,263,51,314
"3784","07_report/CpG_context_sampling_943_784_trimmed_bismark_bt2.CpG",301,252,49,301
"3785","07_report/CpG_context_sampling_943_785_trimmed_bismark_bt2.CpG",315,271,44,315
"3786","07_report/CpG_context_sampling_943_786_trimmed_bismark_bt2.CpG",306,249,57,306
"3787","07_report/CpG_context_sampling_943_787_trimmed_bismark_bt2.CpG",306,260,46,306
"3788","07_report/CpG_context_sampling_943_788_trimmed_bismark_bt2.CpG",296,246,50,296
"3789","07_report/CpG_context_sampling_943_789_trimmed_bismark_bt2.CpG",297,258,39,297
"3790","07_report/CpG_context_sampling_943_790_trimmed_bismark_bt2.CpG",300,236,64,300
"3791","07_report/CpG_context_sampling_943_791_trimmed_bismark_bt2.CpG",291,251,40,291
"3792","07_report/CpG_context_sampling_943_792_trimmed_bismark_bt2.CpG",306,253,53,306
"3793","07_report/CpG_context_sampling_943_793_trimmed_bismark_bt2.CpG",303,245,58,303
"3794","07_report/CpG_context_sampling_943_794_trimmed_bismark_bt2.CpG",319,263,56,319
"3795","07_report/CpG_context_sampling_943_795_trimmed_bismark_bt2.CpG",299,254,45,299
"3796","07_report/CpG_context_sampling_943_796_trimmed_bismark_bt2.CpG",298,249,49,298
"3797","07_report/CpG_context_sampling_943_797_trimmed_bismark_bt2.CpG",310,254,56,310
"3798","07_report/CpG_context_sampling_943_798_trimmed_bismark_bt2.CpG",330,277,53,330
"3799","07_report/CpG_context_sampling_943_799_trimmed_bismark_bt2.CpG",299,263,36,299
"3800","07_report/CpG_context_sampling_943_800_trimmed_bismark_bt2.CpG",318,278,40,318
"3801","07_report/CpG_context_sampling_943_801_trimmed_bismark_bt2.CpG",321,263,58,321
"3802","07_report/CpG_context_sampling_943_802_trimmed_bismark_bt2.CpG",296,243,53,296
"3803","07_report/CpG_context_sampling_943_803_trimmed_bismark_bt2.CpG",304,264,40,304
"3804","07_report/CpG_context_sampling_943_804_trimmed_bismark_bt2.CpG",296,253,43,296
"3805","07_report/CpG_context_sampling_943_805_trimmed_bismark_bt2.CpG",316,263,53,316
"3806","07_report/CpG_context_sampling_943_806_trimmed_bismark_bt2.CpG",306,252,54,306
"3807","07_report/CpG_context_sampling_943_807_trimmed_bismark_bt2.CpG",298,242,56,298
"3808","07_report/CpG_context_sampling_943_808_trimmed_bismark_bt2.CpG",311,259,52,311
"3809","07_report/CpG_context_sampling_943_809_trimmed_bismark_bt2.CpG",334,270,64,334
"3810","07_report/CpG_context_sampling_943_810_trimmed_bismark_bt2.CpG",294,266,28,294
"3811","07_report/CpG_context_sampling_943_811_trimmed_bismark_bt2.CpG",314,262,52,314
"3812","07_report/CpG_context_sampling_943_812_trimmed_bismark_bt2.CpG",308,258,50,308
"3813","07_report/CpG_context_sampling_943_813_trimmed_bismark_bt2.CpG",309,251,58,309
"3814","07_report/CpG_context_sampling_943_814_trimmed_bismark_bt2.CpG",293,249,44,293
"3815","07_report/CpG_context_sampling_943_815_trimmed_bismark_bt2.CpG",326,268,58,326
"3816","07_report/CpG_context_sampling_943_816_trimmed_bismark_bt2.CpG",297,242,55,297
"3817","07_report/CpG_context_sampling_943_817_trimmed_bismark_bt2.CpG",289,245,44,289
"3818","07_report/CpG_context_sampling_943_818_trimmed_bismark_bt2.CpG",307,262,45,307
"3819","07_report/CpG_context_sampling_943_819_trimmed_bismark_bt2.CpG",309,259,50,309
"3820","07_report/CpG_context_sampling_943_820_trimmed_bismark_bt2.CpG",294,242,52,294
"3821","07_report/CpG_context_sampling_943_821_trimmed_bismark_bt2.CpG",284,237,47,284
"3822","07_report/CpG_context_sampling_943_822_trimmed_bismark_bt2.CpG",297,255,42,297
"3823","07_report/CpG_context_sampling_943_823_trimmed_bismark_bt2.CpG",290,236,54,290
"3824","07_report/CpG_context_sampling_943_824_trimmed_bismark_bt2.CpG",318,264,54,318
"3825","07_report/CpG_context_sampling_943_825_trimmed_bismark_bt2.CpG",285,237,48,285
"3826","07_report/CpG_context_sampling_943_826_trimmed_bismark_bt2.CpG",310,254,56,310
"3827","07_report/CpG_context_sampling_943_827_trimmed_bismark_bt2.CpG",304,244,60,304
"3828","07_report/CpG_context_sampling_943_828_trimmed_bismark_bt2.CpG",304,249,55,304
"3829","07_report/CpG_context_sampling_943_829_trimmed_bismark_bt2.CpG",331,258,73,331
"3830","07_report/CpG_context_sampling_943_830_trimmed_bismark_bt2.CpG",301,265,36,301
"3831","07_report/CpG_context_sampling_943_831_trimmed_bismark_bt2.CpG",299,245,54,299
"3832","07_report/CpG_context_sampling_943_832_trimmed_bismark_bt2.CpG",304,249,55,304
"3833","07_report/CpG_context_sampling_943_833_trimmed_bismark_bt2.CpG",281,235,46,281
"3834","07_report/CpG_context_sampling_943_834_trimmed_bismark_bt2.CpG",292,252,40,292
"3835","07_report/CpG_context_sampling_943_835_trimmed_bismark_bt2.CpG",284,231,53,284
"3836","07_report/CpG_context_sampling_943_836_trimmed_bismark_bt2.CpG",293,243,50,293
"3837","07_report/CpG_context_sampling_943_837_trimmed_bismark_bt2.CpG",311,253,58,311
"3838","07_report/CpG_context_sampling_943_838_trimmed_bismark_bt2.CpG",304,243,61,304
"3839","07_report/CpG_context_sampling_943_839_trimmed_bismark_bt2.CpG",288,241,47,288
"3840","07_report/CpG_context_sampling_943_840_trimmed_bismark_bt2.CpG",304,251,53,304
"3841","07_report/CpG_context_sampling_943_841_trimmed_bismark_bt2.CpG",312,260,52,312
"3842","07_report/CpG_context_sampling_943_842_trimmed_bismark_bt2.CpG",296,249,47,296
"3843","07_report/CpG_context_sampling_943_843_trimmed_bismark_bt2.CpG",300,251,49,300
"3844","07_report/CpG_context_sampling_943_844_trimmed_bismark_bt2.CpG",296,251,45,296
"3845","07_report/CpG_context_sampling_943_845_trimmed_bismark_bt2.CpG",295,246,49,295
"3846","07_report/CpG_context_sampling_943_846_trimmed_bismark_bt2.CpG",298,248,50,298
"3847","07_report/CpG_context_sampling_943_847_trimmed_bismark_bt2.CpG",316,265,51,316
"3848","07_report/CpG_context_sampling_943_848_trimmed_bismark_bt2.CpG",300,248,52,300
"3849","07_report/CpG_context_sampling_943_849_trimmed_bismark_bt2.CpG",306,245,61,306
"3850","07_report/CpG_context_sampling_943_850_trimmed_bismark_bt2.CpG",286,239,47,286
"3851","07_report/CpG_context_sampling_943_851_trimmed_bismark_bt2.CpG",287,236,51,287
"3852","07_report/CpG_context_sampling_943_852_trimmed_bismark_bt2.CpG",298,243,55,298
"3853","07_report/CpG_context_sampling_943_853_trimmed_bismark_bt2.CpG",297,247,50,297
"3854","07_report/CpG_context_sampling_943_854_trimmed_bismark_bt2.CpG",291,243,48,291
"3855","07_report/CpG_context_sampling_943_855_trimmed_bismark_bt2.CpG",312,265,47,312
"3856","07_report/CpG_context_sampling_943_856_trimmed_bismark_bt2.CpG",300,242,58,300
"3857","07_report/CpG_context_sampling_943_857_trimmed_bismark_bt2.CpG",294,242,52,294
"3858","07_report/CpG_context_sampling_943_858_trimmed_bismark_bt2.CpG",287,237,50,287
"3859","07_report/CpG_context_sampling_943_859_trimmed_bismark_bt2.CpG",322,277,45,322
"3860","07_report/CpG_context_sampling_943_860_trimmed_bismark_bt2.CpG",303,252,51,303
"3861","07_report/CpG_context_sampling_943_861_trimmed_bismark_bt2.CpG",276,220,56,276
"3862","07_report/CpG_context_sampling_943_862_trimmed_bismark_bt2.CpG",312,271,41,312
"3863","07_report/CpG_context_sampling_943_863_trimmed_bismark_bt2.CpG",331,278,53,331
"3864","07_report/CpG_context_sampling_943_864_trimmed_bismark_bt2.CpG",289,238,51,289
"3865","07_report/CpG_context_sampling_943_865_trimmed_bismark_bt2.CpG",316,261,55,316
"3866","07_report/CpG_context_sampling_943_866_trimmed_bismark_bt2.CpG",297,251,46,297
"3867","07_report/CpG_context_sampling_943_867_trimmed_bismark_bt2.CpG",302,262,40,302
"3868","07_report/CpG_context_sampling_943_868_trimmed_bismark_bt2.CpG",313,251,62,313
"3869","07_report/CpG_context_sampling_943_869_trimmed_bismark_bt2.CpG",304,263,41,304
"3870","07_report/CpG_context_sampling_943_870_trimmed_bismark_bt2.CpG",306,261,45,306
"3871","07_report/CpG_context_sampling_943_871_trimmed_bismark_bt2.CpG",297,232,65,297
"3872","07_report/CpG_context_sampling_943_872_trimmed_bismark_bt2.CpG",303,248,55,303
"3873","07_report/CpG_context_sampling_943_873_trimmed_bismark_bt2.CpG",292,244,48,292
"3874","07_report/CpG_context_sampling_943_874_trimmed_bismark_bt2.CpG",338,282,56,338
"3875","07_report/CpG_context_sampling_943_875_trimmed_bismark_bt2.CpG",289,241,48,289
"3876","07_report/CpG_context_sampling_943_876_trimmed_bismark_bt2.CpG",322,272,50,322
"3877","07_report/CpG_context_sampling_943_877_trimmed_bismark_bt2.CpG",316,259,57,316
"3878","07_report/CpG_context_sampling_943_878_trimmed_bismark_bt2.CpG",304,243,61,304
"3879","07_report/CpG_context_sampling_943_879_trimmed_bismark_bt2.CpG",280,230,50,280
"3880","07_report/CpG_context_sampling_943_880_trimmed_bismark_bt2.CpG",328,259,69,328
"3881","07_report/CpG_context_sampling_943_881_trimmed_bismark_bt2.CpG",306,250,56,306
"3882","07_report/CpG_context_sampling_943_882_trimmed_bismark_bt2.CpG",313,259,54,313
"3883","07_report/CpG_context_sampling_943_883_trimmed_bismark_bt2.CpG",312,257,55,312
"3884","07_report/CpG_context_sampling_943_884_trimmed_bismark_bt2.CpG",314,255,59,314
"3885","07_report/CpG_context_sampling_943_885_trimmed_bismark_bt2.CpG",308,261,47,308
"3886","07_report/CpG_context_sampling_943_886_trimmed_bismark_bt2.CpG",287,234,53,287
"3887","07_report/CpG_context_sampling_943_887_trimmed_bismark_bt2.CpG",309,265,44,309
"3888","07_report/CpG_context_sampling_943_888_trimmed_bismark_bt2.CpG",317,246,71,317
"3889","07_report/CpG_context_sampling_943_889_trimmed_bismark_bt2.CpG",299,253,46,299
"3890","07_report/CpG_context_sampling_943_890_trimmed_bismark_bt2.CpG",283,231,52,283
"3891","07_report/CpG_context_sampling_943_891_trimmed_bismark_bt2.CpG",295,249,46,295
"3892","07_report/CpG_context_sampling_943_892_trimmed_bismark_bt2.CpG",308,256,52,308
"3893","07_report/CpG_context_sampling_943_893_trimmed_bismark_bt2.CpG",269,213,56,269
"3894","07_report/CpG_context_sampling_943_894_trimmed_bismark_bt2.CpG",308,250,58,308
"3895","07_report/CpG_context_sampling_943_895_trimmed_bismark_bt2.CpG",307,258,49,307
"3896","07_report/CpG_context_sampling_943_896_trimmed_bismark_bt2.CpG",278,210,68,278
"3897","07_report/CpG_context_sampling_943_897_trimmed_bismark_bt2.CpG",305,256,49,305
"3898","07_report/CpG_context_sampling_943_898_trimmed_bismark_bt2.CpG",302,254,48,302
"3899","07_report/CpG_context_sampling_943_899_trimmed_bismark_bt2.CpG",297,248,49,297
"3900","07_report/CpG_context_sampling_943_900_trimmed_bismark_bt2.CpG",309,259,50,309
"3901","07_report/CpG_context_sampling_943_901_trimmed_bismark_bt2.CpG",320,269,51,320
"3902","07_report/CpG_context_sampling_943_902_trimmed_bismark_bt2.CpG",323,278,45,323
"3903","07_report/CpG_context_sampling_943_903_trimmed_bismark_bt2.CpG",280,233,47,280
"3904","07_report/CpG_context_sampling_943_904_trimmed_bismark_bt2.CpG",291,235,56,291
"3905","07_report/CpG_context_sampling_943_905_trimmed_bismark_bt2.CpG",296,248,48,296
"3906","07_report/CpG_context_sampling_943_906_trimmed_bismark_bt2.CpG",303,247,56,303
"3907","07_report/CpG_context_sampling_943_907_trimmed_bismark_bt2.CpG",311,261,50,311
"3908","07_report/CpG_context_sampling_943_908_trimmed_bismark_bt2.CpG",292,248,44,292
"3909","07_report/CpG_context_sampling_943_909_trimmed_bismark_bt2.CpG",323,269,54,323
"3910","07_report/CpG_context_sampling_943_910_trimmed_bismark_bt2.CpG",298,244,54,298
"3911","07_report/CpG_context_sampling_943_911_trimmed_bismark_bt2.CpG",333,276,57,333
"3912","07_report/CpG_context_sampling_943_912_trimmed_bismark_bt2.CpG",298,241,57,298
"3913","07_report/CpG_context_sampling_943_913_trimmed_bismark_bt2.CpG",323,279,44,323
"3914","07_report/CpG_context_sampling_943_914_trimmed_bismark_bt2.CpG",301,250,51,301
"3915","07_report/CpG_context_sampling_943_915_trimmed_bismark_bt2.CpG",310,262,48,310
"3916","07_report/CpG_context_sampling_943_916_trimmed_bismark_bt2.CpG",340,285,55,340
"3917","07_report/CpG_context_sampling_943_917_trimmed_bismark_bt2.CpG",297,239,58,297
"3918","07_report/CpG_context_sampling_943_918_trimmed_bismark_bt2.CpG",319,262,57,319
"3919","07_report/CpG_context_sampling_943_919_trimmed_bismark_bt2.CpG",316,267,49,316
"3920","07_report/CpG_context_sampling_943_920_trimmed_bismark_bt2.CpG",308,262,46,308
"3921","07_report/CpG_context_sampling_943_921_trimmed_bismark_bt2.CpG",290,245,45,290
"3922","07_report/CpG_context_sampling_943_922_trimmed_bismark_bt2.CpG",291,241,50,291
"3923","07_report/CpG_context_sampling_943_923_trimmed_bismark_bt2.CpG",294,234,60,294
"3924","07_report/CpG_context_sampling_943_924_trimmed_bismark_bt2.CpG",312,252,60,312
"3925","07_report/CpG_context_sampling_943_925_trimmed_bismark_bt2.CpG",293,245,48,293
"3926","07_report/CpG_context_sampling_943_926_trimmed_bismark_bt2.CpG",315,253,62,315
"3927","07_report/CpG_context_sampling_943_927_trimmed_bismark_bt2.CpG",297,244,53,297
"3928","07_report/CpG_context_sampling_943_928_trimmed_bismark_bt2.CpG",299,246,53,299
"3929","07_report/CpG_context_sampling_943_929_trimmed_bismark_bt2.CpG",311,250,61,311
"3930","07_report/CpG_context_sampling_943_930_trimmed_bismark_bt2.CpG",294,236,58,294
"3931","07_report/CpG_context_sampling_943_931_trimmed_bismark_bt2.CpG",330,266,64,330
"3932","07_report/CpG_context_sampling_943_932_trimmed_bismark_bt2.CpG",313,258,55,313
"3933","07_report/CpG_context_sampling_943_933_trimmed_bismark_bt2.CpG",280,230,50,280
"3934","07_report/CpG_context_sampling_943_934_trimmed_bismark_bt2.CpG",318,259,59,318
"3935","07_report/CpG_context_sampling_943_935_trimmed_bismark_bt2.CpG",293,247,46,293
"3936","07_report/CpG_context_sampling_943_936_trimmed_bismark_bt2.CpG",293,238,55,293
"3937","07_report/CpG_context_sampling_943_937_trimmed_bismark_bt2.CpG",291,238,53,291
"3938","07_report/CpG_context_sampling_943_938_trimmed_bismark_bt2.CpG",307,255,52,307
"3939","07_report/CpG_context_sampling_943_939_trimmed_bismark_bt2.CpG",313,261,52,313
"3940","07_report/CpG_context_sampling_943_940_trimmed_bismark_bt2.CpG",287,232,55,287
"3941","07_report/CpG_context_sampling_943_941_trimmed_bismark_bt2.CpG",306,247,59,306
"3942","07_report/CpG_context_sampling_943_942_trimmed_bismark_bt2.CpG",313,260,53,313
"3943","07_report/CpG_context_sampling_943_943_trimmed_bismark_bt2.CpG",284,239,45,284
"3944","07_report/CpG_context_sampling_943_944_trimmed_bismark_bt2.CpG",336,279,57,336
"3945","07_report/CpG_context_sampling_943_945_trimmed_bismark_bt2.CpG",303,236,67,303
"3946","07_report/CpG_context_sampling_943_946_trimmed_bismark_bt2.CpG",311,263,48,311
"3947","07_report/CpG_context_sampling_943_947_trimmed_bismark_bt2.CpG",312,257,55,312
"3948","07_report/CpG_context_sampling_943_948_trimmed_bismark_bt2.CpG",288,239,49,288
"3949","07_report/CpG_context_sampling_943_949_trimmed_bismark_bt2.CpG",307,247,60,307
"3950","07_report/CpG_context_sampling_943_950_trimmed_bismark_bt2.CpG",305,256,49,305
"3951","07_report/CpG_context_sampling_943_951_trimmed_bismark_bt2.CpG",309,266,43,309
"3952","07_report/CpG_context_sampling_943_952_trimmed_bismark_bt2.CpG",299,249,50,299
"3953","07_report/CpG_context_sampling_943_953_trimmed_bismark_bt2.CpG",300,255,45,300
"3954","07_report/CpG_context_sampling_943_954_trimmed_bismark_bt2.CpG",293,238,55,293
"3955","07_report/CpG_context_sampling_943_955_trimmed_bismark_bt2.CpG",310,270,40,310
"3956","07_report/CpG_context_sampling_943_956_trimmed_bismark_bt2.CpG",307,252,55,307
"3957","07_report/CpG_context_sampling_943_957_trimmed_bismark_bt2.CpG",293,240,53,293
"3958","07_report/CpG_context_sampling_943_958_trimmed_bismark_bt2.CpG",333,272,61,333
"3959","07_report/CpG_context_sampling_943_959_trimmed_bismark_bt2.CpG",327,278,49,327
"3960","07_report/CpG_context_sampling_943_960_trimmed_bismark_bt2.CpG",295,241,54,295
"3961","07_report/CpG_context_sampling_943_961_trimmed_bismark_bt2.CpG",308,266,42,308
"3962","07_report/CpG_context_sampling_943_962_trimmed_bismark_bt2.CpG",291,236,55,291
"3963","07_report/CpG_context_sampling_943_963_trimmed_bismark_bt2.CpG",331,266,65,331
"3964","07_report/CpG_context_sampling_943_964_trimmed_bismark_bt2.CpG",299,251,48,299
"3965","07_report/CpG_context_sampling_943_965_trimmed_bismark_bt2.CpG",314,262,52,314
"3966","07_report/CpG_context_sampling_943_966_trimmed_bismark_bt2.CpG",312,265,47,312
"3967","07_report/CpG_context_sampling_943_967_trimmed_bismark_bt2.CpG",309,258,51,309
"3968","07_report/CpG_context_sampling_943_968_trimmed_bismark_bt2.CpG",299,253,46,299
"3969","07_report/CpG_context_sampling_943_969_trimmed_bismark_bt2.CpG",306,256,50,306
"3970","07_report/CpG_context_sampling_943_970_trimmed_bismark_bt2.CpG",306,267,39,306
"3971","07_report/CpG_context_sampling_943_971_trimmed_bismark_bt2.CpG",310,250,60,310
"3972","07_report/CpG_context_sampling_943_972_trimmed_bismark_bt2.CpG",312,273,39,312
"3973","07_report/CpG_context_sampling_943_973_trimmed_bismark_bt2.CpG",304,237,67,304
"3974","07_report/CpG_context_sampling_943_974_trimmed_bismark_bt2.CpG",318,252,66,318
"3975","07_report/CpG_context_sampling_943_975_trimmed_bismark_bt2.CpG",305,243,62,305
"3976","07_report/CpG_context_sampling_943_976_trimmed_bismark_bt2.CpG",297,247,50,297
"3977","07_report/CpG_context_sampling_943_977_trimmed_bismark_bt2.CpG",270,223,47,270
"3978","07_report/CpG_context_sampling_943_978_trimmed_bismark_bt2.CpG",275,235,40,275
"3979","07_report/CpG_context_sampling_943_979_trimmed_bismark_bt2.CpG",304,239,65,304
"3980","07_report/CpG_context_sampling_943_980_trimmed_bismark_bt2.CpG",305,253,52,305
"3981","07_report/CpG_context_sampling_943_981_trimmed_bismark_bt2.CpG",308,254,54,308
"3982","07_report/CpG_context_sampling_943_982_trimmed_bismark_bt2.CpG",285,236,49,285
"3983","07_report/CpG_context_sampling_943_983_trimmed_bismark_bt2.CpG",315,270,45,315
"3984","07_report/CpG_context_sampling_943_984_trimmed_bismark_bt2.CpG",300,242,58,300
"3985","07_report/CpG_context_sampling_943_985_trimmed_bismark_bt2.CpG",297,245,52,297
"3986","07_report/CpG_context_sampling_943_986_trimmed_bismark_bt2.CpG",303,246,57,303
"3987","07_report/CpG_context_sampling_943_987_trimmed_bismark_bt2.CpG",280,232,48,280
"3988","07_report/CpG_context_sampling_943_988_trimmed_bismark_bt2.CpG",297,249,48,297
"3989","07_report/CpG_context_sampling_943_989_trimmed_bismark_bt2.CpG",280,232,48,280
"3990","07_report/CpG_context_sampling_943_990_trimmed_bismark_bt2.CpG",300,243,57,300
"3991","07_report/CpG_context_sampling_943_991_trimmed_bismark_bt2.CpG",323,268,55,323
"3992","07_report/CpG_context_sampling_943_992_trimmed_bismark_bt2.CpG",304,256,48,304
"3993","07_report/CpG_context_sampling_943_993_trimmed_bismark_bt2.CpG",302,253,49,302
"3994","07_report/CpG_context_sampling_943_994_trimmed_bismark_bt2.CpG",288,243,45,288
"3995","07_report/CpG_context_sampling_943_995_trimmed_bismark_bt2.CpG",309,261,48,309
"3996","07_report/CpG_context_sampling_943_996_trimmed_bismark_bt2.CpG",310,257,53,310
"3997","07_report/CpG_context_sampling_943_997_trimmed_bismark_bt2.CpG",301,258,43,301
"3998","07_report/CpG_context_sampling_943_998_trimmed_bismark_bt2.CpG",298,246,52,298
"3999","07_report/CpG_context_sampling_943_999_trimmed_bismark_bt2.CpG",331,274,57,331
"4000","07_report/CpG_context_sampling_943_1000_trimmed_bismark_bt2.CpG",286,242,44,286
"4001","07_report/CpG_context_sampling_1347_1_trimmed_bismark_bt2.CpG",448,377,71,448
"4002","07_report/CpG_context_sampling_1347_2_trimmed_bismark_bt2.CpG",446,383,63,446
"4003","07_report/CpG_context_sampling_1347_3_trimmed_bismark_bt2.CpG",437,362,75,437
"4004","07_report/CpG_context_sampling_1347_4_trimmed_bismark_bt2.CpG",421,355,66,421
"4005","07_report/CpG_context_sampling_1347_5_trimmed_bismark_bt2.CpG",446,361,85,446
"4006","07_report/CpG_context_sampling_1347_6_trimmed_bismark_bt2.CpG",426,333,93,426
"4007","07_report/CpG_context_sampling_1347_7_trimmed_bismark_bt2.CpG",431,358,73,431
"4008","07_report/CpG_context_sampling_1347_8_trimmed_bismark_bt2.CpG",435,357,78,435
"4009","07_report/CpG_context_sampling_1347_9_trimmed_bismark_bt2.CpG",448,379,69,448
"4010","07_report/CpG_context_sampling_1347_10_trimmed_bismark_bt2.CpG",443,374,69,443
"4011","07_report/CpG_context_sampling_1347_11_trimmed_bismark_bt2.CpG",411,334,77,411
"4012","07_report/CpG_context_sampling_1347_12_trimmed_bismark_bt2.CpG",411,346,65,411
"4013","07_report/CpG_context_sampling_1347_13_trimmed_bismark_bt2.CpG",452,376,76,452
"4014","07_report/CpG_context_sampling_1347_14_trimmed_bismark_bt2.CpG",421,343,78,421
"4015","07_report/CpG_context_sampling_1347_15_trimmed_bismark_bt2.CpG",437,365,72,437
"4016","07_report/CpG_context_sampling_1347_16_trimmed_bismark_bt2.CpG",433,359,74,433
"4017","07_report/CpG_context_sampling_1347_17_trimmed_bismark_bt2.CpG",405,330,75,405
"4018","07_report/CpG_context_sampling_1347_18_trimmed_bismark_bt2.CpG",445,357,88,445
"4019","07_report/CpG_context_sampling_1347_19_trimmed_bismark_bt2.CpG",450,384,66,450
"4020","07_report/CpG_context_sampling_1347_20_trimmed_bismark_bt2.CpG",450,368,82,450
"4021","07_report/CpG_context_sampling_1347_21_trimmed_bismark_bt2.CpG",433,361,72,433
"4022","07_report/CpG_context_sampling_1347_22_trimmed_bismark_bt2.CpG",426,361,65,426
"4023","07_report/CpG_context_sampling_1347_23_trimmed_bismark_bt2.CpG",456,382,74,456
"4024","07_report/CpG_context_sampling_1347_24_trimmed_bismark_bt2.CpG",427,361,66,427
"4025","07_report/CpG_context_sampling_1347_25_trimmed_bismark_bt2.CpG",464,381,83,464
"4026","07_report/CpG_context_sampling_1347_26_trimmed_bismark_bt2.CpG",443,370,73,443
"4027","07_report/CpG_context_sampling_1347_27_trimmed_bismark_bt2.CpG",445,363,82,445
"4028","07_report/CpG_context_sampling_1347_28_trimmed_bismark_bt2.CpG",431,358,73,431
"4029","07_report/CpG_context_sampling_1347_29_trimmed_bismark_bt2.CpG",417,357,60,417
"4030","07_report/CpG_context_sampling_1347_30_trimmed_bismark_bt2.CpG",443,368,75,443
"4031","07_report/CpG_context_sampling_1347_31_trimmed_bismark_bt2.CpG",440,372,68,440
"4032","07_report/CpG_context_sampling_1347_32_trimmed_bismark_bt2.CpG",399,335,64,399
"4033","07_report/CpG_context_sampling_1347_33_trimmed_bismark_bt2.CpG",436,360,76,436
"4034","07_report/CpG_context_sampling_1347_34_trimmed_bismark_bt2.CpG",421,351,70,421
"4035","07_report/CpG_context_sampling_1347_35_trimmed_bismark_bt2.CpG",423,350,73,423
"4036","07_report/CpG_context_sampling_1347_36_trimmed_bismark_bt2.CpG",418,344,74,418
"4037","07_report/CpG_context_sampling_1347_37_trimmed_bismark_bt2.CpG",456,372,84,456
"4038","07_report/CpG_context_sampling_1347_38_trimmed_bismark_bt2.CpG",433,361,72,433
"4039","07_report/CpG_context_sampling_1347_39_trimmed_bismark_bt2.CpG",418,355,63,418
"4040","07_report/CpG_context_sampling_1347_40_trimmed_bismark_bt2.CpG",465,376,89,465
"4041","07_report/CpG_context_sampling_1347_41_trimmed_bismark_bt2.CpG",449,381,68,449
"4042","07_report/CpG_context_sampling_1347_42_trimmed_bismark_bt2.CpG",447,365,82,447
"4043","07_report/CpG_context_sampling_1347_43_trimmed_bismark_bt2.CpG",441,359,82,441
"4044","07_report/CpG_context_sampling_1347_44_trimmed_bismark_bt2.CpG",456,369,87,456
"4045","07_report/CpG_context_sampling_1347_45_trimmed_bismark_bt2.CpG",447,371,76,447
"4046","07_report/CpG_context_sampling_1347_46_trimmed_bismark_bt2.CpG",458,358,100,458
"4047","07_report/CpG_context_sampling_1347_47_trimmed_bismark_bt2.CpG",420,340,80,420
"4048","07_report/CpG_context_sampling_1347_48_trimmed_bismark_bt2.CpG",408,339,69,408
"4049","07_report/CpG_context_sampling_1347_49_trimmed_bismark_bt2.CpG",448,373,75,448
"4050","07_report/CpG_context_sampling_1347_50_trimmed_bismark_bt2.CpG",437,367,70,437
"4051","07_report/CpG_context_sampling_1347_51_trimmed_bismark_bt2.CpG",435,365,70,435
"4052","07_report/CpG_context_sampling_1347_52_trimmed_bismark_bt2.CpG",435,367,68,435
"4053","07_report/CpG_context_sampling_1347_53_trimmed_bismark_bt2.CpG",460,358,102,460
"4054","07_report/CpG_context_sampling_1347_54_trimmed_bismark_bt2.CpG",436,355,81,436
"4055","07_report/CpG_context_sampling_1347_55_trimmed_bismark_bt2.CpG",465,377,88,465
"4056","07_report/CpG_context_sampling_1347_56_trimmed_bismark_bt2.CpG",444,363,81,444
"4057","07_report/CpG_context_sampling_1347_57_trimmed_bismark_bt2.CpG",443,369,74,443
"4058","07_report/CpG_context_sampling_1347_58_trimmed_bismark_bt2.CpG",441,373,68,441
"4059","07_report/CpG_context_sampling_1347_59_trimmed_bismark_bt2.CpG",422,347,75,422
"4060","07_report/CpG_context_sampling_1347_60_trimmed_bismark_bt2.CpG",432,348,84,432
"4061","07_report/CpG_context_sampling_1347_61_trimmed_bismark_bt2.CpG",426,355,71,426
"4062","07_report/CpG_context_sampling_1347_62_trimmed_bismark_bt2.CpG",440,380,60,440
"4063","07_report/CpG_context_sampling_1347_63_trimmed_bismark_bt2.CpG",437,361,76,437
"4064","07_report/CpG_context_sampling_1347_64_trimmed_bismark_bt2.CpG",445,368,77,445
"4065","07_report/CpG_context_sampling_1347_65_trimmed_bismark_bt2.CpG",432,366,66,432
"4066","07_report/CpG_context_sampling_1347_66_trimmed_bismark_bt2.CpG",428,359,69,428
"4067","07_report/CpG_context_sampling_1347_67_trimmed_bismark_bt2.CpG",429,348,81,429
"4068","07_report/CpG_context_sampling_1347_68_trimmed_bismark_bt2.CpG",435,361,74,435
"4069","07_report/CpG_context_sampling_1347_69_trimmed_bismark_bt2.CpG",463,392,71,463
"4070","07_report/CpG_context_sampling_1347_70_trimmed_bismark_bt2.CpG",415,337,78,415
"4071","07_report/CpG_context_sampling_1347_71_trimmed_bismark_bt2.CpG",427,341,86,427
"4072","07_report/CpG_context_sampling_1347_72_trimmed_bismark_bt2.CpG",473,396,77,473
"4073","07_report/CpG_context_sampling_1347_73_trimmed_bismark_bt2.CpG",469,387,82,469
"4074","07_report/CpG_context_sampling_1347_74_trimmed_bismark_bt2.CpG",425,347,78,425
"4075","07_report/CpG_context_sampling_1347_75_trimmed_bismark_bt2.CpG",437,367,70,437
"4076","07_report/CpG_context_sampling_1347_76_trimmed_bismark_bt2.CpG",440,371,69,440
"4077","07_report/CpG_context_sampling_1347_77_trimmed_bismark_bt2.CpG",425,356,69,425
"4078","07_report/CpG_context_sampling_1347_78_trimmed_bismark_bt2.CpG",412,342,70,412
"4079","07_report/CpG_context_sampling_1347_79_trimmed_bismark_bt2.CpG",426,352,74,426
"4080","07_report/CpG_context_sampling_1347_80_trimmed_bismark_bt2.CpG",410,327,83,410
"4081","07_report/CpG_context_sampling_1347_81_trimmed_bismark_bt2.CpG",448,373,75,448
"4082","07_report/CpG_context_sampling_1347_82_trimmed_bismark_bt2.CpG",446,373,73,446
"4083","07_report/CpG_context_sampling_1347_83_trimmed_bismark_bt2.CpG",440,366,74,440
"4084","07_report/CpG_context_sampling_1347_84_trimmed_bismark_bt2.CpG",421,346,75,421
"4085","07_report/CpG_context_sampling_1347_85_trimmed_bismark_bt2.CpG",440,371,69,440
"4086","07_report/CpG_context_sampling_1347_86_trimmed_bismark_bt2.CpG",442,362,80,442
"4087","07_report/CpG_context_sampling_1347_87_trimmed_bismark_bt2.CpG",422,352,70,422
"4088","07_report/CpG_context_sampling_1347_88_trimmed_bismark_bt2.CpG",415,328,87,415
"4089","07_report/CpG_context_sampling_1347_89_trimmed_bismark_bt2.CpG",434,370,64,434
"4090","07_report/CpG_context_sampling_1347_90_trimmed_bismark_bt2.CpG",463,369,94,463
"4091","07_report/CpG_context_sampling_1347_91_trimmed_bismark_bt2.CpG",423,344,79,423
"4092","07_report/CpG_context_sampling_1347_92_trimmed_bismark_bt2.CpG",424,353,71,424
"4093","07_report/CpG_context_sampling_1347_93_trimmed_bismark_bt2.CpG",444,369,75,444
"4094","07_report/CpG_context_sampling_1347_94_trimmed_bismark_bt2.CpG",448,365,83,448
"4095","07_report/CpG_context_sampling_1347_95_trimmed_bismark_bt2.CpG",448,370,78,448
"4096","07_report/CpG_context_sampling_1347_96_trimmed_bismark_bt2.CpG",453,372,81,453
"4097","07_report/CpG_context_sampling_1347_97_trimmed_bismark_bt2.CpG",448,364,84,448
"4098","07_report/CpG_context_sampling_1347_98_trimmed_bismark_bt2.CpG",414,333,81,414
"4099","07_report/CpG_context_sampling_1347_99_trimmed_bismark_bt2.CpG",429,355,74,429
"4100","07_report/CpG_context_sampling_1347_100_trimmed_bismark_bt2.CpG",459,387,72,459
"4101","07_report/CpG_context_sampling_1347_101_trimmed_bismark_bt2.CpG",453,380,73,453
"4102","07_report/CpG_context_sampling_1347_102_trimmed_bismark_bt2.CpG",385,325,60,385
"4103","07_report/CpG_context_sampling_1347_103_trimmed_bismark_bt2.CpG",433,362,71,433
"4104","07_report/CpG_context_sampling_1347_104_trimmed_bismark_bt2.CpG",439,369,70,439
"4105","07_report/CpG_context_sampling_1347_105_trimmed_bismark_bt2.CpG",422,362,60,422
"4106","07_report/CpG_context_sampling_1347_106_trimmed_bismark_bt2.CpG",440,376,64,440
"4107","07_report/CpG_context_sampling_1347_107_trimmed_bismark_bt2.CpG",459,373,86,459
"4108","07_report/CpG_context_sampling_1347_108_trimmed_bismark_bt2.CpG",424,348,76,424
"4109","07_report/CpG_context_sampling_1347_109_trimmed_bismark_bt2.CpG",436,365,71,436
"4110","07_report/CpG_context_sampling_1347_110_trimmed_bismark_bt2.CpG",424,354,70,424
"4111","07_report/CpG_context_sampling_1347_111_trimmed_bismark_bt2.CpG",425,362,63,425
"4112","07_report/CpG_context_sampling_1347_112_trimmed_bismark_bt2.CpG",433,367,66,433
"4113","07_report/CpG_context_sampling_1347_113_trimmed_bismark_bt2.CpG",443,366,77,443
"4114","07_report/CpG_context_sampling_1347_114_trimmed_bismark_bt2.CpG",431,352,79,431
"4115","07_report/CpG_context_sampling_1347_115_trimmed_bismark_bt2.CpG",459,393,66,459
"4116","07_report/CpG_context_sampling_1347_116_trimmed_bismark_bt2.CpG",422,349,73,422
"4117","07_report/CpG_context_sampling_1347_117_trimmed_bismark_bt2.CpG",463,376,87,463
"4118","07_report/CpG_context_sampling_1347_118_trimmed_bismark_bt2.CpG",438,358,80,438
"4119","07_report/CpG_context_sampling_1347_119_trimmed_bismark_bt2.CpG",423,370,53,423
"4120","07_report/CpG_context_sampling_1347_120_trimmed_bismark_bt2.CpG",456,385,71,456
"4121","07_report/CpG_context_sampling_1347_121_trimmed_bismark_bt2.CpG",452,372,80,452
"4122","07_report/CpG_context_sampling_1347_122_trimmed_bismark_bt2.CpG",438,366,72,438
"4123","07_report/CpG_context_sampling_1347_123_trimmed_bismark_bt2.CpG",459,380,79,459
"4124","07_report/CpG_context_sampling_1347_124_trimmed_bismark_bt2.CpG",443,365,78,443
"4125","07_report/CpG_context_sampling_1347_125_trimmed_bismark_bt2.CpG",423,351,72,423
"4126","07_report/CpG_context_sampling_1347_126_trimmed_bismark_bt2.CpG",402,326,76,402
"4127","07_report/CpG_context_sampling_1347_127_trimmed_bismark_bt2.CpG",413,352,61,413
"4128","07_report/CpG_context_sampling_1347_128_trimmed_bismark_bt2.CpG",447,383,64,447
"4129","07_report/CpG_context_sampling_1347_129_trimmed_bismark_bt2.CpG",422,356,66,422
"4130","07_report/CpG_context_sampling_1347_130_trimmed_bismark_bt2.CpG",442,366,76,442
"4131","07_report/CpG_context_sampling_1347_131_trimmed_bismark_bt2.CpG",462,387,75,462
"4132","07_report/CpG_context_sampling_1347_132_trimmed_bismark_bt2.CpG",464,390,74,464
"4133","07_report/CpG_context_sampling_1347_133_trimmed_bismark_bt2.CpG",423,364,59,423
"4134","07_report/CpG_context_sampling_1347_134_trimmed_bismark_bt2.CpG",437,365,72,437
"4135","07_report/CpG_context_sampling_1347_135_trimmed_bismark_bt2.CpG",445,374,71,445
"4136","07_report/CpG_context_sampling_1347_136_trimmed_bismark_bt2.CpG",427,348,79,427
"4137","07_report/CpG_context_sampling_1347_137_trimmed_bismark_bt2.CpG",424,352,72,424
"4138","07_report/CpG_context_sampling_1347_138_trimmed_bismark_bt2.CpG",455,379,76,455
"4139","07_report/CpG_context_sampling_1347_139_trimmed_bismark_bt2.CpG",412,344,68,412
"4140","07_report/CpG_context_sampling_1347_140_trimmed_bismark_bt2.CpG",417,335,82,417
"4141","07_report/CpG_context_sampling_1347_141_trimmed_bismark_bt2.CpG",431,359,72,431
"4142","07_report/CpG_context_sampling_1347_142_trimmed_bismark_bt2.CpG",438,361,77,438
"4143","07_report/CpG_context_sampling_1347_143_trimmed_bismark_bt2.CpG",427,348,79,427
"4144","07_report/CpG_context_sampling_1347_144_trimmed_bismark_bt2.CpG",428,352,76,428
"4145","07_report/CpG_context_sampling_1347_145_trimmed_bismark_bt2.CpG",431,361,70,431
"4146","07_report/CpG_context_sampling_1347_146_trimmed_bismark_bt2.CpG",425,370,55,425
"4147","07_report/CpG_context_sampling_1347_147_trimmed_bismark_bt2.CpG",467,382,85,467
"4148","07_report/CpG_context_sampling_1347_148_trimmed_bismark_bt2.CpG",451,381,70,451
"4149","07_report/CpG_context_sampling_1347_149_trimmed_bismark_bt2.CpG",414,347,67,414
"4150","07_report/CpG_context_sampling_1347_150_trimmed_bismark_bt2.CpG",447,384,63,447
"4151","07_report/CpG_context_sampling_1347_151_trimmed_bismark_bt2.CpG",452,372,80,452
"4152","07_report/CpG_context_sampling_1347_152_trimmed_bismark_bt2.CpG",443,383,60,443
"4153","07_report/CpG_context_sampling_1347_153_trimmed_bismark_bt2.CpG",448,377,71,448
"4154","07_report/CpG_context_sampling_1347_154_trimmed_bismark_bt2.CpG",422,371,51,422
"4155","07_report/CpG_context_sampling_1347_155_trimmed_bismark_bt2.CpG",423,364,59,423
"4156","07_report/CpG_context_sampling_1347_156_trimmed_bismark_bt2.CpG",425,354,71,425
"4157","07_report/CpG_context_sampling_1347_157_trimmed_bismark_bt2.CpG",424,353,71,424
"4158","07_report/CpG_context_sampling_1347_158_trimmed_bismark_bt2.CpG",455,368,87,455
"4159","07_report/CpG_context_sampling_1347_159_trimmed_bismark_bt2.CpG",437,372,65,437
"4160","07_report/CpG_context_sampling_1347_160_trimmed_bismark_bt2.CpG",413,348,65,413
"4161","07_report/CpG_context_sampling_1347_161_trimmed_bismark_bt2.CpG",400,336,64,400
"4162","07_report/CpG_context_sampling_1347_162_trimmed_bismark_bt2.CpG",432,365,67,432
"4163","07_report/CpG_context_sampling_1347_163_trimmed_bismark_bt2.CpG",424,357,67,424
"4164","07_report/CpG_context_sampling_1347_164_trimmed_bismark_bt2.CpG",438,375,63,438
"4165","07_report/CpG_context_sampling_1347_165_trimmed_bismark_bt2.CpG",441,356,85,441
"4166","07_report/CpG_context_sampling_1347_166_trimmed_bismark_bt2.CpG",440,367,73,440
"4167","07_report/CpG_context_sampling_1347_167_trimmed_bismark_bt2.CpG",445,379,66,445
"4168","07_report/CpG_context_sampling_1347_168_trimmed_bismark_bt2.CpG",431,351,80,431
"4169","07_report/CpG_context_sampling_1347_169_trimmed_bismark_bt2.CpG",448,376,72,448
"4170","07_report/CpG_context_sampling_1347_170_trimmed_bismark_bt2.CpG",458,391,67,458
"4171","07_report/CpG_context_sampling_1347_171_trimmed_bismark_bt2.CpG",438,371,67,438
"4172","07_report/CpG_context_sampling_1347_172_trimmed_bismark_bt2.CpG",417,359,58,417
"4173","07_report/CpG_context_sampling_1347_173_trimmed_bismark_bt2.CpG",438,379,59,438
"4174","07_report/CpG_context_sampling_1347_174_trimmed_bismark_bt2.CpG",447,387,60,447
"4175","07_report/CpG_context_sampling_1347_175_trimmed_bismark_bt2.CpG",468,386,82,468
"4176","07_report/CpG_context_sampling_1347_176_trimmed_bismark_bt2.CpG",430,361,69,430
"4177","07_report/CpG_context_sampling_1347_177_trimmed_bismark_bt2.CpG",448,359,89,448
"4178","07_report/CpG_context_sampling_1347_178_trimmed_bismark_bt2.CpG",433,369,64,433
"4179","07_report/CpG_context_sampling_1347_179_trimmed_bismark_bt2.CpG",408,342,66,408
"4180","07_report/CpG_context_sampling_1347_180_trimmed_bismark_bt2.CpG",465,385,80,465
"4181","07_report/CpG_context_sampling_1347_181_trimmed_bismark_bt2.CpG",438,360,78,438
"4182","07_report/CpG_context_sampling_1347_182_trimmed_bismark_bt2.CpG",423,357,66,423
"4183","07_report/CpG_context_sampling_1347_183_trimmed_bismark_bt2.CpG",422,350,72,422
"4184","07_report/CpG_context_sampling_1347_184_trimmed_bismark_bt2.CpG",476,392,84,476
"4185","07_report/CpG_context_sampling_1347_185_trimmed_bismark_bt2.CpG",460,387,73,460
"4186","07_report/CpG_context_sampling_1347_186_trimmed_bismark_bt2.CpG",430,372,58,430
"4187","07_report/CpG_context_sampling_1347_187_trimmed_bismark_bt2.CpG",453,392,61,453
"4188","07_report/CpG_context_sampling_1347_188_trimmed_bismark_bt2.CpG",424,356,68,424
"4189","07_report/CpG_context_sampling_1347_189_trimmed_bismark_bt2.CpG",443,365,78,443
"4190","07_report/CpG_context_sampling_1347_190_trimmed_bismark_bt2.CpG",447,363,84,447
"4191","07_report/CpG_context_sampling_1347_191_trimmed_bismark_bt2.CpG",439,362,77,439
"4192","07_report/CpG_context_sampling_1347_192_trimmed_bismark_bt2.CpG",420,351,69,420
"4193","07_report/CpG_context_sampling_1347_193_trimmed_bismark_bt2.CpG",445,372,73,445
"4194","07_report/CpG_context_sampling_1347_194_trimmed_bismark_bt2.CpG",454,375,79,454
"4195","07_report/CpG_context_sampling_1347_195_trimmed_bismark_bt2.CpG",466,382,84,466
"4196","07_report/CpG_context_sampling_1347_196_trimmed_bismark_bt2.CpG",438,368,70,438
"4197","07_report/CpG_context_sampling_1347_197_trimmed_bismark_bt2.CpG",433,342,91,433
"4198","07_report/CpG_context_sampling_1347_198_trimmed_bismark_bt2.CpG",449,369,80,449
"4199","07_report/CpG_context_sampling_1347_199_trimmed_bismark_bt2.CpG",434,359,75,434
"4200","07_report/CpG_context_sampling_1347_200_trimmed_bismark_bt2.CpG",438,363,75,438
"4201","07_report/CpG_context_sampling_1347_201_trimmed_bismark_bt2.CpG",432,348,84,432
"4202","07_report/CpG_context_sampling_1347_202_trimmed_bismark_bt2.CpG",418,349,69,418
"4203","07_report/CpG_context_sampling_1347_203_trimmed_bismark_bt2.CpG",457,370,87,457
"4204","07_report/CpG_context_sampling_1347_204_trimmed_bismark_bt2.CpG",415,346,69,415
"4205","07_report/CpG_context_sampling_1347_205_trimmed_bismark_bt2.CpG",442,370,72,442
"4206","07_report/CpG_context_sampling_1347_206_trimmed_bismark_bt2.CpG",431,357,74,431
"4207","07_report/CpG_context_sampling_1347_207_trimmed_bismark_bt2.CpG",421,358,63,421
"4208","07_report/CpG_context_sampling_1347_208_trimmed_bismark_bt2.CpG",423,355,68,423
"4209","07_report/CpG_context_sampling_1347_209_trimmed_bismark_bt2.CpG",429,353,76,429
"4210","07_report/CpG_context_sampling_1347_210_trimmed_bismark_bt2.CpG",446,360,86,446
"4211","07_report/CpG_context_sampling_1347_211_trimmed_bismark_bt2.CpG",434,371,63,434
"4212","07_report/CpG_context_sampling_1347_212_trimmed_bismark_bt2.CpG",459,374,85,459
"4213","07_report/CpG_context_sampling_1347_213_trimmed_bismark_bt2.CpG",416,340,76,416
"4214","07_report/CpG_context_sampling_1347_214_trimmed_bismark_bt2.CpG",446,369,77,446
"4215","07_report/CpG_context_sampling_1347_215_trimmed_bismark_bt2.CpG",437,360,77,437
"4216","07_report/CpG_context_sampling_1347_216_trimmed_bismark_bt2.CpG",442,377,65,442
"4217","07_report/CpG_context_sampling_1347_217_trimmed_bismark_bt2.CpG",435,369,66,435
"4218","07_report/CpG_context_sampling_1347_218_trimmed_bismark_bt2.CpG",438,360,78,438
"4219","07_report/CpG_context_sampling_1347_219_trimmed_bismark_bt2.CpG",441,372,69,441
"4220","07_report/CpG_context_sampling_1347_220_trimmed_bismark_bt2.CpG",445,365,80,445
"4221","07_report/CpG_context_sampling_1347_221_trimmed_bismark_bt2.CpG",460,386,74,460
"4222","07_report/CpG_context_sampling_1347_222_trimmed_bismark_bt2.CpG",438,366,72,438
"4223","07_report/CpG_context_sampling_1347_223_trimmed_bismark_bt2.CpG",460,380,80,460
"4224","07_report/CpG_context_sampling_1347_224_trimmed_bismark_bt2.CpG",414,348,66,414
"4225","07_report/CpG_context_sampling_1347_225_trimmed_bismark_bt2.CpG",434,358,76,434
"4226","07_report/CpG_context_sampling_1347_226_trimmed_bismark_bt2.CpG",419,365,54,419
"4227","07_report/CpG_context_sampling_1347_227_trimmed_bismark_bt2.CpG",452,375,77,452
"4228","07_report/CpG_context_sampling_1347_228_trimmed_bismark_bt2.CpG",427,372,55,427
"4229","07_report/CpG_context_sampling_1347_229_trimmed_bismark_bt2.CpG",464,389,75,464
"4230","07_report/CpG_context_sampling_1347_230_trimmed_bismark_bt2.CpG",434,342,92,434
"4231","07_report/CpG_context_sampling_1347_231_trimmed_bismark_bt2.CpG",450,370,80,450
"4232","07_report/CpG_context_sampling_1347_232_trimmed_bismark_bt2.CpG",418,340,78,418
"4233","07_report/CpG_context_sampling_1347_233_trimmed_bismark_bt2.CpG",456,386,70,456
"4234","07_report/CpG_context_sampling_1347_234_trimmed_bismark_bt2.CpG",438,360,78,438
"4235","07_report/CpG_context_sampling_1347_235_trimmed_bismark_bt2.CpG",417,346,71,417
"4236","07_report/CpG_context_sampling_1347_236_trimmed_bismark_bt2.CpG",423,346,77,423
"4237","07_report/CpG_context_sampling_1347_237_trimmed_bismark_bt2.CpG",440,365,75,440
"4238","07_report/CpG_context_sampling_1347_238_trimmed_bismark_bt2.CpG",455,388,67,455
"4239","07_report/CpG_context_sampling_1347_239_trimmed_bismark_bt2.CpG",421,362,59,421
"4240","07_report/CpG_context_sampling_1347_240_trimmed_bismark_bt2.CpG",402,326,76,402
"4241","07_report/CpG_context_sampling_1347_241_trimmed_bismark_bt2.CpG",440,372,68,440
"4242","07_report/CpG_context_sampling_1347_242_trimmed_bismark_bt2.CpG",425,350,75,425
"4243","07_report/CpG_context_sampling_1347_243_trimmed_bismark_bt2.CpG",446,363,83,446
"4244","07_report/CpG_context_sampling_1347_244_trimmed_bismark_bt2.CpG",415,361,54,415
"4245","07_report/CpG_context_sampling_1347_245_trimmed_bismark_bt2.CpG",451,380,71,451
"4246","07_report/CpG_context_sampling_1347_246_trimmed_bismark_bt2.CpG",427,370,57,427
"4247","07_report/CpG_context_sampling_1347_247_trimmed_bismark_bt2.CpG",400,312,88,400
"4248","07_report/CpG_context_sampling_1347_248_trimmed_bismark_bt2.CpG",456,374,82,456
"4249","07_report/CpG_context_sampling_1347_249_trimmed_bismark_bt2.CpG",445,368,77,445
"4250","07_report/CpG_context_sampling_1347_250_trimmed_bismark_bt2.CpG",421,351,70,421
"4251","07_report/CpG_context_sampling_1347_251_trimmed_bismark_bt2.CpG",444,381,63,444
"4252","07_report/CpG_context_sampling_1347_252_trimmed_bismark_bt2.CpG",438,367,71,438
"4253","07_report/CpG_context_sampling_1347_253_trimmed_bismark_bt2.CpG",429,350,79,429
"4254","07_report/CpG_context_sampling_1347_254_trimmed_bismark_bt2.CpG",429,350,79,429
"4255","07_report/CpG_context_sampling_1347_255_trimmed_bismark_bt2.CpG",450,361,89,450
"4256","07_report/CpG_context_sampling_1347_256_trimmed_bismark_bt2.CpG",430,370,60,430
"4257","07_report/CpG_context_sampling_1347_257_trimmed_bismark_bt2.CpG",386,315,71,386
"4258","07_report/CpG_context_sampling_1347_258_trimmed_bismark_bt2.CpG",411,333,78,411
"4259","07_report/CpG_context_sampling_1347_259_trimmed_bismark_bt2.CpG",464,391,73,464
"4260","07_report/CpG_context_sampling_1347_260_trimmed_bismark_bt2.CpG",436,352,84,436
"4261","07_report/CpG_context_sampling_1347_261_trimmed_bismark_bt2.CpG",449,382,67,449
"4262","07_report/CpG_context_sampling_1347_262_trimmed_bismark_bt2.CpG",446,378,68,446
"4263","07_report/CpG_context_sampling_1347_263_trimmed_bismark_bt2.CpG",444,368,76,444
"4264","07_report/CpG_context_sampling_1347_264_trimmed_bismark_bt2.CpG",453,372,81,453
"4265","07_report/CpG_context_sampling_1347_265_trimmed_bismark_bt2.CpG",447,385,62,447
"4266","07_report/CpG_context_sampling_1347_266_trimmed_bismark_bt2.CpG",416,336,80,416
"4267","07_report/CpG_context_sampling_1347_267_trimmed_bismark_bt2.CpG",446,366,80,446
"4268","07_report/CpG_context_sampling_1347_268_trimmed_bismark_bt2.CpG",435,368,67,435
"4269","07_report/CpG_context_sampling_1347_269_trimmed_bismark_bt2.CpG",454,384,70,454
"4270","07_report/CpG_context_sampling_1347_270_trimmed_bismark_bt2.CpG",448,373,75,448
"4271","07_report/CpG_context_sampling_1347_271_trimmed_bismark_bt2.CpG",416,354,62,416
"4272","07_report/CpG_context_sampling_1347_272_trimmed_bismark_bt2.CpG",436,380,56,436
"4273","07_report/CpG_context_sampling_1347_273_trimmed_bismark_bt2.CpG",419,343,76,419
"4274","07_report/CpG_context_sampling_1347_274_trimmed_bismark_bt2.CpG",432,361,71,432
"4275","07_report/CpG_context_sampling_1347_275_trimmed_bismark_bt2.CpG",414,347,67,414
"4276","07_report/CpG_context_sampling_1347_276_trimmed_bismark_bt2.CpG",432,364,68,432
"4277","07_report/CpG_context_sampling_1347_277_trimmed_bismark_bt2.CpG",438,375,63,438
"4278","07_report/CpG_context_sampling_1347_278_trimmed_bismark_bt2.CpG",452,382,70,452
"4279","07_report/CpG_context_sampling_1347_279_trimmed_bismark_bt2.CpG",430,344,86,430
"4280","07_report/CpG_context_sampling_1347_280_trimmed_bismark_bt2.CpG",453,366,87,453
"4281","07_report/CpG_context_sampling_1347_281_trimmed_bismark_bt2.CpG",441,379,62,441
"4282","07_report/CpG_context_sampling_1347_282_trimmed_bismark_bt2.CpG",426,360,66,426
"4283","07_report/CpG_context_sampling_1347_283_trimmed_bismark_bt2.CpG",445,374,71,445
"4284","07_report/CpG_context_sampling_1347_284_trimmed_bismark_bt2.CpG",448,370,78,448
"4285","07_report/CpG_context_sampling_1347_285_trimmed_bismark_bt2.CpG",402,338,64,402
"4286","07_report/CpG_context_sampling_1347_286_trimmed_bismark_bt2.CpG",458,389,69,458
"4287","07_report/CpG_context_sampling_1347_287_trimmed_bismark_bt2.CpG",438,375,63,438
"4288","07_report/CpG_context_sampling_1347_288_trimmed_bismark_bt2.CpG",447,373,74,447
"4289","07_report/CpG_context_sampling_1347_289_trimmed_bismark_bt2.CpG",396,333,63,396
"4290","07_report/CpG_context_sampling_1347_290_trimmed_bismark_bt2.CpG",417,356,61,417
"4291","07_report/CpG_context_sampling_1347_291_trimmed_bismark_bt2.CpG",438,361,77,438
"4292","07_report/CpG_context_sampling_1347_292_trimmed_bismark_bt2.CpG",454,391,63,454
"4293","07_report/CpG_context_sampling_1347_293_trimmed_bismark_bt2.CpG",401,332,69,401
"4294","07_report/CpG_context_sampling_1347_294_trimmed_bismark_bt2.CpG",448,375,73,448
"4295","07_report/CpG_context_sampling_1347_295_trimmed_bismark_bt2.CpG",435,374,61,435
"4296","07_report/CpG_context_sampling_1347_296_trimmed_bismark_bt2.CpG",423,347,76,423
"4297","07_report/CpG_context_sampling_1347_297_trimmed_bismark_bt2.CpG",427,340,87,427
"4298","07_report/CpG_context_sampling_1347_298_trimmed_bismark_bt2.CpG",418,351,67,418
"4299","07_report/CpG_context_sampling_1347_299_trimmed_bismark_bt2.CpG",460,367,93,460
"4300","07_report/CpG_context_sampling_1347_300_trimmed_bismark_bt2.CpG",444,354,90,444
"4301","07_report/CpG_context_sampling_1347_301_trimmed_bismark_bt2.CpG",439,373,66,439
"4302","07_report/CpG_context_sampling_1347_302_trimmed_bismark_bt2.CpG",447,369,78,447
"4303","07_report/CpG_context_sampling_1347_303_trimmed_bismark_bt2.CpG",462,394,68,462
"4304","07_report/CpG_context_sampling_1347_304_trimmed_bismark_bt2.CpG",431,345,86,431
"4305","07_report/CpG_context_sampling_1347_305_trimmed_bismark_bt2.CpG",440,370,70,440
"4306","07_report/CpG_context_sampling_1347_306_trimmed_bismark_bt2.CpG",421,353,68,421
"4307","07_report/CpG_context_sampling_1347_307_trimmed_bismark_bt2.CpG",442,364,78,442
"4308","07_report/CpG_context_sampling_1347_308_trimmed_bismark_bt2.CpG",421,356,65,421
"4309","07_report/CpG_context_sampling_1347_309_trimmed_bismark_bt2.CpG",420,334,86,420
"4310","07_report/CpG_context_sampling_1347_310_trimmed_bismark_bt2.CpG",453,384,69,453
"4311","07_report/CpG_context_sampling_1347_311_trimmed_bismark_bt2.CpG",456,369,87,456
"4312","07_report/CpG_context_sampling_1347_312_trimmed_bismark_bt2.CpG",423,347,76,423
"4313","07_report/CpG_context_sampling_1347_313_trimmed_bismark_bt2.CpG",413,328,85,413
"4314","07_report/CpG_context_sampling_1347_314_trimmed_bismark_bt2.CpG",469,407,62,469
"4315","07_report/CpG_context_sampling_1347_315_trimmed_bismark_bt2.CpG",464,391,73,464
"4316","07_report/CpG_context_sampling_1347_316_trimmed_bismark_bt2.CpG",417,334,83,417
"4317","07_report/CpG_context_sampling_1347_317_trimmed_bismark_bt2.CpG",452,371,81,452
"4318","07_report/CpG_context_sampling_1347_318_trimmed_bismark_bt2.CpG",439,367,72,439
"4319","07_report/CpG_context_sampling_1347_319_trimmed_bismark_bt2.CpG",437,367,70,437
"4320","07_report/CpG_context_sampling_1347_320_trimmed_bismark_bt2.CpG",436,349,87,436
"4321","07_report/CpG_context_sampling_1347_321_trimmed_bismark_bt2.CpG",452,379,73,452
"4322","07_report/CpG_context_sampling_1347_322_trimmed_bismark_bt2.CpG",423,338,85,423
"4323","07_report/CpG_context_sampling_1347_323_trimmed_bismark_bt2.CpG",438,363,75,438
"4324","07_report/CpG_context_sampling_1347_324_trimmed_bismark_bt2.CpG",453,358,95,453
"4325","07_report/CpG_context_sampling_1347_325_trimmed_bismark_bt2.CpG",430,355,75,430
"4326","07_report/CpG_context_sampling_1347_326_trimmed_bismark_bt2.CpG",402,328,74,402
"4327","07_report/CpG_context_sampling_1347_327_trimmed_bismark_bt2.CpG",462,380,82,462
"4328","07_report/CpG_context_sampling_1347_328_trimmed_bismark_bt2.CpG",436,362,74,436
"4329","07_report/CpG_context_sampling_1347_329_trimmed_bismark_bt2.CpG",461,391,70,461
"4330","07_report/CpG_context_sampling_1347_330_trimmed_bismark_bt2.CpG",420,345,75,420
"4331","07_report/CpG_context_sampling_1347_331_trimmed_bismark_bt2.CpG",410,356,54,410
"4332","07_report/CpG_context_sampling_1347_332_trimmed_bismark_bt2.CpG",416,341,75,416
"4333","07_report/CpG_context_sampling_1347_333_trimmed_bismark_bt2.CpG",417,351,66,417
"4334","07_report/CpG_context_sampling_1347_334_trimmed_bismark_bt2.CpG",419,355,64,419
"4335","07_report/CpG_context_sampling_1347_335_trimmed_bismark_bt2.CpG",436,364,72,436
"4336","07_report/CpG_context_sampling_1347_336_trimmed_bismark_bt2.CpG",405,340,65,405
"4337","07_report/CpG_context_sampling_1347_337_trimmed_bismark_bt2.CpG",441,355,86,441
"4338","07_report/CpG_context_sampling_1347_338_trimmed_bismark_bt2.CpG",445,358,87,445
"4339","07_report/CpG_context_sampling_1347_339_trimmed_bismark_bt2.CpG",443,375,68,443
"4340","07_report/CpG_context_sampling_1347_340_trimmed_bismark_bt2.CpG",446,381,65,446
"4341","07_report/CpG_context_sampling_1347_341_trimmed_bismark_bt2.CpG",415,363,52,415
"4342","07_report/CpG_context_sampling_1347_342_trimmed_bismark_bt2.CpG",401,342,59,401
"4343","07_report/CpG_context_sampling_1347_343_trimmed_bismark_bt2.CpG",437,371,66,437
"4344","07_report/CpG_context_sampling_1347_344_trimmed_bismark_bt2.CpG",447,365,82,447
"4345","07_report/CpG_context_sampling_1347_345_trimmed_bismark_bt2.CpG",433,356,77,433
"4346","07_report/CpG_context_sampling_1347_346_trimmed_bismark_bt2.CpG",442,371,71,442
"4347","07_report/CpG_context_sampling_1347_347_trimmed_bismark_bt2.CpG",419,347,72,419
"4348","07_report/CpG_context_sampling_1347_348_trimmed_bismark_bt2.CpG",449,362,87,449
"4349","07_report/CpG_context_sampling_1347_349_trimmed_bismark_bt2.CpG",447,367,80,447
"4350","07_report/CpG_context_sampling_1347_350_trimmed_bismark_bt2.CpG",427,358,69,427
"4351","07_report/CpG_context_sampling_1347_351_trimmed_bismark_bt2.CpG",426,357,69,426
"4352","07_report/CpG_context_sampling_1347_352_trimmed_bismark_bt2.CpG",435,359,76,435
"4353","07_report/CpG_context_sampling_1347_353_trimmed_bismark_bt2.CpG",432,365,67,432
"4354","07_report/CpG_context_sampling_1347_354_trimmed_bismark_bt2.CpG",443,369,74,443
"4355","07_report/CpG_context_sampling_1347_355_trimmed_bismark_bt2.CpG",432,353,79,432
"4356","07_report/CpG_context_sampling_1347_356_trimmed_bismark_bt2.CpG",440,366,74,440
"4357","07_report/CpG_context_sampling_1347_357_trimmed_bismark_bt2.CpG",445,365,80,445
"4358","07_report/CpG_context_sampling_1347_358_trimmed_bismark_bt2.CpG",442,369,73,442
"4359","07_report/CpG_context_sampling_1347_359_trimmed_bismark_bt2.CpG",416,337,79,416
"4360","07_report/CpG_context_sampling_1347_360_trimmed_bismark_bt2.CpG",462,383,79,462
"4361","07_report/CpG_context_sampling_1347_361_trimmed_bismark_bt2.CpG",446,373,73,446
"4362","07_report/CpG_context_sampling_1347_362_trimmed_bismark_bt2.CpG",415,344,71,415
"4363","07_report/CpG_context_sampling_1347_363_trimmed_bismark_bt2.CpG",423,358,65,423
"4364","07_report/CpG_context_sampling_1347_364_trimmed_bismark_bt2.CpG",415,350,65,415
"4365","07_report/CpG_context_sampling_1347_365_trimmed_bismark_bt2.CpG",452,383,69,452
"4366","07_report/CpG_context_sampling_1347_366_trimmed_bismark_bt2.CpG",433,350,83,433
"4367","07_report/CpG_context_sampling_1347_367_trimmed_bismark_bt2.CpG",440,360,80,440
"4368","07_report/CpG_context_sampling_1347_368_trimmed_bismark_bt2.CpG",419,341,78,419
"4369","07_report/CpG_context_sampling_1347_369_trimmed_bismark_bt2.CpG",444,369,75,444
"4370","07_report/CpG_context_sampling_1347_370_trimmed_bismark_bt2.CpG",445,359,86,445
"4371","07_report/CpG_context_sampling_1347_371_trimmed_bismark_bt2.CpG",444,364,80,444
"4372","07_report/CpG_context_sampling_1347_372_trimmed_bismark_bt2.CpG",455,374,81,455
"4373","07_report/CpG_context_sampling_1347_373_trimmed_bismark_bt2.CpG",433,362,71,433
"4374","07_report/CpG_context_sampling_1347_374_trimmed_bismark_bt2.CpG",440,364,76,440
"4375","07_report/CpG_context_sampling_1347_375_trimmed_bismark_bt2.CpG",413,328,85,413
"4376","07_report/CpG_context_sampling_1347_376_trimmed_bismark_bt2.CpG",443,368,75,443
"4377","07_report/CpG_context_sampling_1347_377_trimmed_bismark_bt2.CpG",441,372,69,441
"4378","07_report/CpG_context_sampling_1347_378_trimmed_bismark_bt2.CpG",447,371,76,447
"4379","07_report/CpG_context_sampling_1347_379_trimmed_bismark_bt2.CpG",449,378,71,449
"4380","07_report/CpG_context_sampling_1347_380_trimmed_bismark_bt2.CpG",436,364,72,436
"4381","07_report/CpG_context_sampling_1347_381_trimmed_bismark_bt2.CpG",443,378,65,443
"4382","07_report/CpG_context_sampling_1347_382_trimmed_bismark_bt2.CpG",441,360,81,441
"4383","07_report/CpG_context_sampling_1347_383_trimmed_bismark_bt2.CpG",436,358,78,436
"4384","07_report/CpG_context_sampling_1347_384_trimmed_bismark_bt2.CpG",415,335,80,415
"4385","07_report/CpG_context_sampling_1347_385_trimmed_bismark_bt2.CpG",436,369,67,436
"4386","07_report/CpG_context_sampling_1347_386_trimmed_bismark_bt2.CpG",419,329,90,419
"4387","07_report/CpG_context_sampling_1347_387_trimmed_bismark_bt2.CpG",424,364,60,424
"4388","07_report/CpG_context_sampling_1347_388_trimmed_bismark_bt2.CpG",434,361,73,434
"4389","07_report/CpG_context_sampling_1347_389_trimmed_bismark_bt2.CpG",421,345,76,421
"4390","07_report/CpG_context_sampling_1347_390_trimmed_bismark_bt2.CpG",461,377,84,461
"4391","07_report/CpG_context_sampling_1347_391_trimmed_bismark_bt2.CpG",438,370,68,438
"4392","07_report/CpG_context_sampling_1347_392_trimmed_bismark_bt2.CpG",439,373,66,439
"4393","07_report/CpG_context_sampling_1347_393_trimmed_bismark_bt2.CpG",456,376,80,456
"4394","07_report/CpG_context_sampling_1347_394_trimmed_bismark_bt2.CpG",465,392,73,465
"4395","07_report/CpG_context_sampling_1347_395_trimmed_bismark_bt2.CpG",412,359,53,412
"4396","07_report/CpG_context_sampling_1347_396_trimmed_bismark_bt2.CpG",447,387,60,447
"4397","07_report/CpG_context_sampling_1347_397_trimmed_bismark_bt2.CpG",464,385,79,464
"4398","07_report/CpG_context_sampling_1347_398_trimmed_bismark_bt2.CpG",433,355,78,433
"4399","07_report/CpG_context_sampling_1347_399_trimmed_bismark_bt2.CpG",439,377,62,439
"4400","07_report/CpG_context_sampling_1347_400_trimmed_bismark_bt2.CpG",413,348,65,413
"4401","07_report/CpG_context_sampling_1347_401_trimmed_bismark_bt2.CpG",465,391,74,465
"4402","07_report/CpG_context_sampling_1347_402_trimmed_bismark_bt2.CpG",452,368,84,452
"4403","07_report/CpG_context_sampling_1347_403_trimmed_bismark_bt2.CpG",412,337,75,412
"4404","07_report/CpG_context_sampling_1347_404_trimmed_bismark_bt2.CpG",436,360,76,436
"4405","07_report/CpG_context_sampling_1347_405_trimmed_bismark_bt2.CpG",457,368,89,457
"4406","07_report/CpG_context_sampling_1347_406_trimmed_bismark_bt2.CpG",409,358,51,409
"4407","07_report/CpG_context_sampling_1347_407_trimmed_bismark_bt2.CpG",457,379,78,457
"4408","07_report/CpG_context_sampling_1347_408_trimmed_bismark_bt2.CpG",433,363,70,433
"4409","07_report/CpG_context_sampling_1347_409_trimmed_bismark_bt2.CpG",451,373,78,451
"4410","07_report/CpG_context_sampling_1347_410_trimmed_bismark_bt2.CpG",421,356,65,421
"4411","07_report/CpG_context_sampling_1347_411_trimmed_bismark_bt2.CpG",455,377,78,455
"4412","07_report/CpG_context_sampling_1347_412_trimmed_bismark_bt2.CpG",424,353,71,424
"4413","07_report/CpG_context_sampling_1347_413_trimmed_bismark_bt2.CpG",430,360,70,430
"4414","07_report/CpG_context_sampling_1347_414_trimmed_bismark_bt2.CpG",426,364,62,426
"4415","07_report/CpG_context_sampling_1347_415_trimmed_bismark_bt2.CpG",446,370,76,446
"4416","07_report/CpG_context_sampling_1347_416_trimmed_bismark_bt2.CpG",440,368,72,440
"4417","07_report/CpG_context_sampling_1347_417_trimmed_bismark_bt2.CpG",408,335,73,408
"4418","07_report/CpG_context_sampling_1347_418_trimmed_bismark_bt2.CpG",432,360,72,432
"4419","07_report/CpG_context_sampling_1347_419_trimmed_bismark_bt2.CpG",424,345,79,424
"4420","07_report/CpG_context_sampling_1347_420_trimmed_bismark_bt2.CpG",441,366,75,441
"4421","07_report/CpG_context_sampling_1347_421_trimmed_bismark_bt2.CpG",426,354,72,426
"4422","07_report/CpG_context_sampling_1347_422_trimmed_bismark_bt2.CpG",432,349,83,432
"4423","07_report/CpG_context_sampling_1347_423_trimmed_bismark_bt2.CpG",443,373,70,443
"4424","07_report/CpG_context_sampling_1347_424_trimmed_bismark_bt2.CpG",443,366,77,443
"4425","07_report/CpG_context_sampling_1347_425_trimmed_bismark_bt2.CpG",467,370,97,467
"4426","07_report/CpG_context_sampling_1347_426_trimmed_bismark_bt2.CpG",437,372,65,437
"4427","07_report/CpG_context_sampling_1347_427_trimmed_bismark_bt2.CpG",432,358,74,432
"4428","07_report/CpG_context_sampling_1347_428_trimmed_bismark_bt2.CpG",443,361,82,443
"4429","07_report/CpG_context_sampling_1347_429_trimmed_bismark_bt2.CpG",418,351,67,418
"4430","07_report/CpG_context_sampling_1347_430_trimmed_bismark_bt2.CpG",427,366,61,427
"4431","07_report/CpG_context_sampling_1347_431_trimmed_bismark_bt2.CpG",410,342,68,410
"4432","07_report/CpG_context_sampling_1347_432_trimmed_bismark_bt2.CpG",409,343,66,409
"4433","07_report/CpG_context_sampling_1347_433_trimmed_bismark_bt2.CpG",439,367,72,439
"4434","07_report/CpG_context_sampling_1347_434_trimmed_bismark_bt2.CpG",429,352,77,429
"4435","07_report/CpG_context_sampling_1347_435_trimmed_bismark_bt2.CpG",415,349,66,415
"4436","07_report/CpG_context_sampling_1347_436_trimmed_bismark_bt2.CpG",440,360,80,440
"4437","07_report/CpG_context_sampling_1347_437_trimmed_bismark_bt2.CpG",454,378,76,454
"4438","07_report/CpG_context_sampling_1347_438_trimmed_bismark_bt2.CpG",430,362,68,430
"4439","07_report/CpG_context_sampling_1347_439_trimmed_bismark_bt2.CpG",439,374,65,439
"4440","07_report/CpG_context_sampling_1347_440_trimmed_bismark_bt2.CpG",440,369,71,440
"4441","07_report/CpG_context_sampling_1347_441_trimmed_bismark_bt2.CpG",438,368,70,438
"4442","07_report/CpG_context_sampling_1347_442_trimmed_bismark_bt2.CpG",428,362,66,428
"4443","07_report/CpG_context_sampling_1347_443_trimmed_bismark_bt2.CpG",443,367,76,443
"4444","07_report/CpG_context_sampling_1347_444_trimmed_bismark_bt2.CpG",433,362,71,433
"4445","07_report/CpG_context_sampling_1347_445_trimmed_bismark_bt2.CpG",434,356,78,434
"4446","07_report/CpG_context_sampling_1347_446_trimmed_bismark_bt2.CpG",433,359,74,433
"4447","07_report/CpG_context_sampling_1347_447_trimmed_bismark_bt2.CpG",422,349,73,422
"4448","07_report/CpG_context_sampling_1347_448_trimmed_bismark_bt2.CpG",440,370,70,440
"4449","07_report/CpG_context_sampling_1347_449_trimmed_bismark_bt2.CpG",429,361,68,429
"4450","07_report/CpG_context_sampling_1347_450_trimmed_bismark_bt2.CpG",435,351,84,435
"4451","07_report/CpG_context_sampling_1347_451_trimmed_bismark_bt2.CpG",425,348,77,425
"4452","07_report/CpG_context_sampling_1347_452_trimmed_bismark_bt2.CpG",423,343,80,423
"4453","07_report/CpG_context_sampling_1347_453_trimmed_bismark_bt2.CpG",418,340,78,418
"4454","07_report/CpG_context_sampling_1347_454_trimmed_bismark_bt2.CpG",414,344,70,414
"4455","07_report/CpG_context_sampling_1347_455_trimmed_bismark_bt2.CpG",457,398,59,457
"4456","07_report/CpG_context_sampling_1347_456_trimmed_bismark_bt2.CpG",438,368,70,438
"4457","07_report/CpG_context_sampling_1347_457_trimmed_bismark_bt2.CpG",398,315,83,398
"4458","07_report/CpG_context_sampling_1347_458_trimmed_bismark_bt2.CpG",437,369,68,437
"4459","07_report/CpG_context_sampling_1347_459_trimmed_bismark_bt2.CpG",462,383,79,462
"4460","07_report/CpG_context_sampling_1347_460_trimmed_bismark_bt2.CpG",418,349,69,418
"4461","07_report/CpG_context_sampling_1347_461_trimmed_bismark_bt2.CpG",432,353,79,432
"4462","07_report/CpG_context_sampling_1347_462_trimmed_bismark_bt2.CpG",418,353,65,418
"4463","07_report/CpG_context_sampling_1347_463_trimmed_bismark_bt2.CpG",432,374,58,432
"4464","07_report/CpG_context_sampling_1347_464_trimmed_bismark_bt2.CpG",431,355,76,431
"4465","07_report/CpG_context_sampling_1347_465_trimmed_bismark_bt2.CpG",417,359,58,417
"4466","07_report/CpG_context_sampling_1347_466_trimmed_bismark_bt2.CpG",433,367,66,433
"4467","07_report/CpG_context_sampling_1347_467_trimmed_bismark_bt2.CpG",426,338,88,426
"4468","07_report/CpG_context_sampling_1347_468_trimmed_bismark_bt2.CpG",429,350,79,429
"4469","07_report/CpG_context_sampling_1347_469_trimmed_bismark_bt2.CpG",424,346,78,424
"4470","07_report/CpG_context_sampling_1347_470_trimmed_bismark_bt2.CpG",456,380,76,456
"4471","07_report/CpG_context_sampling_1347_471_trimmed_bismark_bt2.CpG",411,342,69,411
"4472","07_report/CpG_context_sampling_1347_472_trimmed_bismark_bt2.CpG",443,374,69,443
"4473","07_report/CpG_context_sampling_1347_473_trimmed_bismark_bt2.CpG",438,359,79,438
"4474","07_report/CpG_context_sampling_1347_474_trimmed_bismark_bt2.CpG",437,354,83,437
"4475","07_report/CpG_context_sampling_1347_475_trimmed_bismark_bt2.CpG",403,335,68,403
"4476","07_report/CpG_context_sampling_1347_476_trimmed_bismark_bt2.CpG",456,357,99,456
"4477","07_report/CpG_context_sampling_1347_477_trimmed_bismark_bt2.CpG",427,354,73,427
"4478","07_report/CpG_context_sampling_1347_478_trimmed_bismark_bt2.CpG",432,352,80,432
"4479","07_report/CpG_context_sampling_1347_479_trimmed_bismark_bt2.CpG",450,373,77,450
"4480","07_report/CpG_context_sampling_1347_480_trimmed_bismark_bt2.CpG",446,370,76,446
"4481","07_report/CpG_context_sampling_1347_481_trimmed_bismark_bt2.CpG",429,354,75,429
"4482","07_report/CpG_context_sampling_1347_482_trimmed_bismark_bt2.CpG",439,358,81,439
"4483","07_report/CpG_context_sampling_1347_483_trimmed_bismark_bt2.CpG",437,376,61,437
"4484","07_report/CpG_context_sampling_1347_484_trimmed_bismark_bt2.CpG",451,367,84,451
"4485","07_report/CpG_context_sampling_1347_485_trimmed_bismark_bt2.CpG",439,371,68,439
"4486","07_report/CpG_context_sampling_1347_486_trimmed_bismark_bt2.CpG",428,347,81,428
"4487","07_report/CpG_context_sampling_1347_487_trimmed_bismark_bt2.CpG",421,354,67,421
"4488","07_report/CpG_context_sampling_1347_488_trimmed_bismark_bt2.CpG",441,365,76,441
"4489","07_report/CpG_context_sampling_1347_489_trimmed_bismark_bt2.CpG",403,322,81,403
"4490","07_report/CpG_context_sampling_1347_490_trimmed_bismark_bt2.CpG",447,364,83,447
"4491","07_report/CpG_context_sampling_1347_491_trimmed_bismark_bt2.CpG",441,369,72,441
"4492","07_report/CpG_context_sampling_1347_492_trimmed_bismark_bt2.CpG",402,309,93,402
"4493","07_report/CpG_context_sampling_1347_493_trimmed_bismark_bt2.CpG",449,386,63,449
"4494","07_report/CpG_context_sampling_1347_494_trimmed_bismark_bt2.CpG",443,374,69,443
"4495","07_report/CpG_context_sampling_1347_495_trimmed_bismark_bt2.CpG",438,369,69,438
"4496","07_report/CpG_context_sampling_1347_496_trimmed_bismark_bt2.CpG",418,351,67,418
"4497","07_report/CpG_context_sampling_1347_497_trimmed_bismark_bt2.CpG",453,378,75,453
"4498","07_report/CpG_context_sampling_1347_498_trimmed_bismark_bt2.CpG",444,379,65,444
"4499","07_report/CpG_context_sampling_1347_499_trimmed_bismark_bt2.CpG",429,364,65,429
"4500","07_report/CpG_context_sampling_1347_500_trimmed_bismark_bt2.CpG",440,360,80,440
"4501","07_report/CpG_context_sampling_1347_501_trimmed_bismark_bt2.CpG",414,349,65,414
"4502","07_report/CpG_context_sampling_1347_502_trimmed_bismark_bt2.CpG",435,361,74,435
"4503","07_report/CpG_context_sampling_1347_503_trimmed_bismark_bt2.CpG",434,359,75,434
"4504","07_report/CpG_context_sampling_1347_504_trimmed_bismark_bt2.CpG",427,355,72,427
"4505","07_report/CpG_context_sampling_1347_505_trimmed_bismark_bt2.CpG",436,362,74,436
"4506","07_report/CpG_context_sampling_1347_506_trimmed_bismark_bt2.CpG",424,340,84,424
"4507","07_report/CpG_context_sampling_1347_507_trimmed_bismark_bt2.CpG",456,380,76,456
"4508","07_report/CpG_context_sampling_1347_508_trimmed_bismark_bt2.CpG",423,348,75,423
"4509","07_report/CpG_context_sampling_1347_509_trimmed_bismark_bt2.CpG",453,383,70,453
"4510","07_report/CpG_context_sampling_1347_510_trimmed_bismark_bt2.CpG",432,363,69,432
"4511","07_report/CpG_context_sampling_1347_511_trimmed_bismark_bt2.CpG",430,358,72,430
"4512","07_report/CpG_context_sampling_1347_512_trimmed_bismark_bt2.CpG",479,403,76,479
"4513","07_report/CpG_context_sampling_1347_513_trimmed_bismark_bt2.CpG",415,337,78,415
"4514","07_report/CpG_context_sampling_1347_514_trimmed_bismark_bt2.CpG",454,371,83,454
"4515","07_report/CpG_context_sampling_1347_515_trimmed_bismark_bt2.CpG",455,387,68,455
"4516","07_report/CpG_context_sampling_1347_516_trimmed_bismark_bt2.CpG",432,365,67,432
"4517","07_report/CpG_context_sampling_1347_517_trimmed_bismark_bt2.CpG",433,366,67,433
"4518","07_report/CpG_context_sampling_1347_518_trimmed_bismark_bt2.CpG",407,336,71,407
"4519","07_report/CpG_context_sampling_1347_519_trimmed_bismark_bt2.CpG",433,353,80,433
"4520","07_report/CpG_context_sampling_1347_520_trimmed_bismark_bt2.CpG",443,358,85,443
"4521","07_report/CpG_context_sampling_1347_521_trimmed_bismark_bt2.CpG",411,333,78,411
"4522","07_report/CpG_context_sampling_1347_522_trimmed_bismark_bt2.CpG",436,349,87,436
"4523","07_report/CpG_context_sampling_1347_523_trimmed_bismark_bt2.CpG",431,354,77,431
"4524","07_report/CpG_context_sampling_1347_524_trimmed_bismark_bt2.CpG",425,352,73,425
"4525","07_report/CpG_context_sampling_1347_525_trimmed_bismark_bt2.CpG",444,361,83,444
"4526","07_report/CpG_context_sampling_1347_526_trimmed_bismark_bt2.CpG",431,347,84,431
"4527","07_report/CpG_context_sampling_1347_527_trimmed_bismark_bt2.CpG",468,386,82,468
"4528","07_report/CpG_context_sampling_1347_528_trimmed_bismark_bt2.CpG",446,372,74,446
"4529","07_report/CpG_context_sampling_1347_529_trimmed_bismark_bt2.CpG",394,320,74,394
"4530","07_report/CpG_context_sampling_1347_530_trimmed_bismark_bt2.CpG",447,367,80,447
"4531","07_report/CpG_context_sampling_1347_531_trimmed_bismark_bt2.CpG",427,356,71,427
"4532","07_report/CpG_context_sampling_1347_532_trimmed_bismark_bt2.CpG",414,334,80,414
"4533","07_report/CpG_context_sampling_1347_533_trimmed_bismark_bt2.CpG",412,337,75,412
"4534","07_report/CpG_context_sampling_1347_534_trimmed_bismark_bt2.CpG",426,350,76,426
"4535","07_report/CpG_context_sampling_1347_535_trimmed_bismark_bt2.CpG",448,369,79,448
"4536","07_report/CpG_context_sampling_1347_536_trimmed_bismark_bt2.CpG",417,335,82,417
"4537","07_report/CpG_context_sampling_1347_537_trimmed_bismark_bt2.CpG",423,339,84,423
"4538","07_report/CpG_context_sampling_1347_538_trimmed_bismark_bt2.CpG",445,374,71,445
"4539","07_report/CpG_context_sampling_1347_539_trimmed_bismark_bt2.CpG",406,339,67,406
"4540","07_report/CpG_context_sampling_1347_540_trimmed_bismark_bt2.CpG",464,384,80,464
"4541","07_report/CpG_context_sampling_1347_541_trimmed_bismark_bt2.CpG",444,350,94,444
"4542","07_report/CpG_context_sampling_1347_542_trimmed_bismark_bt2.CpG",437,370,67,437
"4543","07_report/CpG_context_sampling_1347_543_trimmed_bismark_bt2.CpG",446,367,79,446
"4544","07_report/CpG_context_sampling_1347_544_trimmed_bismark_bt2.CpG",427,346,81,427
"4545","07_report/CpG_context_sampling_1347_545_trimmed_bismark_bt2.CpG",439,356,83,439
"4546","07_report/CpG_context_sampling_1347_546_trimmed_bismark_bt2.CpG",439,375,64,439
"4547","07_report/CpG_context_sampling_1347_547_trimmed_bismark_bt2.CpG",434,367,67,434
"4548","07_report/CpG_context_sampling_1347_548_trimmed_bismark_bt2.CpG",422,357,65,422
"4549","07_report/CpG_context_sampling_1347_549_trimmed_bismark_bt2.CpG",435,363,72,435
"4550","07_report/CpG_context_sampling_1347_550_trimmed_bismark_bt2.CpG",423,351,72,423
"4551","07_report/CpG_context_sampling_1347_551_trimmed_bismark_bt2.CpG",447,380,67,447
"4552","07_report/CpG_context_sampling_1347_552_trimmed_bismark_bt2.CpG",446,367,79,446
"4553","07_report/CpG_context_sampling_1347_553_trimmed_bismark_bt2.CpG",418,344,74,418
"4554","07_report/CpG_context_sampling_1347_554_trimmed_bismark_bt2.CpG",453,368,85,453
"4555","07_report/CpG_context_sampling_1347_555_trimmed_bismark_bt2.CpG",465,400,65,465
"4556","07_report/CpG_context_sampling_1347_556_trimmed_bismark_bt2.CpG",437,364,73,437
"4557","07_report/CpG_context_sampling_1347_557_trimmed_bismark_bt2.CpG",453,379,74,453
"4558","07_report/CpG_context_sampling_1347_558_trimmed_bismark_bt2.CpG",428,348,80,428
"4559","07_report/CpG_context_sampling_1347_559_trimmed_bismark_bt2.CpG",456,374,82,456
"4560","07_report/CpG_context_sampling_1347_560_trimmed_bismark_bt2.CpG",426,349,77,426
"4561","07_report/CpG_context_sampling_1347_561_trimmed_bismark_bt2.CpG",434,364,70,434
"4562","07_report/CpG_context_sampling_1347_562_trimmed_bismark_bt2.CpG",444,376,68,444
"4563","07_report/CpG_context_sampling_1347_563_trimmed_bismark_bt2.CpG",429,355,74,429
"4564","07_report/CpG_context_sampling_1347_564_trimmed_bismark_bt2.CpG",429,363,66,429
"4565","07_report/CpG_context_sampling_1347_565_trimmed_bismark_bt2.CpG",436,368,68,436
"4566","07_report/CpG_context_sampling_1347_566_trimmed_bismark_bt2.CpG",433,365,68,433
"4567","07_report/CpG_context_sampling_1347_567_trimmed_bismark_bt2.CpG",437,363,74,437
"4568","07_report/CpG_context_sampling_1347_568_trimmed_bismark_bt2.CpG",431,379,52,431
"4569","07_report/CpG_context_sampling_1347_569_trimmed_bismark_bt2.CpG",449,358,91,449
"4570","07_report/CpG_context_sampling_1347_570_trimmed_bismark_bt2.CpG",453,366,87,453
"4571","07_report/CpG_context_sampling_1347_571_trimmed_bismark_bt2.CpG",428,342,86,428
"4572","07_report/CpG_context_sampling_1347_572_trimmed_bismark_bt2.CpG",410,337,73,410
"4573","07_report/CpG_context_sampling_1347_573_trimmed_bismark_bt2.CpG",395,328,67,395
"4574","07_report/CpG_context_sampling_1347_574_trimmed_bismark_bt2.CpG",401,333,68,401
"4575","07_report/CpG_context_sampling_1347_575_trimmed_bismark_bt2.CpG",447,359,88,447
"4576","07_report/CpG_context_sampling_1347_576_trimmed_bismark_bt2.CpG",459,376,83,459
"4577","07_report/CpG_context_sampling_1347_577_trimmed_bismark_bt2.CpG",441,365,76,441
"4578","07_report/CpG_context_sampling_1347_578_trimmed_bismark_bt2.CpG",425,353,72,425
"4579","07_report/CpG_context_sampling_1347_579_trimmed_bismark_bt2.CpG",435,372,63,435
"4580","07_report/CpG_context_sampling_1347_580_trimmed_bismark_bt2.CpG",434,366,68,434
"4581","07_report/CpG_context_sampling_1347_581_trimmed_bismark_bt2.CpG",447,365,82,447
"4582","07_report/CpG_context_sampling_1347_582_trimmed_bismark_bt2.CpG",447,351,96,447
"4583","07_report/CpG_context_sampling_1347_583_trimmed_bismark_bt2.CpG",410,338,72,410
"4584","07_report/CpG_context_sampling_1347_584_trimmed_bismark_bt2.CpG",440,361,79,440
"4585","07_report/CpG_context_sampling_1347_585_trimmed_bismark_bt2.CpG",408,338,70,408
"4586","07_report/CpG_context_sampling_1347_586_trimmed_bismark_bt2.CpG",430,346,84,430
"4587","07_report/CpG_context_sampling_1347_587_trimmed_bismark_bt2.CpG",465,385,80,465
"4588","07_report/CpG_context_sampling_1347_588_trimmed_bismark_bt2.CpG",435,358,77,435
"4589","07_report/CpG_context_sampling_1347_589_trimmed_bismark_bt2.CpG",444,369,75,444
"4590","07_report/CpG_context_sampling_1347_590_trimmed_bismark_bt2.CpG",408,344,64,408
"4591","07_report/CpG_context_sampling_1347_591_trimmed_bismark_bt2.CpG",433,362,71,433
"4592","07_report/CpG_context_sampling_1347_592_trimmed_bismark_bt2.CpG",443,367,76,443
"4593","07_report/CpG_context_sampling_1347_593_trimmed_bismark_bt2.CpG",446,379,67,446
"4594","07_report/CpG_context_sampling_1347_594_trimmed_bismark_bt2.CpG",425,355,70,425
"4595","07_report/CpG_context_sampling_1347_595_trimmed_bismark_bt2.CpG",465,389,76,465
"4596","07_report/CpG_context_sampling_1347_596_trimmed_bismark_bt2.CpG",410,346,64,410
"4597","07_report/CpG_context_sampling_1347_597_trimmed_bismark_bt2.CpG",476,407,69,476
"4598","07_report/CpG_context_sampling_1347_598_trimmed_bismark_bt2.CpG",449,366,83,449
"4599","07_report/CpG_context_sampling_1347_599_trimmed_bismark_bt2.CpG",458,373,85,458
"4600","07_report/CpG_context_sampling_1347_600_trimmed_bismark_bt2.CpG",422,354,68,422
"4601","07_report/CpG_context_sampling_1347_601_trimmed_bismark_bt2.CpG",441,347,94,441
"4602","07_report/CpG_context_sampling_1347_602_trimmed_bismark_bt2.CpG",420,333,87,420
"4603","07_report/CpG_context_sampling_1347_603_trimmed_bismark_bt2.CpG",428,350,78,428
"4604","07_report/CpG_context_sampling_1347_604_trimmed_bismark_bt2.CpG",451,363,88,451
"4605","07_report/CpG_context_sampling_1347_605_trimmed_bismark_bt2.CpG",444,363,81,444
"4606","07_report/CpG_context_sampling_1347_606_trimmed_bismark_bt2.CpG",406,331,75,406
"4607","07_report/CpG_context_sampling_1347_607_trimmed_bismark_bt2.CpG",445,375,70,445
"4608","07_report/CpG_context_sampling_1347_608_trimmed_bismark_bt2.CpG",413,340,73,413
"4609","07_report/CpG_context_sampling_1347_609_trimmed_bismark_bt2.CpG",440,360,80,440
"4610","07_report/CpG_context_sampling_1347_610_trimmed_bismark_bt2.CpG",432,360,72,432
"4611","07_report/CpG_context_sampling_1347_611_trimmed_bismark_bt2.CpG",431,345,86,431
"4612","07_report/CpG_context_sampling_1347_612_trimmed_bismark_bt2.CpG",419,360,59,419
"4613","07_report/CpG_context_sampling_1347_613_trimmed_bismark_bt2.CpG",439,349,90,439
"4614","07_report/CpG_context_sampling_1347_614_trimmed_bismark_bt2.CpG",454,378,76,454
"4615","07_report/CpG_context_sampling_1347_615_trimmed_bismark_bt2.CpG",412,346,66,412
"4616","07_report/CpG_context_sampling_1347_616_trimmed_bismark_bt2.CpG",421,348,73,421
"4617","07_report/CpG_context_sampling_1347_617_trimmed_bismark_bt2.CpG",470,378,92,470
"4618","07_report/CpG_context_sampling_1347_618_trimmed_bismark_bt2.CpG",412,345,67,412
"4619","07_report/CpG_context_sampling_1347_619_trimmed_bismark_bt2.CpG",432,352,80,432
"4620","07_report/CpG_context_sampling_1347_620_trimmed_bismark_bt2.CpG",432,358,74,432
"4621","07_report/CpG_context_sampling_1347_621_trimmed_bismark_bt2.CpG",426,364,62,426
"4622","07_report/CpG_context_sampling_1347_622_trimmed_bismark_bt2.CpG",436,357,79,436
"4623","07_report/CpG_context_sampling_1347_623_trimmed_bismark_bt2.CpG",464,376,88,464
"4624","07_report/CpG_context_sampling_1347_624_trimmed_bismark_bt2.CpG",459,386,73,459
"4625","07_report/CpG_context_sampling_1347_625_trimmed_bismark_bt2.CpG",457,393,64,457
"4626","07_report/CpG_context_sampling_1347_626_trimmed_bismark_bt2.CpG",423,356,67,423
"4627","07_report/CpG_context_sampling_1347_627_trimmed_bismark_bt2.CpG",435,368,67,435
"4628","07_report/CpG_context_sampling_1347_628_trimmed_bismark_bt2.CpG",468,390,78,468
"4629","07_report/CpG_context_sampling_1347_629_trimmed_bismark_bt2.CpG",442,368,74,442
"4630","07_report/CpG_context_sampling_1347_630_trimmed_bismark_bt2.CpG",419,351,68,419
"4631","07_report/CpG_context_sampling_1347_631_trimmed_bismark_bt2.CpG",439,365,74,439
"4632","07_report/CpG_context_sampling_1347_632_trimmed_bismark_bt2.CpG",449,366,83,449
"4633","07_report/CpG_context_sampling_1347_633_trimmed_bismark_bt2.CpG",425,342,83,425
"4634","07_report/CpG_context_sampling_1347_634_trimmed_bismark_bt2.CpG",410,341,69,410
"4635","07_report/CpG_context_sampling_1347_635_trimmed_bismark_bt2.CpG",412,343,69,412
"4636","07_report/CpG_context_sampling_1347_636_trimmed_bismark_bt2.CpG",436,373,63,436
"4637","07_report/CpG_context_sampling_1347_637_trimmed_bismark_bt2.CpG",437,380,57,437
"4638","07_report/CpG_context_sampling_1347_638_trimmed_bismark_bt2.CpG",445,379,66,445
"4639","07_report/CpG_context_sampling_1347_639_trimmed_bismark_bt2.CpG",424,338,86,424
"4640","07_report/CpG_context_sampling_1347_640_trimmed_bismark_bt2.CpG",390,327,63,390
"4641","07_report/CpG_context_sampling_1347_641_trimmed_bismark_bt2.CpG",442,366,76,442
"4642","07_report/CpG_context_sampling_1347_642_trimmed_bismark_bt2.CpG",440,369,71,440
"4643","07_report/CpG_context_sampling_1347_643_trimmed_bismark_bt2.CpG",421,361,60,421
"4644","07_report/CpG_context_sampling_1347_644_trimmed_bismark_bt2.CpG",454,368,86,454
"4645","07_report/CpG_context_sampling_1347_645_trimmed_bismark_bt2.CpG",425,363,62,425
"4646","07_report/CpG_context_sampling_1347_646_trimmed_bismark_bt2.CpG",445,379,66,445
"4647","07_report/CpG_context_sampling_1347_647_trimmed_bismark_bt2.CpG",442,375,67,442
"4648","07_report/CpG_context_sampling_1347_648_trimmed_bismark_bt2.CpG",425,349,76,425
"4649","07_report/CpG_context_sampling_1347_649_trimmed_bismark_bt2.CpG",425,361,64,425
"4650","07_report/CpG_context_sampling_1347_650_trimmed_bismark_bt2.CpG",436,342,94,436
"4651","07_report/CpG_context_sampling_1347_651_trimmed_bismark_bt2.CpG",440,367,73,440
"4652","07_report/CpG_context_sampling_1347_652_trimmed_bismark_bt2.CpG",410,348,62,410
"4653","07_report/CpG_context_sampling_1347_653_trimmed_bismark_bt2.CpG",450,374,76,450
"4654","07_report/CpG_context_sampling_1347_654_trimmed_bismark_bt2.CpG",437,364,73,437
"4655","07_report/CpG_context_sampling_1347_655_trimmed_bismark_bt2.CpG",453,376,77,453
"4656","07_report/CpG_context_sampling_1347_656_trimmed_bismark_bt2.CpG",442,378,64,442
"4657","07_report/CpG_context_sampling_1347_657_trimmed_bismark_bt2.CpG",450,364,86,450
"4658","07_report/CpG_context_sampling_1347_658_trimmed_bismark_bt2.CpG",441,367,74,441
"4659","07_report/CpG_context_sampling_1347_659_trimmed_bismark_bt2.CpG",416,342,74,416
"4660","07_report/CpG_context_sampling_1347_660_trimmed_bismark_bt2.CpG",432,363,69,432
"4661","07_report/CpG_context_sampling_1347_661_trimmed_bismark_bt2.CpG",422,336,86,422
"4662","07_report/CpG_context_sampling_1347_662_trimmed_bismark_bt2.CpG",454,373,81,454
"4663","07_report/CpG_context_sampling_1347_663_trimmed_bismark_bt2.CpG",438,354,84,438
"4664","07_report/CpG_context_sampling_1347_664_trimmed_bismark_bt2.CpG",441,370,71,441
"4665","07_report/CpG_context_sampling_1347_665_trimmed_bismark_bt2.CpG",450,379,71,450
"4666","07_report/CpG_context_sampling_1347_666_trimmed_bismark_bt2.CpG",412,336,76,412
"4667","07_report/CpG_context_sampling_1347_667_trimmed_bismark_bt2.CpG",451,368,83,451
"4668","07_report/CpG_context_sampling_1347_668_trimmed_bismark_bt2.CpG",446,378,68,446
"4669","07_report/CpG_context_sampling_1347_669_trimmed_bismark_bt2.CpG",447,372,75,447
"4670","07_report/CpG_context_sampling_1347_670_trimmed_bismark_bt2.CpG",428,358,70,428
"4671","07_report/CpG_context_sampling_1347_671_trimmed_bismark_bt2.CpG",405,343,62,405
"4672","07_report/CpG_context_sampling_1347_672_trimmed_bismark_bt2.CpG",427,360,67,427
"4673","07_report/CpG_context_sampling_1347_673_trimmed_bismark_bt2.CpG",438,361,77,438
"4674","07_report/CpG_context_sampling_1347_674_trimmed_bismark_bt2.CpG",411,348,63,411
"4675","07_report/CpG_context_sampling_1347_675_trimmed_bismark_bt2.CpG",424,350,74,424
"4676","07_report/CpG_context_sampling_1347_676_trimmed_bismark_bt2.CpG",441,373,68,441
"4677","07_report/CpG_context_sampling_1347_677_trimmed_bismark_bt2.CpG",449,385,64,449
"4678","07_report/CpG_context_sampling_1347_678_trimmed_bismark_bt2.CpG",447,364,83,447
"4679","07_report/CpG_context_sampling_1347_679_trimmed_bismark_bt2.CpG",431,362,69,431
"4680","07_report/CpG_context_sampling_1347_680_trimmed_bismark_bt2.CpG",418,352,66,418
"4681","07_report/CpG_context_sampling_1347_681_trimmed_bismark_bt2.CpG",435,373,62,435
"4682","07_report/CpG_context_sampling_1347_682_trimmed_bismark_bt2.CpG",453,374,79,453
"4683","07_report/CpG_context_sampling_1347_683_trimmed_bismark_bt2.CpG",443,365,78,443
"4684","07_report/CpG_context_sampling_1347_684_trimmed_bismark_bt2.CpG",450,386,64,450
"4685","07_report/CpG_context_sampling_1347_685_trimmed_bismark_bt2.CpG",420,344,76,420
"4686","07_report/CpG_context_sampling_1347_686_trimmed_bismark_bt2.CpG",425,348,77,425
"4687","07_report/CpG_context_sampling_1347_687_trimmed_bismark_bt2.CpG",441,374,67,441
"4688","07_report/CpG_context_sampling_1347_688_trimmed_bismark_bt2.CpG",410,349,61,410
"4689","07_report/CpG_context_sampling_1347_689_trimmed_bismark_bt2.CpG",427,356,71,427
"4690","07_report/CpG_context_sampling_1347_690_trimmed_bismark_bt2.CpG",472,393,79,472
"4691","07_report/CpG_context_sampling_1347_691_trimmed_bismark_bt2.CpG",425,350,75,425
"4692","07_report/CpG_context_sampling_1347_692_trimmed_bismark_bt2.CpG",465,383,82,465
"4693","07_report/CpG_context_sampling_1347_693_trimmed_bismark_bt2.CpG",425,378,47,425
"4694","07_report/CpG_context_sampling_1347_694_trimmed_bismark_bt2.CpG",429,349,80,429
"4695","07_report/CpG_context_sampling_1347_695_trimmed_bismark_bt2.CpG",472,392,80,472
"4696","07_report/CpG_context_sampling_1347_696_trimmed_bismark_bt2.CpG",417,346,71,417
"4697","07_report/CpG_context_sampling_1347_697_trimmed_bismark_bt2.CpG",457,389,68,457
"4698","07_report/CpG_context_sampling_1347_698_trimmed_bismark_bt2.CpG",445,375,70,445
"4699","07_report/CpG_context_sampling_1347_699_trimmed_bismark_bt2.CpG",431,346,85,431
"4700","07_report/CpG_context_sampling_1347_700_trimmed_bismark_bt2.CpG",409,340,69,409
"4701","07_report/CpG_context_sampling_1347_701_trimmed_bismark_bt2.CpG",428,346,82,428
"4702","07_report/CpG_context_sampling_1347_702_trimmed_bismark_bt2.CpG",418,351,67,418
"4703","07_report/CpG_context_sampling_1347_703_trimmed_bismark_bt2.CpG",443,370,73,443
"4704","07_report/CpG_context_sampling_1347_704_trimmed_bismark_bt2.CpG",428,371,57,428
"4705","07_report/CpG_context_sampling_1347_705_trimmed_bismark_bt2.CpG",418,345,73,418
"4706","07_report/CpG_context_sampling_1347_706_trimmed_bismark_bt2.CpG",435,349,86,435
"4707","07_report/CpG_context_sampling_1347_707_trimmed_bismark_bt2.CpG",401,333,68,401
"4708","07_report/CpG_context_sampling_1347_708_trimmed_bismark_bt2.CpG",422,361,61,422
"4709","07_report/CpG_context_sampling_1347_709_trimmed_bismark_bt2.CpG",428,345,83,428
"4710","07_report/CpG_context_sampling_1347_710_trimmed_bismark_bt2.CpG",428,353,75,428
"4711","07_report/CpG_context_sampling_1347_711_trimmed_bismark_bt2.CpG",450,372,78,450
"4712","07_report/CpG_context_sampling_1347_712_trimmed_bismark_bt2.CpG",420,346,74,420
"4713","07_report/CpG_context_sampling_1347_713_trimmed_bismark_bt2.CpG",422,351,71,422
"4714","07_report/CpG_context_sampling_1347_714_trimmed_bismark_bt2.CpG",429,367,62,429
"4715","07_report/CpG_context_sampling_1347_715_trimmed_bismark_bt2.CpG",466,394,72,466
"4716","07_report/CpG_context_sampling_1347_716_trimmed_bismark_bt2.CpG",451,378,73,451
"4717","07_report/CpG_context_sampling_1347_717_trimmed_bismark_bt2.CpG",439,364,75,439
"4718","07_report/CpG_context_sampling_1347_718_trimmed_bismark_bt2.CpG",465,391,74,465
"4719","07_report/CpG_context_sampling_1347_719_trimmed_bismark_bt2.CpG",453,365,88,453
"4720","07_report/CpG_context_sampling_1347_720_trimmed_bismark_bt2.CpG",436,365,71,436
"4721","07_report/CpG_context_sampling_1347_721_trimmed_bismark_bt2.CpG",456,387,69,456
"4722","07_report/CpG_context_sampling_1347_722_trimmed_bismark_bt2.CpG",418,349,69,418
"4723","07_report/CpG_context_sampling_1347_723_trimmed_bismark_bt2.CpG",408,337,71,408
"4724","07_report/CpG_context_sampling_1347_724_trimmed_bismark_bt2.CpG",450,376,74,450
"4725","07_report/CpG_context_sampling_1347_725_trimmed_bismark_bt2.CpG",409,335,74,409
"4726","07_report/CpG_context_sampling_1347_726_trimmed_bismark_bt2.CpG",451,374,77,451
"4727","07_report/CpG_context_sampling_1347_727_trimmed_bismark_bt2.CpG",437,365,72,437
"4728","07_report/CpG_context_sampling_1347_728_trimmed_bismark_bt2.CpG",412,343,69,412
"4729","07_report/CpG_context_sampling_1347_729_trimmed_bismark_bt2.CpG",418,348,70,418
"4730","07_report/CpG_context_sampling_1347_730_trimmed_bismark_bt2.CpG",423,350,73,423
"4731","07_report/CpG_context_sampling_1347_731_trimmed_bismark_bt2.CpG",424,364,60,424
"4732","07_report/CpG_context_sampling_1347_732_trimmed_bismark_bt2.CpG",410,338,72,410
"4733","07_report/CpG_context_sampling_1347_733_trimmed_bismark_bt2.CpG",404,341,63,404
"4734","07_report/CpG_context_sampling_1347_734_trimmed_bismark_bt2.CpG",454,374,80,454
"4735","07_report/CpG_context_sampling_1347_735_trimmed_bismark_bt2.CpG",414,346,68,414
"4736","07_report/CpG_context_sampling_1347_736_trimmed_bismark_bt2.CpG",440,367,73,440
"4737","07_report/CpG_context_sampling_1347_737_trimmed_bismark_bt2.CpG",433,353,80,433
"4738","07_report/CpG_context_sampling_1347_738_trimmed_bismark_bt2.CpG",437,361,76,437
"4739","07_report/CpG_context_sampling_1347_739_trimmed_bismark_bt2.CpG",426,368,58,426
"4740","07_report/CpG_context_sampling_1347_740_trimmed_bismark_bt2.CpG",447,378,69,447
"4741","07_report/CpG_context_sampling_1347_741_trimmed_bismark_bt2.CpG",435,383,52,435
"4742","07_report/CpG_context_sampling_1347_742_trimmed_bismark_bt2.CpG",433,354,79,433
"4743","07_report/CpG_context_sampling_1347_743_trimmed_bismark_bt2.CpG",418,342,76,418
"4744","07_report/CpG_context_sampling_1347_744_trimmed_bismark_bt2.CpG",424,352,72,424
"4745","07_report/CpG_context_sampling_1347_745_trimmed_bismark_bt2.CpG",434,368,66,434
"4746","07_report/CpG_context_sampling_1347_746_trimmed_bismark_bt2.CpG",444,371,73,444
"4747","07_report/CpG_context_sampling_1347_747_trimmed_bismark_bt2.CpG",413,352,61,413
"4748","07_report/CpG_context_sampling_1347_748_trimmed_bismark_bt2.CpG",412,337,75,412
"4749","07_report/CpG_context_sampling_1347_749_trimmed_bismark_bt2.CpG",437,367,70,437
"4750","07_report/CpG_context_sampling_1347_750_trimmed_bismark_bt2.CpG",412,352,60,412
"4751","07_report/CpG_context_sampling_1347_751_trimmed_bismark_bt2.CpG",401,336,65,401
"4752","07_report/CpG_context_sampling_1347_752_trimmed_bismark_bt2.CpG",424,361,63,424
"4753","07_report/CpG_context_sampling_1347_753_trimmed_bismark_bt2.CpG",416,335,81,416
"4754","07_report/CpG_context_sampling_1347_754_trimmed_bismark_bt2.CpG",448,364,84,448
"4755","07_report/CpG_context_sampling_1347_755_trimmed_bismark_bt2.CpG",438,370,68,438
"4756","07_report/CpG_context_sampling_1347_756_trimmed_bismark_bt2.CpG",450,378,72,450
"4757","07_report/CpG_context_sampling_1347_757_trimmed_bismark_bt2.CpG",429,355,74,429
"4758","07_report/CpG_context_sampling_1347_758_trimmed_bismark_bt2.CpG",431,350,81,431
"4759","07_report/CpG_context_sampling_1347_759_trimmed_bismark_bt2.CpG",421,346,75,421
"4760","07_report/CpG_context_sampling_1347_760_trimmed_bismark_bt2.CpG",437,368,69,437
"4761","07_report/CpG_context_sampling_1347_761_trimmed_bismark_bt2.CpG",450,356,94,450
"4762","07_report/CpG_context_sampling_1347_762_trimmed_bismark_bt2.CpG",468,395,73,468
"4763","07_report/CpG_context_sampling_1347_763_trimmed_bismark_bt2.CpG",437,369,68,437
"4764","07_report/CpG_context_sampling_1347_764_trimmed_bismark_bt2.CpG",437,381,56,437
"4765","07_report/CpG_context_sampling_1347_765_trimmed_bismark_bt2.CpG",451,375,76,451
"4766","07_report/CpG_context_sampling_1347_766_trimmed_bismark_bt2.CpG",428,364,64,428
"4767","07_report/CpG_context_sampling_1347_767_trimmed_bismark_bt2.CpG",447,381,66,447
"4768","07_report/CpG_context_sampling_1347_768_trimmed_bismark_bt2.CpG",397,338,59,397
"4769","07_report/CpG_context_sampling_1347_769_trimmed_bismark_bt2.CpG",451,375,76,451
"4770","07_report/CpG_context_sampling_1347_770_trimmed_bismark_bt2.CpG",414,348,66,414
"4771","07_report/CpG_context_sampling_1347_771_trimmed_bismark_bt2.CpG",431,356,75,431
"4772","07_report/CpG_context_sampling_1347_772_trimmed_bismark_bt2.CpG",423,358,65,423
"4773","07_report/CpG_context_sampling_1347_773_trimmed_bismark_bt2.CpG",438,370,68,438
"4774","07_report/CpG_context_sampling_1347_774_trimmed_bismark_bt2.CpG",436,343,93,436
"4775","07_report/CpG_context_sampling_1347_775_trimmed_bismark_bt2.CpG",441,360,81,441
"4776","07_report/CpG_context_sampling_1347_776_trimmed_bismark_bt2.CpG",441,374,67,441
"4777","07_report/CpG_context_sampling_1347_777_trimmed_bismark_bt2.CpG",475,401,74,475
"4778","07_report/CpG_context_sampling_1347_778_trimmed_bismark_bt2.CpG",388,329,59,388
"4779","07_report/CpG_context_sampling_1347_779_trimmed_bismark_bt2.CpG",440,379,61,440
"4780","07_report/CpG_context_sampling_1347_780_trimmed_bismark_bt2.CpG",436,368,68,436
"4781","07_report/CpG_context_sampling_1347_781_trimmed_bismark_bt2.CpG",443,371,72,443
"4782","07_report/CpG_context_sampling_1347_782_trimmed_bismark_bt2.CpG",434,368,66,434
"4783","07_report/CpG_context_sampling_1347_783_trimmed_bismark_bt2.CpG",449,366,83,449
"4784","07_report/CpG_context_sampling_1347_784_trimmed_bismark_bt2.CpG",457,396,61,457
"4785","07_report/CpG_context_sampling_1347_785_trimmed_bismark_bt2.CpG",435,356,79,435
"4786","07_report/CpG_context_sampling_1347_786_trimmed_bismark_bt2.CpG",439,376,63,439
"4787","07_report/CpG_context_sampling_1347_787_trimmed_bismark_bt2.CpG",450,361,89,450
"4788","07_report/CpG_context_sampling_1347_788_trimmed_bismark_bt2.CpG",445,370,75,445
"4789","07_report/CpG_context_sampling_1347_789_trimmed_bismark_bt2.CpG",441,355,86,441
"4790","07_report/CpG_context_sampling_1347_790_trimmed_bismark_bt2.CpG",448,378,70,448
"4791","07_report/CpG_context_sampling_1347_791_trimmed_bismark_bt2.CpG",460,379,81,460
"4792","07_report/CpG_context_sampling_1347_792_trimmed_bismark_bt2.CpG",421,353,68,421
"4793","07_report/CpG_context_sampling_1347_793_trimmed_bismark_bt2.CpG",433,352,81,433
"4794","07_report/CpG_context_sampling_1347_794_trimmed_bismark_bt2.CpG",432,358,74,432
"4795","07_report/CpG_context_sampling_1347_795_trimmed_bismark_bt2.CpG",465,386,79,465
"4796","07_report/CpG_context_sampling_1347_796_trimmed_bismark_bt2.CpG",434,372,62,434
"4797","07_report/CpG_context_sampling_1347_797_trimmed_bismark_bt2.CpG",447,362,85,447
"4798","07_report/CpG_context_sampling_1347_798_trimmed_bismark_bt2.CpG",454,388,66,454
"4799","07_report/CpG_context_sampling_1347_799_trimmed_bismark_bt2.CpG",430,360,70,430
"4800","07_report/CpG_context_sampling_1347_800_trimmed_bismark_bt2.CpG",421,343,78,421
"4801","07_report/CpG_context_sampling_1347_801_trimmed_bismark_bt2.CpG",458,377,81,458
"4802","07_report/CpG_context_sampling_1347_802_trimmed_bismark_bt2.CpG",447,377,70,447
"4803","07_report/CpG_context_sampling_1347_803_trimmed_bismark_bt2.CpG",434,357,77,434
"4804","07_report/CpG_context_sampling_1347_804_trimmed_bismark_bt2.CpG",430,346,84,430
"4805","07_report/CpG_context_sampling_1347_805_trimmed_bismark_bt2.CpG",418,341,77,418
"4806","07_report/CpG_context_sampling_1347_806_trimmed_bismark_bt2.CpG",445,361,84,445
"4807","07_report/CpG_context_sampling_1347_807_trimmed_bismark_bt2.CpG",438,367,71,438
"4808","07_report/CpG_context_sampling_1347_808_trimmed_bismark_bt2.CpG",395,332,63,395
"4809","07_report/CpG_context_sampling_1347_809_trimmed_bismark_bt2.CpG",389,331,58,389
"4810","07_report/CpG_context_sampling_1347_810_trimmed_bismark_bt2.CpG",428,353,75,428
"4811","07_report/CpG_context_sampling_1347_811_trimmed_bismark_bt2.CpG",424,338,86,424
"4812","07_report/CpG_context_sampling_1347_812_trimmed_bismark_bt2.CpG",394,317,77,394
"4813","07_report/CpG_context_sampling_1347_813_trimmed_bismark_bt2.CpG",434,353,81,434
"4814","07_report/CpG_context_sampling_1347_814_trimmed_bismark_bt2.CpG",462,391,71,462
"4815","07_report/CpG_context_sampling_1347_815_trimmed_bismark_bt2.CpG",403,332,71,403
"4816","07_report/CpG_context_sampling_1347_816_trimmed_bismark_bt2.CpG",444,357,87,444
"4817","07_report/CpG_context_sampling_1347_817_trimmed_bismark_bt2.CpG",462,384,78,462
"4818","07_report/CpG_context_sampling_1347_818_trimmed_bismark_bt2.CpG",452,372,80,452
"4819","07_report/CpG_context_sampling_1347_819_trimmed_bismark_bt2.CpG",459,377,82,459
"4820","07_report/CpG_context_sampling_1347_820_trimmed_bismark_bt2.CpG",402,345,57,402
"4821","07_report/CpG_context_sampling_1347_821_trimmed_bismark_bt2.CpG",436,367,69,436
"4822","07_report/CpG_context_sampling_1347_822_trimmed_bismark_bt2.CpG",421,360,61,421
"4823","07_report/CpG_context_sampling_1347_823_trimmed_bismark_bt2.CpG",443,365,78,443
"4824","07_report/CpG_context_sampling_1347_824_trimmed_bismark_bt2.CpG",441,375,66,441
"4825","07_report/CpG_context_sampling_1347_825_trimmed_bismark_bt2.CpG",446,376,70,446
"4826","07_report/CpG_context_sampling_1347_826_trimmed_bismark_bt2.CpG",415,345,70,415
"4827","07_report/CpG_context_sampling_1347_827_trimmed_bismark_bt2.CpG",413,345,68,413
"4828","07_report/CpG_context_sampling_1347_828_trimmed_bismark_bt2.CpG",473,393,80,473
"4829","07_report/CpG_context_sampling_1347_829_trimmed_bismark_bt2.CpG",427,355,72,427
"4830","07_report/CpG_context_sampling_1347_830_trimmed_bismark_bt2.CpG",411,348,63,411
"4831","07_report/CpG_context_sampling_1347_831_trimmed_bismark_bt2.CpG",437,370,67,437
"4832","07_report/CpG_context_sampling_1347_832_trimmed_bismark_bt2.CpG",418,360,58,418
"4833","07_report/CpG_context_sampling_1347_833_trimmed_bismark_bt2.CpG",446,377,69,446
"4834","07_report/CpG_context_sampling_1347_834_trimmed_bismark_bt2.CpG",451,368,83,451
"4835","07_report/CpG_context_sampling_1347_835_trimmed_bismark_bt2.CpG",430,344,86,430
"4836","07_report/CpG_context_sampling_1347_836_trimmed_bismark_bt2.CpG",423,360,63,423
"4837","07_report/CpG_context_sampling_1347_837_trimmed_bismark_bt2.CpG",454,384,70,454
"4838","07_report/CpG_context_sampling_1347_838_trimmed_bismark_bt2.CpG",446,377,69,446
"4839","07_report/CpG_context_sampling_1347_839_trimmed_bismark_bt2.CpG",418,341,77,418
"4840","07_report/CpG_context_sampling_1347_840_trimmed_bismark_bt2.CpG",467,410,57,467
"4841","07_report/CpG_context_sampling_1347_841_trimmed_bismark_bt2.CpG",448,377,71,448
"4842","07_report/CpG_context_sampling_1347_842_trimmed_bismark_bt2.CpG",398,323,75,398
"4843","07_report/CpG_context_sampling_1347_843_trimmed_bismark_bt2.CpG",435,342,93,435
"4844","07_report/CpG_context_sampling_1347_844_trimmed_bismark_bt2.CpG",428,358,70,428
"4845","07_report/CpG_context_sampling_1347_845_trimmed_bismark_bt2.CpG",443,350,93,443
"4846","07_report/CpG_context_sampling_1347_846_trimmed_bismark_bt2.CpG",416,347,69,416
"4847","07_report/CpG_context_sampling_1347_847_trimmed_bismark_bt2.CpG",406,342,64,406
"4848","07_report/CpG_context_sampling_1347_848_trimmed_bismark_bt2.CpG",430,370,60,430
"4849","07_report/CpG_context_sampling_1347_849_trimmed_bismark_bt2.CpG",434,370,64,434
"4850","07_report/CpG_context_sampling_1347_850_trimmed_bismark_bt2.CpG",431,365,66,431
"4851","07_report/CpG_context_sampling_1347_851_trimmed_bismark_bt2.CpG",434,345,89,434
"4852","07_report/CpG_context_sampling_1347_852_trimmed_bismark_bt2.CpG",450,373,77,450
"4853","07_report/CpG_context_sampling_1347_853_trimmed_bismark_bt2.CpG",459,378,81,459
"4854","07_report/CpG_context_sampling_1347_854_trimmed_bismark_bt2.CpG",439,365,74,439
"4855","07_report/CpG_context_sampling_1347_855_trimmed_bismark_bt2.CpG",450,367,83,450
"4856","07_report/CpG_context_sampling_1347_856_trimmed_bismark_bt2.CpG",440,359,81,440
"4857","07_report/CpG_context_sampling_1347_857_trimmed_bismark_bt2.CpG",402,333,69,402
"4858","07_report/CpG_context_sampling_1347_858_trimmed_bismark_bt2.CpG",444,370,74,444
"4859","07_report/CpG_context_sampling_1347_859_trimmed_bismark_bt2.CpG",435,358,77,435
"4860","07_report/CpG_context_sampling_1347_860_trimmed_bismark_bt2.CpG",457,371,86,457
"4861","07_report/CpG_context_sampling_1347_861_trimmed_bismark_bt2.CpG",435,358,77,435
"4862","07_report/CpG_context_sampling_1347_862_trimmed_bismark_bt2.CpG",439,344,95,439
"4863","07_report/CpG_context_sampling_1347_863_trimmed_bismark_bt2.CpG",397,326,71,397
"4864","07_report/CpG_context_sampling_1347_864_trimmed_bismark_bt2.CpG",422,354,68,422
"4865","07_report/CpG_context_sampling_1347_865_trimmed_bismark_bt2.CpG",474,394,80,474
"4866","07_report/CpG_context_sampling_1347_866_trimmed_bismark_bt2.CpG",423,357,66,423
"4867","07_report/CpG_context_sampling_1347_867_trimmed_bismark_bt2.CpG",429,351,78,429
"4868","07_report/CpG_context_sampling_1347_868_trimmed_bismark_bt2.CpG",413,347,66,413
"4869","07_report/CpG_context_sampling_1347_869_trimmed_bismark_bt2.CpG",437,358,79,437
"4870","07_report/CpG_context_sampling_1347_870_trimmed_bismark_bt2.CpG",444,369,75,444
"4871","07_report/CpG_context_sampling_1347_871_trimmed_bismark_bt2.CpG",424,351,73,424
"4872","07_report/CpG_context_sampling_1347_872_trimmed_bismark_bt2.CpG",454,372,82,454
"4873","07_report/CpG_context_sampling_1347_873_trimmed_bismark_bt2.CpG",423,360,63,423
"4874","07_report/CpG_context_sampling_1347_874_trimmed_bismark_bt2.CpG",459,380,79,459
"4875","07_report/CpG_context_sampling_1347_875_trimmed_bismark_bt2.CpG",411,346,65,411
"4876","07_report/CpG_context_sampling_1347_876_trimmed_bismark_bt2.CpG",447,367,80,447
"4877","07_report/CpG_context_sampling_1347_877_trimmed_bismark_bt2.CpG",413,330,83,413
"4878","07_report/CpG_context_sampling_1347_878_trimmed_bismark_bt2.CpG",437,358,79,437
"4879","07_report/CpG_context_sampling_1347_879_trimmed_bismark_bt2.CpG",438,362,76,438
"4880","07_report/CpG_context_sampling_1347_880_trimmed_bismark_bt2.CpG",438,369,69,438
"4881","07_report/CpG_context_sampling_1347_881_trimmed_bismark_bt2.CpG",423,354,69,423
"4882","07_report/CpG_context_sampling_1347_882_trimmed_bismark_bt2.CpG",429,346,83,429
"4883","07_report/CpG_context_sampling_1347_883_trimmed_bismark_bt2.CpG",423,359,64,423
"4884","07_report/CpG_context_sampling_1347_884_trimmed_bismark_bt2.CpG",419,357,62,419
"4885","07_report/CpG_context_sampling_1347_885_trimmed_bismark_bt2.CpG",462,386,76,462
"4886","07_report/CpG_context_sampling_1347_886_trimmed_bismark_bt2.CpG",440,366,74,440
"4887","07_report/CpG_context_sampling_1347_887_trimmed_bismark_bt2.CpG",432,362,70,432
"4888","07_report/CpG_context_sampling_1347_888_trimmed_bismark_bt2.CpG",423,348,75,423
"4889","07_report/CpG_context_sampling_1347_889_trimmed_bismark_bt2.CpG",425,360,65,425
"4890","07_report/CpG_context_sampling_1347_890_trimmed_bismark_bt2.CpG",426,358,68,426
"4891","07_report/CpG_context_sampling_1347_891_trimmed_bismark_bt2.CpG",452,365,87,452
"4892","07_report/CpG_context_sampling_1347_892_trimmed_bismark_bt2.CpG",447,365,82,447
"4893","07_report/CpG_context_sampling_1347_893_trimmed_bismark_bt2.CpG",440,367,73,440
"4894","07_report/CpG_context_sampling_1347_894_trimmed_bismark_bt2.CpG",413,343,70,413
"4895","07_report/CpG_context_sampling_1347_895_trimmed_bismark_bt2.CpG",457,377,80,457
"4896","07_report/CpG_context_sampling_1347_896_trimmed_bismark_bt2.CpG",425,349,76,425
"4897","07_report/CpG_context_sampling_1347_897_trimmed_bismark_bt2.CpG",414,343,71,414
"4898","07_report/CpG_context_sampling_1347_898_trimmed_bismark_bt2.CpG",450,393,57,450
"4899","07_report/CpG_context_sampling_1347_899_trimmed_bismark_bt2.CpG",418,348,70,418
"4900","07_report/CpG_context_sampling_1347_900_trimmed_bismark_bt2.CpG",433,360,73,433
"4901","07_report/CpG_context_sampling_1347_901_trimmed_bismark_bt2.CpG",446,374,72,446
"4902","07_report/CpG_context_sampling_1347_902_trimmed_bismark_bt2.CpG",424,358,66,424
"4903","07_report/CpG_context_sampling_1347_903_trimmed_bismark_bt2.CpG",398,325,73,398
"4904","07_report/CpG_context_sampling_1347_904_trimmed_bismark_bt2.CpG",431,355,76,431
"4905","07_report/CpG_context_sampling_1347_905_trimmed_bismark_bt2.CpG",415,336,79,415
"4906","07_report/CpG_context_sampling_1347_906_trimmed_bismark_bt2.CpG",429,366,63,429
"4907","07_report/CpG_context_sampling_1347_907_trimmed_bismark_bt2.CpG",439,351,88,439
"4908","07_report/CpG_context_sampling_1347_908_trimmed_bismark_bt2.CpG",474,380,94,474
"4909","07_report/CpG_context_sampling_1347_909_trimmed_bismark_bt2.CpG",427,348,79,427
"4910","07_report/CpG_context_sampling_1347_910_trimmed_bismark_bt2.CpG",441,362,79,441
"4911","07_report/CpG_context_sampling_1347_911_trimmed_bismark_bt2.CpG",442,371,71,442
"4912","07_report/CpG_context_sampling_1347_912_trimmed_bismark_bt2.CpG",416,351,65,416
"4913","07_report/CpG_context_sampling_1347_913_trimmed_bismark_bt2.CpG",412,332,80,412
"4914","07_report/CpG_context_sampling_1347_914_trimmed_bismark_bt2.CpG",454,378,76,454
"4915","07_report/CpG_context_sampling_1347_915_trimmed_bismark_bt2.CpG",417,348,69,417
"4916","07_report/CpG_context_sampling_1347_916_trimmed_bismark_bt2.CpG",425,363,62,425
"4917","07_report/CpG_context_sampling_1347_917_trimmed_bismark_bt2.CpG",432,360,72,432
"4918","07_report/CpG_context_sampling_1347_918_trimmed_bismark_bt2.CpG",444,358,86,444
"4919","07_report/CpG_context_sampling_1347_919_trimmed_bismark_bt2.CpG",426,333,93,426
"4920","07_report/CpG_context_sampling_1347_920_trimmed_bismark_bt2.CpG",459,384,75,459
"4921","07_report/CpG_context_sampling_1347_921_trimmed_bismark_bt2.CpG",487,424,63,487
"4922","07_report/CpG_context_sampling_1347_922_trimmed_bismark_bt2.CpG",424,364,60,424
"4923","07_report/CpG_context_sampling_1347_923_trimmed_bismark_bt2.CpG",455,367,88,455
"4924","07_report/CpG_context_sampling_1347_924_trimmed_bismark_bt2.CpG",413,356,57,413
"4925","07_report/CpG_context_sampling_1347_925_trimmed_bismark_bt2.CpG",439,365,74,439
"4926","07_report/CpG_context_sampling_1347_926_trimmed_bismark_bt2.CpG",453,378,75,453
"4927","07_report/CpG_context_sampling_1347_927_trimmed_bismark_bt2.CpG",444,366,78,444
"4928","07_report/CpG_context_sampling_1347_928_trimmed_bismark_bt2.CpG",475,394,81,475
"4929","07_report/CpG_context_sampling_1347_929_trimmed_bismark_bt2.CpG",441,377,64,441
"4930","07_report/CpG_context_sampling_1347_930_trimmed_bismark_bt2.CpG",428,361,67,428
"4931","07_report/CpG_context_sampling_1347_931_trimmed_bismark_bt2.CpG",453,375,78,453
"4932","07_report/CpG_context_sampling_1347_932_trimmed_bismark_bt2.CpG",449,378,71,449
"4933","07_report/CpG_context_sampling_1347_933_trimmed_bismark_bt2.CpG",436,350,86,436
"4934","07_report/CpG_context_sampling_1347_934_trimmed_bismark_bt2.CpG",424,368,56,424
"4935","07_report/CpG_context_sampling_1347_935_trimmed_bismark_bt2.CpG",430,351,79,430
"4936","07_report/CpG_context_sampling_1347_936_trimmed_bismark_bt2.CpG",452,374,78,452
"4937","07_report/CpG_context_sampling_1347_937_trimmed_bismark_bt2.CpG",419,336,83,419
"4938","07_report/CpG_context_sampling_1347_938_trimmed_bismark_bt2.CpG",425,355,70,425
"4939","07_report/CpG_context_sampling_1347_939_trimmed_bismark_bt2.CpG",449,362,87,449
"4940","07_report/CpG_context_sampling_1347_940_trimmed_bismark_bt2.CpG",426,375,51,426
"4941","07_report/CpG_context_sampling_1347_941_trimmed_bismark_bt2.CpG",471,395,76,471
"4942","07_report/CpG_context_sampling_1347_942_trimmed_bismark_bt2.CpG",414,356,58,414
"4943","07_report/CpG_context_sampling_1347_943_trimmed_bismark_bt2.CpG",422,346,76,422
"4944","07_report/CpG_context_sampling_1347_944_trimmed_bismark_bt2.CpG",419,347,72,419
"4945","07_report/CpG_context_sampling_1347_945_trimmed_bismark_bt2.CpG",444,378,66,444
"4946","07_report/CpG_context_sampling_1347_946_trimmed_bismark_bt2.CpG",433,366,67,433
"4947","07_report/CpG_context_sampling_1347_947_trimmed_bismark_bt2.CpG",471,400,71,471
"4948","07_report/CpG_context_sampling_1347_948_trimmed_bismark_bt2.CpG",419,344,75,419
"4949","07_report/CpG_context_sampling_1347_949_trimmed_bismark_bt2.CpG",443,375,68,443
"4950","07_report/CpG_context_sampling_1347_950_trimmed_bismark_bt2.CpG",452,357,95,452
"4951","07_report/CpG_context_sampling_1347_951_trimmed_bismark_bt2.CpG",446,394,52,446
"4952","07_report/CpG_context_sampling_1347_952_trimmed_bismark_bt2.CpG",456,379,77,456
"4953","07_report/CpG_context_sampling_1347_953_trimmed_bismark_bt2.CpG",434,362,72,434
"4954","07_report/CpG_context_sampling_1347_954_trimmed_bismark_bt2.CpG",449,379,70,449
"4955","07_report/CpG_context_sampling_1347_955_trimmed_bismark_bt2.CpG",459,385,74,459
"4956","07_report/CpG_context_sampling_1347_956_trimmed_bismark_bt2.CpG",433,357,76,433
"4957","07_report/CpG_context_sampling_1347_957_trimmed_bismark_bt2.CpG",472,380,92,472
"4958","07_report/CpG_context_sampling_1347_958_trimmed_bismark_bt2.CpG",418,346,72,418
"4959","07_report/CpG_context_sampling_1347_959_trimmed_bismark_bt2.CpG",439,362,77,439
"4960","07_report/CpG_context_sampling_1347_960_trimmed_bismark_bt2.CpG",396,339,57,396
"4961","07_report/CpG_context_sampling_1347_961_trimmed_bismark_bt2.CpG",423,362,61,423
"4962","07_report/CpG_context_sampling_1347_962_trimmed_bismark_bt2.CpG",454,372,82,454
"4963","07_report/CpG_context_sampling_1347_963_trimmed_bismark_bt2.CpG",428,346,82,428
"4964","07_report/CpG_context_sampling_1347_964_trimmed_bismark_bt2.CpG",442,371,71,442
"4965","07_report/CpG_context_sampling_1347_965_trimmed_bismark_bt2.CpG",412,351,61,412
"4966","07_report/CpG_context_sampling_1347_966_trimmed_bismark_bt2.CpG",421,355,66,421
"4967","07_report/CpG_context_sampling_1347_967_trimmed_bismark_bt2.CpG",408,348,60,408
"4968","07_report/CpG_context_sampling_1347_968_trimmed_bismark_bt2.CpG",439,363,76,439
"4969","07_report/CpG_context_sampling_1347_969_trimmed_bismark_bt2.CpG",432,344,88,432
"4970","07_report/CpG_context_sampling_1347_970_trimmed_bismark_bt2.CpG",444,361,83,444
"4971","07_report/CpG_context_sampling_1347_971_trimmed_bismark_bt2.CpG",419,348,71,419
"4972","07_report/CpG_context_sampling_1347_972_trimmed_bismark_bt2.CpG",454,390,64,454
"4973","07_report/CpG_context_sampling_1347_973_trimmed_bismark_bt2.CpG",419,347,72,419
"4974","07_report/CpG_context_sampling_1347_974_trimmed_bismark_bt2.CpG",442,361,81,442
"4975","07_report/CpG_context_sampling_1347_975_trimmed_bismark_bt2.CpG",424,357,67,424
"4976","07_report/CpG_context_sampling_1347_976_trimmed_bismark_bt2.CpG",419,347,72,419
"4977","07_report/CpG_context_sampling_1347_977_trimmed_bismark_bt2.CpG",465,399,66,465
"4978","07_report/CpG_context_sampling_1347_978_trimmed_bismark_bt2.CpG",463,391,72,463
"4979","07_report/CpG_context_sampling_1347_979_trimmed_bismark_bt2.CpG",444,368,76,444
"4980","07_report/CpG_context_sampling_1347_980_trimmed_bismark_bt2.CpG",460,372,88,460
"4981","07_report/CpG_context_sampling_1347_981_trimmed_bismark_bt2.CpG",435,359,76,435
"4982","07_report/CpG_context_sampling_1347_982_trimmed_bismark_bt2.CpG",462,388,74,462
"4983","07_report/CpG_context_sampling_1347_983_trimmed_bismark_bt2.CpG",444,371,73,444
"4984","07_report/CpG_context_sampling_1347_984_trimmed_bismark_bt2.CpG",416,352,64,416
"4985","07_report/CpG_context_sampling_1347_985_trimmed_bismark_bt2.CpG",442,372,70,442
"4986","07_report/CpG_context_sampling_1347_986_trimmed_bismark_bt2.CpG",428,354,74,428
"4987","07_report/CpG_context_sampling_1347_987_trimmed_bismark_bt2.CpG",448,366,82,448
"4988","07_report/CpG_context_sampling_1347_988_trimmed_bismark_bt2.CpG",459,389,70,459
"4989","07_report/CpG_context_sampling_1347_989_trimmed_bismark_bt2.CpG",447,372,75,447
"4990","07_report/CpG_context_sampling_1347_990_trimmed_bismark_bt2.CpG",421,360,61,421
"4991","07_report/CpG_context_sampling_1347_991_trimmed_bismark_bt2.CpG",432,361,71,432
"4992","07_report/CpG_context_sampling_1347_992_trimmed_bismark_bt2.CpG",462,389,73,462
"4993","07_report/CpG_context_sampling_1347_993_trimmed_bismark_bt2.CpG",414,353,61,414
"4994","07_report/CpG_context_sampling_1347_994_trimmed_bismark_bt2.CpG",421,351,70,421
"4995","07_report/CpG_context_sampling_1347_995_trimmed_bismark_bt2.CpG",446,382,64,446
"4996","07_report/CpG_context_sampling_1347_996_trimmed_bismark_bt2.CpG",431,364,67,431
"4997","07_report/CpG_context_sampling_1347_997_trimmed_bismark_bt2.CpG",431,362,69,431
"4998","07_report/CpG_context_sampling_1347_998_trimmed_bismark_bt2.CpG",436,367,69,436
"4999","07_report/CpG_context_sampling_1347_999_trimmed_bismark_bt2.CpG",456,371,85,456
"5000","07_report/CpG_context_sampling_1347_1000_trimmed_bismark_bt2.CpG",396,322,74,396
"5001","07_report/CpG_context_sampling_2020_1_trimmed_bismark_bt2.CpG",612,514,98,612
"5002","07_report/CpG_context_sampling_2020_2_trimmed_bismark_bt2.CpG",637,525,112,637
"5003","07_report/CpG_context_sampling_2020_3_trimmed_bismark_bt2.CpG",665,563,102,665
"5004","07_report/CpG_context_sampling_2020_4_trimmed_bismark_bt2.CpG",673,564,109,673
"5005","07_report/CpG_context_sampling_2020_5_trimmed_bismark_bt2.CpG",650,527,123,650
"5006","07_report/CpG_context_sampling_2020_6_trimmed_bismark_bt2.CpG",611,511,100,611
"5007","07_report/CpG_context_sampling_2020_7_trimmed_bismark_bt2.CpG",638,538,100,638
"5008","07_report/CpG_context_sampling_2020_8_trimmed_bismark_bt2.CpG",649,554,95,649
"5009","07_report/CpG_context_sampling_2020_9_trimmed_bismark_bt2.CpG",650,535,115,650
"5010","07_report/CpG_context_sampling_2020_10_trimmed_bismark_bt2.CpG",636,527,109,636
"5011","07_report/CpG_context_sampling_2020_11_trimmed_bismark_bt2.CpG",664,562,102,664
"5012","07_report/CpG_context_sampling_2020_12_trimmed_bismark_bt2.CpG",630,523,107,630
"5013","07_report/CpG_context_sampling_2020_13_trimmed_bismark_bt2.CpG",661,546,115,661
"5014","07_report/CpG_context_sampling_2020_14_trimmed_bismark_bt2.CpG",638,527,111,638
"5015","07_report/CpG_context_sampling_2020_15_trimmed_bismark_bt2.CpG",612,511,101,612
"5016","07_report/CpG_context_sampling_2020_16_trimmed_bismark_bt2.CpG",627,515,112,627
"5017","07_report/CpG_context_sampling_2020_17_trimmed_bismark_bt2.CpG",681,564,117,681
"5018","07_report/CpG_context_sampling_2020_18_trimmed_bismark_bt2.CpG",646,528,118,646
"5019","07_report/CpG_context_sampling_2020_19_trimmed_bismark_bt2.CpG",682,568,114,682
"5020","07_report/CpG_context_sampling_2020_20_trimmed_bismark_bt2.CpG",653,567,86,653
"5021","07_report/CpG_context_sampling_2020_21_trimmed_bismark_bt2.CpG",660,534,126,660
"5022","07_report/CpG_context_sampling_2020_22_trimmed_bismark_bt2.CpG",684,567,117,684
"5023","07_report/CpG_context_sampling_2020_23_trimmed_bismark_bt2.CpG",656,549,107,656
"5024","07_report/CpG_context_sampling_2020_24_trimmed_bismark_bt2.CpG",691,578,113,691
"5025","07_report/CpG_context_sampling_2020_25_trimmed_bismark_bt2.CpG",675,561,114,675
"5026","07_report/CpG_context_sampling_2020_26_trimmed_bismark_bt2.CpG",647,524,123,647
"5027","07_report/CpG_context_sampling_2020_27_trimmed_bismark_bt2.CpG",640,532,108,640
"5028","07_report/CpG_context_sampling_2020_28_trimmed_bismark_bt2.CpG",647,533,114,647
"5029","07_report/CpG_context_sampling_2020_29_trimmed_bismark_bt2.CpG",628,524,104,628
"5030","07_report/CpG_context_sampling_2020_30_trimmed_bismark_bt2.CpG",672,560,112,672
"5031","07_report/CpG_context_sampling_2020_31_trimmed_bismark_bt2.CpG",651,556,95,651
"5032","07_report/CpG_context_sampling_2020_32_trimmed_bismark_bt2.CpG",660,542,118,660
"5033","07_report/CpG_context_sampling_2020_33_trimmed_bismark_bt2.CpG",650,527,123,650
"5034","07_report/CpG_context_sampling_2020_34_trimmed_bismark_bt2.CpG",602,499,103,602
"5035","07_report/CpG_context_sampling_2020_35_trimmed_bismark_bt2.CpG",635,546,89,635
"5036","07_report/CpG_context_sampling_2020_36_trimmed_bismark_bt2.CpG",651,527,124,651
"5037","07_report/CpG_context_sampling_2020_37_trimmed_bismark_bt2.CpG",665,544,121,665
"5038","07_report/CpG_context_sampling_2020_38_trimmed_bismark_bt2.CpG",671,559,112,671
"5039","07_report/CpG_context_sampling_2020_39_trimmed_bismark_bt2.CpG",641,536,105,641
"5040","07_report/CpG_context_sampling_2020_40_trimmed_bismark_bt2.CpG",652,531,121,652
"5041","07_report/CpG_context_sampling_2020_41_trimmed_bismark_bt2.CpG",668,570,98,668
"5042","07_report/CpG_context_sampling_2020_42_trimmed_bismark_bt2.CpG",701,582,119,701
"5043","07_report/CpG_context_sampling_2020_43_trimmed_bismark_bt2.CpG",672,558,114,672
"5044","07_report/CpG_context_sampling_2020_44_trimmed_bismark_bt2.CpG",669,546,123,669
"5045","07_report/CpG_context_sampling_2020_45_trimmed_bismark_bt2.CpG",687,576,111,687
"5046","07_report/CpG_context_sampling_2020_46_trimmed_bismark_bt2.CpG",681,563,118,681
"5047","07_report/CpG_context_sampling_2020_47_trimmed_bismark_bt2.CpG",661,549,112,661
"5048","07_report/CpG_context_sampling_2020_48_trimmed_bismark_bt2.CpG",657,554,103,657
"5049","07_report/CpG_context_sampling_2020_49_trimmed_bismark_bt2.CpG",642,541,101,642
"5050","07_report/CpG_context_sampling_2020_50_trimmed_bismark_bt2.CpG",626,522,104,626
"5051","07_report/CpG_context_sampling_2020_51_trimmed_bismark_bt2.CpG",644,537,107,644
"5052","07_report/CpG_context_sampling_2020_52_trimmed_bismark_bt2.CpG",627,523,104,627
"5053","07_report/CpG_context_sampling_2020_53_trimmed_bismark_bt2.CpG",674,559,115,674
"5054","07_report/CpG_context_sampling_2020_54_trimmed_bismark_bt2.CpG",629,524,105,629
"5055","07_report/CpG_context_sampling_2020_55_trimmed_bismark_bt2.CpG",624,508,116,624
"5056","07_report/CpG_context_sampling_2020_56_trimmed_bismark_bt2.CpG",638,534,104,638
"5057","07_report/CpG_context_sampling_2020_57_trimmed_bismark_bt2.CpG",623,516,107,623
"5058","07_report/CpG_context_sampling_2020_58_trimmed_bismark_bt2.CpG",625,533,92,625
"5059","07_report/CpG_context_sampling_2020_59_trimmed_bismark_bt2.CpG",633,529,104,633
"5060","07_report/CpG_context_sampling_2020_60_trimmed_bismark_bt2.CpG",618,521,97,618
"5061","07_report/CpG_context_sampling_2020_61_trimmed_bismark_bt2.CpG",678,553,125,678
"5062","07_report/CpG_context_sampling_2020_62_trimmed_bismark_bt2.CpG",660,558,102,660
"5063","07_report/CpG_context_sampling_2020_63_trimmed_bismark_bt2.CpG",665,564,101,665
"5064","07_report/CpG_context_sampling_2020_64_trimmed_bismark_bt2.CpG",642,533,109,642
"5065","07_report/CpG_context_sampling_2020_65_trimmed_bismark_bt2.CpG",673,554,119,673
"5066","07_report/CpG_context_sampling_2020_66_trimmed_bismark_bt2.CpG",637,545,92,637
"5067","07_report/CpG_context_sampling_2020_67_trimmed_bismark_bt2.CpG",660,559,101,660
"5068","07_report/CpG_context_sampling_2020_68_trimmed_bismark_bt2.CpG",638,552,86,638
"5069","07_report/CpG_context_sampling_2020_69_trimmed_bismark_bt2.CpG",655,544,111,655
"5070","07_report/CpG_context_sampling_2020_70_trimmed_bismark_bt2.CpG",648,534,114,648
"5071","07_report/CpG_context_sampling_2020_71_trimmed_bismark_bt2.CpG",647,532,115,647
"5072","07_report/CpG_context_sampling_2020_72_trimmed_bismark_bt2.CpG",663,561,102,663
"5073","07_report/CpG_context_sampling_2020_73_trimmed_bismark_bt2.CpG",645,542,103,645
"5074","07_report/CpG_context_sampling_2020_74_trimmed_bismark_bt2.CpG",617,522,95,617
"5075","07_report/CpG_context_sampling_2020_75_trimmed_bismark_bt2.CpG",602,492,110,602
"5076","07_report/CpG_context_sampling_2020_76_trimmed_bismark_bt2.CpG",687,579,108,687
"5077","07_report/CpG_context_sampling_2020_77_trimmed_bismark_bt2.CpG",628,526,102,628
"5078","07_report/CpG_context_sampling_2020_78_trimmed_bismark_bt2.CpG",631,529,102,631
"5079","07_report/CpG_context_sampling_2020_79_trimmed_bismark_bt2.CpG",624,530,94,624
"5080","07_report/CpG_context_sampling_2020_80_trimmed_bismark_bt2.CpG",619,499,120,619
"5081","07_report/CpG_context_sampling_2020_81_trimmed_bismark_bt2.CpG",685,566,119,685
"5082","07_report/CpG_context_sampling_2020_82_trimmed_bismark_bt2.CpG",639,537,102,639
"5083","07_report/CpG_context_sampling_2020_83_trimmed_bismark_bt2.CpG",668,550,118,668
"5084","07_report/CpG_context_sampling_2020_84_trimmed_bismark_bt2.CpG",643,538,105,643
"5085","07_report/CpG_context_sampling_2020_85_trimmed_bismark_bt2.CpG",665,540,125,665
"5086","07_report/CpG_context_sampling_2020_86_trimmed_bismark_bt2.CpG",636,518,118,636
"5087","07_report/CpG_context_sampling_2020_87_trimmed_bismark_bt2.CpG",678,574,104,678
"5088","07_report/CpG_context_sampling_2020_88_trimmed_bismark_bt2.CpG",675,546,129,675
"5089","07_report/CpG_context_sampling_2020_89_trimmed_bismark_bt2.CpG",705,592,113,705
"5090","07_report/CpG_context_sampling_2020_90_trimmed_bismark_bt2.CpG",654,556,98,654
"5091","07_report/CpG_context_sampling_2020_91_trimmed_bismark_bt2.CpG",643,555,88,643
"5092","07_report/CpG_context_sampling_2020_92_trimmed_bismark_bt2.CpG",660,550,110,660
"5093","07_report/CpG_context_sampling_2020_93_trimmed_bismark_bt2.CpG",667,561,106,667
"5094","07_report/CpG_context_sampling_2020_94_trimmed_bismark_bt2.CpG",676,571,105,676
"5095","07_report/CpG_context_sampling_2020_95_trimmed_bismark_bt2.CpG",619,510,109,619
"5096","07_report/CpG_context_sampling_2020_96_trimmed_bismark_bt2.CpG",686,572,114,686
"5097","07_report/CpG_context_sampling_2020_97_trimmed_bismark_bt2.CpG",627,529,98,627
"5098","07_report/CpG_context_sampling_2020_98_trimmed_bismark_bt2.CpG",663,555,108,663
"5099","07_report/CpG_context_sampling_2020_99_trimmed_bismark_bt2.CpG",625,518,107,625
"5100","07_report/CpG_context_sampling_2020_100_trimmed_bismark_bt2.CpG",654,550,104,654
"5101","07_report/CpG_context_sampling_2020_101_trimmed_bismark_bt2.CpG",643,513,130,643
"5102","07_report/CpG_context_sampling_2020_102_trimmed_bismark_bt2.CpG",646,533,113,646
"5103","07_report/CpG_context_sampling_2020_103_trimmed_bismark_bt2.CpG",653,548,105,653
"5104","07_report/CpG_context_sampling_2020_104_trimmed_bismark_bt2.CpG",688,574,114,688
"5105","07_report/CpG_context_sampling_2020_105_trimmed_bismark_bt2.CpG",609,520,89,609
"5106","07_report/CpG_context_sampling_2020_106_trimmed_bismark_bt2.CpG",664,563,101,664
"5107","07_report/CpG_context_sampling_2020_107_trimmed_bismark_bt2.CpG",658,550,108,658
"5108","07_report/CpG_context_sampling_2020_108_trimmed_bismark_bt2.CpG",680,578,102,680
"5109","07_report/CpG_context_sampling_2020_109_trimmed_bismark_bt2.CpG",650,548,102,650
"5110","07_report/CpG_context_sampling_2020_110_trimmed_bismark_bt2.CpG",641,530,111,641
"5111","07_report/CpG_context_sampling_2020_111_trimmed_bismark_bt2.CpG",696,596,100,696
"5112","07_report/CpG_context_sampling_2020_112_trimmed_bismark_bt2.CpG",674,567,107,674
"5113","07_report/CpG_context_sampling_2020_113_trimmed_bismark_bt2.CpG",663,563,100,663
"5114","07_report/CpG_context_sampling_2020_114_trimmed_bismark_bt2.CpG",678,545,133,678
"5115","07_report/CpG_context_sampling_2020_115_trimmed_bismark_bt2.CpG",670,555,115,670
"5116","07_report/CpG_context_sampling_2020_116_trimmed_bismark_bt2.CpG",688,576,112,688
"5117","07_report/CpG_context_sampling_2020_117_trimmed_bismark_bt2.CpG",664,550,114,664
"5118","07_report/CpG_context_sampling_2020_118_trimmed_bismark_bt2.CpG",686,564,122,686
"5119","07_report/CpG_context_sampling_2020_119_trimmed_bismark_bt2.CpG",659,556,103,659
"5120","07_report/CpG_context_sampling_2020_120_trimmed_bismark_bt2.CpG",679,558,121,679
"5121","07_report/CpG_context_sampling_2020_121_trimmed_bismark_bt2.CpG",658,543,115,658
"5122","07_report/CpG_context_sampling_2020_122_trimmed_bismark_bt2.CpG",686,572,114,686
"5123","07_report/CpG_context_sampling_2020_123_trimmed_bismark_bt2.CpG",665,565,100,665
"5124","07_report/CpG_context_sampling_2020_124_trimmed_bismark_bt2.CpG",663,544,119,663
"5125","07_report/CpG_context_sampling_2020_125_trimmed_bismark_bt2.CpG",665,566,99,665
"5126","07_report/CpG_context_sampling_2020_126_trimmed_bismark_bt2.CpG",651,532,119,651
"5127","07_report/CpG_context_sampling_2020_127_trimmed_bismark_bt2.CpG",648,531,117,648
"5128","07_report/CpG_context_sampling_2020_128_trimmed_bismark_bt2.CpG",658,536,122,658
"5129","07_report/CpG_context_sampling_2020_129_trimmed_bismark_bt2.CpG",661,562,99,661
"5130","07_report/CpG_context_sampling_2020_130_trimmed_bismark_bt2.CpG",654,545,109,654
"5131","07_report/CpG_context_sampling_2020_131_trimmed_bismark_bt2.CpG",632,519,113,632
"5132","07_report/CpG_context_sampling_2020_132_trimmed_bismark_bt2.CpG",644,536,108,644
"5133","07_report/CpG_context_sampling_2020_133_trimmed_bismark_bt2.CpG",671,556,115,671
"5134","07_report/CpG_context_sampling_2020_134_trimmed_bismark_bt2.CpG",663,552,111,663
"5135","07_report/CpG_context_sampling_2020_135_trimmed_bismark_bt2.CpG",611,517,94,611
"5136","07_report/CpG_context_sampling_2020_136_trimmed_bismark_bt2.CpG",593,507,86,593
"5137","07_report/CpG_context_sampling_2020_137_trimmed_bismark_bt2.CpG",648,531,117,648
"5138","07_report/CpG_context_sampling_2020_138_trimmed_bismark_bt2.CpG",658,530,128,658
"5139","07_report/CpG_context_sampling_2020_139_trimmed_bismark_bt2.CpG",599,495,104,599
"5140","07_report/CpG_context_sampling_2020_140_trimmed_bismark_bt2.CpG",645,527,118,645
"5141","07_report/CpG_context_sampling_2020_141_trimmed_bismark_bt2.CpG",676,567,109,676
"5142","07_report/CpG_context_sampling_2020_142_trimmed_bismark_bt2.CpG",636,529,107,636
"5143","07_report/CpG_context_sampling_2020_143_trimmed_bismark_bt2.CpG",682,566,116,682
"5144","07_report/CpG_context_sampling_2020_144_trimmed_bismark_bt2.CpG",693,578,115,693
"5145","07_report/CpG_context_sampling_2020_145_trimmed_bismark_bt2.CpG",667,557,110,667
"5146","07_report/CpG_context_sampling_2020_146_trimmed_bismark_bt2.CpG",653,538,115,653
"5147","07_report/CpG_context_sampling_2020_147_trimmed_bismark_bt2.CpG",623,545,78,623
"5148","07_report/CpG_context_sampling_2020_148_trimmed_bismark_bt2.CpG",661,557,104,661
"5149","07_report/CpG_context_sampling_2020_149_trimmed_bismark_bt2.CpG",650,560,90,650
"5150","07_report/CpG_context_sampling_2020_150_trimmed_bismark_bt2.CpG",675,557,118,675
"5151","07_report/CpG_context_sampling_2020_151_trimmed_bismark_bt2.CpG",654,557,97,654
"5152","07_report/CpG_context_sampling_2020_152_trimmed_bismark_bt2.CpG",659,557,102,659
"5153","07_report/CpG_context_sampling_2020_153_trimmed_bismark_bt2.CpG",618,509,109,618
"5154","07_report/CpG_context_sampling_2020_154_trimmed_bismark_bt2.CpG",639,529,110,639
"5155","07_report/CpG_context_sampling_2020_155_trimmed_bismark_bt2.CpG",688,573,115,688
"5156","07_report/CpG_context_sampling_2020_156_trimmed_bismark_bt2.CpG",666,556,110,666
"5157","07_report/CpG_context_sampling_2020_157_trimmed_bismark_bt2.CpG",619,525,94,619
"5158","07_report/CpG_context_sampling_2020_158_trimmed_bismark_bt2.CpG",666,554,112,666
"5159","07_report/CpG_context_sampling_2020_159_trimmed_bismark_bt2.CpG",615,522,93,615
"5160","07_report/CpG_context_sampling_2020_160_trimmed_bismark_bt2.CpG",687,571,116,687
"5161","07_report/CpG_context_sampling_2020_161_trimmed_bismark_bt2.CpG",684,561,123,684
"5162","07_report/CpG_context_sampling_2020_162_trimmed_bismark_bt2.CpG",658,533,125,658
"5163","07_report/CpG_context_sampling_2020_163_trimmed_bismark_bt2.CpG",632,529,103,632
"5164","07_report/CpG_context_sampling_2020_164_trimmed_bismark_bt2.CpG",674,568,106,674
"5165","07_report/CpG_context_sampling_2020_165_trimmed_bismark_bt2.CpG",662,558,104,662
"5166","07_report/CpG_context_sampling_2020_166_trimmed_bismark_bt2.CpG",632,524,108,632
"5167","07_report/CpG_context_sampling_2020_167_trimmed_bismark_bt2.CpG",686,593,93,686
"5168","07_report/CpG_context_sampling_2020_168_trimmed_bismark_bt2.CpG",660,546,114,660
"5169","07_report/CpG_context_sampling_2020_169_trimmed_bismark_bt2.CpG",613,497,116,613
"5170","07_report/CpG_context_sampling_2020_170_trimmed_bismark_bt2.CpG",651,525,126,651
"5171","07_report/CpG_context_sampling_2020_171_trimmed_bismark_bt2.CpG",648,544,104,648
"5172","07_report/CpG_context_sampling_2020_172_trimmed_bismark_bt2.CpG",671,541,130,671
"5173","07_report/CpG_context_sampling_2020_173_trimmed_bismark_bt2.CpG",611,507,104,611
"5174","07_report/CpG_context_sampling_2020_174_trimmed_bismark_bt2.CpG",632,542,90,632
"5175","07_report/CpG_context_sampling_2020_175_trimmed_bismark_bt2.CpG",648,548,100,648
"5176","07_report/CpG_context_sampling_2020_176_trimmed_bismark_bt2.CpG",656,564,92,656
"5177","07_report/CpG_context_sampling_2020_177_trimmed_bismark_bt2.CpG",643,541,102,643
"5178","07_report/CpG_context_sampling_2020_178_trimmed_bismark_bt2.CpG",645,531,114,645
"5179","07_report/CpG_context_sampling_2020_179_trimmed_bismark_bt2.CpG",663,547,116,663
"5180","07_report/CpG_context_sampling_2020_180_trimmed_bismark_bt2.CpG",652,541,111,652
"5181","07_report/CpG_context_sampling_2020_181_trimmed_bismark_bt2.CpG",673,557,116,673
"5182","07_report/CpG_context_sampling_2020_182_trimmed_bismark_bt2.CpG",668,553,115,668
"5183","07_report/CpG_context_sampling_2020_183_trimmed_bismark_bt2.CpG",649,530,119,649
"5184","07_report/CpG_context_sampling_2020_184_trimmed_bismark_bt2.CpG",616,519,97,616
"5185","07_report/CpG_context_sampling_2020_185_trimmed_bismark_bt2.CpG",644,536,108,644
"5186","07_report/CpG_context_sampling_2020_186_trimmed_bismark_bt2.CpG",652,539,113,652
"5187","07_report/CpG_context_sampling_2020_187_trimmed_bismark_bt2.CpG",687,565,122,687
"5188","07_report/CpG_context_sampling_2020_188_trimmed_bismark_bt2.CpG",636,534,102,636
"5189","07_report/CpG_context_sampling_2020_189_trimmed_bismark_bt2.CpG",644,510,134,644
"5190","07_report/CpG_context_sampling_2020_190_trimmed_bismark_bt2.CpG",617,509,108,617
"5191","07_report/CpG_context_sampling_2020_191_trimmed_bismark_bt2.CpG",637,534,103,637
"5192","07_report/CpG_context_sampling_2020_192_trimmed_bismark_bt2.CpG",695,584,111,695
"5193","07_report/CpG_context_sampling_2020_193_trimmed_bismark_bt2.CpG",630,525,105,630
"5194","07_report/CpG_context_sampling_2020_194_trimmed_bismark_bt2.CpG",644,536,108,644
"5195","07_report/CpG_context_sampling_2020_195_trimmed_bismark_bt2.CpG",610,509,101,610
"5196","07_report/CpG_context_sampling_2020_196_trimmed_bismark_bt2.CpG",649,529,120,649
"5197","07_report/CpG_context_sampling_2020_197_trimmed_bismark_bt2.CpG",659,544,115,659
"5198","07_report/CpG_context_sampling_2020_198_trimmed_bismark_bt2.CpG",643,531,112,643
"5199","07_report/CpG_context_sampling_2020_199_trimmed_bismark_bt2.CpG",664,545,119,664
"5200","07_report/CpG_context_sampling_2020_200_trimmed_bismark_bt2.CpG",616,518,98,616
"5201","07_report/CpG_context_sampling_2020_201_trimmed_bismark_bt2.CpG",700,579,121,700
"5202","07_report/CpG_context_sampling_2020_202_trimmed_bismark_bt2.CpG",624,520,104,624
"5203","07_report/CpG_context_sampling_2020_203_trimmed_bismark_bt2.CpG",657,545,112,657
"5204","07_report/CpG_context_sampling_2020_204_trimmed_bismark_bt2.CpG",621,508,113,621
"5205","07_report/CpG_context_sampling_2020_205_trimmed_bismark_bt2.CpG",666,551,115,666
"5206","07_report/CpG_context_sampling_2020_206_trimmed_bismark_bt2.CpG",656,546,110,656
"5207","07_report/CpG_context_sampling_2020_207_trimmed_bismark_bt2.CpG",660,551,109,660
"5208","07_report/CpG_context_sampling_2020_208_trimmed_bismark_bt2.CpG",644,538,106,644
"5209","07_report/CpG_context_sampling_2020_209_trimmed_bismark_bt2.CpG",628,508,120,628
"5210","07_report/CpG_context_sampling_2020_210_trimmed_bismark_bt2.CpG",644,549,95,644
"5211","07_report/CpG_context_sampling_2020_211_trimmed_bismark_bt2.CpG",646,539,107,646
"5212","07_report/CpG_context_sampling_2020_212_trimmed_bismark_bt2.CpG",670,570,100,670
"5213","07_report/CpG_context_sampling_2020_213_trimmed_bismark_bt2.CpG",650,537,113,650
"5214","07_report/CpG_context_sampling_2020_214_trimmed_bismark_bt2.CpG",648,544,104,648
"5215","07_report/CpG_context_sampling_2020_215_trimmed_bismark_bt2.CpG",634,520,114,634
"5216","07_report/CpG_context_sampling_2020_216_trimmed_bismark_bt2.CpG",644,547,97,644
"5217","07_report/CpG_context_sampling_2020_217_trimmed_bismark_bt2.CpG",629,524,105,629
"5218","07_report/CpG_context_sampling_2020_218_trimmed_bismark_bt2.CpG",669,541,128,669
"5219","07_report/CpG_context_sampling_2020_219_trimmed_bismark_bt2.CpG",683,561,122,683
"5220","07_report/CpG_context_sampling_2020_220_trimmed_bismark_bt2.CpG",643,533,110,643
"5221","07_report/CpG_context_sampling_2020_221_trimmed_bismark_bt2.CpG",632,531,101,632
"5222","07_report/CpG_context_sampling_2020_222_trimmed_bismark_bt2.CpG",664,546,118,664
"5223","07_report/CpG_context_sampling_2020_223_trimmed_bismark_bt2.CpG",647,542,105,647
"5224","07_report/CpG_context_sampling_2020_224_trimmed_bismark_bt2.CpG",618,506,112,618
"5225","07_report/CpG_context_sampling_2020_225_trimmed_bismark_bt2.CpG",644,559,85,644
"5226","07_report/CpG_context_sampling_2020_226_trimmed_bismark_bt2.CpG",642,537,105,642
"5227","07_report/CpG_context_sampling_2020_227_trimmed_bismark_bt2.CpG",663,549,114,663
"5228","07_report/CpG_context_sampling_2020_228_trimmed_bismark_bt2.CpG",672,574,98,672
"5229","07_report/CpG_context_sampling_2020_229_trimmed_bismark_bt2.CpG",653,541,112,653
"5230","07_report/CpG_context_sampling_2020_230_trimmed_bismark_bt2.CpG",642,538,104,642
"5231","07_report/CpG_context_sampling_2020_231_trimmed_bismark_bt2.CpG",635,518,117,635
"5232","07_report/CpG_context_sampling_2020_232_trimmed_bismark_bt2.CpG",639,525,114,639
"5233","07_report/CpG_context_sampling_2020_233_trimmed_bismark_bt2.CpG",659,558,101,659
"5234","07_report/CpG_context_sampling_2020_234_trimmed_bismark_bt2.CpG",655,523,132,655
"5235","07_report/CpG_context_sampling_2020_235_trimmed_bismark_bt2.CpG",707,573,134,707
"5236","07_report/CpG_context_sampling_2020_236_trimmed_bismark_bt2.CpG",653,540,113,653
"5237","07_report/CpG_context_sampling_2020_237_trimmed_bismark_bt2.CpG",682,566,116,682
"5238","07_report/CpG_context_sampling_2020_238_trimmed_bismark_bt2.CpG",638,529,109,638
"5239","07_report/CpG_context_sampling_2020_239_trimmed_bismark_bt2.CpG",628,532,96,628
"5240","07_report/CpG_context_sampling_2020_240_trimmed_bismark_bt2.CpG",659,534,125,659
"5241","07_report/CpG_context_sampling_2020_241_trimmed_bismark_bt2.CpG",687,574,113,687
"5242","07_report/CpG_context_sampling_2020_242_trimmed_bismark_bt2.CpG",639,524,115,639
"5243","07_report/CpG_context_sampling_2020_243_trimmed_bismark_bt2.CpG",647,548,99,647
"5244","07_report/CpG_context_sampling_2020_244_trimmed_bismark_bt2.CpG",651,547,104,651
"5245","07_report/CpG_context_sampling_2020_245_trimmed_bismark_bt2.CpG",676,544,132,676
"5246","07_report/CpG_context_sampling_2020_246_trimmed_bismark_bt2.CpG",652,523,129,652
"5247","07_report/CpG_context_sampling_2020_247_trimmed_bismark_bt2.CpG",663,560,103,663
"5248","07_report/CpG_context_sampling_2020_248_trimmed_bismark_bt2.CpG",700,599,101,700
"5249","07_report/CpG_context_sampling_2020_249_trimmed_bismark_bt2.CpG",639,553,86,639
"5250","07_report/CpG_context_sampling_2020_250_trimmed_bismark_bt2.CpG",661,534,127,661
"5251","07_report/CpG_context_sampling_2020_251_trimmed_bismark_bt2.CpG",620,536,84,620
"5252","07_report/CpG_context_sampling_2020_252_trimmed_bismark_bt2.CpG",657,550,107,657
"5253","07_report/CpG_context_sampling_2020_253_trimmed_bismark_bt2.CpG",653,548,105,653
"5254","07_report/CpG_context_sampling_2020_254_trimmed_bismark_bt2.CpG",674,561,113,674
"5255","07_report/CpG_context_sampling_2020_255_trimmed_bismark_bt2.CpG",698,585,113,698
"5256","07_report/CpG_context_sampling_2020_256_trimmed_bismark_bt2.CpG",651,550,101,651
"5257","07_report/CpG_context_sampling_2020_257_trimmed_bismark_bt2.CpG",658,557,101,658
"5258","07_report/CpG_context_sampling_2020_258_trimmed_bismark_bt2.CpG",679,561,118,679
"5259","07_report/CpG_context_sampling_2020_259_trimmed_bismark_bt2.CpG",652,545,107,652
"5260","07_report/CpG_context_sampling_2020_260_trimmed_bismark_bt2.CpG",633,510,123,633
"5261","07_report/CpG_context_sampling_2020_261_trimmed_bismark_bt2.CpG",634,543,91,634
"5262","07_report/CpG_context_sampling_2020_262_trimmed_bismark_bt2.CpG",642,526,116,642
"5263","07_report/CpG_context_sampling_2020_263_trimmed_bismark_bt2.CpG",670,549,121,670
"5264","07_report/CpG_context_sampling_2020_264_trimmed_bismark_bt2.CpG",653,527,126,653
"5265","07_report/CpG_context_sampling_2020_265_trimmed_bismark_bt2.CpG",638,540,98,638
"5266","07_report/CpG_context_sampling_2020_266_trimmed_bismark_bt2.CpG",675,548,127,675
"5267","07_report/CpG_context_sampling_2020_267_trimmed_bismark_bt2.CpG",652,555,97,652
"5268","07_report/CpG_context_sampling_2020_268_trimmed_bismark_bt2.CpG",692,585,107,692
"5269","07_report/CpG_context_sampling_2020_269_trimmed_bismark_bt2.CpG",635,540,95,635
"5270","07_report/CpG_context_sampling_2020_270_trimmed_bismark_bt2.CpG",632,520,112,632
"5271","07_report/CpG_context_sampling_2020_271_trimmed_bismark_bt2.CpG",625,518,107,625
"5272","07_report/CpG_context_sampling_2020_272_trimmed_bismark_bt2.CpG",656,561,95,656
"5273","07_report/CpG_context_sampling_2020_273_trimmed_bismark_bt2.CpG",646,526,120,646
"5274","07_report/CpG_context_sampling_2020_274_trimmed_bismark_bt2.CpG",680,561,119,680
"5275","07_report/CpG_context_sampling_2020_275_trimmed_bismark_bt2.CpG",637,515,122,637
"5276","07_report/CpG_context_sampling_2020_276_trimmed_bismark_bt2.CpG",670,562,108,670
"5277","07_report/CpG_context_sampling_2020_277_trimmed_bismark_bt2.CpG",683,543,140,683
"5278","07_report/CpG_context_sampling_2020_278_trimmed_bismark_bt2.CpG",663,565,98,663
"5279","07_report/CpG_context_sampling_2020_279_trimmed_bismark_bt2.CpG",668,551,117,668
"5280","07_report/CpG_context_sampling_2020_280_trimmed_bismark_bt2.CpG",652,528,124,652
"5281","07_report/CpG_context_sampling_2020_281_trimmed_bismark_bt2.CpG",668,572,96,668
"5282","07_report/CpG_context_sampling_2020_282_trimmed_bismark_bt2.CpG",687,569,118,687
"5283","07_report/CpG_context_sampling_2020_283_trimmed_bismark_bt2.CpG",648,540,108,648
"5284","07_report/CpG_context_sampling_2020_284_trimmed_bismark_bt2.CpG",672,543,129,672
"5285","07_report/CpG_context_sampling_2020_285_trimmed_bismark_bt2.CpG",636,533,103,636
"5286","07_report/CpG_context_sampling_2020_286_trimmed_bismark_bt2.CpG",651,537,114,651
"5287","07_report/CpG_context_sampling_2020_287_trimmed_bismark_bt2.CpG",618,526,92,618
"5288","07_report/CpG_context_sampling_2020_288_trimmed_bismark_bt2.CpG",647,555,92,647
"5289","07_report/CpG_context_sampling_2020_289_trimmed_bismark_bt2.CpG",691,570,121,691
"5290","07_report/CpG_context_sampling_2020_290_trimmed_bismark_bt2.CpG",656,532,124,656
"5291","07_report/CpG_context_sampling_2020_291_trimmed_bismark_bt2.CpG",629,529,100,629
"5292","07_report/CpG_context_sampling_2020_292_trimmed_bismark_bt2.CpG",629,528,101,629
"5293","07_report/CpG_context_sampling_2020_293_trimmed_bismark_bt2.CpG",640,536,104,640
"5294","07_report/CpG_context_sampling_2020_294_trimmed_bismark_bt2.CpG",621,528,93,621
"5295","07_report/CpG_context_sampling_2020_295_trimmed_bismark_bt2.CpG",659,549,110,659
"5296","07_report/CpG_context_sampling_2020_296_trimmed_bismark_bt2.CpG",654,527,127,654
"5297","07_report/CpG_context_sampling_2020_297_trimmed_bismark_bt2.CpG",679,562,117,679
"5298","07_report/CpG_context_sampling_2020_298_trimmed_bismark_bt2.CpG",630,525,105,630
"5299","07_report/CpG_context_sampling_2020_299_trimmed_bismark_bt2.CpG",672,570,102,672
"5300","07_report/CpG_context_sampling_2020_300_trimmed_bismark_bt2.CpG",630,533,97,630
"5301","07_report/CpG_context_sampling_2020_301_trimmed_bismark_bt2.CpG",684,563,121,684
"5302","07_report/CpG_context_sampling_2020_302_trimmed_bismark_bt2.CpG",638,535,103,638
"5303","07_report/CpG_context_sampling_2020_303_trimmed_bismark_bt2.CpG",629,510,119,629
"5304","07_report/CpG_context_sampling_2020_304_trimmed_bismark_bt2.CpG",695,595,100,695
"5305","07_report/CpG_context_sampling_2020_305_trimmed_bismark_bt2.CpG",688,574,114,688
"5306","07_report/CpG_context_sampling_2020_306_trimmed_bismark_bt2.CpG",657,548,109,657
"5307","07_report/CpG_context_sampling_2020_307_trimmed_bismark_bt2.CpG",655,531,124,655
"5308","07_report/CpG_context_sampling_2020_308_trimmed_bismark_bt2.CpG",646,540,106,646
"5309","07_report/CpG_context_sampling_2020_309_trimmed_bismark_bt2.CpG",689,577,112,689
"5310","07_report/CpG_context_sampling_2020_310_trimmed_bismark_bt2.CpG",668,554,114,668
"5311","07_report/CpG_context_sampling_2020_311_trimmed_bismark_bt2.CpG",635,534,101,635
"5312","07_report/CpG_context_sampling_2020_312_trimmed_bismark_bt2.CpG",650,555,95,650
"5313","07_report/CpG_context_sampling_2020_313_trimmed_bismark_bt2.CpG",639,533,106,639
"5314","07_report/CpG_context_sampling_2020_314_trimmed_bismark_bt2.CpG",646,532,114,646
"5315","07_report/CpG_context_sampling_2020_315_trimmed_bismark_bt2.CpG",685,582,103,685
"5316","07_report/CpG_context_sampling_2020_316_trimmed_bismark_bt2.CpG",675,563,112,675
"5317","07_report/CpG_context_sampling_2020_317_trimmed_bismark_bt2.CpG",644,551,93,644
"5318","07_report/CpG_context_sampling_2020_318_trimmed_bismark_bt2.CpG",654,547,107,654
"5319","07_report/CpG_context_sampling_2020_319_trimmed_bismark_bt2.CpG",678,563,115,678
"5320","07_report/CpG_context_sampling_2020_320_trimmed_bismark_bt2.CpG",664,560,104,664
"5321","07_report/CpG_context_sampling_2020_321_trimmed_bismark_bt2.CpG",612,506,106,612
"5322","07_report/CpG_context_sampling_2020_322_trimmed_bismark_bt2.CpG",684,569,115,684
"5323","07_report/CpG_context_sampling_2020_323_trimmed_bismark_bt2.CpG",658,547,111,658
"5324","07_report/CpG_context_sampling_2020_324_trimmed_bismark_bt2.CpG",631,522,109,631
"5325","07_report/CpG_context_sampling_2020_325_trimmed_bismark_bt2.CpG",655,547,108,655
"5326","07_report/CpG_context_sampling_2020_326_trimmed_bismark_bt2.CpG",673,553,120,673
"5327","07_report/CpG_context_sampling_2020_327_trimmed_bismark_bt2.CpG",627,522,105,627
"5328","07_report/CpG_context_sampling_2020_328_trimmed_bismark_bt2.CpG",635,511,124,635
"5329","07_report/CpG_context_sampling_2020_329_trimmed_bismark_bt2.CpG",642,528,114,642
"5330","07_report/CpG_context_sampling_2020_330_trimmed_bismark_bt2.CpG",634,529,105,634
"5331","07_report/CpG_context_sampling_2020_331_trimmed_bismark_bt2.CpG",708,591,117,708
"5332","07_report/CpG_context_sampling_2020_332_trimmed_bismark_bt2.CpG",646,527,119,646
"5333","07_report/CpG_context_sampling_2020_333_trimmed_bismark_bt2.CpG",647,548,99,647
"5334","07_report/CpG_context_sampling_2020_334_trimmed_bismark_bt2.CpG",652,543,109,652
"5335","07_report/CpG_context_sampling_2020_335_trimmed_bismark_bt2.CpG",642,514,128,642
"5336","07_report/CpG_context_sampling_2020_336_trimmed_bismark_bt2.CpG",661,567,94,661
"5337","07_report/CpG_context_sampling_2020_337_trimmed_bismark_bt2.CpG",641,545,96,641
"5338","07_report/CpG_context_sampling_2020_338_trimmed_bismark_bt2.CpG",678,578,100,678
"5339","07_report/CpG_context_sampling_2020_339_trimmed_bismark_bt2.CpG",669,572,97,669
"5340","07_report/CpG_context_sampling_2020_340_trimmed_bismark_bt2.CpG",665,553,112,665
"5341","07_report/CpG_context_sampling_2020_341_trimmed_bismark_bt2.CpG",639,534,105,639
"5342","07_report/CpG_context_sampling_2020_342_trimmed_bismark_bt2.CpG",606,512,94,606
"5343","07_report/CpG_context_sampling_2020_343_trimmed_bismark_bt2.CpG",616,507,109,616
"5344","07_report/CpG_context_sampling_2020_344_trimmed_bismark_bt2.CpG",706,594,112,706
"5345","07_report/CpG_context_sampling_2020_345_trimmed_bismark_bt2.CpG",652,541,111,652
"5346","07_report/CpG_context_sampling_2020_346_trimmed_bismark_bt2.CpG",669,542,127,669
"5347","07_report/CpG_context_sampling_2020_347_trimmed_bismark_bt2.CpG",690,585,105,690
"5348","07_report/CpG_context_sampling_2020_348_trimmed_bismark_bt2.CpG",685,576,109,685
"5349","07_report/CpG_context_sampling_2020_349_trimmed_bismark_bt2.CpG",634,524,110,634
"5350","07_report/CpG_context_sampling_2020_350_trimmed_bismark_bt2.CpG",650,541,109,650
"5351","07_report/CpG_context_sampling_2020_351_trimmed_bismark_bt2.CpG",651,546,105,651
"5352","07_report/CpG_context_sampling_2020_352_trimmed_bismark_bt2.CpG",647,536,111,647
"5353","07_report/CpG_context_sampling_2020_353_trimmed_bismark_bt2.CpG",656,554,102,656
"5354","07_report/CpG_context_sampling_2020_354_trimmed_bismark_bt2.CpG",650,550,100,650
"5355","07_report/CpG_context_sampling_2020_355_trimmed_bismark_bt2.CpG",641,549,92,641
"5356","07_report/CpG_context_sampling_2020_356_trimmed_bismark_bt2.CpG",671,549,122,671
"5357","07_report/CpG_context_sampling_2020_357_trimmed_bismark_bt2.CpG",637,540,97,637
"5358","07_report/CpG_context_sampling_2020_358_trimmed_bismark_bt2.CpG",654,548,106,654
"5359","07_report/CpG_context_sampling_2020_359_trimmed_bismark_bt2.CpG",645,549,96,645
"5360","07_report/CpG_context_sampling_2020_360_trimmed_bismark_bt2.CpG",662,556,106,662
"5361","07_report/CpG_context_sampling_2020_361_trimmed_bismark_bt2.CpG",636,525,111,636
"5362","07_report/CpG_context_sampling_2020_362_trimmed_bismark_bt2.CpG",632,532,100,632
"5363","07_report/CpG_context_sampling_2020_363_trimmed_bismark_bt2.CpG",685,564,121,685
"5364","07_report/CpG_context_sampling_2020_364_trimmed_bismark_bt2.CpG",673,554,119,673
"5365","07_report/CpG_context_sampling_2020_365_trimmed_bismark_bt2.CpG",624,517,107,624
"5366","07_report/CpG_context_sampling_2020_366_trimmed_bismark_bt2.CpG",629,524,105,629
"5367","07_report/CpG_context_sampling_2020_367_trimmed_bismark_bt2.CpG",677,557,120,677
"5368","07_report/CpG_context_sampling_2020_368_trimmed_bismark_bt2.CpG",666,561,105,666
"5369","07_report/CpG_context_sampling_2020_369_trimmed_bismark_bt2.CpG",659,548,111,659
"5370","07_report/CpG_context_sampling_2020_370_trimmed_bismark_bt2.CpG",648,545,103,648
"5371","07_report/CpG_context_sampling_2020_371_trimmed_bismark_bt2.CpG",661,568,93,661
"5372","07_report/CpG_context_sampling_2020_372_trimmed_bismark_bt2.CpG",656,542,114,656
"5373","07_report/CpG_context_sampling_2020_373_trimmed_bismark_bt2.CpG",650,528,122,650
"5374","07_report/CpG_context_sampling_2020_374_trimmed_bismark_bt2.CpG",620,507,113,620
"5375","07_report/CpG_context_sampling_2020_375_trimmed_bismark_bt2.CpG",601,497,104,601
"5376","07_report/CpG_context_sampling_2020_376_trimmed_bismark_bt2.CpG",673,558,115,673
"5377","07_report/CpG_context_sampling_2020_377_trimmed_bismark_bt2.CpG",661,537,124,661
"5378","07_report/CpG_context_sampling_2020_378_trimmed_bismark_bt2.CpG",604,494,110,604
"5379","07_report/CpG_context_sampling_2020_379_trimmed_bismark_bt2.CpG",605,503,102,605
"5380","07_report/CpG_context_sampling_2020_380_trimmed_bismark_bt2.CpG",652,534,118,652
"5381","07_report/CpG_context_sampling_2020_381_trimmed_bismark_bt2.CpG",656,536,120,656
"5382","07_report/CpG_context_sampling_2020_382_trimmed_bismark_bt2.CpG",641,526,115,641
"5383","07_report/CpG_context_sampling_2020_383_trimmed_bismark_bt2.CpG",650,548,102,650
"5384","07_report/CpG_context_sampling_2020_384_trimmed_bismark_bt2.CpG",680,568,112,680
"5385","07_report/CpG_context_sampling_2020_385_trimmed_bismark_bt2.CpG",654,540,114,654
"5386","07_report/CpG_context_sampling_2020_386_trimmed_bismark_bt2.CpG",681,583,98,681
"5387","07_report/CpG_context_sampling_2020_387_trimmed_bismark_bt2.CpG",623,522,101,623
"5388","07_report/CpG_context_sampling_2020_388_trimmed_bismark_bt2.CpG",640,530,110,640
"5389","07_report/CpG_context_sampling_2020_389_trimmed_bismark_bt2.CpG",656,549,107,656
"5390","07_report/CpG_context_sampling_2020_390_trimmed_bismark_bt2.CpG",646,534,112,646
"5391","07_report/CpG_context_sampling_2020_391_trimmed_bismark_bt2.CpG",649,532,117,649
"5392","07_report/CpG_context_sampling_2020_392_trimmed_bismark_bt2.CpG",686,569,117,686
"5393","07_report/CpG_context_sampling_2020_393_trimmed_bismark_bt2.CpG",668,547,121,668
"5394","07_report/CpG_context_sampling_2020_394_trimmed_bismark_bt2.CpG",655,534,121,655
"5395","07_report/CpG_context_sampling_2020_395_trimmed_bismark_bt2.CpG",646,527,119,646
"5396","07_report/CpG_context_sampling_2020_396_trimmed_bismark_bt2.CpG",676,573,103,676
"5397","07_report/CpG_context_sampling_2020_397_trimmed_bismark_bt2.CpG",670,545,125,670
"5398","07_report/CpG_context_sampling_2020_398_trimmed_bismark_bt2.CpG",648,536,112,648
"5399","07_report/CpG_context_sampling_2020_399_trimmed_bismark_bt2.CpG",656,553,103,656
"5400","07_report/CpG_context_sampling_2020_400_trimmed_bismark_bt2.CpG",690,575,115,690
"5401","07_report/CpG_context_sampling_2020_401_trimmed_bismark_bt2.CpG",693,592,101,693
"5402","07_report/CpG_context_sampling_2020_402_trimmed_bismark_bt2.CpG",664,568,96,664
"5403","07_report/CpG_context_sampling_2020_403_trimmed_bismark_bt2.CpG",598,490,108,598
"5404","07_report/CpG_context_sampling_2020_404_trimmed_bismark_bt2.CpG",694,589,105,694
"5405","07_report/CpG_context_sampling_2020_405_trimmed_bismark_bt2.CpG",669,562,107,669
"5406","07_report/CpG_context_sampling_2020_406_trimmed_bismark_bt2.CpG",664,552,112,664
"5407","07_report/CpG_context_sampling_2020_407_trimmed_bismark_bt2.CpG",643,547,96,643
"5408","07_report/CpG_context_sampling_2020_408_trimmed_bismark_bt2.CpG",694,590,104,694
"5409","07_report/CpG_context_sampling_2020_409_trimmed_bismark_bt2.CpG",656,550,106,656
"5410","07_report/CpG_context_sampling_2020_410_trimmed_bismark_bt2.CpG",631,504,127,631
"5411","07_report/CpG_context_sampling_2020_411_trimmed_bismark_bt2.CpG",629,536,93,629
"5412","07_report/CpG_context_sampling_2020_412_trimmed_bismark_bt2.CpG",615,511,104,615
"5413","07_report/CpG_context_sampling_2020_413_trimmed_bismark_bt2.CpG",645,526,119,645
"5414","07_report/CpG_context_sampling_2020_414_trimmed_bismark_bt2.CpG",637,530,107,637
"5415","07_report/CpG_context_sampling_2020_415_trimmed_bismark_bt2.CpG",625,511,114,625
"5416","07_report/CpG_context_sampling_2020_416_trimmed_bismark_bt2.CpG",655,542,113,655
"5417","07_report/CpG_context_sampling_2020_417_trimmed_bismark_bt2.CpG",657,547,110,657
"5418","07_report/CpG_context_sampling_2020_418_trimmed_bismark_bt2.CpG",670,555,115,670
"5419","07_report/CpG_context_sampling_2020_419_trimmed_bismark_bt2.CpG",645,531,114,645
"5420","07_report/CpG_context_sampling_2020_420_trimmed_bismark_bt2.CpG",654,539,115,654
"5421","07_report/CpG_context_sampling_2020_421_trimmed_bismark_bt2.CpG",671,552,119,671
"5422","07_report/CpG_context_sampling_2020_422_trimmed_bismark_bt2.CpG",693,584,109,693
"5423","07_report/CpG_context_sampling_2020_423_trimmed_bismark_bt2.CpG",633,522,111,633
"5424","07_report/CpG_context_sampling_2020_424_trimmed_bismark_bt2.CpG",659,552,107,659
"5425","07_report/CpG_context_sampling_2020_425_trimmed_bismark_bt2.CpG",630,513,117,630
"5426","07_report/CpG_context_sampling_2020_426_trimmed_bismark_bt2.CpG",627,531,96,627
"5427","07_report/CpG_context_sampling_2020_427_trimmed_bismark_bt2.CpG",649,541,108,649
"5428","07_report/CpG_context_sampling_2020_428_trimmed_bismark_bt2.CpG",626,507,119,626
"5429","07_report/CpG_context_sampling_2020_429_trimmed_bismark_bt2.CpG",640,539,101,640
"5430","07_report/CpG_context_sampling_2020_430_trimmed_bismark_bt2.CpG",654,562,92,654
"5431","07_report/CpG_context_sampling_2020_431_trimmed_bismark_bt2.CpG",631,511,120,631
"5432","07_report/CpG_context_sampling_2020_432_trimmed_bismark_bt2.CpG",675,568,107,675
"5433","07_report/CpG_context_sampling_2020_433_trimmed_bismark_bt2.CpG",655,531,124,655
"5434","07_report/CpG_context_sampling_2020_434_trimmed_bismark_bt2.CpG",636,521,115,636
"5435","07_report/CpG_context_sampling_2020_435_trimmed_bismark_bt2.CpG",654,543,111,654
"5436","07_report/CpG_context_sampling_2020_436_trimmed_bismark_bt2.CpG",640,518,122,640
"5437","07_report/CpG_context_sampling_2020_437_trimmed_bismark_bt2.CpG",650,545,105,650
"5438","07_report/CpG_context_sampling_2020_438_trimmed_bismark_bt2.CpG",613,510,103,613
"5439","07_report/CpG_context_sampling_2020_439_trimmed_bismark_bt2.CpG",657,537,120,657
"5440","07_report/CpG_context_sampling_2020_440_trimmed_bismark_bt2.CpG",615,501,114,615
"5441","07_report/CpG_context_sampling_2020_441_trimmed_bismark_bt2.CpG",636,529,107,636
"5442","07_report/CpG_context_sampling_2020_442_trimmed_bismark_bt2.CpG",636,538,98,636
"5443","07_report/CpG_context_sampling_2020_443_trimmed_bismark_bt2.CpG",644,543,101,644
"5444","07_report/CpG_context_sampling_2020_444_trimmed_bismark_bt2.CpG",644,527,117,644
"5445","07_report/CpG_context_sampling_2020_445_trimmed_bismark_bt2.CpG",640,533,107,640
"5446","07_report/CpG_context_sampling_2020_446_trimmed_bismark_bt2.CpG",644,545,99,644
"5447","07_report/CpG_context_sampling_2020_447_trimmed_bismark_bt2.CpG",702,577,125,702
"5448","07_report/CpG_context_sampling_2020_448_trimmed_bismark_bt2.CpG",670,557,113,670
"5449","07_report/CpG_context_sampling_2020_449_trimmed_bismark_bt2.CpG",665,542,123,665
"5450","07_report/CpG_context_sampling_2020_450_trimmed_bismark_bt2.CpG",639,532,107,639
"5451","07_report/CpG_context_sampling_2020_451_trimmed_bismark_bt2.CpG",634,535,99,634
"5452","07_report/CpG_context_sampling_2020_452_trimmed_bismark_bt2.CpG",648,535,113,648
"5453","07_report/CpG_context_sampling_2020_453_trimmed_bismark_bt2.CpG",651,540,111,651
"5454","07_report/CpG_context_sampling_2020_454_trimmed_bismark_bt2.CpG",613,502,111,613
"5455","07_report/CpG_context_sampling_2020_455_trimmed_bismark_bt2.CpG",649,520,129,649
"5456","07_report/CpG_context_sampling_2020_456_trimmed_bismark_bt2.CpG",631,513,118,631
"5457","07_report/CpG_context_sampling_2020_457_trimmed_bismark_bt2.CpG",622,523,99,622
"5458","07_report/CpG_context_sampling_2020_458_trimmed_bismark_bt2.CpG",620,516,104,620
"5459","07_report/CpG_context_sampling_2020_459_trimmed_bismark_bt2.CpG",649,550,99,649
"5460","07_report/CpG_context_sampling_2020_460_trimmed_bismark_bt2.CpG",685,576,109,685
"5461","07_report/CpG_context_sampling_2020_461_trimmed_bismark_bt2.CpG",646,533,113,646
"5462","07_report/CpG_context_sampling_2020_462_trimmed_bismark_bt2.CpG",664,544,120,664
"5463","07_report/CpG_context_sampling_2020_463_trimmed_bismark_bt2.CpG",671,560,111,671
"5464","07_report/CpG_context_sampling_2020_464_trimmed_bismark_bt2.CpG",630,522,108,630
"5465","07_report/CpG_context_sampling_2020_465_trimmed_bismark_bt2.CpG",646,543,103,646
"5466","07_report/CpG_context_sampling_2020_466_trimmed_bismark_bt2.CpG",667,529,138,667
"5467","07_report/CpG_context_sampling_2020_467_trimmed_bismark_bt2.CpG",648,528,120,648
"5468","07_report/CpG_context_sampling_2020_468_trimmed_bismark_bt2.CpG",657,543,114,657
"5469","07_report/CpG_context_sampling_2020_469_trimmed_bismark_bt2.CpG",686,573,113,686
"5470","07_report/CpG_context_sampling_2020_470_trimmed_bismark_bt2.CpG",674,567,107,674
"5471","07_report/CpG_context_sampling_2020_471_trimmed_bismark_bt2.CpG",633,526,107,633
"5472","07_report/CpG_context_sampling_2020_472_trimmed_bismark_bt2.CpG",718,595,123,718
"5473","07_report/CpG_context_sampling_2020_473_trimmed_bismark_bt2.CpG",674,562,112,674
"5474","07_report/CpG_context_sampling_2020_474_trimmed_bismark_bt2.CpG",657,537,120,657
"5475","07_report/CpG_context_sampling_2020_475_trimmed_bismark_bt2.CpG",655,536,119,655
"5476","07_report/CpG_context_sampling_2020_476_trimmed_bismark_bt2.CpG",632,512,120,632
"5477","07_report/CpG_context_sampling_2020_477_trimmed_bismark_bt2.CpG",646,535,111,646
"5478","07_report/CpG_context_sampling_2020_478_trimmed_bismark_bt2.CpG",657,536,121,657
"5479","07_report/CpG_context_sampling_2020_479_trimmed_bismark_bt2.CpG",673,553,120,673
"5480","07_report/CpG_context_sampling_2020_480_trimmed_bismark_bt2.CpG",667,547,120,667
"5481","07_report/CpG_context_sampling_2020_481_trimmed_bismark_bt2.CpG",615,514,101,615
"5482","07_report/CpG_context_sampling_2020_482_trimmed_bismark_bt2.CpG",626,535,91,626
"5483","07_report/CpG_context_sampling_2020_483_trimmed_bismark_bt2.CpG",692,571,121,692
"5484","07_report/CpG_context_sampling_2020_484_trimmed_bismark_bt2.CpG",677,561,116,677
"5485","07_report/CpG_context_sampling_2020_485_trimmed_bismark_bt2.CpG",658,551,107,658
"5486","07_report/CpG_context_sampling_2020_486_trimmed_bismark_bt2.CpG",670,562,108,670
"5487","07_report/CpG_context_sampling_2020_487_trimmed_bismark_bt2.CpG",613,523,90,613
"5488","07_report/CpG_context_sampling_2020_488_trimmed_bismark_bt2.CpG",701,575,126,701
"5489","07_report/CpG_context_sampling_2020_489_trimmed_bismark_bt2.CpG",659,525,134,659
"5490","07_report/CpG_context_sampling_2020_490_trimmed_bismark_bt2.CpG",665,557,108,665
"5491","07_report/CpG_context_sampling_2020_491_trimmed_bismark_bt2.CpG",680,539,141,680
"5492","07_report/CpG_context_sampling_2020_492_trimmed_bismark_bt2.CpG",645,523,122,645
"5493","07_report/CpG_context_sampling_2020_493_trimmed_bismark_bt2.CpG",648,534,114,648
"5494","07_report/CpG_context_sampling_2020_494_trimmed_bismark_bt2.CpG",644,534,110,644
"5495","07_report/CpG_context_sampling_2020_495_trimmed_bismark_bt2.CpG",667,556,111,667
"5496","07_report/CpG_context_sampling_2020_496_trimmed_bismark_bt2.CpG",657,549,108,657
"5497","07_report/CpG_context_sampling_2020_497_trimmed_bismark_bt2.CpG",662,551,111,662
"5498","07_report/CpG_context_sampling_2020_498_trimmed_bismark_bt2.CpG",649,531,118,649
"5499","07_report/CpG_context_sampling_2020_499_trimmed_bismark_bt2.CpG",705,587,118,705
"5500","07_report/CpG_context_sampling_2020_500_trimmed_bismark_bt2.CpG",641,530,111,641
"5501","07_report/CpG_context_sampling_2020_501_trimmed_bismark_bt2.CpG",699,595,104,699
"5502","07_report/CpG_context_sampling_2020_502_trimmed_bismark_bt2.CpG",646,538,108,646
"5503","07_report/CpG_context_sampling_2020_503_trimmed_bismark_bt2.CpG",654,547,107,654
"5504","07_report/CpG_context_sampling_2020_504_trimmed_bismark_bt2.CpG",672,568,104,672
"5505","07_report/CpG_context_sampling_2020_505_trimmed_bismark_bt2.CpG",619,529,90,619
"5506","07_report/CpG_context_sampling_2020_506_trimmed_bismark_bt2.CpG",617,521,96,617
"5507","07_report/CpG_context_sampling_2020_507_trimmed_bismark_bt2.CpG",664,574,90,664
"5508","07_report/CpG_context_sampling_2020_508_trimmed_bismark_bt2.CpG",685,561,124,685
"5509","07_report/CpG_context_sampling_2020_509_trimmed_bismark_bt2.CpG",685,570,115,685
"5510","07_report/CpG_context_sampling_2020_510_trimmed_bismark_bt2.CpG",646,546,100,646
"5511","07_report/CpG_context_sampling_2020_511_trimmed_bismark_bt2.CpG",664,543,121,664
"5512","07_report/CpG_context_sampling_2020_512_trimmed_bismark_bt2.CpG",661,537,124,661
"5513","07_report/CpG_context_sampling_2020_513_trimmed_bismark_bt2.CpG",651,540,111,651
"5514","07_report/CpG_context_sampling_2020_514_trimmed_bismark_bt2.CpG",654,545,109,654
"5515","07_report/CpG_context_sampling_2020_515_trimmed_bismark_bt2.CpG",663,536,127,663
"5516","07_report/CpG_context_sampling_2020_516_trimmed_bismark_bt2.CpG",653,545,108,653
"5517","07_report/CpG_context_sampling_2020_517_trimmed_bismark_bt2.CpG",638,526,112,638
"5518","07_report/CpG_context_sampling_2020_518_trimmed_bismark_bt2.CpG",651,541,110,651
"5519","07_report/CpG_context_sampling_2020_519_trimmed_bismark_bt2.CpG",638,530,108,638
"5520","07_report/CpG_context_sampling_2020_520_trimmed_bismark_bt2.CpG",650,550,100,650
"5521","07_report/CpG_context_sampling_2020_521_trimmed_bismark_bt2.CpG",649,552,97,649
"5522","07_report/CpG_context_sampling_2020_522_trimmed_bismark_bt2.CpG",649,542,107,649
"5523","07_report/CpG_context_sampling_2020_523_trimmed_bismark_bt2.CpG",665,540,125,665
"5524","07_report/CpG_context_sampling_2020_524_trimmed_bismark_bt2.CpG",629,535,94,629
"5525","07_report/CpG_context_sampling_2020_525_trimmed_bismark_bt2.CpG",637,529,108,637
"5526","07_report/CpG_context_sampling_2020_526_trimmed_bismark_bt2.CpG",660,533,127,660
"5527","07_report/CpG_context_sampling_2020_527_trimmed_bismark_bt2.CpG",648,521,127,648
"5528","07_report/CpG_context_sampling_2020_528_trimmed_bismark_bt2.CpG",667,563,104,667
"5529","07_report/CpG_context_sampling_2020_529_trimmed_bismark_bt2.CpG",628,516,112,628
"5530","07_report/CpG_context_sampling_2020_530_trimmed_bismark_bt2.CpG",628,517,111,628
"5531","07_report/CpG_context_sampling_2020_531_trimmed_bismark_bt2.CpG",673,567,106,673
"5532","07_report/CpG_context_sampling_2020_532_trimmed_bismark_bt2.CpG",672,564,108,672
"5533","07_report/CpG_context_sampling_2020_533_trimmed_bismark_bt2.CpG",647,538,109,647
"5534","07_report/CpG_context_sampling_2020_534_trimmed_bismark_bt2.CpG",655,543,112,655
"5535","07_report/CpG_context_sampling_2020_535_trimmed_bismark_bt2.CpG",663,545,118,663
"5536","07_report/CpG_context_sampling_2020_536_trimmed_bismark_bt2.CpG",639,518,121,639
"5537","07_report/CpG_context_sampling_2020_537_trimmed_bismark_bt2.CpG",659,553,106,659
"5538","07_report/CpG_context_sampling_2020_538_trimmed_bismark_bt2.CpG",641,523,118,641
"5539","07_report/CpG_context_sampling_2020_539_trimmed_bismark_bt2.CpG",628,539,89,628
"5540","07_report/CpG_context_sampling_2020_540_trimmed_bismark_bt2.CpG",653,546,107,653
"5541","07_report/CpG_context_sampling_2020_541_trimmed_bismark_bt2.CpG",621,524,97,621
"5542","07_report/CpG_context_sampling_2020_542_trimmed_bismark_bt2.CpG",623,524,99,623
"5543","07_report/CpG_context_sampling_2020_543_trimmed_bismark_bt2.CpG",643,544,99,643
"5544","07_report/CpG_context_sampling_2020_544_trimmed_bismark_bt2.CpG",628,521,107,628
"5545","07_report/CpG_context_sampling_2020_545_trimmed_bismark_bt2.CpG",639,513,126,639
"5546","07_report/CpG_context_sampling_2020_546_trimmed_bismark_bt2.CpG",623,515,108,623
"5547","07_report/CpG_context_sampling_2020_547_trimmed_bismark_bt2.CpG",639,533,106,639
"5548","07_report/CpG_context_sampling_2020_548_trimmed_bismark_bt2.CpG",646,529,117,646
"5549","07_report/CpG_context_sampling_2020_549_trimmed_bismark_bt2.CpG",657,531,126,657
"5550","07_report/CpG_context_sampling_2020_550_trimmed_bismark_bt2.CpG",665,552,113,665
"5551","07_report/CpG_context_sampling_2020_551_trimmed_bismark_bt2.CpG",670,565,105,670
"5552","07_report/CpG_context_sampling_2020_552_trimmed_bismark_bt2.CpG",673,572,101,673
"5553","07_report/CpG_context_sampling_2020_553_trimmed_bismark_bt2.CpG",663,546,117,663
"5554","07_report/CpG_context_sampling_2020_554_trimmed_bismark_bt2.CpG",646,540,106,646
"5555","07_report/CpG_context_sampling_2020_555_trimmed_bismark_bt2.CpG",679,556,123,679
"5556","07_report/CpG_context_sampling_2020_556_trimmed_bismark_bt2.CpG",663,559,104,663
"5557","07_report/CpG_context_sampling_2020_557_trimmed_bismark_bt2.CpG",640,523,117,640
"5558","07_report/CpG_context_sampling_2020_558_trimmed_bismark_bt2.CpG",632,509,123,632
"5559","07_report/CpG_context_sampling_2020_559_trimmed_bismark_bt2.CpG",627,525,102,627
"5560","07_report/CpG_context_sampling_2020_560_trimmed_bismark_bt2.CpG",652,538,114,652
"5561","07_report/CpG_context_sampling_2020_561_trimmed_bismark_bt2.CpG",698,567,131,698
"5562","07_report/CpG_context_sampling_2020_562_trimmed_bismark_bt2.CpG",664,557,107,664
"5563","07_report/CpG_context_sampling_2020_563_trimmed_bismark_bt2.CpG",651,523,128,651
"5564","07_report/CpG_context_sampling_2020_564_trimmed_bismark_bt2.CpG",625,518,107,625
"5565","07_report/CpG_context_sampling_2020_565_trimmed_bismark_bt2.CpG",636,533,103,636
"5566","07_report/CpG_context_sampling_2020_566_trimmed_bismark_bt2.CpG",652,547,105,652
"5567","07_report/CpG_context_sampling_2020_567_trimmed_bismark_bt2.CpG",623,510,113,623
"5568","07_report/CpG_context_sampling_2020_568_trimmed_bismark_bt2.CpG",623,516,107,623
"5569","07_report/CpG_context_sampling_2020_569_trimmed_bismark_bt2.CpG",650,539,111,650
"5570","07_report/CpG_context_sampling_2020_570_trimmed_bismark_bt2.CpG",644,524,120,644
"5571","07_report/CpG_context_sampling_2020_571_trimmed_bismark_bt2.CpG",629,518,111,629
"5572","07_report/CpG_context_sampling_2020_572_trimmed_bismark_bt2.CpG",645,538,107,645
"5573","07_report/CpG_context_sampling_2020_573_trimmed_bismark_bt2.CpG",653,551,102,653
"5574","07_report/CpG_context_sampling_2020_574_trimmed_bismark_bt2.CpG",668,558,110,668
"5575","07_report/CpG_context_sampling_2020_575_trimmed_bismark_bt2.CpG",689,590,99,689
"5576","07_report/CpG_context_sampling_2020_576_trimmed_bismark_bt2.CpG",651,529,122,651
"5577","07_report/CpG_context_sampling_2020_577_trimmed_bismark_bt2.CpG",654,550,104,654
"5578","07_report/CpG_context_sampling_2020_578_trimmed_bismark_bt2.CpG",675,553,122,675
"5579","07_report/CpG_context_sampling_2020_579_trimmed_bismark_bt2.CpG",620,497,123,620
"5580","07_report/CpG_context_sampling_2020_580_trimmed_bismark_bt2.CpG",634,525,109,634
"5581","07_report/CpG_context_sampling_2020_581_trimmed_bismark_bt2.CpG",656,527,129,656
"5582","07_report/CpG_context_sampling_2020_582_trimmed_bismark_bt2.CpG",645,542,103,645
"5583","07_report/CpG_context_sampling_2020_583_trimmed_bismark_bt2.CpG",690,577,113,690
"5584","07_report/CpG_context_sampling_2020_584_trimmed_bismark_bt2.CpG",699,598,101,699
"5585","07_report/CpG_context_sampling_2020_585_trimmed_bismark_bt2.CpG",646,521,125,646
"5586","07_report/CpG_context_sampling_2020_586_trimmed_bismark_bt2.CpG",650,535,115,650
"5587","07_report/CpG_context_sampling_2020_587_trimmed_bismark_bt2.CpG",656,550,106,656
"5588","07_report/CpG_context_sampling_2020_588_trimmed_bismark_bt2.CpG",621,515,106,621
"5589","07_report/CpG_context_sampling_2020_589_trimmed_bismark_bt2.CpG",682,559,123,682
"5590","07_report/CpG_context_sampling_2020_590_trimmed_bismark_bt2.CpG",635,512,123,635
"5591","07_report/CpG_context_sampling_2020_591_trimmed_bismark_bt2.CpG",633,532,101,633
"5592","07_report/CpG_context_sampling_2020_592_trimmed_bismark_bt2.CpG",682,569,113,682
"5593","07_report/CpG_context_sampling_2020_593_trimmed_bismark_bt2.CpG",624,521,103,624
"5594","07_report/CpG_context_sampling_2020_594_trimmed_bismark_bt2.CpG",675,540,135,675
"5595","07_report/CpG_context_sampling_2020_595_trimmed_bismark_bt2.CpG",639,548,91,639
"5596","07_report/CpG_context_sampling_2020_596_trimmed_bismark_bt2.CpG",643,521,122,643
"5597","07_report/CpG_context_sampling_2020_597_trimmed_bismark_bt2.CpG",640,523,117,640
"5598","07_report/CpG_context_sampling_2020_598_trimmed_bismark_bt2.CpG",650,544,106,650
"5599","07_report/CpG_context_sampling_2020_599_trimmed_bismark_bt2.CpG",672,564,108,672
"5600","07_report/CpG_context_sampling_2020_600_trimmed_bismark_bt2.CpG",674,556,118,674
"5601","07_report/CpG_context_sampling_2020_601_trimmed_bismark_bt2.CpG",662,553,109,662
"5602","07_report/CpG_context_sampling_2020_602_trimmed_bismark_bt2.CpG",651,540,111,651
"5603","07_report/CpG_context_sampling_2020_603_trimmed_bismark_bt2.CpG",621,522,99,621
"5604","07_report/CpG_context_sampling_2020_604_trimmed_bismark_bt2.CpG",663,559,104,663
"5605","07_report/CpG_context_sampling_2020_605_trimmed_bismark_bt2.CpG",698,579,119,698
"5606","07_report/CpG_context_sampling_2020_606_trimmed_bismark_bt2.CpG",657,543,114,657
"5607","07_report/CpG_context_sampling_2020_607_trimmed_bismark_bt2.CpG",622,511,111,622
"5608","07_report/CpG_context_sampling_2020_608_trimmed_bismark_bt2.CpG",669,566,103,669
"5609","07_report/CpG_context_sampling_2020_609_trimmed_bismark_bt2.CpG",655,557,98,655
"5610","07_report/CpG_context_sampling_2020_610_trimmed_bismark_bt2.CpG",668,545,123,668
"5611","07_report/CpG_context_sampling_2020_611_trimmed_bismark_bt2.CpG",676,579,97,676
"5612","07_report/CpG_context_sampling_2020_612_trimmed_bismark_bt2.CpG",626,537,89,626
"5613","07_report/CpG_context_sampling_2020_613_trimmed_bismark_bt2.CpG",639,547,92,639
"5614","07_report/CpG_context_sampling_2020_614_trimmed_bismark_bt2.CpG",627,524,103,627
"5615","07_report/CpG_context_sampling_2020_615_trimmed_bismark_bt2.CpG",692,564,128,692
"5616","07_report/CpG_context_sampling_2020_616_trimmed_bismark_bt2.CpG",619,518,101,619
"5617","07_report/CpG_context_sampling_2020_617_trimmed_bismark_bt2.CpG",632,515,117,632
"5618","07_report/CpG_context_sampling_2020_618_trimmed_bismark_bt2.CpG",643,512,131,643
"5619","07_report/CpG_context_sampling_2020_619_trimmed_bismark_bt2.CpG",625,532,93,625
"5620","07_report/CpG_context_sampling_2020_620_trimmed_bismark_bt2.CpG",668,545,123,668
"5621","07_report/CpG_context_sampling_2020_621_trimmed_bismark_bt2.CpG",641,525,116,641
"5622","07_report/CpG_context_sampling_2020_622_trimmed_bismark_bt2.CpG",655,540,115,655
"5623","07_report/CpG_context_sampling_2020_623_trimmed_bismark_bt2.CpG",620,498,122,620
"5624","07_report/CpG_context_sampling_2020_624_trimmed_bismark_bt2.CpG",689,571,118,689
"5625","07_report/CpG_context_sampling_2020_625_trimmed_bismark_bt2.CpG",613,530,83,613
"5626","07_report/CpG_context_sampling_2020_626_trimmed_bismark_bt2.CpG",628,531,97,628
"5627","07_report/CpG_context_sampling_2020_627_trimmed_bismark_bt2.CpG",666,568,98,666
"5628","07_report/CpG_context_sampling_2020_628_trimmed_bismark_bt2.CpG",636,545,91,636
"5629","07_report/CpG_context_sampling_2020_629_trimmed_bismark_bt2.CpG",693,557,136,693
"5630","07_report/CpG_context_sampling_2020_630_trimmed_bismark_bt2.CpG",667,567,100,667
"5631","07_report/CpG_context_sampling_2020_631_trimmed_bismark_bt2.CpG",639,528,111,639
"5632","07_report/CpG_context_sampling_2020_632_trimmed_bismark_bt2.CpG",661,559,102,661
"5633","07_report/CpG_context_sampling_2020_633_trimmed_bismark_bt2.CpG",653,553,100,653
"5634","07_report/CpG_context_sampling_2020_634_trimmed_bismark_bt2.CpG",681,542,139,681
"5635","07_report/CpG_context_sampling_2020_635_trimmed_bismark_bt2.CpG",633,522,111,633
"5636","07_report/CpG_context_sampling_2020_636_trimmed_bismark_bt2.CpG",674,552,122,674
"5637","07_report/CpG_context_sampling_2020_637_trimmed_bismark_bt2.CpG",658,546,112,658
"5638","07_report/CpG_context_sampling_2020_638_trimmed_bismark_bt2.CpG",718,606,112,718
"5639","07_report/CpG_context_sampling_2020_639_trimmed_bismark_bt2.CpG",654,546,108,654
"5640","07_report/CpG_context_sampling_2020_640_trimmed_bismark_bt2.CpG",684,557,127,684
"5641","07_report/CpG_context_sampling_2020_641_trimmed_bismark_bt2.CpG",668,552,116,668
"5642","07_report/CpG_context_sampling_2020_642_trimmed_bismark_bt2.CpG",669,550,119,669
"5643","07_report/CpG_context_sampling_2020_643_trimmed_bismark_bt2.CpG",654,538,116,654
"5644","07_report/CpG_context_sampling_2020_644_trimmed_bismark_bt2.CpG",641,533,108,641
"5645","07_report/CpG_context_sampling_2020_645_trimmed_bismark_bt2.CpG",670,552,118,670
"5646","07_report/CpG_context_sampling_2020_646_trimmed_bismark_bt2.CpG",690,548,142,690
"5647","07_report/CpG_context_sampling_2020_647_trimmed_bismark_bt2.CpG",664,572,92,664
"5648","07_report/CpG_context_sampling_2020_648_trimmed_bismark_bt2.CpG",628,526,102,628
"5649","07_report/CpG_context_sampling_2020_649_trimmed_bismark_bt2.CpG",635,510,125,635
"5650","07_report/CpG_context_sampling_2020_650_trimmed_bismark_bt2.CpG",651,534,117,651
"5651","07_report/CpG_context_sampling_2020_651_trimmed_bismark_bt2.CpG",675,573,102,675
"5652","07_report/CpG_context_sampling_2020_652_trimmed_bismark_bt2.CpG",637,532,105,637
"5653","07_report/CpG_context_sampling_2020_653_trimmed_bismark_bt2.CpG",631,522,109,631
"5654","07_report/CpG_context_sampling_2020_654_trimmed_bismark_bt2.CpG",655,557,98,655
"5655","07_report/CpG_context_sampling_2020_655_trimmed_bismark_bt2.CpG",679,563,116,679
"5656","07_report/CpG_context_sampling_2020_656_trimmed_bismark_bt2.CpG",661,554,107,661
"5657","07_report/CpG_context_sampling_2020_657_trimmed_bismark_bt2.CpG",588,488,100,588
"5658","07_report/CpG_context_sampling_2020_658_trimmed_bismark_bt2.CpG",677,554,123,677
"5659","07_report/CpG_context_sampling_2020_659_trimmed_bismark_bt2.CpG",668,554,114,668
"5660","07_report/CpG_context_sampling_2020_660_trimmed_bismark_bt2.CpG",651,531,120,651
"5661","07_report/CpG_context_sampling_2020_661_trimmed_bismark_bt2.CpG",682,559,123,682
"5662","07_report/CpG_context_sampling_2020_662_trimmed_bismark_bt2.CpG",661,534,127,661
"5663","07_report/CpG_context_sampling_2020_663_trimmed_bismark_bt2.CpG",662,548,114,662
"5664","07_report/CpG_context_sampling_2020_664_trimmed_bismark_bt2.CpG",640,542,98,640
"5665","07_report/CpG_context_sampling_2020_665_trimmed_bismark_bt2.CpG",675,564,111,675
"5666","07_report/CpG_context_sampling_2020_666_trimmed_bismark_bt2.CpG",608,490,118,608
"5667","07_report/CpG_context_sampling_2020_667_trimmed_bismark_bt2.CpG",639,533,106,639
"5668","07_report/CpG_context_sampling_2020_668_trimmed_bismark_bt2.CpG",693,565,128,693
"5669","07_report/CpG_context_sampling_2020_669_trimmed_bismark_bt2.CpG",616,515,101,616
"5670","07_report/CpG_context_sampling_2020_670_trimmed_bismark_bt2.CpG",645,536,109,645
"5671","07_report/CpG_context_sampling_2020_671_trimmed_bismark_bt2.CpG",686,581,105,686
"5672","07_report/CpG_context_sampling_2020_672_trimmed_bismark_bt2.CpG",671,564,107,671
"5673","07_report/CpG_context_sampling_2020_673_trimmed_bismark_bt2.CpG",654,532,122,654
"5674","07_report/CpG_context_sampling_2020_674_trimmed_bismark_bt2.CpG",630,511,119,630
"5675","07_report/CpG_context_sampling_2020_675_trimmed_bismark_bt2.CpG",666,553,113,666
"5676","07_report/CpG_context_sampling_2020_676_trimmed_bismark_bt2.CpG",683,578,105,683
"5677","07_report/CpG_context_sampling_2020_677_trimmed_bismark_bt2.CpG",634,519,115,634
"5678","07_report/CpG_context_sampling_2020_678_trimmed_bismark_bt2.CpG",675,556,119,675
"5679","07_report/CpG_context_sampling_2020_679_trimmed_bismark_bt2.CpG",660,556,104,660
"5680","07_report/CpG_context_sampling_2020_680_trimmed_bismark_bt2.CpG",638,540,98,638
"5681","07_report/CpG_context_sampling_2020_681_trimmed_bismark_bt2.CpG",647,555,92,647
"5682","07_report/CpG_context_sampling_2020_682_trimmed_bismark_bt2.CpG",631,515,116,631
"5683","07_report/CpG_context_sampling_2020_683_trimmed_bismark_bt2.CpG",680,568,112,680
"5684","07_report/CpG_context_sampling_2020_684_trimmed_bismark_bt2.CpG",645,533,112,645
"5685","07_report/CpG_context_sampling_2020_685_trimmed_bismark_bt2.CpG",639,519,120,639
"5686","07_report/CpG_context_sampling_2020_686_trimmed_bismark_bt2.CpG",669,561,108,669
"5687","07_report/CpG_context_sampling_2020_687_trimmed_bismark_bt2.CpG",669,553,116,669
"5688","07_report/CpG_context_sampling_2020_688_trimmed_bismark_bt2.CpG",681,560,121,681
"5689","07_report/CpG_context_sampling_2020_689_trimmed_bismark_bt2.CpG",658,543,115,658
"5690","07_report/CpG_context_sampling_2020_690_trimmed_bismark_bt2.CpG",647,515,132,647
"5691","07_report/CpG_context_sampling_2020_691_trimmed_bismark_bt2.CpG",654,546,108,654
"5692","07_report/CpG_context_sampling_2020_692_trimmed_bismark_bt2.CpG",686,572,114,686
"5693","07_report/CpG_context_sampling_2020_693_trimmed_bismark_bt2.CpG",652,543,109,652
"5694","07_report/CpG_context_sampling_2020_694_trimmed_bismark_bt2.CpG",664,546,118,664
"5695","07_report/CpG_context_sampling_2020_695_trimmed_bismark_bt2.CpG",647,544,103,647
"5696","07_report/CpG_context_sampling_2020_696_trimmed_bismark_bt2.CpG",667,567,100,667
"5697","07_report/CpG_context_sampling_2020_697_trimmed_bismark_bt2.CpG",667,560,107,667
"5698","07_report/CpG_context_sampling_2020_698_trimmed_bismark_bt2.CpG",640,537,103,640
"5699","07_report/CpG_context_sampling_2020_699_trimmed_bismark_bt2.CpG",653,547,106,653
"5700","07_report/CpG_context_sampling_2020_700_trimmed_bismark_bt2.CpG",678,546,132,678
"5701","07_report/CpG_context_sampling_2020_701_trimmed_bismark_bt2.CpG",651,537,114,651
"5702","07_report/CpG_context_sampling_2020_702_trimmed_bismark_bt2.CpG",625,530,95,625
"5703","07_report/CpG_context_sampling_2020_703_trimmed_bismark_bt2.CpG",672,555,117,672
"5704","07_report/CpG_context_sampling_2020_704_trimmed_bismark_bt2.CpG",633,540,93,633
"5705","07_report/CpG_context_sampling_2020_705_trimmed_bismark_bt2.CpG",628,526,102,628
"5706","07_report/CpG_context_sampling_2020_706_trimmed_bismark_bt2.CpG",644,539,105,644
"5707","07_report/CpG_context_sampling_2020_707_trimmed_bismark_bt2.CpG",674,567,107,674
"5708","07_report/CpG_context_sampling_2020_708_trimmed_bismark_bt2.CpG",663,538,125,663
"5709","07_report/CpG_context_sampling_2020_709_trimmed_bismark_bt2.CpG",664,555,109,664
"5710","07_report/CpG_context_sampling_2020_710_trimmed_bismark_bt2.CpG",641,550,91,641
"5711","07_report/CpG_context_sampling_2020_711_trimmed_bismark_bt2.CpG",666,551,115,666
"5712","07_report/CpG_context_sampling_2020_712_trimmed_bismark_bt2.CpG",657,547,110,657
"5713","07_report/CpG_context_sampling_2020_713_trimmed_bismark_bt2.CpG",681,568,113,681
"5714","07_report/CpG_context_sampling_2020_714_trimmed_bismark_bt2.CpG",668,533,135,668
"5715","07_report/CpG_context_sampling_2020_715_trimmed_bismark_bt2.CpG",632,535,97,632
"5716","07_report/CpG_context_sampling_2020_716_trimmed_bismark_bt2.CpG",666,551,115,666
"5717","07_report/CpG_context_sampling_2020_717_trimmed_bismark_bt2.CpG",679,592,87,679
"5718","07_report/CpG_context_sampling_2020_718_trimmed_bismark_bt2.CpG",691,571,120,691
"5719","07_report/CpG_context_sampling_2020_719_trimmed_bismark_bt2.CpG",653,531,122,653
"5720","07_report/CpG_context_sampling_2020_720_trimmed_bismark_bt2.CpG",662,556,106,662
"5721","07_report/CpG_context_sampling_2020_721_trimmed_bismark_bt2.CpG",644,538,106,644
"5722","07_report/CpG_context_sampling_2020_722_trimmed_bismark_bt2.CpG",635,515,120,635
"5723","07_report/CpG_context_sampling_2020_723_trimmed_bismark_bt2.CpG",634,521,113,634
"5724","07_report/CpG_context_sampling_2020_724_trimmed_bismark_bt2.CpG",675,572,103,675
"5725","07_report/CpG_context_sampling_2020_725_trimmed_bismark_bt2.CpG",661,556,105,661
"5726","07_report/CpG_context_sampling_2020_726_trimmed_bismark_bt2.CpG",656,547,109,656
"5727","07_report/CpG_context_sampling_2020_727_trimmed_bismark_bt2.CpG",627,510,117,627
"5728","07_report/CpG_context_sampling_2020_728_trimmed_bismark_bt2.CpG",633,521,112,633
"5729","07_report/CpG_context_sampling_2020_729_trimmed_bismark_bt2.CpG",688,567,121,688
"5730","07_report/CpG_context_sampling_2020_730_trimmed_bismark_bt2.CpG",662,564,98,662
"5731","07_report/CpG_context_sampling_2020_731_trimmed_bismark_bt2.CpG",617,523,94,617
"5732","07_report/CpG_context_sampling_2020_732_trimmed_bismark_bt2.CpG",650,547,103,650
"5733","07_report/CpG_context_sampling_2020_733_trimmed_bismark_bt2.CpG",643,526,117,643
"5734","07_report/CpG_context_sampling_2020_734_trimmed_bismark_bt2.CpG",673,549,124,673
"5735","07_report/CpG_context_sampling_2020_735_trimmed_bismark_bt2.CpG",611,495,116,611
"5736","07_report/CpG_context_sampling_2020_736_trimmed_bismark_bt2.CpG",670,565,105,670
"5737","07_report/CpG_context_sampling_2020_737_trimmed_bismark_bt2.CpG",677,549,128,677
"5738","07_report/CpG_context_sampling_2020_738_trimmed_bismark_bt2.CpG",648,542,106,648
"5739","07_report/CpG_context_sampling_2020_739_trimmed_bismark_bt2.CpG",645,534,111,645
"5740","07_report/CpG_context_sampling_2020_740_trimmed_bismark_bt2.CpG",640,543,97,640
"5741","07_report/CpG_context_sampling_2020_741_trimmed_bismark_bt2.CpG",665,545,120,665
"5742","07_report/CpG_context_sampling_2020_742_trimmed_bismark_bt2.CpG",640,552,88,640
"5743","07_report/CpG_context_sampling_2020_743_trimmed_bismark_bt2.CpG",672,560,112,672
"5744","07_report/CpG_context_sampling_2020_744_trimmed_bismark_bt2.CpG",611,502,109,611
"5745","07_report/CpG_context_sampling_2020_745_trimmed_bismark_bt2.CpG",687,563,124,687
"5746","07_report/CpG_context_sampling_2020_746_trimmed_bismark_bt2.CpG",685,574,111,685
"5747","07_report/CpG_context_sampling_2020_747_trimmed_bismark_bt2.CpG",655,544,111,655
"5748","07_report/CpG_context_sampling_2020_748_trimmed_bismark_bt2.CpG",644,548,96,644
"5749","07_report/CpG_context_sampling_2020_749_trimmed_bismark_bt2.CpG",636,522,114,636
"5750","07_report/CpG_context_sampling_2020_750_trimmed_bismark_bt2.CpG",627,527,100,627
"5751","07_report/CpG_context_sampling_2020_751_trimmed_bismark_bt2.CpG",639,542,97,639
"5752","07_report/CpG_context_sampling_2020_752_trimmed_bismark_bt2.CpG",622,521,101,622
"5753","07_report/CpG_context_sampling_2020_753_trimmed_bismark_bt2.CpG",649,543,106,649
"5754","07_report/CpG_context_sampling_2020_754_trimmed_bismark_bt2.CpG",650,532,118,650
"5755","07_report/CpG_context_sampling_2020_755_trimmed_bismark_bt2.CpG",644,530,114,644
"5756","07_report/CpG_context_sampling_2020_756_trimmed_bismark_bt2.CpG",678,550,128,678
"5757","07_report/CpG_context_sampling_2020_757_trimmed_bismark_bt2.CpG",639,536,103,639
"5758","07_report/CpG_context_sampling_2020_758_trimmed_bismark_bt2.CpG",653,559,94,653
"5759","07_report/CpG_context_sampling_2020_759_trimmed_bismark_bt2.CpG",634,529,105,634
"5760","07_report/CpG_context_sampling_2020_760_trimmed_bismark_bt2.CpG",638,522,116,638
"5761","07_report/CpG_context_sampling_2020_761_trimmed_bismark_bt2.CpG",677,570,107,677
"5762","07_report/CpG_context_sampling_2020_762_trimmed_bismark_bt2.CpG",651,544,107,651
"5763","07_report/CpG_context_sampling_2020_763_trimmed_bismark_bt2.CpG",656,550,106,656
"5764","07_report/CpG_context_sampling_2020_764_trimmed_bismark_bt2.CpG",616,526,90,616
"5765","07_report/CpG_context_sampling_2020_765_trimmed_bismark_bt2.CpG",653,548,105,653
"5766","07_report/CpG_context_sampling_2020_766_trimmed_bismark_bt2.CpG",656,557,99,656
"5767","07_report/CpG_context_sampling_2020_767_trimmed_bismark_bt2.CpG",677,548,129,677
"5768","07_report/CpG_context_sampling_2020_768_trimmed_bismark_bt2.CpG",649,540,109,649
"5769","07_report/CpG_context_sampling_2020_769_trimmed_bismark_bt2.CpG",639,535,104,639
"5770","07_report/CpG_context_sampling_2020_770_trimmed_bismark_bt2.CpG",617,509,108,617
"5771","07_report/CpG_context_sampling_2020_771_trimmed_bismark_bt2.CpG",625,529,96,625
"5772","07_report/CpG_context_sampling_2020_772_trimmed_bismark_bt2.CpG",679,575,104,679
"5773","07_report/CpG_context_sampling_2020_773_trimmed_bismark_bt2.CpG",663,542,121,663
"5774","07_report/CpG_context_sampling_2020_774_trimmed_bismark_bt2.CpG",695,573,122,695
"5775","07_report/CpG_context_sampling_2020_775_trimmed_bismark_bt2.CpG",662,571,91,662
"5776","07_report/CpG_context_sampling_2020_776_trimmed_bismark_bt2.CpG",651,560,91,651
"5777","07_report/CpG_context_sampling_2020_777_trimmed_bismark_bt2.CpG",621,515,106,621
"5778","07_report/CpG_context_sampling_2020_778_trimmed_bismark_bt2.CpG",614,519,95,614
"5779","07_report/CpG_context_sampling_2020_779_trimmed_bismark_bt2.CpG",664,551,113,664
"5780","07_report/CpG_context_sampling_2020_780_trimmed_bismark_bt2.CpG",641,542,99,641
"5781","07_report/CpG_context_sampling_2020_781_trimmed_bismark_bt2.CpG",666,547,119,666
"5782","07_report/CpG_context_sampling_2020_782_trimmed_bismark_bt2.CpG",639,538,101,639
"5783","07_report/CpG_context_sampling_2020_783_trimmed_bismark_bt2.CpG",647,541,106,647
"5784","07_report/CpG_context_sampling_2020_784_trimmed_bismark_bt2.CpG",619,518,101,619
"5785","07_report/CpG_context_sampling_2020_785_trimmed_bismark_bt2.CpG",688,563,125,688
"5786","07_report/CpG_context_sampling_2020_786_trimmed_bismark_bt2.CpG",647,530,117,647
"5787","07_report/CpG_context_sampling_2020_787_trimmed_bismark_bt2.CpG",674,563,111,674
"5788","07_report/CpG_context_sampling_2020_788_trimmed_bismark_bt2.CpG",652,558,94,652
"5789","07_report/CpG_context_sampling_2020_789_trimmed_bismark_bt2.CpG",665,550,115,665
"5790","07_report/CpG_context_sampling_2020_790_trimmed_bismark_bt2.CpG",694,580,114,694
"5791","07_report/CpG_context_sampling_2020_791_trimmed_bismark_bt2.CpG",648,538,110,648
"5792","07_report/CpG_context_sampling_2020_792_trimmed_bismark_bt2.CpG",607,501,106,607
"5793","07_report/CpG_context_sampling_2020_793_trimmed_bismark_bt2.CpG",646,543,103,646
"5794","07_report/CpG_context_sampling_2020_794_trimmed_bismark_bt2.CpG",653,549,104,653
"5795","07_report/CpG_context_sampling_2020_795_trimmed_bismark_bt2.CpG",630,544,86,630
"5796","07_report/CpG_context_sampling_2020_796_trimmed_bismark_bt2.CpG",629,532,97,629
"5797","07_report/CpG_context_sampling_2020_797_trimmed_bismark_bt2.CpG",636,517,119,636
"5798","07_report/CpG_context_sampling_2020_798_trimmed_bismark_bt2.CpG",648,540,108,648
"5799","07_report/CpG_context_sampling_2020_799_trimmed_bismark_bt2.CpG",655,546,109,655
"5800","07_report/CpG_context_sampling_2020_800_trimmed_bismark_bt2.CpG",662,558,104,662
"5801","07_report/CpG_context_sampling_2020_801_trimmed_bismark_bt2.CpG",649,540,109,649
"5802","07_report/CpG_context_sampling_2020_802_trimmed_bismark_bt2.CpG",654,545,109,654
"5803","07_report/CpG_context_sampling_2020_803_trimmed_bismark_bt2.CpG",644,525,119,644
"5804","07_report/CpG_context_sampling_2020_804_trimmed_bismark_bt2.CpG",685,578,107,685
"5805","07_report/CpG_context_sampling_2020_805_trimmed_bismark_bt2.CpG",648,529,119,648
"5806","07_report/CpG_context_sampling_2020_806_trimmed_bismark_bt2.CpG",665,544,121,665
"5807","07_report/CpG_context_sampling_2020_807_trimmed_bismark_bt2.CpG",683,566,117,683
"5808","07_report/CpG_context_sampling_2020_808_trimmed_bismark_bt2.CpG",617,516,101,617
"5809","07_report/CpG_context_sampling_2020_809_trimmed_bismark_bt2.CpG",627,519,108,627
"5810","07_report/CpG_context_sampling_2020_810_trimmed_bismark_bt2.CpG",647,551,96,647
"5811","07_report/CpG_context_sampling_2020_811_trimmed_bismark_bt2.CpG",658,550,108,658
"5812","07_report/CpG_context_sampling_2020_812_trimmed_bismark_bt2.CpG",667,549,118,667
"5813","07_report/CpG_context_sampling_2020_813_trimmed_bismark_bt2.CpG",634,526,108,634
"5814","07_report/CpG_context_sampling_2020_814_trimmed_bismark_bt2.CpG",641,537,104,641
"5815","07_report/CpG_context_sampling_2020_815_trimmed_bismark_bt2.CpG",640,534,106,640
"5816","07_report/CpG_context_sampling_2020_816_trimmed_bismark_bt2.CpG",598,500,98,598
"5817","07_report/CpG_context_sampling_2020_817_trimmed_bismark_bt2.CpG",643,528,115,643
"5818","07_report/CpG_context_sampling_2020_818_trimmed_bismark_bt2.CpG",645,543,102,645
"5819","07_report/CpG_context_sampling_2020_819_trimmed_bismark_bt2.CpG",654,552,102,654
"5820","07_report/CpG_context_sampling_2020_820_trimmed_bismark_bt2.CpG",677,560,117,677
"5821","07_report/CpG_context_sampling_2020_821_trimmed_bismark_bt2.CpG",673,553,120,673
"5822","07_report/CpG_context_sampling_2020_822_trimmed_bismark_bt2.CpG",682,586,96,682
"5823","07_report/CpG_context_sampling_2020_823_trimmed_bismark_bt2.CpG",651,541,110,651
"5824","07_report/CpG_context_sampling_2020_824_trimmed_bismark_bt2.CpG",628,535,93,628
"5825","07_report/CpG_context_sampling_2020_825_trimmed_bismark_bt2.CpG",645,542,103,645
"5826","07_report/CpG_context_sampling_2020_826_trimmed_bismark_bt2.CpG",689,590,99,689
"5827","07_report/CpG_context_sampling_2020_827_trimmed_bismark_bt2.CpG",664,551,113,664
"5828","07_report/CpG_context_sampling_2020_828_trimmed_bismark_bt2.CpG",670,541,129,670
"5829","07_report/CpG_context_sampling_2020_829_trimmed_bismark_bt2.CpG",667,548,119,667
"5830","07_report/CpG_context_sampling_2020_830_trimmed_bismark_bt2.CpG",628,506,122,628
"5831","07_report/CpG_context_sampling_2020_831_trimmed_bismark_bt2.CpG",655,546,109,655
"5832","07_report/CpG_context_sampling_2020_832_trimmed_bismark_bt2.CpG",633,515,118,633
"5833","07_report/CpG_context_sampling_2020_833_trimmed_bismark_bt2.CpG",630,516,114,630
"5834","07_report/CpG_context_sampling_2020_834_trimmed_bismark_bt2.CpG",678,570,108,678
"5835","07_report/CpG_context_sampling_2020_835_trimmed_bismark_bt2.CpG",632,523,109,632
"5836","07_report/CpG_context_sampling_2020_836_trimmed_bismark_bt2.CpG",649,518,131,649
"5837","07_report/CpG_context_sampling_2020_837_trimmed_bismark_bt2.CpG",660,550,110,660
"5838","07_report/CpG_context_sampling_2020_838_trimmed_bismark_bt2.CpG",652,529,123,652
"5839","07_report/CpG_context_sampling_2020_839_trimmed_bismark_bt2.CpG",618,521,97,618
"5840","07_report/CpG_context_sampling_2020_840_trimmed_bismark_bt2.CpG",609,509,100,609
"5841","07_report/CpG_context_sampling_2020_841_trimmed_bismark_bt2.CpG",637,525,112,637
"5842","07_report/CpG_context_sampling_2020_842_trimmed_bismark_bt2.CpG",675,558,117,675
"5843","07_report/CpG_context_sampling_2020_843_trimmed_bismark_bt2.CpG",676,556,120,676
"5844","07_report/CpG_context_sampling_2020_844_trimmed_bismark_bt2.CpG",665,555,110,665
"5845","07_report/CpG_context_sampling_2020_845_trimmed_bismark_bt2.CpG",653,553,100,653
"5846","07_report/CpG_context_sampling_2020_846_trimmed_bismark_bt2.CpG",632,517,115,632
"5847","07_report/CpG_context_sampling_2020_847_trimmed_bismark_bt2.CpG",638,551,87,638
"5848","07_report/CpG_context_sampling_2020_848_trimmed_bismark_bt2.CpG",677,562,115,677
"5849","07_report/CpG_context_sampling_2020_849_trimmed_bismark_bt2.CpG",655,528,127,655
"5850","07_report/CpG_context_sampling_2020_850_trimmed_bismark_bt2.CpG",615,503,112,615
"5851","07_report/CpG_context_sampling_2020_851_trimmed_bismark_bt2.CpG",660,548,112,660
"5852","07_report/CpG_context_sampling_2020_852_trimmed_bismark_bt2.CpG",636,533,103,636
"5853","07_report/CpG_context_sampling_2020_853_trimmed_bismark_bt2.CpG",644,536,108,644
"5854","07_report/CpG_context_sampling_2020_854_trimmed_bismark_bt2.CpG",653,543,110,653
"5855","07_report/CpG_context_sampling_2020_855_trimmed_bismark_bt2.CpG",645,543,102,645
"5856","07_report/CpG_context_sampling_2020_856_trimmed_bismark_bt2.CpG",645,553,92,645
"5857","07_report/CpG_context_sampling_2020_857_trimmed_bismark_bt2.CpG",646,535,111,646
"5858","07_report/CpG_context_sampling_2020_858_trimmed_bismark_bt2.CpG",706,592,114,706
"5859","07_report/CpG_context_sampling_2020_859_trimmed_bismark_bt2.CpG",689,580,109,689
"5860","07_report/CpG_context_sampling_2020_860_trimmed_bismark_bt2.CpG",657,562,95,657
"5861","07_report/CpG_context_sampling_2020_861_trimmed_bismark_bt2.CpG",635,527,108,635
"5862","07_report/CpG_context_sampling_2020_862_trimmed_bismark_bt2.CpG",656,549,107,656
"5863","07_report/CpG_context_sampling_2020_863_trimmed_bismark_bt2.CpG",637,534,103,637
"5864","07_report/CpG_context_sampling_2020_864_trimmed_bismark_bt2.CpG",670,554,116,670
"5865","07_report/CpG_context_sampling_2020_865_trimmed_bismark_bt2.CpG",656,533,123,656
"5866","07_report/CpG_context_sampling_2020_866_trimmed_bismark_bt2.CpG",672,555,117,672
"5867","07_report/CpG_context_sampling_2020_867_trimmed_bismark_bt2.CpG",667,544,123,667
"5868","07_report/CpG_context_sampling_2020_868_trimmed_bismark_bt2.CpG",642,543,99,642
"5869","07_report/CpG_context_sampling_2020_869_trimmed_bismark_bt2.CpG",680,563,117,680
"5870","07_report/CpG_context_sampling_2020_870_trimmed_bismark_bt2.CpG",661,544,117,661
"5871","07_report/CpG_context_sampling_2020_871_trimmed_bismark_bt2.CpG",642,524,118,642
"5872","07_report/CpG_context_sampling_2020_872_trimmed_bismark_bt2.CpG",670,555,115,670
"5873","07_report/CpG_context_sampling_2020_873_trimmed_bismark_bt2.CpG",650,539,111,650
"5874","07_report/CpG_context_sampling_2020_874_trimmed_bismark_bt2.CpG",665,564,101,665
"5875","07_report/CpG_context_sampling_2020_875_trimmed_bismark_bt2.CpG",656,546,110,656
"5876","07_report/CpG_context_sampling_2020_876_trimmed_bismark_bt2.CpG",653,548,105,653
"5877","07_report/CpG_context_sampling_2020_877_trimmed_bismark_bt2.CpG",631,522,109,631
"5878","07_report/CpG_context_sampling_2020_878_trimmed_bismark_bt2.CpG",664,552,112,664
"5879","07_report/CpG_context_sampling_2020_879_trimmed_bismark_bt2.CpG",671,549,122,671
"5880","07_report/CpG_context_sampling_2020_880_trimmed_bismark_bt2.CpG",645,532,113,645
"5881","07_report/CpG_context_sampling_2020_881_trimmed_bismark_bt2.CpG",662,548,114,662
"5882","07_report/CpG_context_sampling_2020_882_trimmed_bismark_bt2.CpG",665,562,103,665
"5883","07_report/CpG_context_sampling_2020_883_trimmed_bismark_bt2.CpG",630,521,109,630
"5884","07_report/CpG_context_sampling_2020_884_trimmed_bismark_bt2.CpG",654,545,109,654
"5885","07_report/CpG_context_sampling_2020_885_trimmed_bismark_bt2.CpG",633,525,108,633
"5886","07_report/CpG_context_sampling_2020_886_trimmed_bismark_bt2.CpG",659,532,127,659
"5887","07_report/CpG_context_sampling_2020_887_trimmed_bismark_bt2.CpG",671,555,116,671
"5888","07_report/CpG_context_sampling_2020_888_trimmed_bismark_bt2.CpG",588,502,86,588
"5889","07_report/CpG_context_sampling_2020_889_trimmed_bismark_bt2.CpG",658,543,115,658
"5890","07_report/CpG_context_sampling_2020_890_trimmed_bismark_bt2.CpG",659,545,114,659
"5891","07_report/CpG_context_sampling_2020_891_trimmed_bismark_bt2.CpG",673,575,98,673
"5892","07_report/CpG_context_sampling_2020_892_trimmed_bismark_bt2.CpG",600,508,92,600
"5893","07_report/CpG_context_sampling_2020_893_trimmed_bismark_bt2.CpG",635,522,113,635
"5894","07_report/CpG_context_sampling_2020_894_trimmed_bismark_bt2.CpG",708,586,122,708
"5895","07_report/CpG_context_sampling_2020_895_trimmed_bismark_bt2.CpG",671,555,116,671
"5896","07_report/CpG_context_sampling_2020_896_trimmed_bismark_bt2.CpG",619,526,93,619
"5897","07_report/CpG_context_sampling_2020_897_trimmed_bismark_bt2.CpG",647,522,125,647
"5898","07_report/CpG_context_sampling_2020_898_trimmed_bismark_bt2.CpG",649,540,109,649
"5899","07_report/CpG_context_sampling_2020_899_trimmed_bismark_bt2.CpG",661,569,92,661
"5900","07_report/CpG_context_sampling_2020_900_trimmed_bismark_bt2.CpG",651,534,117,651
"5901","07_report/CpG_context_sampling_2020_901_trimmed_bismark_bt2.CpG",624,520,104,624
"5902","07_report/CpG_context_sampling_2020_902_trimmed_bismark_bt2.CpG",622,516,106,622
"5903","07_report/CpG_context_sampling_2020_903_trimmed_bismark_bt2.CpG",670,559,111,670
"5904","07_report/CpG_context_sampling_2020_904_trimmed_bismark_bt2.CpG",654,557,97,654
"5905","07_report/CpG_context_sampling_2020_905_trimmed_bismark_bt2.CpG",675,566,109,675
"5906","07_report/CpG_context_sampling_2020_906_trimmed_bismark_bt2.CpG",630,529,101,630
"5907","07_report/CpG_context_sampling_2020_907_trimmed_bismark_bt2.CpG",654,548,106,654
"5908","07_report/CpG_context_sampling_2020_908_trimmed_bismark_bt2.CpG",621,517,104,621
"5909","07_report/CpG_context_sampling_2020_909_trimmed_bismark_bt2.CpG",649,531,118,649
"5910","07_report/CpG_context_sampling_2020_910_trimmed_bismark_bt2.CpG",661,548,113,661
"5911","07_report/CpG_context_sampling_2020_911_trimmed_bismark_bt2.CpG",642,530,112,642
"5912","07_report/CpG_context_sampling_2020_912_trimmed_bismark_bt2.CpG",631,525,106,631
"5913","07_report/CpG_context_sampling_2020_913_trimmed_bismark_bt2.CpG",634,529,105,634
"5914","07_report/CpG_context_sampling_2020_914_trimmed_bismark_bt2.CpG",640,517,123,640
"5915","07_report/CpG_context_sampling_2020_915_trimmed_bismark_bt2.CpG",639,536,103,639
"5916","07_report/CpG_context_sampling_2020_916_trimmed_bismark_bt2.CpG",651,557,94,651
"5917","07_report/CpG_context_sampling_2020_917_trimmed_bismark_bt2.CpG",644,533,111,644
"5918","07_report/CpG_context_sampling_2020_918_trimmed_bismark_bt2.CpG",646,537,109,646
"5919","07_report/CpG_context_sampling_2020_919_trimmed_bismark_bt2.CpG",640,546,94,640
"5920","07_report/CpG_context_sampling_2020_920_trimmed_bismark_bt2.CpG",677,552,125,677
"5921","07_report/CpG_context_sampling_2020_921_trimmed_bismark_bt2.CpG",642,549,93,642
"5922","07_report/CpG_context_sampling_2020_922_trimmed_bismark_bt2.CpG",684,561,123,684
"5923","07_report/CpG_context_sampling_2020_923_trimmed_bismark_bt2.CpG",672,558,114,672
"5924","07_report/CpG_context_sampling_2020_924_trimmed_bismark_bt2.CpG",648,525,123,648
"5925","07_report/CpG_context_sampling_2020_925_trimmed_bismark_bt2.CpG",620,521,99,620
"5926","07_report/CpG_context_sampling_2020_926_trimmed_bismark_bt2.CpG",708,573,135,708
"5927","07_report/CpG_context_sampling_2020_927_trimmed_bismark_bt2.CpG",674,551,123,674
"5928","07_report/CpG_context_sampling_2020_928_trimmed_bismark_bt2.CpG",640,519,121,640
"5929","07_report/CpG_context_sampling_2020_929_trimmed_bismark_bt2.CpG",659,538,121,659
"5930","07_report/CpG_context_sampling_2020_930_trimmed_bismark_bt2.CpG",664,548,116,664
"5931","07_report/CpG_context_sampling_2020_931_trimmed_bismark_bt2.CpG",668,561,107,668
"5932","07_report/CpG_context_sampling_2020_932_trimmed_bismark_bt2.CpG",640,542,98,640
"5933","07_report/CpG_context_sampling_2020_933_trimmed_bismark_bt2.CpG",610,504,106,610
"5934","07_report/CpG_context_sampling_2020_934_trimmed_bismark_bt2.CpG",657,552,105,657
"5935","07_report/CpG_context_sampling_2020_935_trimmed_bismark_bt2.CpG",651,547,104,651
"5936","07_report/CpG_context_sampling_2020_936_trimmed_bismark_bt2.CpG",645,538,107,645
"5937","07_report/CpG_context_sampling_2020_937_trimmed_bismark_bt2.CpG",667,554,113,667
"5938","07_report/CpG_context_sampling_2020_938_trimmed_bismark_bt2.CpG",671,551,120,671
"5939","07_report/CpG_context_sampling_2020_939_trimmed_bismark_bt2.CpG",646,552,94,646
"5940","07_report/CpG_context_sampling_2020_940_trimmed_bismark_bt2.CpG",647,541,106,647
"5941","07_report/CpG_context_sampling_2020_941_trimmed_bismark_bt2.CpG",655,551,104,655
"5942","07_report/CpG_context_sampling_2020_942_trimmed_bismark_bt2.CpG",664,570,94,664
"5943","07_report/CpG_context_sampling_2020_943_trimmed_bismark_bt2.CpG",700,585,115,700
"5944","07_report/CpG_context_sampling_2020_944_trimmed_bismark_bt2.CpG",659,562,97,659
"5945","07_report/CpG_context_sampling_2020_945_trimmed_bismark_bt2.CpG",676,569,107,676
"5946","07_report/CpG_context_sampling_2020_946_trimmed_bismark_bt2.CpG",662,537,125,662
"5947","07_report/CpG_context_sampling_2020_947_trimmed_bismark_bt2.CpG",661,562,99,661
"5948","07_report/CpG_context_sampling_2020_948_trimmed_bismark_bt2.CpG",667,563,104,667
"5949","07_report/CpG_context_sampling_2020_949_trimmed_bismark_bt2.CpG",685,574,111,685
"5950","07_report/CpG_context_sampling_2020_950_trimmed_bismark_bt2.CpG",633,506,127,633
"5951","07_report/CpG_context_sampling_2020_951_trimmed_bismark_bt2.CpG",664,566,98,664
"5952","07_report/CpG_context_sampling_2020_952_trimmed_bismark_bt2.CpG",656,547,109,656
"5953","07_report/CpG_context_sampling_2020_953_trimmed_bismark_bt2.CpG",618,522,96,618
"5954","07_report/CpG_context_sampling_2020_954_trimmed_bismark_bt2.CpG",680,582,98,680
"5955","07_report/CpG_context_sampling_2020_955_trimmed_bismark_bt2.CpG",619,520,99,619
"5956","07_report/CpG_context_sampling_2020_956_trimmed_bismark_bt2.CpG",629,522,107,629
"5957","07_report/CpG_context_sampling_2020_957_trimmed_bismark_bt2.CpG",668,560,108,668
"5958","07_report/CpG_context_sampling_2020_958_trimmed_bismark_bt2.CpG",655,533,122,655
"5959","07_report/CpG_context_sampling_2020_959_trimmed_bismark_bt2.CpG",655,547,108,655
"5960","07_report/CpG_context_sampling_2020_960_trimmed_bismark_bt2.CpG",641,529,112,641
"5961","07_report/CpG_context_sampling_2020_961_trimmed_bismark_bt2.CpG",663,566,97,663
"5962","07_report/CpG_context_sampling_2020_962_trimmed_bismark_bt2.CpG",665,552,113,665
"5963","07_report/CpG_context_sampling_2020_963_trimmed_bismark_bt2.CpG",655,542,113,655
"5964","07_report/CpG_context_sampling_2020_964_trimmed_bismark_bt2.CpG",650,555,95,650
"5965","07_report/CpG_context_sampling_2020_965_trimmed_bismark_bt2.CpG",642,526,116,642
"5966","07_report/CpG_context_sampling_2020_966_trimmed_bismark_bt2.CpG",663,543,120,663
"5967","07_report/CpG_context_sampling_2020_967_trimmed_bismark_bt2.CpG",676,565,111,676
"5968","07_report/CpG_context_sampling_2020_968_trimmed_bismark_bt2.CpG",646,518,128,646
"5969","07_report/CpG_context_sampling_2020_969_trimmed_bismark_bt2.CpG",659,547,112,659
"5970","07_report/CpG_context_sampling_2020_970_trimmed_bismark_bt2.CpG",625,514,111,625
"5971","07_report/CpG_context_sampling_2020_971_trimmed_bismark_bt2.CpG",652,540,112,652
"5972","07_report/CpG_context_sampling_2020_972_trimmed_bismark_bt2.CpG",639,519,120,639
"5973","07_report/CpG_context_sampling_2020_973_trimmed_bismark_bt2.CpG",642,541,101,642
"5974","07_report/CpG_context_sampling_2020_974_trimmed_bismark_bt2.CpG",693,581,112,693
"5975","07_report/CpG_context_sampling_2020_975_trimmed_bismark_bt2.CpG",658,543,115,658
"5976","07_report/CpG_context_sampling_2020_976_trimmed_bismark_bt2.CpG",684,575,109,684
"5977","07_report/CpG_context_sampling_2020_977_trimmed_bismark_bt2.CpG",663,567,96,663
"5978","07_report/CpG_context_sampling_2020_978_trimmed_bismark_bt2.CpG",631,534,97,631
"5979","07_report/CpG_context_sampling_2020_979_trimmed_bismark_bt2.CpG",681,558,123,681
"5980","07_report/CpG_context_sampling_2020_980_trimmed_bismark_bt2.CpG",630,526,104,630
"5981","07_report/CpG_context_sampling_2020_981_trimmed_bismark_bt2.CpG",669,554,115,669
"5982","07_report/CpG_context_sampling_2020_982_trimmed_bismark_bt2.CpG",653,559,94,653
"5983","07_report/CpG_context_sampling_2020_983_trimmed_bismark_bt2.CpG",597,482,115,597
"5984","07_report/CpG_context_sampling_2020_984_trimmed_bismark_bt2.CpG",687,576,111,687
"5985","07_report/CpG_context_sampling_2020_985_trimmed_bismark_bt2.CpG",664,559,105,664
"5986","07_report/CpG_context_sampling_2020_986_trimmed_bismark_bt2.CpG",659,555,104,659
"5987","07_report/CpG_context_sampling_2020_987_trimmed_bismark_bt2.CpG",649,539,110,649
"5988","07_report/CpG_context_sampling_2020_988_trimmed_bismark_bt2.CpG",630,510,120,630
"5989","07_report/CpG_context_sampling_2020_989_trimmed_bismark_bt2.CpG",653,533,120,653
"5990","07_report/CpG_context_sampling_2020_990_trimmed_bismark_bt2.CpG",658,559,99,658
"5991","07_report/CpG_context_sampling_2020_991_trimmed_bismark_bt2.CpG",657,551,106,657
"5992","07_report/CpG_context_sampling_2020_992_trimmed_bismark_bt2.CpG",633,507,126,633
"5993","07_report/CpG_context_sampling_2020_993_trimmed_bismark_bt2.CpG",655,554,101,655
"5994","07_report/CpG_context_sampling_2020_994_trimmed_bismark_bt2.CpG",636,521,115,636
"5995","07_report/CpG_context_sampling_2020_995_trimmed_bismark_bt2.CpG",685,587,98,685
"5996","07_report/CpG_context_sampling_2020_996_trimmed_bismark_bt2.CpG",673,550,123,673
"5997","07_report/CpG_context_sampling_2020_997_trimmed_bismark_bt2.CpG",641,519,122,641
"5998","07_report/CpG_context_sampling_2020_998_trimmed_bismark_bt2.CpG",632,547,85,632
"5999","07_report/CpG_context_sampling_2020_999_trimmed_bismark_bt2.CpG",644,549,95,644
"6000","07_report/CpG_context_sampling_2020_1000_trimmed_bismark_bt2.CpG",700,570,130,700
"6001","07_report/CpG_context_sampling_2693_1_trimmed_bismark_bt2.CpG",841,673,168,841
"6002","07_report/CpG_context_sampling_2693_2_trimmed_bismark_bt2.CpG",894,740,154,894
"6003","07_report/CpG_context_sampling_2693_3_trimmed_bismark_bt2.CpG",908,767,141,908
"6004","07_report/CpG_context_sampling_2693_4_trimmed_bismark_bt2.CpG",857,705,152,857
"6005","07_report/CpG_context_sampling_2693_5_trimmed_bismark_bt2.CpG",887,734,153,887
"6006","07_report/CpG_context_sampling_2693_6_trimmed_bismark_bt2.CpG",873,740,133,873
"6007","07_report/CpG_context_sampling_2693_7_trimmed_bismark_bt2.CpG",900,759,141,900
"6008","07_report/CpG_context_sampling_2693_8_trimmed_bismark_bt2.CpG",838,698,140,838
"6009","07_report/CpG_context_sampling_2693_9_trimmed_bismark_bt2.CpG",863,703,160,863
"6010","07_report/CpG_context_sampling_2693_10_trimmed_bismark_bt2.CpG",889,734,155,889
"6011","07_report/CpG_context_sampling_2693_11_trimmed_bismark_bt2.CpG",841,697,144,841
"6012","07_report/CpG_context_sampling_2693_12_trimmed_bismark_bt2.CpG",860,709,151,860
"6013","07_report/CpG_context_sampling_2693_13_trimmed_bismark_bt2.CpG",887,747,140,887
"6014","07_report/CpG_context_sampling_2693_14_trimmed_bismark_bt2.CpG",863,710,153,863
"6015","07_report/CpG_context_sampling_2693_15_trimmed_bismark_bt2.CpG",914,753,161,914
"6016","07_report/CpG_context_sampling_2693_16_trimmed_bismark_bt2.CpG",885,734,151,885
"6017","07_report/CpG_context_sampling_2693_17_trimmed_bismark_bt2.CpG",883,712,171,883
"6018","07_report/CpG_context_sampling_2693_18_trimmed_bismark_bt2.CpG",871,713,158,871
"6019","07_report/CpG_context_sampling_2693_19_trimmed_bismark_bt2.CpG",890,743,147,890
"6020","07_report/CpG_context_sampling_2693_20_trimmed_bismark_bt2.CpG",867,714,153,867
"6021","07_report/CpG_context_sampling_2693_21_trimmed_bismark_bt2.CpG",901,748,153,901
"6022","07_report/CpG_context_sampling_2693_22_trimmed_bismark_bt2.CpG",888,745,143,888
"6023","07_report/CpG_context_sampling_2693_23_trimmed_bismark_bt2.CpG",867,731,136,867
"6024","07_report/CpG_context_sampling_2693_24_trimmed_bismark_bt2.CpG",891,747,144,891
"6025","07_report/CpG_context_sampling_2693_25_trimmed_bismark_bt2.CpG",832,692,140,832
"6026","07_report/CpG_context_sampling_2693_26_trimmed_bismark_bt2.CpG",855,709,146,855
"6027","07_report/CpG_context_sampling_2693_27_trimmed_bismark_bt2.CpG",906,745,161,906
"6028","07_report/CpG_context_sampling_2693_28_trimmed_bismark_bt2.CpG",881,733,148,881
"6029","07_report/CpG_context_sampling_2693_29_trimmed_bismark_bt2.CpG",840,703,137,840
"6030","07_report/CpG_context_sampling_2693_30_trimmed_bismark_bt2.CpG",888,737,151,888
"6031","07_report/CpG_context_sampling_2693_31_trimmed_bismark_bt2.CpG",845,722,123,845
"6032","07_report/CpG_context_sampling_2693_32_trimmed_bismark_bt2.CpG",877,718,159,877
"6033","07_report/CpG_context_sampling_2693_33_trimmed_bismark_bt2.CpG",859,714,145,859
"6034","07_report/CpG_context_sampling_2693_34_trimmed_bismark_bt2.CpG",881,746,135,881
"6035","07_report/CpG_context_sampling_2693_35_trimmed_bismark_bt2.CpG",884,723,161,884
"6036","07_report/CpG_context_sampling_2693_36_trimmed_bismark_bt2.CpG",867,734,133,867
"6037","07_report/CpG_context_sampling_2693_37_trimmed_bismark_bt2.CpG",861,729,132,861
"6038","07_report/CpG_context_sampling_2693_38_trimmed_bismark_bt2.CpG",916,761,155,916
"6039","07_report/CpG_context_sampling_2693_39_trimmed_bismark_bt2.CpG",879,728,151,879
"6040","07_report/CpG_context_sampling_2693_40_trimmed_bismark_bt2.CpG",881,737,144,881
"6041","07_report/CpG_context_sampling_2693_41_trimmed_bismark_bt2.CpG",907,736,171,907
"6042","07_report/CpG_context_sampling_2693_42_trimmed_bismark_bt2.CpG",863,733,130,863
"6043","07_report/CpG_context_sampling_2693_43_trimmed_bismark_bt2.CpG",875,731,144,875
"6044","07_report/CpG_context_sampling_2693_44_trimmed_bismark_bt2.CpG",912,775,137,912
"6045","07_report/CpG_context_sampling_2693_45_trimmed_bismark_bt2.CpG",919,760,159,919
"6046","07_report/CpG_context_sampling_2693_46_trimmed_bismark_bt2.CpG",864,704,160,864
"6047","07_report/CpG_context_sampling_2693_47_trimmed_bismark_bt2.CpG",873,734,139,873
"6048","07_report/CpG_context_sampling_2693_48_trimmed_bismark_bt2.CpG",857,709,148,857
"6049","07_report/CpG_context_sampling_2693_49_trimmed_bismark_bt2.CpG",851,694,157,851
"6050","07_report/CpG_context_sampling_2693_50_trimmed_bismark_bt2.CpG",843,690,153,843
"6051","07_report/CpG_context_sampling_2693_51_trimmed_bismark_bt2.CpG",880,749,131,880
"6052","07_report/CpG_context_sampling_2693_52_trimmed_bismark_bt2.CpG",868,734,134,868
"6053","07_report/CpG_context_sampling_2693_53_trimmed_bismark_bt2.CpG",879,741,138,879
"6054","07_report/CpG_context_sampling_2693_54_trimmed_bismark_bt2.CpG",853,696,157,853
"6055","07_report/CpG_context_sampling_2693_55_trimmed_bismark_bt2.CpG",813,672,141,813
"6056","07_report/CpG_context_sampling_2693_56_trimmed_bismark_bt2.CpG",886,734,152,886
"6057","07_report/CpG_context_sampling_2693_57_trimmed_bismark_bt2.CpG",902,773,129,902
"6058","07_report/CpG_context_sampling_2693_58_trimmed_bismark_bt2.CpG",834,706,128,834
"6059","07_report/CpG_context_sampling_2693_59_trimmed_bismark_bt2.CpG",871,724,147,871
"6060","07_report/CpG_context_sampling_2693_60_trimmed_bismark_bt2.CpG",866,715,151,866
"6061","07_report/CpG_context_sampling_2693_61_trimmed_bismark_bt2.CpG",882,721,161,882
"6062","07_report/CpG_context_sampling_2693_62_trimmed_bismark_bt2.CpG",812,665,147,812
"6063","07_report/CpG_context_sampling_2693_63_trimmed_bismark_bt2.CpG",897,757,140,897
"6064","07_report/CpG_context_sampling_2693_64_trimmed_bismark_bt2.CpG",915,745,170,915
"6065","07_report/CpG_context_sampling_2693_65_trimmed_bismark_bt2.CpG",868,731,137,868
"6066","07_report/CpG_context_sampling_2693_66_trimmed_bismark_bt2.CpG",880,730,150,880
"6067","07_report/CpG_context_sampling_2693_67_trimmed_bismark_bt2.CpG",859,720,139,859
"6068","07_report/CpG_context_sampling_2693_68_trimmed_bismark_bt2.CpG",874,706,168,874
"6069","07_report/CpG_context_sampling_2693_69_trimmed_bismark_bt2.CpG",843,721,122,843
"6070","07_report/CpG_context_sampling_2693_70_trimmed_bismark_bt2.CpG",887,736,151,887
"6071","07_report/CpG_context_sampling_2693_71_trimmed_bismark_bt2.CpG",828,682,146,828
"6072","07_report/CpG_context_sampling_2693_72_trimmed_bismark_bt2.CpG",898,742,156,898
"6073","07_report/CpG_context_sampling_2693_73_trimmed_bismark_bt2.CpG",904,754,150,904
"6074","07_report/CpG_context_sampling_2693_74_trimmed_bismark_bt2.CpG",873,724,149,873
"6075","07_report/CpG_context_sampling_2693_75_trimmed_bismark_bt2.CpG",858,730,128,858
"6076","07_report/CpG_context_sampling_2693_76_trimmed_bismark_bt2.CpG",840,697,143,840
"6077","07_report/CpG_context_sampling_2693_77_trimmed_bismark_bt2.CpG",842,702,140,842
"6078","07_report/CpG_context_sampling_2693_78_trimmed_bismark_bt2.CpG",842,713,129,842
"6079","07_report/CpG_context_sampling_2693_79_trimmed_bismark_bt2.CpG",854,714,140,854
"6080","07_report/CpG_context_sampling_2693_80_trimmed_bismark_bt2.CpG",869,726,143,869
"6081","07_report/CpG_context_sampling_2693_81_trimmed_bismark_bt2.CpG",867,716,151,867
"6082","07_report/CpG_context_sampling_2693_82_trimmed_bismark_bt2.CpG",868,722,146,868
"6083","07_report/CpG_context_sampling_2693_83_trimmed_bismark_bt2.CpG",899,735,164,899
"6084","07_report/CpG_context_sampling_2693_84_trimmed_bismark_bt2.CpG",835,701,134,835
"6085","07_report/CpG_context_sampling_2693_85_trimmed_bismark_bt2.CpG",872,735,137,872
"6086","07_report/CpG_context_sampling_2693_86_trimmed_bismark_bt2.CpG",863,723,140,863
"6087","07_report/CpG_context_sampling_2693_87_trimmed_bismark_bt2.CpG",846,697,149,846
"6088","07_report/CpG_context_sampling_2693_88_trimmed_bismark_bt2.CpG",896,743,153,896
"6089","07_report/CpG_context_sampling_2693_89_trimmed_bismark_bt2.CpG",880,729,151,880
"6090","07_report/CpG_context_sampling_2693_90_trimmed_bismark_bt2.CpG",890,747,143,890
"6091","07_report/CpG_context_sampling_2693_91_trimmed_bismark_bt2.CpG",841,711,130,841
"6092","07_report/CpG_context_sampling_2693_92_trimmed_bismark_bt2.CpG",879,732,147,879
"6093","07_report/CpG_context_sampling_2693_93_trimmed_bismark_bt2.CpG",895,754,141,895
"6094","07_report/CpG_context_sampling_2693_94_trimmed_bismark_bt2.CpG",903,741,162,903
"6095","07_report/CpG_context_sampling_2693_95_trimmed_bismark_bt2.CpG",870,727,143,870
"6096","07_report/CpG_context_sampling_2693_96_trimmed_bismark_bt2.CpG",883,733,150,883
"6097","07_report/CpG_context_sampling_2693_97_trimmed_bismark_bt2.CpG",837,703,134,837
"6098","07_report/CpG_context_sampling_2693_98_trimmed_bismark_bt2.CpG",847,715,132,847
"6099","07_report/CpG_context_sampling_2693_99_trimmed_bismark_bt2.CpG",895,749,146,895
"6100","07_report/CpG_context_sampling_2693_100_trimmed_bismark_bt2.CpG",876,725,151,876
"6101","07_report/CpG_context_sampling_2693_101_trimmed_bismark_bt2.CpG",926,776,150,926
"6102","07_report/CpG_context_sampling_2693_102_trimmed_bismark_bt2.CpG",873,745,128,873
"6103","07_report/CpG_context_sampling_2693_103_trimmed_bismark_bt2.CpG",857,726,131,857
"6104","07_report/CpG_context_sampling_2693_104_trimmed_bismark_bt2.CpG",841,704,137,841
"6105","07_report/CpG_context_sampling_2693_105_trimmed_bismark_bt2.CpG",837,701,136,837
"6106","07_report/CpG_context_sampling_2693_106_trimmed_bismark_bt2.CpG",891,740,151,891
"6107","07_report/CpG_context_sampling_2693_107_trimmed_bismark_bt2.CpG",860,716,144,860
"6108","07_report/CpG_context_sampling_2693_108_trimmed_bismark_bt2.CpG",872,721,151,872
"6109","07_report/CpG_context_sampling_2693_109_trimmed_bismark_bt2.CpG",853,728,125,853
"6110","07_report/CpG_context_sampling_2693_110_trimmed_bismark_bt2.CpG",866,722,144,866
"6111","07_report/CpG_context_sampling_2693_111_trimmed_bismark_bt2.CpG",841,704,137,841
"6112","07_report/CpG_context_sampling_2693_112_trimmed_bismark_bt2.CpG",914,748,166,914
"6113","07_report/CpG_context_sampling_2693_113_trimmed_bismark_bt2.CpG",853,700,153,853
"6114","07_report/CpG_context_sampling_2693_114_trimmed_bismark_bt2.CpG",879,731,148,879
"6115","07_report/CpG_context_sampling_2693_115_trimmed_bismark_bt2.CpG",884,753,131,884
"6116","07_report/CpG_context_sampling_2693_116_trimmed_bismark_bt2.CpG",910,758,152,910
"6117","07_report/CpG_context_sampling_2693_117_trimmed_bismark_bt2.CpG",918,774,144,918
"6118","07_report/CpG_context_sampling_2693_118_trimmed_bismark_bt2.CpG",856,715,141,856
"6119","07_report/CpG_context_sampling_2693_119_trimmed_bismark_bt2.CpG",851,702,149,851
"6120","07_report/CpG_context_sampling_2693_120_trimmed_bismark_bt2.CpG",870,735,135,870
"6121","07_report/CpG_context_sampling_2693_121_trimmed_bismark_bt2.CpG",866,727,139,866
"6122","07_report/CpG_context_sampling_2693_122_trimmed_bismark_bt2.CpG",821,701,120,821
"6123","07_report/CpG_context_sampling_2693_123_trimmed_bismark_bt2.CpG",848,719,129,848
"6124","07_report/CpG_context_sampling_2693_124_trimmed_bismark_bt2.CpG",867,709,158,867
"6125","07_report/CpG_context_sampling_2693_125_trimmed_bismark_bt2.CpG",875,729,146,875
"6126","07_report/CpG_context_sampling_2693_126_trimmed_bismark_bt2.CpG",849,705,144,849
"6127","07_report/CpG_context_sampling_2693_127_trimmed_bismark_bt2.CpG",873,739,134,873
"6128","07_report/CpG_context_sampling_2693_128_trimmed_bismark_bt2.CpG",890,744,146,890
"6129","07_report/CpG_context_sampling_2693_129_trimmed_bismark_bt2.CpG",873,725,148,873
"6130","07_report/CpG_context_sampling_2693_130_trimmed_bismark_bt2.CpG",882,724,158,882
"6131","07_report/CpG_context_sampling_2693_131_trimmed_bismark_bt2.CpG",906,757,149,906
"6132","07_report/CpG_context_sampling_2693_132_trimmed_bismark_bt2.CpG",849,697,152,849
"6133","07_report/CpG_context_sampling_2693_133_trimmed_bismark_bt2.CpG",872,718,154,872
"6134","07_report/CpG_context_sampling_2693_134_trimmed_bismark_bt2.CpG",921,758,163,921
"6135","07_report/CpG_context_sampling_2693_135_trimmed_bismark_bt2.CpG",842,705,137,842
"6136","07_report/CpG_context_sampling_2693_136_trimmed_bismark_bt2.CpG",844,692,152,844
"6137","07_report/CpG_context_sampling_2693_137_trimmed_bismark_bt2.CpG",848,715,133,848
"6138","07_report/CpG_context_sampling_2693_138_trimmed_bismark_bt2.CpG",887,744,143,887
"6139","07_report/CpG_context_sampling_2693_139_trimmed_bismark_bt2.CpG",880,737,143,880
"6140","07_report/CpG_context_sampling_2693_140_trimmed_bismark_bt2.CpG",853,704,149,853
"6141","07_report/CpG_context_sampling_2693_141_trimmed_bismark_bt2.CpG",845,705,140,845
"6142","07_report/CpG_context_sampling_2693_142_trimmed_bismark_bt2.CpG",865,716,149,865
"6143","07_report/CpG_context_sampling_2693_143_trimmed_bismark_bt2.CpG",814,687,127,814
"6144","07_report/CpG_context_sampling_2693_144_trimmed_bismark_bt2.CpG",871,709,162,871
"6145","07_report/CpG_context_sampling_2693_145_trimmed_bismark_bt2.CpG",857,721,136,857
"6146","07_report/CpG_context_sampling_2693_146_trimmed_bismark_bt2.CpG",849,718,131,849
"6147","07_report/CpG_context_sampling_2693_147_trimmed_bismark_bt2.CpG",920,766,154,920
"6148","07_report/CpG_context_sampling_2693_148_trimmed_bismark_bt2.CpG",896,736,160,896
"6149","07_report/CpG_context_sampling_2693_149_trimmed_bismark_bt2.CpG",918,778,140,918
"6150","07_report/CpG_context_sampling_2693_150_trimmed_bismark_bt2.CpG",866,720,146,866
"6151","07_report/CpG_context_sampling_2693_151_trimmed_bismark_bt2.CpG",847,719,128,847
"6152","07_report/CpG_context_sampling_2693_152_trimmed_bismark_bt2.CpG",880,737,143,880
"6153","07_report/CpG_context_sampling_2693_153_trimmed_bismark_bt2.CpG",909,777,132,909
"6154","07_report/CpG_context_sampling_2693_154_trimmed_bismark_bt2.CpG",888,737,151,888
"6155","07_report/CpG_context_sampling_2693_155_trimmed_bismark_bt2.CpG",899,731,168,899
"6156","07_report/CpG_context_sampling_2693_156_trimmed_bismark_bt2.CpG",895,742,153,895
"6157","07_report/CpG_context_sampling_2693_157_trimmed_bismark_bt2.CpG",840,692,148,840
"6158","07_report/CpG_context_sampling_2693_158_trimmed_bismark_bt2.CpG",897,754,143,897
"6159","07_report/CpG_context_sampling_2693_159_trimmed_bismark_bt2.CpG",845,695,150,845
"6160","07_report/CpG_context_sampling_2693_160_trimmed_bismark_bt2.CpG",862,709,153,862
"6161","07_report/CpG_context_sampling_2693_161_trimmed_bismark_bt2.CpG",903,751,152,903
"6162","07_report/CpG_context_sampling_2693_162_trimmed_bismark_bt2.CpG",834,696,138,834
"6163","07_report/CpG_context_sampling_2693_163_trimmed_bismark_bt2.CpG",863,696,167,863
"6164","07_report/CpG_context_sampling_2693_164_trimmed_bismark_bt2.CpG",899,750,149,899
"6165","07_report/CpG_context_sampling_2693_165_trimmed_bismark_bt2.CpG",885,720,165,885
"6166","07_report/CpG_context_sampling_2693_166_trimmed_bismark_bt2.CpG",832,703,129,832
"6167","07_report/CpG_context_sampling_2693_167_trimmed_bismark_bt2.CpG",824,676,148,824
"6168","07_report/CpG_context_sampling_2693_168_trimmed_bismark_bt2.CpG",846,705,141,846
"6169","07_report/CpG_context_sampling_2693_169_trimmed_bismark_bt2.CpG",894,750,144,894
"6170","07_report/CpG_context_sampling_2693_170_trimmed_bismark_bt2.CpG",892,722,170,892
"6171","07_report/CpG_context_sampling_2693_171_trimmed_bismark_bt2.CpG",888,734,154,888
"6172","07_report/CpG_context_sampling_2693_172_trimmed_bismark_bt2.CpG",862,736,126,862
"6173","07_report/CpG_context_sampling_2693_173_trimmed_bismark_bt2.CpG",838,677,161,838
"6174","07_report/CpG_context_sampling_2693_174_trimmed_bismark_bt2.CpG",861,735,126,861
"6175","07_report/CpG_context_sampling_2693_175_trimmed_bismark_bt2.CpG",901,749,152,901
"6176","07_report/CpG_context_sampling_2693_176_trimmed_bismark_bt2.CpG",882,717,165,882
"6177","07_report/CpG_context_sampling_2693_177_trimmed_bismark_bt2.CpG",849,692,157,849
"6178","07_report/CpG_context_sampling_2693_178_trimmed_bismark_bt2.CpG",892,743,149,892
"6179","07_report/CpG_context_sampling_2693_179_trimmed_bismark_bt2.CpG",862,726,136,862
"6180","07_report/CpG_context_sampling_2693_180_trimmed_bismark_bt2.CpG",860,720,140,860
"6181","07_report/CpG_context_sampling_2693_181_trimmed_bismark_bt2.CpG",861,709,152,861
"6182","07_report/CpG_context_sampling_2693_182_trimmed_bismark_bt2.CpG",874,739,135,874
"6183","07_report/CpG_context_sampling_2693_183_trimmed_bismark_bt2.CpG",849,728,121,849
"6184","07_report/CpG_context_sampling_2693_184_trimmed_bismark_bt2.CpG",872,728,144,872
"6185","07_report/CpG_context_sampling_2693_185_trimmed_bismark_bt2.CpG",917,771,146,917
"6186","07_report/CpG_context_sampling_2693_186_trimmed_bismark_bt2.CpG",918,770,148,918
"6187","07_report/CpG_context_sampling_2693_187_trimmed_bismark_bt2.CpG",876,743,133,876
"6188","07_report/CpG_context_sampling_2693_188_trimmed_bismark_bt2.CpG",858,715,143,858
"6189","07_report/CpG_context_sampling_2693_189_trimmed_bismark_bt2.CpG",906,752,154,906
"6190","07_report/CpG_context_sampling_2693_190_trimmed_bismark_bt2.CpG",845,705,140,845
"6191","07_report/CpG_context_sampling_2693_191_trimmed_bismark_bt2.CpG",884,736,148,884
"6192","07_report/CpG_context_sampling_2693_192_trimmed_bismark_bt2.CpG",863,697,166,863
"6193","07_report/CpG_context_sampling_2693_193_trimmed_bismark_bt2.CpG",896,735,161,896
"6194","07_report/CpG_context_sampling_2693_194_trimmed_bismark_bt2.CpG",895,740,155,895
"6195","07_report/CpG_context_sampling_2693_195_trimmed_bismark_bt2.CpG",859,727,132,859
"6196","07_report/CpG_context_sampling_2693_196_trimmed_bismark_bt2.CpG",877,728,149,877
"6197","07_report/CpG_context_sampling_2693_197_trimmed_bismark_bt2.CpG",889,740,149,889
"6198","07_report/CpG_context_sampling_2693_198_trimmed_bismark_bt2.CpG",864,707,157,864
"6199","07_report/CpG_context_sampling_2693_199_trimmed_bismark_bt2.CpG",891,743,148,891
"6200","07_report/CpG_context_sampling_2693_200_trimmed_bismark_bt2.CpG",860,720,140,860
"6201","07_report/CpG_context_sampling_2693_201_trimmed_bismark_bt2.CpG",865,732,133,865
"6202","07_report/CpG_context_sampling_2693_202_trimmed_bismark_bt2.CpG",874,732,142,874
"6203","07_report/CpG_context_sampling_2693_203_trimmed_bismark_bt2.CpG",875,730,145,875
"6204","07_report/CpG_context_sampling_2693_204_trimmed_bismark_bt2.CpG",856,712,144,856
"6205","07_report/CpG_context_sampling_2693_205_trimmed_bismark_bt2.CpG",859,720,139,859
"6206","07_report/CpG_context_sampling_2693_206_trimmed_bismark_bt2.CpG",887,733,154,887
"6207","07_report/CpG_context_sampling_2693_207_trimmed_bismark_bt2.CpG",864,708,156,864
"6208","07_report/CpG_context_sampling_2693_208_trimmed_bismark_bt2.CpG",894,745,149,894
"6209","07_report/CpG_context_sampling_2693_209_trimmed_bismark_bt2.CpG",880,728,152,880
"6210","07_report/CpG_context_sampling_2693_210_trimmed_bismark_bt2.CpG",846,704,142,846
"6211","07_report/CpG_context_sampling_2693_211_trimmed_bismark_bt2.CpG",860,721,139,860
"6212","07_report/CpG_context_sampling_2693_212_trimmed_bismark_bt2.CpG",866,720,146,866
"6213","07_report/CpG_context_sampling_2693_213_trimmed_bismark_bt2.CpG",868,703,165,868
"6214","07_report/CpG_context_sampling_2693_214_trimmed_bismark_bt2.CpG",894,741,153,894
"6215","07_report/CpG_context_sampling_2693_215_trimmed_bismark_bt2.CpG",807,677,130,807
"6216","07_report/CpG_context_sampling_2693_216_trimmed_bismark_bt2.CpG",864,720,144,864
"6217","07_report/CpG_context_sampling_2693_217_trimmed_bismark_bt2.CpG",863,709,154,863
"6218","07_report/CpG_context_sampling_2693_218_trimmed_bismark_bt2.CpG",866,741,125,866
"6219","07_report/CpG_context_sampling_2693_219_trimmed_bismark_bt2.CpG",800,674,126,800
"6220","07_report/CpG_context_sampling_2693_220_trimmed_bismark_bt2.CpG",856,704,152,856
"6221","07_report/CpG_context_sampling_2693_221_trimmed_bismark_bt2.CpG",935,773,162,935
"6222","07_report/CpG_context_sampling_2693_222_trimmed_bismark_bt2.CpG",899,743,156,899
"6223","07_report/CpG_context_sampling_2693_223_trimmed_bismark_bt2.CpG",842,713,129,842
"6224","07_report/CpG_context_sampling_2693_224_trimmed_bismark_bt2.CpG",842,691,151,842
"6225","07_report/CpG_context_sampling_2693_225_trimmed_bismark_bt2.CpG",864,705,159,864
"6226","07_report/CpG_context_sampling_2693_226_trimmed_bismark_bt2.CpG",868,750,118,868
"6227","07_report/CpG_context_sampling_2693_227_trimmed_bismark_bt2.CpG",870,713,157,870
"6228","07_report/CpG_context_sampling_2693_228_trimmed_bismark_bt2.CpG",860,721,139,860
"6229","07_report/CpG_context_sampling_2693_229_trimmed_bismark_bt2.CpG",856,710,146,856
"6230","07_report/CpG_context_sampling_2693_230_trimmed_bismark_bt2.CpG",899,752,147,899
"6231","07_report/CpG_context_sampling_2693_231_trimmed_bismark_bt2.CpG",883,736,147,883
"6232","07_report/CpG_context_sampling_2693_232_trimmed_bismark_bt2.CpG",884,741,143,884
"6233","07_report/CpG_context_sampling_2693_233_trimmed_bismark_bt2.CpG",835,700,135,835
"6234","07_report/CpG_context_sampling_2693_234_trimmed_bismark_bt2.CpG",877,737,140,877
"6235","07_report/CpG_context_sampling_2693_235_trimmed_bismark_bt2.CpG",834,690,144,834
"6236","07_report/CpG_context_sampling_2693_236_trimmed_bismark_bt2.CpG",858,695,163,858
"6237","07_report/CpG_context_sampling_2693_237_trimmed_bismark_bt2.CpG",869,726,143,869
"6238","07_report/CpG_context_sampling_2693_238_trimmed_bismark_bt2.CpG",869,719,150,869
"6239","07_report/CpG_context_sampling_2693_239_trimmed_bismark_bt2.CpG",848,703,145,848
"6240","07_report/CpG_context_sampling_2693_240_trimmed_bismark_bt2.CpG",880,738,142,880
"6241","07_report/CpG_context_sampling_2693_241_trimmed_bismark_bt2.CpG",860,711,149,860
"6242","07_report/CpG_context_sampling_2693_242_trimmed_bismark_bt2.CpG",862,719,143,862
"6243","07_report/CpG_context_sampling_2693_243_trimmed_bismark_bt2.CpG",866,744,122,866
"6244","07_report/CpG_context_sampling_2693_244_trimmed_bismark_bt2.CpG",864,715,149,864
"6245","07_report/CpG_context_sampling_2693_245_trimmed_bismark_bt2.CpG",863,724,139,863
"6246","07_report/CpG_context_sampling_2693_246_trimmed_bismark_bt2.CpG",857,721,136,857
"6247","07_report/CpG_context_sampling_2693_247_trimmed_bismark_bt2.CpG",922,748,174,922
"6248","07_report/CpG_context_sampling_2693_248_trimmed_bismark_bt2.CpG",858,731,127,858
"6249","07_report/CpG_context_sampling_2693_249_trimmed_bismark_bt2.CpG",917,745,172,917
"6250","07_report/CpG_context_sampling_2693_250_trimmed_bismark_bt2.CpG",886,731,155,886
"6251","07_report/CpG_context_sampling_2693_251_trimmed_bismark_bt2.CpG",869,705,164,869
"6252","07_report/CpG_context_sampling_2693_252_trimmed_bismark_bt2.CpG",831,695,136,831
"6253","07_report/CpG_context_sampling_2693_253_trimmed_bismark_bt2.CpG",905,730,175,905
"6254","07_report/CpG_context_sampling_2693_254_trimmed_bismark_bt2.CpG",879,713,166,879
"6255","07_report/CpG_context_sampling_2693_255_trimmed_bismark_bt2.CpG",848,693,155,848
"6256","07_report/CpG_context_sampling_2693_256_trimmed_bismark_bt2.CpG",850,698,152,850
"6257","07_report/CpG_context_sampling_2693_257_trimmed_bismark_bt2.CpG",867,717,150,867
"6258","07_report/CpG_context_sampling_2693_258_trimmed_bismark_bt2.CpG",882,747,135,882
"6259","07_report/CpG_context_sampling_2693_259_trimmed_bismark_bt2.CpG",862,734,128,862
"6260","07_report/CpG_context_sampling_2693_260_trimmed_bismark_bt2.CpG",826,687,139,826
"6261","07_report/CpG_context_sampling_2693_261_trimmed_bismark_bt2.CpG",883,742,141,883
"6262","07_report/CpG_context_sampling_2693_262_trimmed_bismark_bt2.CpG",851,712,139,851
"6263","07_report/CpG_context_sampling_2693_263_trimmed_bismark_bt2.CpG",858,711,147,858
"6264","07_report/CpG_context_sampling_2693_264_trimmed_bismark_bt2.CpG",887,736,151,887
"6265","07_report/CpG_context_sampling_2693_265_trimmed_bismark_bt2.CpG",877,720,157,877
"6266","07_report/CpG_context_sampling_2693_266_trimmed_bismark_bt2.CpG",881,750,131,881
"6267","07_report/CpG_context_sampling_2693_267_trimmed_bismark_bt2.CpG",886,743,143,886
"6268","07_report/CpG_context_sampling_2693_268_trimmed_bismark_bt2.CpG",880,742,138,880
"6269","07_report/CpG_context_sampling_2693_269_trimmed_bismark_bt2.CpG",882,755,127,882
"6270","07_report/CpG_context_sampling_2693_270_trimmed_bismark_bt2.CpG",921,777,144,921
"6271","07_report/CpG_context_sampling_2693_271_trimmed_bismark_bt2.CpG",850,716,134,850
"6272","07_report/CpG_context_sampling_2693_272_trimmed_bismark_bt2.CpG",892,750,142,892
"6273","07_report/CpG_context_sampling_2693_273_trimmed_bismark_bt2.CpG",882,734,148,882
"6274","07_report/CpG_context_sampling_2693_274_trimmed_bismark_bt2.CpG",880,751,129,880
"6275","07_report/CpG_context_sampling_2693_275_trimmed_bismark_bt2.CpG",871,742,129,871
"6276","07_report/CpG_context_sampling_2693_276_trimmed_bismark_bt2.CpG",896,745,151,896
"6277","07_report/CpG_context_sampling_2693_277_trimmed_bismark_bt2.CpG",848,688,160,848
"6278","07_report/CpG_context_sampling_2693_278_trimmed_bismark_bt2.CpG",889,751,138,889
"6279","07_report/CpG_context_sampling_2693_279_trimmed_bismark_bt2.CpG",872,730,142,872
"6280","07_report/CpG_context_sampling_2693_280_trimmed_bismark_bt2.CpG",834,698,136,834
"6281","07_report/CpG_context_sampling_2693_281_trimmed_bismark_bt2.CpG",900,761,139,900
"6282","07_report/CpG_context_sampling_2693_282_trimmed_bismark_bt2.CpG",860,709,151,860
"6283","07_report/CpG_context_sampling_2693_283_trimmed_bismark_bt2.CpG",847,701,146,847
"6284","07_report/CpG_context_sampling_2693_284_trimmed_bismark_bt2.CpG",892,750,142,892
"6285","07_report/CpG_context_sampling_2693_285_trimmed_bismark_bt2.CpG",891,728,163,891
"6286","07_report/CpG_context_sampling_2693_286_trimmed_bismark_bt2.CpG",870,721,149,870
"6287","07_report/CpG_context_sampling_2693_287_trimmed_bismark_bt2.CpG",877,717,160,877
"6288","07_report/CpG_context_sampling_2693_288_trimmed_bismark_bt2.CpG",890,750,140,890
"6289","07_report/CpG_context_sampling_2693_289_trimmed_bismark_bt2.CpG",906,755,151,906
"6290","07_report/CpG_context_sampling_2693_290_trimmed_bismark_bt2.CpG",879,722,157,879
"6291","07_report/CpG_context_sampling_2693_291_trimmed_bismark_bt2.CpG",872,740,132,872
"6292","07_report/CpG_context_sampling_2693_292_trimmed_bismark_bt2.CpG",854,695,159,854
"6293","07_report/CpG_context_sampling_2693_293_trimmed_bismark_bt2.CpG",859,704,155,859
"6294","07_report/CpG_context_sampling_2693_294_trimmed_bismark_bt2.CpG",880,731,149,880
"6295","07_report/CpG_context_sampling_2693_295_trimmed_bismark_bt2.CpG",852,688,164,852
"6296","07_report/CpG_context_sampling_2693_296_trimmed_bismark_bt2.CpG",865,731,134,865
"6297","07_report/CpG_context_sampling_2693_297_trimmed_bismark_bt2.CpG",860,697,163,860
"6298","07_report/CpG_context_sampling_2693_298_trimmed_bismark_bt2.CpG",889,733,156,889
"6299","07_report/CpG_context_sampling_2693_299_trimmed_bismark_bt2.CpG",866,714,152,866
"6300","07_report/CpG_context_sampling_2693_300_trimmed_bismark_bt2.CpG",853,709,144,853
"6301","07_report/CpG_context_sampling_2693_301_trimmed_bismark_bt2.CpG",912,762,150,912
"6302","07_report/CpG_context_sampling_2693_302_trimmed_bismark_bt2.CpG",871,720,151,871
"6303","07_report/CpG_context_sampling_2693_303_trimmed_bismark_bt2.CpG",910,760,150,910
"6304","07_report/CpG_context_sampling_2693_304_trimmed_bismark_bt2.CpG",906,767,139,906
"6305","07_report/CpG_context_sampling_2693_305_trimmed_bismark_bt2.CpG",837,708,129,837
"6306","07_report/CpG_context_sampling_2693_306_trimmed_bismark_bt2.CpG",903,744,159,903
"6307","07_report/CpG_context_sampling_2693_307_trimmed_bismark_bt2.CpG",856,713,143,856
"6308","07_report/CpG_context_sampling_2693_308_trimmed_bismark_bt2.CpG",888,740,148,888
"6309","07_report/CpG_context_sampling_2693_309_trimmed_bismark_bt2.CpG",882,746,136,882
"6310","07_report/CpG_context_sampling_2693_310_trimmed_bismark_bt2.CpG",826,677,149,826
"6311","07_report/CpG_context_sampling_2693_311_trimmed_bismark_bt2.CpG",895,747,148,895
"6312","07_report/CpG_context_sampling_2693_312_trimmed_bismark_bt2.CpG",882,734,148,882
"6313","07_report/CpG_context_sampling_2693_313_trimmed_bismark_bt2.CpG",877,725,152,877
"6314","07_report/CpG_context_sampling_2693_314_trimmed_bismark_bt2.CpG",876,719,157,876
"6315","07_report/CpG_context_sampling_2693_315_trimmed_bismark_bt2.CpG",848,692,156,848
"6316","07_report/CpG_context_sampling_2693_316_trimmed_bismark_bt2.CpG",890,724,166,890
"6317","07_report/CpG_context_sampling_2693_317_trimmed_bismark_bt2.CpG",879,741,138,879
"6318","07_report/CpG_context_sampling_2693_318_trimmed_bismark_bt2.CpG",853,714,139,853
"6319","07_report/CpG_context_sampling_2693_319_trimmed_bismark_bt2.CpG",850,688,162,850
"6320","07_report/CpG_context_sampling_2693_320_trimmed_bismark_bt2.CpG",876,743,133,876
"6321","07_report/CpG_context_sampling_2693_321_trimmed_bismark_bt2.CpG",860,715,145,860
"6322","07_report/CpG_context_sampling_2693_322_trimmed_bismark_bt2.CpG",898,772,126,898
"6323","07_report/CpG_context_sampling_2693_323_trimmed_bismark_bt2.CpG",910,761,149,910
"6324","07_report/CpG_context_sampling_2693_324_trimmed_bismark_bt2.CpG",866,708,158,866
"6325","07_report/CpG_context_sampling_2693_325_trimmed_bismark_bt2.CpG",857,736,121,857
"6326","07_report/CpG_context_sampling_2693_326_trimmed_bismark_bt2.CpG",859,725,134,859
"6327","07_report/CpG_context_sampling_2693_327_trimmed_bismark_bt2.CpG",922,757,165,922
"6328","07_report/CpG_context_sampling_2693_328_trimmed_bismark_bt2.CpG",840,717,123,840
"6329","07_report/CpG_context_sampling_2693_329_trimmed_bismark_bt2.CpG",908,752,156,908
"6330","07_report/CpG_context_sampling_2693_330_trimmed_bismark_bt2.CpG",889,734,155,889
"6331","07_report/CpG_context_sampling_2693_331_trimmed_bismark_bt2.CpG",863,717,146,863
"6332","07_report/CpG_context_sampling_2693_332_trimmed_bismark_bt2.CpG",870,718,152,870
"6333","07_report/CpG_context_sampling_2693_333_trimmed_bismark_bt2.CpG",922,777,145,922
"6334","07_report/CpG_context_sampling_2693_334_trimmed_bismark_bt2.CpG",886,727,159,886
"6335","07_report/CpG_context_sampling_2693_335_trimmed_bismark_bt2.CpG",891,741,150,891
"6336","07_report/CpG_context_sampling_2693_336_trimmed_bismark_bt2.CpG",871,721,150,871
"6337","07_report/CpG_context_sampling_2693_337_trimmed_bismark_bt2.CpG",862,704,158,862
"6338","07_report/CpG_context_sampling_2693_338_trimmed_bismark_bt2.CpG",880,728,152,880
"6339","07_report/CpG_context_sampling_2693_339_trimmed_bismark_bt2.CpG",865,720,145,865
"6340","07_report/CpG_context_sampling_2693_340_trimmed_bismark_bt2.CpG",844,704,140,844
"6341","07_report/CpG_context_sampling_2693_341_trimmed_bismark_bt2.CpG",864,699,165,864
"6342","07_report/CpG_context_sampling_2693_342_trimmed_bismark_bt2.CpG",902,762,140,902
"6343","07_report/CpG_context_sampling_2693_343_trimmed_bismark_bt2.CpG",877,715,162,877
"6344","07_report/CpG_context_sampling_2693_344_trimmed_bismark_bt2.CpG",863,706,157,863
"6345","07_report/CpG_context_sampling_2693_345_trimmed_bismark_bt2.CpG",876,715,161,876
"6346","07_report/CpG_context_sampling_2693_346_trimmed_bismark_bt2.CpG",858,727,131,858
"6347","07_report/CpG_context_sampling_2693_347_trimmed_bismark_bt2.CpG",868,692,176,868
"6348","07_report/CpG_context_sampling_2693_348_trimmed_bismark_bt2.CpG",906,735,171,906
"6349","07_report/CpG_context_sampling_2693_349_trimmed_bismark_bt2.CpG",814,685,129,814
"6350","07_report/CpG_context_sampling_2693_350_trimmed_bismark_bt2.CpG",878,731,147,878
"6351","07_report/CpG_context_sampling_2693_351_trimmed_bismark_bt2.CpG",895,757,138,895
"6352","07_report/CpG_context_sampling_2693_352_trimmed_bismark_bt2.CpG",846,702,144,846
"6353","07_report/CpG_context_sampling_2693_353_trimmed_bismark_bt2.CpG",878,730,148,878
"6354","07_report/CpG_context_sampling_2693_354_trimmed_bismark_bt2.CpG",858,701,157,858
"6355","07_report/CpG_context_sampling_2693_355_trimmed_bismark_bt2.CpG",905,752,153,905
"6356","07_report/CpG_context_sampling_2693_356_trimmed_bismark_bt2.CpG",893,736,157,893
"6357","07_report/CpG_context_sampling_2693_357_trimmed_bismark_bt2.CpG",851,716,135,851
"6358","07_report/CpG_context_sampling_2693_358_trimmed_bismark_bt2.CpG",822,697,125,822
"6359","07_report/CpG_context_sampling_2693_359_trimmed_bismark_bt2.CpG",893,759,134,893
"6360","07_report/CpG_context_sampling_2693_360_trimmed_bismark_bt2.CpG",857,716,141,857
"6361","07_report/CpG_context_sampling_2693_361_trimmed_bismark_bt2.CpG",874,715,159,874
"6362","07_report/CpG_context_sampling_2693_362_trimmed_bismark_bt2.CpG",878,738,140,878
"6363","07_report/CpG_context_sampling_2693_363_trimmed_bismark_bt2.CpG",889,737,152,889
"6364","07_report/CpG_context_sampling_2693_364_trimmed_bismark_bt2.CpG",894,734,160,894
"6365","07_report/CpG_context_sampling_2693_365_trimmed_bismark_bt2.CpG",876,745,131,876
"6366","07_report/CpG_context_sampling_2693_366_trimmed_bismark_bt2.CpG",844,706,138,844
"6367","07_report/CpG_context_sampling_2693_367_trimmed_bismark_bt2.CpG",863,724,139,863
"6368","07_report/CpG_context_sampling_2693_368_trimmed_bismark_bt2.CpG",888,737,151,888
"6369","07_report/CpG_context_sampling_2693_369_trimmed_bismark_bt2.CpG",870,721,149,870
"6370","07_report/CpG_context_sampling_2693_370_trimmed_bismark_bt2.CpG",862,731,131,862
"6371","07_report/CpG_context_sampling_2693_371_trimmed_bismark_bt2.CpG",898,754,144,898
"6372","07_report/CpG_context_sampling_2693_372_trimmed_bismark_bt2.CpG",877,725,152,877
"6373","07_report/CpG_context_sampling_2693_373_trimmed_bismark_bt2.CpG",867,719,148,867
"6374","07_report/CpG_context_sampling_2693_374_trimmed_bismark_bt2.CpG",871,735,136,871
"6375","07_report/CpG_context_sampling_2693_375_trimmed_bismark_bt2.CpG",912,749,163,912
"6376","07_report/CpG_context_sampling_2693_376_trimmed_bismark_bt2.CpG",879,725,154,879
"6377","07_report/CpG_context_sampling_2693_377_trimmed_bismark_bt2.CpG",860,722,138,860
"6378","07_report/CpG_context_sampling_2693_378_trimmed_bismark_bt2.CpG",882,739,143,882
"6379","07_report/CpG_context_sampling_2693_379_trimmed_bismark_bt2.CpG",860,733,127,860
"6380","07_report/CpG_context_sampling_2693_380_trimmed_bismark_bt2.CpG",838,699,139,838
"6381","07_report/CpG_context_sampling_2693_381_trimmed_bismark_bt2.CpG",894,756,138,894
"6382","07_report/CpG_context_sampling_2693_382_trimmed_bismark_bt2.CpG",894,740,154,894
"6383","07_report/CpG_context_sampling_2693_383_trimmed_bismark_bt2.CpG",872,732,140,872
"6384","07_report/CpG_context_sampling_2693_384_trimmed_bismark_bt2.CpG",884,744,140,884
"6385","07_report/CpG_context_sampling_2693_385_trimmed_bismark_bt2.CpG",856,715,141,856
"6386","07_report/CpG_context_sampling_2693_386_trimmed_bismark_bt2.CpG",857,720,137,857
"6387","07_report/CpG_context_sampling_2693_387_trimmed_bismark_bt2.CpG",909,762,147,909
"6388","07_report/CpG_context_sampling_2693_388_trimmed_bismark_bt2.CpG",887,721,166,887
"6389","07_report/CpG_context_sampling_2693_389_trimmed_bismark_bt2.CpG",840,699,141,840
"6390","07_report/CpG_context_sampling_2693_390_trimmed_bismark_bt2.CpG",864,727,137,864
"6391","07_report/CpG_context_sampling_2693_391_trimmed_bismark_bt2.CpG",838,697,141,838
"6392","07_report/CpG_context_sampling_2693_392_trimmed_bismark_bt2.CpG",846,703,143,846
"6393","07_report/CpG_context_sampling_2693_393_trimmed_bismark_bt2.CpG",912,758,154,912
"6394","07_report/CpG_context_sampling_2693_394_trimmed_bismark_bt2.CpG",891,735,156,891
"6395","07_report/CpG_context_sampling_2693_395_trimmed_bismark_bt2.CpG",880,733,147,880
"6396","07_report/CpG_context_sampling_2693_396_trimmed_bismark_bt2.CpG",853,701,152,853
"6397","07_report/CpG_context_sampling_2693_397_trimmed_bismark_bt2.CpG",874,722,152,874
"6398","07_report/CpG_context_sampling_2693_398_trimmed_bismark_bt2.CpG",888,739,149,888
"6399","07_report/CpG_context_sampling_2693_399_trimmed_bismark_bt2.CpG",854,696,158,854
"6400","07_report/CpG_context_sampling_2693_400_trimmed_bismark_bt2.CpG",877,735,142,877
"6401","07_report/CpG_context_sampling_2693_401_trimmed_bismark_bt2.CpG",897,753,144,897
"6402","07_report/CpG_context_sampling_2693_402_trimmed_bismark_bt2.CpG",898,720,178,898
"6403","07_report/CpG_context_sampling_2693_403_trimmed_bismark_bt2.CpG",904,746,158,904
"6404","07_report/CpG_context_sampling_2693_404_trimmed_bismark_bt2.CpG",884,726,158,884
"6405","07_report/CpG_context_sampling_2693_405_trimmed_bismark_bt2.CpG",940,777,163,940
"6406","07_report/CpG_context_sampling_2693_406_trimmed_bismark_bt2.CpG",815,682,133,815
"6407","07_report/CpG_context_sampling_2693_407_trimmed_bismark_bt2.CpG",877,716,161,877
"6408","07_report/CpG_context_sampling_2693_408_trimmed_bismark_bt2.CpG",855,722,133,855
"6409","07_report/CpG_context_sampling_2693_409_trimmed_bismark_bt2.CpG",860,719,141,860
"6410","07_report/CpG_context_sampling_2693_410_trimmed_bismark_bt2.CpG",845,704,141,845
"6411","07_report/CpG_context_sampling_2693_411_trimmed_bismark_bt2.CpG",870,734,136,870
"6412","07_report/CpG_context_sampling_2693_412_trimmed_bismark_bt2.CpG",892,742,150,892
"6413","07_report/CpG_context_sampling_2693_413_trimmed_bismark_bt2.CpG",884,721,163,884
"6414","07_report/CpG_context_sampling_2693_414_trimmed_bismark_bt2.CpG",884,738,146,884
"6415","07_report/CpG_context_sampling_2693_415_trimmed_bismark_bt2.CpG",908,765,143,908
"6416","07_report/CpG_context_sampling_2693_416_trimmed_bismark_bt2.CpG",854,726,128,854
"6417","07_report/CpG_context_sampling_2693_417_trimmed_bismark_bt2.CpG",894,744,150,894
"6418","07_report/CpG_context_sampling_2693_418_trimmed_bismark_bt2.CpG",873,730,143,873
"6419","07_report/CpG_context_sampling_2693_419_trimmed_bismark_bt2.CpG",894,737,157,894
"6420","07_report/CpG_context_sampling_2693_420_trimmed_bismark_bt2.CpG",910,761,149,910
"6421","07_report/CpG_context_sampling_2693_421_trimmed_bismark_bt2.CpG",899,746,153,899
"6422","07_report/CpG_context_sampling_2693_422_trimmed_bismark_bt2.CpG",888,721,167,888
"6423","07_report/CpG_context_sampling_2693_423_trimmed_bismark_bt2.CpG",853,719,134,853
"6424","07_report/CpG_context_sampling_2693_424_trimmed_bismark_bt2.CpG",843,703,140,843
"6425","07_report/CpG_context_sampling_2693_425_trimmed_bismark_bt2.CpG",825,685,140,825
"6426","07_report/CpG_context_sampling_2693_426_trimmed_bismark_bt2.CpG",875,722,153,875
"6427","07_report/CpG_context_sampling_2693_427_trimmed_bismark_bt2.CpG",881,747,134,881
"6428","07_report/CpG_context_sampling_2693_428_trimmed_bismark_bt2.CpG",862,719,143,862
"6429","07_report/CpG_context_sampling_2693_429_trimmed_bismark_bt2.CpG",901,748,153,901
"6430","07_report/CpG_context_sampling_2693_430_trimmed_bismark_bt2.CpG",854,716,138,854
"6431","07_report/CpG_context_sampling_2693_431_trimmed_bismark_bt2.CpG",890,747,143,890
"6432","07_report/CpG_context_sampling_2693_432_trimmed_bismark_bt2.CpG",871,738,133,871
"6433","07_report/CpG_context_sampling_2693_433_trimmed_bismark_bt2.CpG",873,721,152,873
"6434","07_report/CpG_context_sampling_2693_434_trimmed_bismark_bt2.CpG",878,733,145,878
"6435","07_report/CpG_context_sampling_2693_435_trimmed_bismark_bt2.CpG",879,726,153,879
"6436","07_report/CpG_context_sampling_2693_436_trimmed_bismark_bt2.CpG",865,713,152,865
"6437","07_report/CpG_context_sampling_2693_437_trimmed_bismark_bt2.CpG",870,702,168,870
"6438","07_report/CpG_context_sampling_2693_438_trimmed_bismark_bt2.CpG",860,719,141,860
"6439","07_report/CpG_context_sampling_2693_439_trimmed_bismark_bt2.CpG",830,664,166,830
"6440","07_report/CpG_context_sampling_2693_440_trimmed_bismark_bt2.CpG",867,711,156,867
"6441","07_report/CpG_context_sampling_2693_441_trimmed_bismark_bt2.CpG",828,686,142,828
"6442","07_report/CpG_context_sampling_2693_442_trimmed_bismark_bt2.CpG",915,753,162,915
"6443","07_report/CpG_context_sampling_2693_443_trimmed_bismark_bt2.CpG",854,690,164,854
"6444","07_report/CpG_context_sampling_2693_444_trimmed_bismark_bt2.CpG",862,703,159,862
"6445","07_report/CpG_context_sampling_2693_445_trimmed_bismark_bt2.CpG",876,713,163,876
"6446","07_report/CpG_context_sampling_2693_446_trimmed_bismark_bt2.CpG",837,693,144,837
"6447","07_report/CpG_context_sampling_2693_447_trimmed_bismark_bt2.CpG",845,690,155,845
"6448","07_report/CpG_context_sampling_2693_448_trimmed_bismark_bt2.CpG",826,671,155,826
"6449","07_report/CpG_context_sampling_2693_449_trimmed_bismark_bt2.CpG",870,729,141,870
"6450","07_report/CpG_context_sampling_2693_450_trimmed_bismark_bt2.CpG",861,715,146,861
"6451","07_report/CpG_context_sampling_2693_451_trimmed_bismark_bt2.CpG",880,719,161,880
"6452","07_report/CpG_context_sampling_2693_452_trimmed_bismark_bt2.CpG",871,725,146,871
"6453","07_report/CpG_context_sampling_2693_453_trimmed_bismark_bt2.CpG",831,707,124,831
"6454","07_report/CpG_context_sampling_2693_454_trimmed_bismark_bt2.CpG",855,706,149,855
"6455","07_report/CpG_context_sampling_2693_455_trimmed_bismark_bt2.CpG",885,734,151,885
"6456","07_report/CpG_context_sampling_2693_456_trimmed_bismark_bt2.CpG",884,742,142,884
"6457","07_report/CpG_context_sampling_2693_457_trimmed_bismark_bt2.CpG",863,729,134,863
"6458","07_report/CpG_context_sampling_2693_458_trimmed_bismark_bt2.CpG",835,695,140,835
"6459","07_report/CpG_context_sampling_2693_459_trimmed_bismark_bt2.CpG",885,738,147,885
"6460","07_report/CpG_context_sampling_2693_460_trimmed_bismark_bt2.CpG",849,684,165,849
"6461","07_report/CpG_context_sampling_2693_461_trimmed_bismark_bt2.CpG",872,732,140,872
"6462","07_report/CpG_context_sampling_2693_462_trimmed_bismark_bt2.CpG",856,680,176,856
"6463","07_report/CpG_context_sampling_2693_463_trimmed_bismark_bt2.CpG",895,741,154,895
"6464","07_report/CpG_context_sampling_2693_464_trimmed_bismark_bt2.CpG",880,721,159,880
"6465","07_report/CpG_context_sampling_2693_465_trimmed_bismark_bt2.CpG",876,730,146,876
"6466","07_report/CpG_context_sampling_2693_466_trimmed_bismark_bt2.CpG",871,698,173,871
"6467","07_report/CpG_context_sampling_2693_467_trimmed_bismark_bt2.CpG",877,736,141,877
"6468","07_report/CpG_context_sampling_2693_468_trimmed_bismark_bt2.CpG",883,721,162,883
"6469","07_report/CpG_context_sampling_2693_469_trimmed_bismark_bt2.CpG",900,755,145,900
"6470","07_report/CpG_context_sampling_2693_470_trimmed_bismark_bt2.CpG",837,706,131,837
"6471","07_report/CpG_context_sampling_2693_471_trimmed_bismark_bt2.CpG",865,716,149,865
"6472","07_report/CpG_context_sampling_2693_472_trimmed_bismark_bt2.CpG",845,677,168,845
"6473","07_report/CpG_context_sampling_2693_473_trimmed_bismark_bt2.CpG",863,718,145,863
"6474","07_report/CpG_context_sampling_2693_474_trimmed_bismark_bt2.CpG",870,712,158,870
"6475","07_report/CpG_context_sampling_2693_475_trimmed_bismark_bt2.CpG",861,726,135,861
"6476","07_report/CpG_context_sampling_2693_476_trimmed_bismark_bt2.CpG",845,696,149,845
"6477","07_report/CpG_context_sampling_2693_477_trimmed_bismark_bt2.CpG",850,711,139,850
"6478","07_report/CpG_context_sampling_2693_478_trimmed_bismark_bt2.CpG",842,717,125,842
"6479","07_report/CpG_context_sampling_2693_479_trimmed_bismark_bt2.CpG",891,742,149,891
"6480","07_report/CpG_context_sampling_2693_480_trimmed_bismark_bt2.CpG",871,712,159,871
"6481","07_report/CpG_context_sampling_2693_481_trimmed_bismark_bt2.CpG",862,729,133,862
"6482","07_report/CpG_context_sampling_2693_482_trimmed_bismark_bt2.CpG",844,716,128,844
"6483","07_report/CpG_context_sampling_2693_483_trimmed_bismark_bt2.CpG",891,742,149,891
"6484","07_report/CpG_context_sampling_2693_484_trimmed_bismark_bt2.CpG",855,718,137,855
"6485","07_report/CpG_context_sampling_2693_485_trimmed_bismark_bt2.CpG",918,788,130,918
"6486","07_report/CpG_context_sampling_2693_486_trimmed_bismark_bt2.CpG",892,749,143,892
"6487","07_report/CpG_context_sampling_2693_487_trimmed_bismark_bt2.CpG",867,721,146,867
"6488","07_report/CpG_context_sampling_2693_488_trimmed_bismark_bt2.CpG",869,734,135,869
"6489","07_report/CpG_context_sampling_2693_489_trimmed_bismark_bt2.CpG",877,732,145,877
"6490","07_report/CpG_context_sampling_2693_490_trimmed_bismark_bt2.CpG",891,739,152,891
"6491","07_report/CpG_context_sampling_2693_491_trimmed_bismark_bt2.CpG",851,703,148,851
"6492","07_report/CpG_context_sampling_2693_492_trimmed_bismark_bt2.CpG",858,711,147,858
"6493","07_report/CpG_context_sampling_2693_493_trimmed_bismark_bt2.CpG",850,730,120,850
"6494","07_report/CpG_context_sampling_2693_494_trimmed_bismark_bt2.CpG",871,727,144,871
"6495","07_report/CpG_context_sampling_2693_495_trimmed_bismark_bt2.CpG",884,748,136,884
"6496","07_report/CpG_context_sampling_2693_496_trimmed_bismark_bt2.CpG",819,665,154,819
"6497","07_report/CpG_context_sampling_2693_497_trimmed_bismark_bt2.CpG",864,712,152,864
"6498","07_report/CpG_context_sampling_2693_498_trimmed_bismark_bt2.CpG",828,700,128,828
"6499","07_report/CpG_context_sampling_2693_499_trimmed_bismark_bt2.CpG",892,745,147,892
"6500","07_report/CpG_context_sampling_2693_500_trimmed_bismark_bt2.CpG",860,720,140,860
"6501","07_report/CpG_context_sampling_2693_501_trimmed_bismark_bt2.CpG",903,774,129,903
"6502","07_report/CpG_context_sampling_2693_502_trimmed_bismark_bt2.CpG",864,699,165,864
"6503","07_report/CpG_context_sampling_2693_503_trimmed_bismark_bt2.CpG",864,711,153,864
"6504","07_report/CpG_context_sampling_2693_504_trimmed_bismark_bt2.CpG",890,734,156,890
"6505","07_report/CpG_context_sampling_2693_505_trimmed_bismark_bt2.CpG",852,726,126,852
"6506","07_report/CpG_context_sampling_2693_506_trimmed_bismark_bt2.CpG",875,738,137,875
"6507","07_report/CpG_context_sampling_2693_507_trimmed_bismark_bt2.CpG",867,729,138,867
"6508","07_report/CpG_context_sampling_2693_508_trimmed_bismark_bt2.CpG",849,695,154,849
"6509","07_report/CpG_context_sampling_2693_509_trimmed_bismark_bt2.CpG",857,710,147,857
"6510","07_report/CpG_context_sampling_2693_510_trimmed_bismark_bt2.CpG",811,661,150,811
"6511","07_report/CpG_context_sampling_2693_511_trimmed_bismark_bt2.CpG",906,746,160,906
"6512","07_report/CpG_context_sampling_2693_512_trimmed_bismark_bt2.CpG",864,716,148,864
"6513","07_report/CpG_context_sampling_2693_513_trimmed_bismark_bt2.CpG",815,672,143,815
"6514","07_report/CpG_context_sampling_2693_514_trimmed_bismark_bt2.CpG",831,672,159,831
"6515","07_report/CpG_context_sampling_2693_515_trimmed_bismark_bt2.CpG",855,713,142,855
"6516","07_report/CpG_context_sampling_2693_516_trimmed_bismark_bt2.CpG",847,718,129,847
"6517","07_report/CpG_context_sampling_2693_517_trimmed_bismark_bt2.CpG",874,720,154,874
"6518","07_report/CpG_context_sampling_2693_518_trimmed_bismark_bt2.CpG",880,725,155,880
"6519","07_report/CpG_context_sampling_2693_519_trimmed_bismark_bt2.CpG",858,734,124,858
"6520","07_report/CpG_context_sampling_2693_520_trimmed_bismark_bt2.CpG",888,744,144,888
"6521","07_report/CpG_context_sampling_2693_521_trimmed_bismark_bt2.CpG",834,691,143,834
"6522","07_report/CpG_context_sampling_2693_522_trimmed_bismark_bt2.CpG",867,709,158,867
"6523","07_report/CpG_context_sampling_2693_523_trimmed_bismark_bt2.CpG",864,754,110,864
"6524","07_report/CpG_context_sampling_2693_524_trimmed_bismark_bt2.CpG",928,777,151,928
"6525","07_report/CpG_context_sampling_2693_525_trimmed_bismark_bt2.CpG",892,714,178,892
"6526","07_report/CpG_context_sampling_2693_526_trimmed_bismark_bt2.CpG",881,734,147,881
"6527","07_report/CpG_context_sampling_2693_527_trimmed_bismark_bt2.CpG",875,743,132,875
"6528","07_report/CpG_context_sampling_2693_528_trimmed_bismark_bt2.CpG",853,704,149,853
"6529","07_report/CpG_context_sampling_2693_529_trimmed_bismark_bt2.CpG",916,750,166,916
"6530","07_report/CpG_context_sampling_2693_530_trimmed_bismark_bt2.CpG",873,721,152,873
"6531","07_report/CpG_context_sampling_2693_531_trimmed_bismark_bt2.CpG",852,689,163,852
"6532","07_report/CpG_context_sampling_2693_532_trimmed_bismark_bt2.CpG",916,760,156,916
"6533","07_report/CpG_context_sampling_2693_533_trimmed_bismark_bt2.CpG",822,688,134,822
"6534","07_report/CpG_context_sampling_2693_534_trimmed_bismark_bt2.CpG",905,769,136,905
"6535","07_report/CpG_context_sampling_2693_535_trimmed_bismark_bt2.CpG",853,717,136,853
"6536","07_report/CpG_context_sampling_2693_536_trimmed_bismark_bt2.CpG",909,782,127,909
"6537","07_report/CpG_context_sampling_2693_537_trimmed_bismark_bt2.CpG",862,718,144,862
"6538","07_report/CpG_context_sampling_2693_538_trimmed_bismark_bt2.CpG",900,729,171,900
"6539","07_report/CpG_context_sampling_2693_539_trimmed_bismark_bt2.CpG",857,704,153,857
"6540","07_report/CpG_context_sampling_2693_540_trimmed_bismark_bt2.CpG",883,737,146,883
"6541","07_report/CpG_context_sampling_2693_541_trimmed_bismark_bt2.CpG",851,705,146,851
"6542","07_report/CpG_context_sampling_2693_542_trimmed_bismark_bt2.CpG",845,702,143,845
"6543","07_report/CpG_context_sampling_2693_543_trimmed_bismark_bt2.CpG",869,736,133,869
"6544","07_report/CpG_context_sampling_2693_544_trimmed_bismark_bt2.CpG",861,730,131,861
"6545","07_report/CpG_context_sampling_2693_545_trimmed_bismark_bt2.CpG",902,752,150,902
"6546","07_report/CpG_context_sampling_2693_546_trimmed_bismark_bt2.CpG",850,706,144,850
"6547","07_report/CpG_context_sampling_2693_547_trimmed_bismark_bt2.CpG",833,702,131,833
"6548","07_report/CpG_context_sampling_2693_548_trimmed_bismark_bt2.CpG",878,719,159,878
"6549","07_report/CpG_context_sampling_2693_549_trimmed_bismark_bt2.CpG",854,698,156,854
"6550","07_report/CpG_context_sampling_2693_550_trimmed_bismark_bt2.CpG",849,712,137,849
"6551","07_report/CpG_context_sampling_2693_551_trimmed_bismark_bt2.CpG",839,689,150,839
"6552","07_report/CpG_context_sampling_2693_552_trimmed_bismark_bt2.CpG",865,730,135,865
"6553","07_report/CpG_context_sampling_2693_553_trimmed_bismark_bt2.CpG",858,701,157,858
"6554","07_report/CpG_context_sampling_2693_554_trimmed_bismark_bt2.CpG",869,720,149,869
"6555","07_report/CpG_context_sampling_2693_555_trimmed_bismark_bt2.CpG",845,682,163,845
"6556","07_report/CpG_context_sampling_2693_556_trimmed_bismark_bt2.CpG",859,719,140,859
"6557","07_report/CpG_context_sampling_2693_557_trimmed_bismark_bt2.CpG",864,727,137,864
"6558","07_report/CpG_context_sampling_2693_558_trimmed_bismark_bt2.CpG",861,697,164,861
"6559","07_report/CpG_context_sampling_2693_559_trimmed_bismark_bt2.CpG",887,743,144,887
"6560","07_report/CpG_context_sampling_2693_560_trimmed_bismark_bt2.CpG",907,763,144,907
"6561","07_report/CpG_context_sampling_2693_561_trimmed_bismark_bt2.CpG",885,725,160,885
"6562","07_report/CpG_context_sampling_2693_562_trimmed_bismark_bt2.CpG",868,732,136,868
"6563","07_report/CpG_context_sampling_2693_563_trimmed_bismark_bt2.CpG",851,721,130,851
"6564","07_report/CpG_context_sampling_2693_564_trimmed_bismark_bt2.CpG",922,786,136,922
"6565","07_report/CpG_context_sampling_2693_565_trimmed_bismark_bt2.CpG",901,786,115,901
"6566","07_report/CpG_context_sampling_2693_566_trimmed_bismark_bt2.CpG",878,723,155,878
"6567","07_report/CpG_context_sampling_2693_567_trimmed_bismark_bt2.CpG",849,717,132,849
"6568","07_report/CpG_context_sampling_2693_568_trimmed_bismark_bt2.CpG",845,702,143,845
"6569","07_report/CpG_context_sampling_2693_569_trimmed_bismark_bt2.CpG",891,752,139,891
"6570","07_report/CpG_context_sampling_2693_570_trimmed_bismark_bt2.CpG",866,724,142,866
"6571","07_report/CpG_context_sampling_2693_571_trimmed_bismark_bt2.CpG",899,741,158,899
"6572","07_report/CpG_context_sampling_2693_572_trimmed_bismark_bt2.CpG",879,714,165,879
"6573","07_report/CpG_context_sampling_2693_573_trimmed_bismark_bt2.CpG",853,718,135,853
"6574","07_report/CpG_context_sampling_2693_574_trimmed_bismark_bt2.CpG",892,705,187,892
"6575","07_report/CpG_context_sampling_2693_575_trimmed_bismark_bt2.CpG",879,729,150,879
"6576","07_report/CpG_context_sampling_2693_576_trimmed_bismark_bt2.CpG",884,738,146,884
"6577","07_report/CpG_context_sampling_2693_577_trimmed_bismark_bt2.CpG",885,740,145,885
"6578","07_report/CpG_context_sampling_2693_578_trimmed_bismark_bt2.CpG",864,712,152,864
"6579","07_report/CpG_context_sampling_2693_579_trimmed_bismark_bt2.CpG",878,736,142,878
"6580","07_report/CpG_context_sampling_2693_580_trimmed_bismark_bt2.CpG",854,710,144,854
"6581","07_report/CpG_context_sampling_2693_581_trimmed_bismark_bt2.CpG",882,758,124,882
"6582","07_report/CpG_context_sampling_2693_582_trimmed_bismark_bt2.CpG",854,734,120,854
"6583","07_report/CpG_context_sampling_2693_583_trimmed_bismark_bt2.CpG",858,710,148,858
"6584","07_report/CpG_context_sampling_2693_584_trimmed_bismark_bt2.CpG",899,737,162,899
"6585","07_report/CpG_context_sampling_2693_585_trimmed_bismark_bt2.CpG",879,746,133,879
"6586","07_report/CpG_context_sampling_2693_586_trimmed_bismark_bt2.CpG",911,776,135,911
"6587","07_report/CpG_context_sampling_2693_587_trimmed_bismark_bt2.CpG",901,741,160,901
"6588","07_report/CpG_context_sampling_2693_588_trimmed_bismark_bt2.CpG",830,680,150,830
"6589","07_report/CpG_context_sampling_2693_589_trimmed_bismark_bt2.CpG",878,724,154,878
"6590","07_report/CpG_context_sampling_2693_590_trimmed_bismark_bt2.CpG",891,744,147,891
"6591","07_report/CpG_context_sampling_2693_591_trimmed_bismark_bt2.CpG",854,727,127,854
"6592","07_report/CpG_context_sampling_2693_592_trimmed_bismark_bt2.CpG",853,716,137,853
"6593","07_report/CpG_context_sampling_2693_593_trimmed_bismark_bt2.CpG",871,726,145,871
"6594","07_report/CpG_context_sampling_2693_594_trimmed_bismark_bt2.CpG",884,750,134,884
"6595","07_report/CpG_context_sampling_2693_595_trimmed_bismark_bt2.CpG",884,722,162,884
"6596","07_report/CpG_context_sampling_2693_596_trimmed_bismark_bt2.CpG",907,769,138,907
"6597","07_report/CpG_context_sampling_2693_597_trimmed_bismark_bt2.CpG",888,754,134,888
"6598","07_report/CpG_context_sampling_2693_598_trimmed_bismark_bt2.CpG",873,718,155,873
"6599","07_report/CpG_context_sampling_2693_599_trimmed_bismark_bt2.CpG",893,743,150,893
"6600","07_report/CpG_context_sampling_2693_600_trimmed_bismark_bt2.CpG",892,760,132,892
"6601","07_report/CpG_context_sampling_2693_601_trimmed_bismark_bt2.CpG",861,709,152,861
"6602","07_report/CpG_context_sampling_2693_602_trimmed_bismark_bt2.CpG",885,737,148,885
"6603","07_report/CpG_context_sampling_2693_603_trimmed_bismark_bt2.CpG",870,712,158,870
"6604","07_report/CpG_context_sampling_2693_604_trimmed_bismark_bt2.CpG",902,747,155,902
"6605","07_report/CpG_context_sampling_2693_605_trimmed_bismark_bt2.CpG",911,747,164,911
"6606","07_report/CpG_context_sampling_2693_606_trimmed_bismark_bt2.CpG",903,751,152,903
"6607","07_report/CpG_context_sampling_2693_607_trimmed_bismark_bt2.CpG",902,739,163,902
"6608","07_report/CpG_context_sampling_2693_608_trimmed_bismark_bt2.CpG",882,720,162,882
"6609","07_report/CpG_context_sampling_2693_609_trimmed_bismark_bt2.CpG",847,702,145,847
"6610","07_report/CpG_context_sampling_2693_610_trimmed_bismark_bt2.CpG",903,745,158,903
"6611","07_report/CpG_context_sampling_2693_611_trimmed_bismark_bt2.CpG",865,728,137,865
"6612","07_report/CpG_context_sampling_2693_612_trimmed_bismark_bt2.CpG",874,719,155,874
"6613","07_report/CpG_context_sampling_2693_613_trimmed_bismark_bt2.CpG",859,718,141,859
"6614","07_report/CpG_context_sampling_2693_614_trimmed_bismark_bt2.CpG",834,694,140,834
"6615","07_report/CpG_context_sampling_2693_615_trimmed_bismark_bt2.CpG",873,730,143,873
"6616","07_report/CpG_context_sampling_2693_616_trimmed_bismark_bt2.CpG",909,754,155,909
"6617","07_report/CpG_context_sampling_2693_617_trimmed_bismark_bt2.CpG",817,686,131,817
"6618","07_report/CpG_context_sampling_2693_618_trimmed_bismark_bt2.CpG",884,757,127,884
"6619","07_report/CpG_context_sampling_2693_619_trimmed_bismark_bt2.CpG",901,752,149,901
"6620","07_report/CpG_context_sampling_2693_620_trimmed_bismark_bt2.CpG",863,731,132,863
"6621","07_report/CpG_context_sampling_2693_621_trimmed_bismark_bt2.CpG",858,712,146,858
"6622","07_report/CpG_context_sampling_2693_622_trimmed_bismark_bt2.CpG",878,725,153,878
"6623","07_report/CpG_context_sampling_2693_623_trimmed_bismark_bt2.CpG",864,717,147,864
"6624","07_report/CpG_context_sampling_2693_624_trimmed_bismark_bt2.CpG",862,702,160,862
"6625","07_report/CpG_context_sampling_2693_625_trimmed_bismark_bt2.CpG",852,729,123,852
"6626","07_report/CpG_context_sampling_2693_626_trimmed_bismark_bt2.CpG",865,710,155,865
"6627","07_report/CpG_context_sampling_2693_627_trimmed_bismark_bt2.CpG",847,691,156,847
"6628","07_report/CpG_context_sampling_2693_628_trimmed_bismark_bt2.CpG",854,712,142,854
"6629","07_report/CpG_context_sampling_2693_629_trimmed_bismark_bt2.CpG",935,779,156,935
"6630","07_report/CpG_context_sampling_2693_630_trimmed_bismark_bt2.CpG",883,741,142,883
"6631","07_report/CpG_context_sampling_2693_631_trimmed_bismark_bt2.CpG",815,690,125,815
"6632","07_report/CpG_context_sampling_2693_632_trimmed_bismark_bt2.CpG",879,726,153,879
"6633","07_report/CpG_context_sampling_2693_633_trimmed_bismark_bt2.CpG",893,734,159,893
"6634","07_report/CpG_context_sampling_2693_634_trimmed_bismark_bt2.CpG",866,709,157,866
"6635","07_report/CpG_context_sampling_2693_635_trimmed_bismark_bt2.CpG",884,752,132,884
"6636","07_report/CpG_context_sampling_2693_636_trimmed_bismark_bt2.CpG",822,680,142,822
"6637","07_report/CpG_context_sampling_2693_637_trimmed_bismark_bt2.CpG",861,718,143,861
"6638","07_report/CpG_context_sampling_2693_638_trimmed_bismark_bt2.CpG",853,692,161,853
"6639","07_report/CpG_context_sampling_2693_639_trimmed_bismark_bt2.CpG",906,729,177,906
"6640","07_report/CpG_context_sampling_2693_640_trimmed_bismark_bt2.CpG",915,746,169,915
"6641","07_report/CpG_context_sampling_2693_641_trimmed_bismark_bt2.CpG",888,727,161,888
"6642","07_report/CpG_context_sampling_2693_642_trimmed_bismark_bt2.CpG",875,738,137,875
"6643","07_report/CpG_context_sampling_2693_643_trimmed_bismark_bt2.CpG",865,719,146,865
"6644","07_report/CpG_context_sampling_2693_644_trimmed_bismark_bt2.CpG",821,671,150,821
"6645","07_report/CpG_context_sampling_2693_645_trimmed_bismark_bt2.CpG",903,751,152,903
"6646","07_report/CpG_context_sampling_2693_646_trimmed_bismark_bt2.CpG",882,723,159,882
"6647","07_report/CpG_context_sampling_2693_647_trimmed_bismark_bt2.CpG",905,768,137,905
"6648","07_report/CpG_context_sampling_2693_648_trimmed_bismark_bt2.CpG",850,707,143,850
"6649","07_report/CpG_context_sampling_2693_649_trimmed_bismark_bt2.CpG",860,738,122,860
"6650","07_report/CpG_context_sampling_2693_650_trimmed_bismark_bt2.CpG",873,697,176,873
"6651","07_report/CpG_context_sampling_2693_651_trimmed_bismark_bt2.CpG",890,735,155,890
"6652","07_report/CpG_context_sampling_2693_652_trimmed_bismark_bt2.CpG",870,720,150,870
"6653","07_report/CpG_context_sampling_2693_653_trimmed_bismark_bt2.CpG",865,724,141,865
"6654","07_report/CpG_context_sampling_2693_654_trimmed_bismark_bt2.CpG",870,727,143,870
"6655","07_report/CpG_context_sampling_2693_655_trimmed_bismark_bt2.CpG",883,731,152,883
"6656","07_report/CpG_context_sampling_2693_656_trimmed_bismark_bt2.CpG",877,717,160,877
"6657","07_report/CpG_context_sampling_2693_657_trimmed_bismark_bt2.CpG",850,695,155,850
"6658","07_report/CpG_context_sampling_2693_658_trimmed_bismark_bt2.CpG",924,765,159,924
"6659","07_report/CpG_context_sampling_2693_659_trimmed_bismark_bt2.CpG",863,721,142,863
"6660","07_report/CpG_context_sampling_2693_660_trimmed_bismark_bt2.CpG",894,734,160,894
"6661","07_report/CpG_context_sampling_2693_661_trimmed_bismark_bt2.CpG",842,680,162,842
"6662","07_report/CpG_context_sampling_2693_662_trimmed_bismark_bt2.CpG",840,704,136,840
"6663","07_report/CpG_context_sampling_2693_663_trimmed_bismark_bt2.CpG",885,724,161,885
"6664","07_report/CpG_context_sampling_2693_664_trimmed_bismark_bt2.CpG",880,750,130,880
"6665","07_report/CpG_context_sampling_2693_665_trimmed_bismark_bt2.CpG",858,725,133,858
"6666","07_report/CpG_context_sampling_2693_666_trimmed_bismark_bt2.CpG",866,713,153,866
"6667","07_report/CpG_context_sampling_2693_667_trimmed_bismark_bt2.CpG",911,761,150,911
"6668","07_report/CpG_context_sampling_2693_668_trimmed_bismark_bt2.CpG",886,742,144,886
"6669","07_report/CpG_context_sampling_2693_669_trimmed_bismark_bt2.CpG",900,731,169,900
"6670","07_report/CpG_context_sampling_2693_670_trimmed_bismark_bt2.CpG",862,716,146,862
"6671","07_report/CpG_context_sampling_2693_671_trimmed_bismark_bt2.CpG",847,703,144,847
"6672","07_report/CpG_context_sampling_2693_672_trimmed_bismark_bt2.CpG",879,737,142,879
"6673","07_report/CpG_context_sampling_2693_673_trimmed_bismark_bt2.CpG",843,706,137,843
"6674","07_report/CpG_context_sampling_2693_674_trimmed_bismark_bt2.CpG",880,730,150,880
"6675","07_report/CpG_context_sampling_2693_675_trimmed_bismark_bt2.CpG",874,733,141,874
"6676","07_report/CpG_context_sampling_2693_676_trimmed_bismark_bt2.CpG",854,698,156,854
"6677","07_report/CpG_context_sampling_2693_677_trimmed_bismark_bt2.CpG",869,724,145,869
"6678","07_report/CpG_context_sampling_2693_678_trimmed_bismark_bt2.CpG",875,732,143,875
"6679","07_report/CpG_context_sampling_2693_679_trimmed_bismark_bt2.CpG",864,723,141,864
"6680","07_report/CpG_context_sampling_2693_680_trimmed_bismark_bt2.CpG",875,734,141,875
"6681","07_report/CpG_context_sampling_2693_681_trimmed_bismark_bt2.CpG",865,721,144,865
"6682","07_report/CpG_context_sampling_2693_682_trimmed_bismark_bt2.CpG",901,757,144,901
"6683","07_report/CpG_context_sampling_2693_683_trimmed_bismark_bt2.CpG",896,758,138,896
"6684","07_report/CpG_context_sampling_2693_684_trimmed_bismark_bt2.CpG",895,753,142,895
"6685","07_report/CpG_context_sampling_2693_685_trimmed_bismark_bt2.CpG",858,702,156,858
"6686","07_report/CpG_context_sampling_2693_686_trimmed_bismark_bt2.CpG",876,722,154,876
"6687","07_report/CpG_context_sampling_2693_687_trimmed_bismark_bt2.CpG",812,664,148,812
"6688","07_report/CpG_context_sampling_2693_688_trimmed_bismark_bt2.CpG",856,725,131,856
"6689","07_report/CpG_context_sampling_2693_689_trimmed_bismark_bt2.CpG",849,716,133,849
"6690","07_report/CpG_context_sampling_2693_690_trimmed_bismark_bt2.CpG",877,736,141,877
"6691","07_report/CpG_context_sampling_2693_691_trimmed_bismark_bt2.CpG",880,727,153,880
"6692","07_report/CpG_context_sampling_2693_692_trimmed_bismark_bt2.CpG",885,738,147,885
"6693","07_report/CpG_context_sampling_2693_693_trimmed_bismark_bt2.CpG",867,715,152,867
"6694","07_report/CpG_context_sampling_2693_694_trimmed_bismark_bt2.CpG",909,761,148,909
"6695","07_report/CpG_context_sampling_2693_695_trimmed_bismark_bt2.CpG",838,694,144,838
"6696","07_report/CpG_context_sampling_2693_696_trimmed_bismark_bt2.CpG",883,720,163,883
"6697","07_report/CpG_context_sampling_2693_697_trimmed_bismark_bt2.CpG",886,757,129,886
"6698","07_report/CpG_context_sampling_2693_698_trimmed_bismark_bt2.CpG",847,689,158,847
"6699","07_report/CpG_context_sampling_2693_699_trimmed_bismark_bt2.CpG",898,741,157,898
"6700","07_report/CpG_context_sampling_2693_700_trimmed_bismark_bt2.CpG",836,696,140,836
"6701","07_report/CpG_context_sampling_2693_701_trimmed_bismark_bt2.CpG",884,741,143,884
"6702","07_report/CpG_context_sampling_2693_702_trimmed_bismark_bt2.CpG",844,696,148,844
"6703","07_report/CpG_context_sampling_2693_703_trimmed_bismark_bt2.CpG",871,723,148,871
"6704","07_report/CpG_context_sampling_2693_704_trimmed_bismark_bt2.CpG",877,743,134,877
"6705","07_report/CpG_context_sampling_2693_705_trimmed_bismark_bt2.CpG",893,749,144,893
"6706","07_report/CpG_context_sampling_2693_706_trimmed_bismark_bt2.CpG",880,752,128,880
"6707","07_report/CpG_context_sampling_2693_707_trimmed_bismark_bt2.CpG",906,746,160,906
"6708","07_report/CpG_context_sampling_2693_708_trimmed_bismark_bt2.CpG",858,716,142,858
"6709","07_report/CpG_context_sampling_2693_709_trimmed_bismark_bt2.CpG",853,701,152,853
"6710","07_report/CpG_context_sampling_2693_710_trimmed_bismark_bt2.CpG",876,745,131,876
"6711","07_report/CpG_context_sampling_2693_711_trimmed_bismark_bt2.CpG",870,704,166,870
"6712","07_report/CpG_context_sampling_2693_712_trimmed_bismark_bt2.CpG",874,710,164,874
"6713","07_report/CpG_context_sampling_2693_713_trimmed_bismark_bt2.CpG",937,789,148,937
"6714","07_report/CpG_context_sampling_2693_714_trimmed_bismark_bt2.CpG",843,693,150,843
"6715","07_report/CpG_context_sampling_2693_715_trimmed_bismark_bt2.CpG",890,751,139,890
"6716","07_report/CpG_context_sampling_2693_716_trimmed_bismark_bt2.CpG",881,724,157,881
"6717","07_report/CpG_context_sampling_2693_717_trimmed_bismark_bt2.CpG",871,719,152,871
"6718","07_report/CpG_context_sampling_2693_718_trimmed_bismark_bt2.CpG",832,687,145,832
"6719","07_report/CpG_context_sampling_2693_719_trimmed_bismark_bt2.CpG",852,713,139,852
"6720","07_report/CpG_context_sampling_2693_720_trimmed_bismark_bt2.CpG",856,714,142,856
"6721","07_report/CpG_context_sampling_2693_721_trimmed_bismark_bt2.CpG",902,753,149,902
"6722","07_report/CpG_context_sampling_2693_722_trimmed_bismark_bt2.CpG",907,759,148,907
"6723","07_report/CpG_context_sampling_2693_723_trimmed_bismark_bt2.CpG",867,722,145,867
"6724","07_report/CpG_context_sampling_2693_724_trimmed_bismark_bt2.CpG",861,724,137,861
"6725","07_report/CpG_context_sampling_2693_725_trimmed_bismark_bt2.CpG",925,768,157,925
"6726","07_report/CpG_context_sampling_2693_726_trimmed_bismark_bt2.CpG",885,726,159,885
"6727","07_report/CpG_context_sampling_2693_727_trimmed_bismark_bt2.CpG",880,744,136,880
"6728","07_report/CpG_context_sampling_2693_728_trimmed_bismark_bt2.CpG",875,736,139,875
"6729","07_report/CpG_context_sampling_2693_729_trimmed_bismark_bt2.CpG",870,705,165,870
"6730","07_report/CpG_context_sampling_2693_730_trimmed_bismark_bt2.CpG",890,750,140,890
"6731","07_report/CpG_context_sampling_2693_731_trimmed_bismark_bt2.CpG",888,735,153,888
"6732","07_report/CpG_context_sampling_2693_732_trimmed_bismark_bt2.CpG",897,744,153,897
"6733","07_report/CpG_context_sampling_2693_733_trimmed_bismark_bt2.CpG",902,751,151,902
"6734","07_report/CpG_context_sampling_2693_734_trimmed_bismark_bt2.CpG",900,730,170,900
"6735","07_report/CpG_context_sampling_2693_735_trimmed_bismark_bt2.CpG",878,744,134,878
"6736","07_report/CpG_context_sampling_2693_736_trimmed_bismark_bt2.CpG",866,728,138,866
"6737","07_report/CpG_context_sampling_2693_737_trimmed_bismark_bt2.CpG",894,750,144,894
"6738","07_report/CpG_context_sampling_2693_738_trimmed_bismark_bt2.CpG",861,718,143,861
"6739","07_report/CpG_context_sampling_2693_739_trimmed_bismark_bt2.CpG",879,718,161,879
"6740","07_report/CpG_context_sampling_2693_740_trimmed_bismark_bt2.CpG",835,705,130,835
"6741","07_report/CpG_context_sampling_2693_741_trimmed_bismark_bt2.CpG",874,714,160,874
"6742","07_report/CpG_context_sampling_2693_742_trimmed_bismark_bt2.CpG",815,676,139,815
"6743","07_report/CpG_context_sampling_2693_743_trimmed_bismark_bt2.CpG",873,706,167,873
"6744","07_report/CpG_context_sampling_2693_744_trimmed_bismark_bt2.CpG",871,720,151,871
"6745","07_report/CpG_context_sampling_2693_745_trimmed_bismark_bt2.CpG",887,743,144,887
"6746","07_report/CpG_context_sampling_2693_746_trimmed_bismark_bt2.CpG",870,718,152,870
"6747","07_report/CpG_context_sampling_2693_747_trimmed_bismark_bt2.CpG",893,742,151,893
"6748","07_report/CpG_context_sampling_2693_748_trimmed_bismark_bt2.CpG",876,738,138,876
"6749","07_report/CpG_context_sampling_2693_749_trimmed_bismark_bt2.CpG",850,697,153,850
"6750","07_report/CpG_context_sampling_2693_750_trimmed_bismark_bt2.CpG",904,753,151,904
"6751","07_report/CpG_context_sampling_2693_751_trimmed_bismark_bt2.CpG",860,710,150,860
"6752","07_report/CpG_context_sampling_2693_752_trimmed_bismark_bt2.CpG",816,671,145,816
"6753","07_report/CpG_context_sampling_2693_753_trimmed_bismark_bt2.CpG",840,690,150,840
"6754","07_report/CpG_context_sampling_2693_754_trimmed_bismark_bt2.CpG",915,751,164,915
"6755","07_report/CpG_context_sampling_2693_755_trimmed_bismark_bt2.CpG",877,720,157,877
"6756","07_report/CpG_context_sampling_2693_756_trimmed_bismark_bt2.CpG",871,720,151,871
"6757","07_report/CpG_context_sampling_2693_757_trimmed_bismark_bt2.CpG",863,696,167,863
"6758","07_report/CpG_context_sampling_2693_758_trimmed_bismark_bt2.CpG",868,704,164,868
"6759","07_report/CpG_context_sampling_2693_759_trimmed_bismark_bt2.CpG",845,683,162,845
"6760","07_report/CpG_context_sampling_2693_760_trimmed_bismark_bt2.CpG",849,712,137,849
"6761","07_report/CpG_context_sampling_2693_761_trimmed_bismark_bt2.CpG",870,738,132,870
"6762","07_report/CpG_context_sampling_2693_762_trimmed_bismark_bt2.CpG",857,708,149,857
"6763","07_report/CpG_context_sampling_2693_763_trimmed_bismark_bt2.CpG",906,731,175,906
"6764","07_report/CpG_context_sampling_2693_764_trimmed_bismark_bt2.CpG",904,761,143,904
"6765","07_report/CpG_context_sampling_2693_765_trimmed_bismark_bt2.CpG",876,731,145,876
"6766","07_report/CpG_context_sampling_2693_766_trimmed_bismark_bt2.CpG",850,689,161,850
"6767","07_report/CpG_context_sampling_2693_767_trimmed_bismark_bt2.CpG",901,743,158,901
"6768","07_report/CpG_context_sampling_2693_768_trimmed_bismark_bt2.CpG",815,662,153,815
"6769","07_report/CpG_context_sampling_2693_769_trimmed_bismark_bt2.CpG",855,690,165,855
"6770","07_report/CpG_context_sampling_2693_770_trimmed_bismark_bt2.CpG",882,734,148,882
"6771","07_report/CpG_context_sampling_2693_771_trimmed_bismark_bt2.CpG",900,759,141,900
"6772","07_report/CpG_context_sampling_2693_772_trimmed_bismark_bt2.CpG",875,716,159,875
"6773","07_report/CpG_context_sampling_2693_773_trimmed_bismark_bt2.CpG",871,717,154,871
"6774","07_report/CpG_context_sampling_2693_774_trimmed_bismark_bt2.CpG",893,736,157,893
"6775","07_report/CpG_context_sampling_2693_775_trimmed_bismark_bt2.CpG",914,758,156,914
"6776","07_report/CpG_context_sampling_2693_776_trimmed_bismark_bt2.CpG",861,716,145,861
"6777","07_report/CpG_context_sampling_2693_777_trimmed_bismark_bt2.CpG",846,699,147,846
"6778","07_report/CpG_context_sampling_2693_778_trimmed_bismark_bt2.CpG",873,720,153,873
"6779","07_report/CpG_context_sampling_2693_779_trimmed_bismark_bt2.CpG",914,748,166,914
"6780","07_report/CpG_context_sampling_2693_780_trimmed_bismark_bt2.CpG",912,772,140,912
"6781","07_report/CpG_context_sampling_2693_781_trimmed_bismark_bt2.CpG",849,695,154,849
"6782","07_report/CpG_context_sampling_2693_782_trimmed_bismark_bt2.CpG",876,746,130,876
"6783","07_report/CpG_context_sampling_2693_783_trimmed_bismark_bt2.CpG",865,721,144,865
"6784","07_report/CpG_context_sampling_2693_784_trimmed_bismark_bt2.CpG",890,756,134,890
"6785","07_report/CpG_context_sampling_2693_785_trimmed_bismark_bt2.CpG",852,725,127,852
"6786","07_report/CpG_context_sampling_2693_786_trimmed_bismark_bt2.CpG",864,716,148,864
"6787","07_report/CpG_context_sampling_2693_787_trimmed_bismark_bt2.CpG",853,717,136,853
"6788","07_report/CpG_context_sampling_2693_788_trimmed_bismark_bt2.CpG",842,708,134,842
"6789","07_report/CpG_context_sampling_2693_789_trimmed_bismark_bt2.CpG",857,725,132,857
"6790","07_report/CpG_context_sampling_2693_790_trimmed_bismark_bt2.CpG",859,710,149,859
"6791","07_report/CpG_context_sampling_2693_791_trimmed_bismark_bt2.CpG",867,753,114,867
"6792","07_report/CpG_context_sampling_2693_792_trimmed_bismark_bt2.CpG",855,714,141,855
"6793","07_report/CpG_context_sampling_2693_793_trimmed_bismark_bt2.CpG",885,732,153,885
"6794","07_report/CpG_context_sampling_2693_794_trimmed_bismark_bt2.CpG",837,702,135,837
"6795","07_report/CpG_context_sampling_2693_795_trimmed_bismark_bt2.CpG",847,684,163,847
"6796","07_report/CpG_context_sampling_2693_796_trimmed_bismark_bt2.CpG",873,714,159,873
"6797","07_report/CpG_context_sampling_2693_797_trimmed_bismark_bt2.CpG",892,738,154,892
"6798","07_report/CpG_context_sampling_2693_798_trimmed_bismark_bt2.CpG",847,717,130,847
"6799","07_report/CpG_context_sampling_2693_799_trimmed_bismark_bt2.CpG",863,717,146,863
"6800","07_report/CpG_context_sampling_2693_800_trimmed_bismark_bt2.CpG",848,707,141,848
"6801","07_report/CpG_context_sampling_2693_801_trimmed_bismark_bt2.CpG",865,726,139,865
"6802","07_report/CpG_context_sampling_2693_802_trimmed_bismark_bt2.CpG",860,711,149,860
"6803","07_report/CpG_context_sampling_2693_803_trimmed_bismark_bt2.CpG",892,767,125,892
"6804","07_report/CpG_context_sampling_2693_804_trimmed_bismark_bt2.CpG",871,701,170,871
"6805","07_report/CpG_context_sampling_2693_805_trimmed_bismark_bt2.CpG",859,724,135,859
"6806","07_report/CpG_context_sampling_2693_806_trimmed_bismark_bt2.CpG",872,729,143,872
"6807","07_report/CpG_context_sampling_2693_807_trimmed_bismark_bt2.CpG",897,762,135,897
"6808","07_report/CpG_context_sampling_2693_808_trimmed_bismark_bt2.CpG",892,762,130,892
"6809","07_report/CpG_context_sampling_2693_809_trimmed_bismark_bt2.CpG",905,747,158,905
"6810","07_report/CpG_context_sampling_2693_810_trimmed_bismark_bt2.CpG",880,739,141,880
"6811","07_report/CpG_context_sampling_2693_811_trimmed_bismark_bt2.CpG",863,716,147,863
"6812","07_report/CpG_context_sampling_2693_812_trimmed_bismark_bt2.CpG",886,768,118,886
"6813","07_report/CpG_context_sampling_2693_813_trimmed_bismark_bt2.CpG",850,702,148,850
"6814","07_report/CpG_context_sampling_2693_814_trimmed_bismark_bt2.CpG",868,731,137,868
"6815","07_report/CpG_context_sampling_2693_815_trimmed_bismark_bt2.CpG",889,745,144,889
"6816","07_report/CpG_context_sampling_2693_816_trimmed_bismark_bt2.CpG",887,747,140,887
"6817","07_report/CpG_context_sampling_2693_817_trimmed_bismark_bt2.CpG",834,677,157,834
"6818","07_report/CpG_context_sampling_2693_818_trimmed_bismark_bt2.CpG",905,750,155,905
"6819","07_report/CpG_context_sampling_2693_819_trimmed_bismark_bt2.CpG",882,732,150,882
"6820","07_report/CpG_context_sampling_2693_820_trimmed_bismark_bt2.CpG",908,760,148,908
"6821","07_report/CpG_context_sampling_2693_821_trimmed_bismark_bt2.CpG",894,727,167,894
"6822","07_report/CpG_context_sampling_2693_822_trimmed_bismark_bt2.CpG",887,728,159,887
"6823","07_report/CpG_context_sampling_2693_823_trimmed_bismark_bt2.CpG",894,738,156,894
"6824","07_report/CpG_context_sampling_2693_824_trimmed_bismark_bt2.CpG",888,729,159,888
"6825","07_report/CpG_context_sampling_2693_825_trimmed_bismark_bt2.CpG",871,728,143,871
"6826","07_report/CpG_context_sampling_2693_826_trimmed_bismark_bt2.CpG",874,720,154,874
"6827","07_report/CpG_context_sampling_2693_827_trimmed_bismark_bt2.CpG",899,754,145,899
"6828","07_report/CpG_context_sampling_2693_828_trimmed_bismark_bt2.CpG",877,731,146,877
"6829","07_report/CpG_context_sampling_2693_829_trimmed_bismark_bt2.CpG",914,757,157,914
"6830","07_report/CpG_context_sampling_2693_830_trimmed_bismark_bt2.CpG",855,722,133,855
"6831","07_report/CpG_context_sampling_2693_831_trimmed_bismark_bt2.CpG",841,695,146,841
"6832","07_report/CpG_context_sampling_2693_832_trimmed_bismark_bt2.CpG",853,721,132,853
"6833","07_report/CpG_context_sampling_2693_833_trimmed_bismark_bt2.CpG",844,685,159,844
"6834","07_report/CpG_context_sampling_2693_834_trimmed_bismark_bt2.CpG",929,778,151,929
"6835","07_report/CpG_context_sampling_2693_835_trimmed_bismark_bt2.CpG",847,697,150,847
"6836","07_report/CpG_context_sampling_2693_836_trimmed_bismark_bt2.CpG",858,718,140,858
"6837","07_report/CpG_context_sampling_2693_837_trimmed_bismark_bt2.CpG",881,735,146,881
"6838","07_report/CpG_context_sampling_2693_838_trimmed_bismark_bt2.CpG",874,718,156,874
"6839","07_report/CpG_context_sampling_2693_839_trimmed_bismark_bt2.CpG",855,730,125,855
"6840","07_report/CpG_context_sampling_2693_840_trimmed_bismark_bt2.CpG",838,700,138,838
"6841","07_report/CpG_context_sampling_2693_841_trimmed_bismark_bt2.CpG",887,743,144,887
"6842","07_report/CpG_context_sampling_2693_842_trimmed_bismark_bt2.CpG",879,730,149,879
"6843","07_report/CpG_context_sampling_2693_843_trimmed_bismark_bt2.CpG",860,687,173,860
"6844","07_report/CpG_context_sampling_2693_844_trimmed_bismark_bt2.CpG",887,720,167,887
"6845","07_report/CpG_context_sampling_2693_845_trimmed_bismark_bt2.CpG",904,735,169,904
"6846","07_report/CpG_context_sampling_2693_846_trimmed_bismark_bt2.CpG",873,724,149,873
"6847","07_report/CpG_context_sampling_2693_847_trimmed_bismark_bt2.CpG",881,722,159,881
"6848","07_report/CpG_context_sampling_2693_848_trimmed_bismark_bt2.CpG",902,731,171,902
"6849","07_report/CpG_context_sampling_2693_849_trimmed_bismark_bt2.CpG",889,748,141,889
"6850","07_report/CpG_context_sampling_2693_850_trimmed_bismark_bt2.CpG",878,722,156,878
"6851","07_report/CpG_context_sampling_2693_851_trimmed_bismark_bt2.CpG",843,689,154,843
"6852","07_report/CpG_context_sampling_2693_852_trimmed_bismark_bt2.CpG",865,711,154,865
"6853","07_report/CpG_context_sampling_2693_853_trimmed_bismark_bt2.CpG",840,690,150,840
"6854","07_report/CpG_context_sampling_2693_854_trimmed_bismark_bt2.CpG",876,728,148,876
"6855","07_report/CpG_context_sampling_2693_855_trimmed_bismark_bt2.CpG",871,720,151,871
"6856","07_report/CpG_context_sampling_2693_856_trimmed_bismark_bt2.CpG",843,701,142,843
"6857","07_report/CpG_context_sampling_2693_857_trimmed_bismark_bt2.CpG",890,746,144,890
"6858","07_report/CpG_context_sampling_2693_858_trimmed_bismark_bt2.CpG",867,714,153,867
"6859","07_report/CpG_context_sampling_2693_859_trimmed_bismark_bt2.CpG",868,732,136,868
"6860","07_report/CpG_context_sampling_2693_860_trimmed_bismark_bt2.CpG",859,720,139,859
"6861","07_report/CpG_context_sampling_2693_861_trimmed_bismark_bt2.CpG",868,742,126,868
"6862","07_report/CpG_context_sampling_2693_862_trimmed_bismark_bt2.CpG",869,715,154,869
"6863","07_report/CpG_context_sampling_2693_863_trimmed_bismark_bt2.CpG",870,729,141,870
"6864","07_report/CpG_context_sampling_2693_864_trimmed_bismark_bt2.CpG",888,733,155,888
"6865","07_report/CpG_context_sampling_2693_865_trimmed_bismark_bt2.CpG",909,760,149,909
"6866","07_report/CpG_context_sampling_2693_866_trimmed_bismark_bt2.CpG",850,705,145,850
"6867","07_report/CpG_context_sampling_2693_867_trimmed_bismark_bt2.CpG",884,743,141,884
"6868","07_report/CpG_context_sampling_2693_868_trimmed_bismark_bt2.CpG",852,704,148,852
"6869","07_report/CpG_context_sampling_2693_869_trimmed_bismark_bt2.CpG",856,700,156,856
"6870","07_report/CpG_context_sampling_2693_870_trimmed_bismark_bt2.CpG",828,683,145,828
"6871","07_report/CpG_context_sampling_2693_871_trimmed_bismark_bt2.CpG",889,753,136,889
"6872","07_report/CpG_context_sampling_2693_872_trimmed_bismark_bt2.CpG",863,718,145,863
"6873","07_report/CpG_context_sampling_2693_873_trimmed_bismark_bt2.CpG",863,716,147,863
"6874","07_report/CpG_context_sampling_2693_874_trimmed_bismark_bt2.CpG",840,694,146,840
"6875","07_report/CpG_context_sampling_2693_875_trimmed_bismark_bt2.CpG",884,727,157,884
"6876","07_report/CpG_context_sampling_2693_876_trimmed_bismark_bt2.CpG",863,725,138,863
"6877","07_report/CpG_context_sampling_2693_877_trimmed_bismark_bt2.CpG",785,646,139,785
"6878","07_report/CpG_context_sampling_2693_878_trimmed_bismark_bt2.CpG",881,726,155,881
"6879","07_report/CpG_context_sampling_2693_879_trimmed_bismark_bt2.CpG",851,716,135,851
"6880","07_report/CpG_context_sampling_2693_880_trimmed_bismark_bt2.CpG",828,699,129,828
"6881","07_report/CpG_context_sampling_2693_881_trimmed_bismark_bt2.CpG",831,677,154,831
"6882","07_report/CpG_context_sampling_2693_882_trimmed_bismark_bt2.CpG",860,694,166,860
"6883","07_report/CpG_context_sampling_2693_883_trimmed_bismark_bt2.CpG",898,730,168,898
"6884","07_report/CpG_context_sampling_2693_884_trimmed_bismark_bt2.CpG",849,713,136,849
"6885","07_report/CpG_context_sampling_2693_885_trimmed_bismark_bt2.CpG",873,733,140,873
"6886","07_report/CpG_context_sampling_2693_886_trimmed_bismark_bt2.CpG",903,739,164,903
"6887","07_report/CpG_context_sampling_2693_887_trimmed_bismark_bt2.CpG",901,749,152,901
"6888","07_report/CpG_context_sampling_2693_888_trimmed_bismark_bt2.CpG",843,696,147,843
"6889","07_report/CpG_context_sampling_2693_889_trimmed_bismark_bt2.CpG",898,746,152,898
"6890","07_report/CpG_context_sampling_2693_890_trimmed_bismark_bt2.CpG",913,765,148,913
"6891","07_report/CpG_context_sampling_2693_891_trimmed_bismark_bt2.CpG",838,674,164,838
"6892","07_report/CpG_context_sampling_2693_892_trimmed_bismark_bt2.CpG",878,732,146,878
"6893","07_report/CpG_context_sampling_2693_893_trimmed_bismark_bt2.CpG",872,719,153,872
"6894","07_report/CpG_context_sampling_2693_894_trimmed_bismark_bt2.CpG",911,769,142,911
"6895","07_report/CpG_context_sampling_2693_895_trimmed_bismark_bt2.CpG",900,744,156,900
"6896","07_report/CpG_context_sampling_2693_896_trimmed_bismark_bt2.CpG",842,703,139,842
"6897","07_report/CpG_context_sampling_2693_897_trimmed_bismark_bt2.CpG",868,705,163,868
"6898","07_report/CpG_context_sampling_2693_898_trimmed_bismark_bt2.CpG",896,711,185,896
"6899","07_report/CpG_context_sampling_2693_899_trimmed_bismark_bt2.CpG",928,758,170,928
"6900","07_report/CpG_context_sampling_2693_900_trimmed_bismark_bt2.CpG",862,720,142,862
"6901","07_report/CpG_context_sampling_2693_901_trimmed_bismark_bt2.CpG",869,711,158,869
"6902","07_report/CpG_context_sampling_2693_902_trimmed_bismark_bt2.CpG",863,705,158,863
"6903","07_report/CpG_context_sampling_2693_903_trimmed_bismark_bt2.CpG",830,683,147,830
"6904","07_report/CpG_context_sampling_2693_904_trimmed_bismark_bt2.CpG",897,749,148,897
"6905","07_report/CpG_context_sampling_2693_905_trimmed_bismark_bt2.CpG",910,757,153,910
"6906","07_report/CpG_context_sampling_2693_906_trimmed_bismark_bt2.CpG",877,737,140,877
"6907","07_report/CpG_context_sampling_2693_907_trimmed_bismark_bt2.CpG",851,701,150,851
"6908","07_report/CpG_context_sampling_2693_908_trimmed_bismark_bt2.CpG",837,700,137,837
"6909","07_report/CpG_context_sampling_2693_909_trimmed_bismark_bt2.CpG",866,716,150,866
"6910","07_report/CpG_context_sampling_2693_910_trimmed_bismark_bt2.CpG",858,725,133,858
"6911","07_report/CpG_context_sampling_2693_911_trimmed_bismark_bt2.CpG",860,714,146,860
"6912","07_report/CpG_context_sampling_2693_912_trimmed_bismark_bt2.CpG",906,766,140,906
"6913","07_report/CpG_context_sampling_2693_913_trimmed_bismark_bt2.CpG",867,746,121,867
"6914","07_report/CpG_context_sampling_2693_914_trimmed_bismark_bt2.CpG",912,757,155,912
"6915","07_report/CpG_context_sampling_2693_915_trimmed_bismark_bt2.CpG",846,700,146,846
"6916","07_report/CpG_context_sampling_2693_916_trimmed_bismark_bt2.CpG",862,726,136,862
"6917","07_report/CpG_context_sampling_2693_917_trimmed_bismark_bt2.CpG",865,717,148,865
"6918","07_report/CpG_context_sampling_2693_918_trimmed_bismark_bt2.CpG",853,722,131,853
"6919","07_report/CpG_context_sampling_2693_919_trimmed_bismark_bt2.CpG",830,687,143,830
"6920","07_report/CpG_context_sampling_2693_920_trimmed_bismark_bt2.CpG",890,741,149,890
"6921","07_report/CpG_context_sampling_2693_921_trimmed_bismark_bt2.CpG",851,713,138,851
"6922","07_report/CpG_context_sampling_2693_922_trimmed_bismark_bt2.CpG",827,694,133,827
"6923","07_report/CpG_context_sampling_2693_923_trimmed_bismark_bt2.CpG",863,725,138,863
"6924","07_report/CpG_context_sampling_2693_924_trimmed_bismark_bt2.CpG",868,751,117,868
"6925","07_report/CpG_context_sampling_2693_925_trimmed_bismark_bt2.CpG",847,711,136,847
"6926","07_report/CpG_context_sampling_2693_926_trimmed_bismark_bt2.CpG",846,702,144,846
"6927","07_report/CpG_context_sampling_2693_927_trimmed_bismark_bt2.CpG",844,698,146,844
"6928","07_report/CpG_context_sampling_2693_928_trimmed_bismark_bt2.CpG",867,711,156,867
"6929","07_report/CpG_context_sampling_2693_929_trimmed_bismark_bt2.CpG",897,754,143,897
"6930","07_report/CpG_context_sampling_2693_930_trimmed_bismark_bt2.CpG",862,718,144,862
"6931","07_report/CpG_context_sampling_2693_931_trimmed_bismark_bt2.CpG",867,736,131,867
"6932","07_report/CpG_context_sampling_2693_932_trimmed_bismark_bt2.CpG",853,710,143,853
"6933","07_report/CpG_context_sampling_2693_933_trimmed_bismark_bt2.CpG",872,711,161,872
"6934","07_report/CpG_context_sampling_2693_934_trimmed_bismark_bt2.CpG",869,720,149,869
"6935","07_report/CpG_context_sampling_2693_935_trimmed_bismark_bt2.CpG",879,727,152,879
"6936","07_report/CpG_context_sampling_2693_936_trimmed_bismark_bt2.CpG",888,719,169,888
"6937","07_report/CpG_context_sampling_2693_937_trimmed_bismark_bt2.CpG",861,726,135,861
"6938","07_report/CpG_context_sampling_2693_938_trimmed_bismark_bt2.CpG",871,726,145,871
"6939","07_report/CpG_context_sampling_2693_939_trimmed_bismark_bt2.CpG",888,729,159,888
"6940","07_report/CpG_context_sampling_2693_940_trimmed_bismark_bt2.CpG",880,724,156,880
"6941","07_report/CpG_context_sampling_2693_941_trimmed_bismark_bt2.CpG",874,727,147,874
"6942","07_report/CpG_context_sampling_2693_942_trimmed_bismark_bt2.CpG",871,721,150,871
"6943","07_report/CpG_context_sampling_2693_943_trimmed_bismark_bt2.CpG",840,698,142,840
"6944","07_report/CpG_context_sampling_2693_944_trimmed_bismark_bt2.CpG",860,729,131,860
"6945","07_report/CpG_context_sampling_2693_945_trimmed_bismark_bt2.CpG",856,718,138,856
"6946","07_report/CpG_context_sampling_2693_946_trimmed_bismark_bt2.CpG",858,732,126,858
"6947","07_report/CpG_context_sampling_2693_947_trimmed_bismark_bt2.CpG",882,742,140,882
"6948","07_report/CpG_context_sampling_2693_948_trimmed_bismark_bt2.CpG",891,748,143,891
"6949","07_report/CpG_context_sampling_2693_949_trimmed_bismark_bt2.CpG",888,757,131,888
"6950","07_report/CpG_context_sampling_2693_950_trimmed_bismark_bt2.CpG",870,713,157,870
"6951","07_report/CpG_context_sampling_2693_951_trimmed_bismark_bt2.CpG",835,705,130,835
"6952","07_report/CpG_context_sampling_2693_952_trimmed_bismark_bt2.CpG",874,730,144,874
"6953","07_report/CpG_context_sampling_2693_953_trimmed_bismark_bt2.CpG",889,743,146,889
"6954","07_report/CpG_context_sampling_2693_954_trimmed_bismark_bt2.CpG",895,744,151,895
"6955","07_report/CpG_context_sampling_2693_955_trimmed_bismark_bt2.CpG",915,756,159,915
"6956","07_report/CpG_context_sampling_2693_956_trimmed_bismark_bt2.CpG",899,734,165,899
"6957","07_report/CpG_context_sampling_2693_957_trimmed_bismark_bt2.CpG",846,701,145,846
"6958","07_report/CpG_context_sampling_2693_958_trimmed_bismark_bt2.CpG",879,708,171,879
"6959","07_report/CpG_context_sampling_2693_959_trimmed_bismark_bt2.CpG",917,758,159,917
"6960","07_report/CpG_context_sampling_2693_960_trimmed_bismark_bt2.CpG",912,761,151,912
"6961","07_report/CpG_context_sampling_2693_961_trimmed_bismark_bt2.CpG",857,709,148,857
"6962","07_report/CpG_context_sampling_2693_962_trimmed_bismark_bt2.CpG",870,751,119,870
"6963","07_report/CpG_context_sampling_2693_963_trimmed_bismark_bt2.CpG",862,716,146,862
"6964","07_report/CpG_context_sampling_2693_964_trimmed_bismark_bt2.CpG",878,750,128,878
"6965","07_report/CpG_context_sampling_2693_965_trimmed_bismark_bt2.CpG",893,720,173,893
"6966","07_report/CpG_context_sampling_2693_966_trimmed_bismark_bt2.CpG",883,738,145,883
"6967","07_report/CpG_context_sampling_2693_967_trimmed_bismark_bt2.CpG",836,693,143,836
"6968","07_report/CpG_context_sampling_2693_968_trimmed_bismark_bt2.CpG",909,734,175,909
"6969","07_report/CpG_context_sampling_2693_969_trimmed_bismark_bt2.CpG",849,683,166,849
"6970","07_report/CpG_context_sampling_2693_970_trimmed_bismark_bt2.CpG",854,711,143,854
"6971","07_report/CpG_context_sampling_2693_971_trimmed_bismark_bt2.CpG",868,702,166,868
"6972","07_report/CpG_context_sampling_2693_972_trimmed_bismark_bt2.CpG",862,710,152,862
"6973","07_report/CpG_context_sampling_2693_973_trimmed_bismark_bt2.CpG",876,735,141,876
"6974","07_report/CpG_context_sampling_2693_974_trimmed_bismark_bt2.CpG",893,702,191,893
"6975","07_report/CpG_context_sampling_2693_975_trimmed_bismark_bt2.CpG",884,755,129,884
"6976","07_report/CpG_context_sampling_2693_976_trimmed_bismark_bt2.CpG",864,695,169,864
"6977","07_report/CpG_context_sampling_2693_977_trimmed_bismark_bt2.CpG",877,742,135,877
"6978","07_report/CpG_context_sampling_2693_978_trimmed_bismark_bt2.CpG",877,728,149,877
"6979","07_report/CpG_context_sampling_2693_979_trimmed_bismark_bt2.CpG",870,703,167,870
"6980","07_report/CpG_context_sampling_2693_980_trimmed_bismark_bt2.CpG",931,791,140,931
"6981","07_report/CpG_context_sampling_2693_981_trimmed_bismark_bt2.CpG",824,693,131,824
"6982","07_report/CpG_context_sampling_2693_982_trimmed_bismark_bt2.CpG",875,741,134,875
"6983","07_report/CpG_context_sampling_2693_983_trimmed_bismark_bt2.CpG",852,694,158,852
"6984","07_report/CpG_context_sampling_2693_984_trimmed_bismark_bt2.CpG",847,711,136,847
"6985","07_report/CpG_context_sampling_2693_985_trimmed_bismark_bt2.CpG",873,755,118,873
"6986","07_report/CpG_context_sampling_2693_986_trimmed_bismark_bt2.CpG",902,751,151,902
"6987","07_report/CpG_context_sampling_2693_987_trimmed_bismark_bt2.CpG",905,768,137,905
"6988","07_report/CpG_context_sampling_2693_988_trimmed_bismark_bt2.CpG",901,762,139,901
"6989","07_report/CpG_context_sampling_2693_989_trimmed_bismark_bt2.CpG",856,720,136,856
"6990","07_report/CpG_context_sampling_2693_990_trimmed_bismark_bt2.CpG",850,707,143,850
"6991","07_report/CpG_context_sampling_2693_991_trimmed_bismark_bt2.CpG",853,703,150,853
"6992","07_report/CpG_context_sampling_2693_992_trimmed_bismark_bt2.CpG",907,748,159,907
"6993","07_report/CpG_context_sampling_2693_993_trimmed_bismark_bt2.CpG",878,701,177,878
"6994","07_report/CpG_context_sampling_2693_994_trimmed_bismark_bt2.CpG",908,756,152,908
"6995","07_report/CpG_context_sampling_2693_995_trimmed_bismark_bt2.CpG",900,747,153,900
"6996","07_report/CpG_context_sampling_2693_996_trimmed_bismark_bt2.CpG",866,728,138,866
"6997","07_report/CpG_context_sampling_2693_997_trimmed_bismark_bt2.CpG",883,723,160,883
"6998","07_report/CpG_context_sampling_2693_998_trimmed_bismark_bt2.CpG",855,717,138,855
"6999","07_report/CpG_context_sampling_2693_999_trimmed_bismark_bt2.CpG",868,709,159,868
"7000","07_report/CpG_context_sampling_2693_1000_trimmed_bismark_bt2.CpG",841,719,122,841
"7001","07_report/CpG_context_sampling_4040_1_trimmed_bismark_bt2.CpG",1318,1099,219,1318
"7002","07_report/CpG_context_sampling_4040_2_trimmed_bismark_bt2.CpG",1273,1073,200,1273
"7003","07_report/CpG_context_sampling_4040_3_trimmed_bismark_bt2.CpG",1298,1088,210,1298
"7004","07_report/CpG_context_sampling_4040_4_trimmed_bismark_bt2.CpG",1319,1074,245,1319
"7005","07_report/CpG_context_sampling_4040_5_trimmed_bismark_bt2.CpG",1315,1101,214,1315
"7006","07_report/CpG_context_sampling_4040_6_trimmed_bismark_bt2.CpG",1296,1074,222,1296
"7007","07_report/CpG_context_sampling_4040_7_trimmed_bismark_bt2.CpG",1308,1107,201,1308
"7008","07_report/CpG_context_sampling_4040_8_trimmed_bismark_bt2.CpG",1325,1113,212,1325
"7009","07_report/CpG_context_sampling_4040_9_trimmed_bismark_bt2.CpG",1339,1109,230,1339
"7010","07_report/CpG_context_sampling_4040_10_trimmed_bismark_bt2.CpG",1293,1071,222,1293
"7011","07_report/CpG_context_sampling_4040_11_trimmed_bismark_bt2.CpG",1343,1129,214,1343
"7012","07_report/CpG_context_sampling_4040_12_trimmed_bismark_bt2.CpG",1323,1094,229,1323
"7013","07_report/CpG_context_sampling_4040_13_trimmed_bismark_bt2.CpG",1295,1075,220,1295
"7014","07_report/CpG_context_sampling_4040_14_trimmed_bismark_bt2.CpG",1283,1084,199,1283
"7015","07_report/CpG_context_sampling_4040_15_trimmed_bismark_bt2.CpG",1263,1032,231,1263
"7016","07_report/CpG_context_sampling_4040_16_trimmed_bismark_bt2.CpG",1290,1089,201,1290
"7017","07_report/CpG_context_sampling_4040_17_trimmed_bismark_bt2.CpG",1287,1086,201,1287
"7018","07_report/CpG_context_sampling_4040_18_trimmed_bismark_bt2.CpG",1340,1113,227,1340
"7019","07_report/CpG_context_sampling_4040_19_trimmed_bismark_bt2.CpG",1335,1096,239,1335
"7020","07_report/CpG_context_sampling_4040_20_trimmed_bismark_bt2.CpG",1251,1046,205,1251
"7021","07_report/CpG_context_sampling_4040_21_trimmed_bismark_bt2.CpG",1312,1078,234,1312
"7022","07_report/CpG_context_sampling_4040_22_trimmed_bismark_bt2.CpG",1328,1111,217,1328
"7023","07_report/CpG_context_sampling_4040_23_trimmed_bismark_bt2.CpG",1286,1040,246,1286
"7024","07_report/CpG_context_sampling_4040_24_trimmed_bismark_bt2.CpG",1302,1087,215,1302
"7025","07_report/CpG_context_sampling_4040_25_trimmed_bismark_bt2.CpG",1302,1105,197,1302
"7026","07_report/CpG_context_sampling_4040_26_trimmed_bismark_bt2.CpG",1300,1067,233,1300
"7027","07_report/CpG_context_sampling_4040_27_trimmed_bismark_bt2.CpG",1343,1123,220,1343
"7028","07_report/CpG_context_sampling_4040_28_trimmed_bismark_bt2.CpG",1223,1049,174,1223
"7029","07_report/CpG_context_sampling_4040_29_trimmed_bismark_bt2.CpG",1287,1082,205,1287
"7030","07_report/CpG_context_sampling_4040_30_trimmed_bismark_bt2.CpG",1382,1159,223,1382
"7031","07_report/CpG_context_sampling_4040_31_trimmed_bismark_bt2.CpG",1350,1109,241,1350
"7032","07_report/CpG_context_sampling_4040_32_trimmed_bismark_bt2.CpG",1271,1058,213,1271
"7033","07_report/CpG_context_sampling_4040_33_trimmed_bismark_bt2.CpG",1341,1132,209,1341
"7034","07_report/CpG_context_sampling_4040_34_trimmed_bismark_bt2.CpG",1294,1089,205,1294
"7035","07_report/CpG_context_sampling_4040_35_trimmed_bismark_bt2.CpG",1345,1120,225,1345
"7036","07_report/CpG_context_sampling_4040_36_trimmed_bismark_bt2.CpG",1359,1128,231,1359
"7037","07_report/CpG_context_sampling_4040_37_trimmed_bismark_bt2.CpG",1285,1063,222,1285
"7038","07_report/CpG_context_sampling_4040_38_trimmed_bismark_bt2.CpG",1319,1088,231,1319
"7039","07_report/CpG_context_sampling_4040_39_trimmed_bismark_bt2.CpG",1268,1071,197,1268
"7040","07_report/CpG_context_sampling_4040_40_trimmed_bismark_bt2.CpG",1327,1113,214,1327
"7041","07_report/CpG_context_sampling_4040_41_trimmed_bismark_bt2.CpG",1302,1068,234,1302
"7042","07_report/CpG_context_sampling_4040_42_trimmed_bismark_bt2.CpG",1364,1144,220,1364
"7043","07_report/CpG_context_sampling_4040_43_trimmed_bismark_bt2.CpG",1275,1077,198,1275
"7044","07_report/CpG_context_sampling_4040_44_trimmed_bismark_bt2.CpG",1287,1075,212,1287
"7045","07_report/CpG_context_sampling_4040_45_trimmed_bismark_bt2.CpG",1344,1138,206,1344
"7046","07_report/CpG_context_sampling_4040_46_trimmed_bismark_bt2.CpG",1300,1107,193,1300
"7047","07_report/CpG_context_sampling_4040_47_trimmed_bismark_bt2.CpG",1320,1083,237,1320
"7048","07_report/CpG_context_sampling_4040_48_trimmed_bismark_bt2.CpG",1272,1046,226,1272
"7049","07_report/CpG_context_sampling_4040_49_trimmed_bismark_bt2.CpG",1287,1054,233,1287
"7050","07_report/CpG_context_sampling_4040_50_trimmed_bismark_bt2.CpG",1267,1068,199,1267
"7051","07_report/CpG_context_sampling_4040_51_trimmed_bismark_bt2.CpG",1277,1076,201,1277
"7052","07_report/CpG_context_sampling_4040_52_trimmed_bismark_bt2.CpG",1305,1093,212,1305
"7053","07_report/CpG_context_sampling_4040_53_trimmed_bismark_bt2.CpG",1318,1062,256,1318
"7054","07_report/CpG_context_sampling_4040_54_trimmed_bismark_bt2.CpG",1322,1121,201,1322
"7055","07_report/CpG_context_sampling_4040_55_trimmed_bismark_bt2.CpG",1343,1137,206,1343
"7056","07_report/CpG_context_sampling_4040_56_trimmed_bismark_bt2.CpG",1246,1036,210,1246
"7057","07_report/CpG_context_sampling_4040_57_trimmed_bismark_bt2.CpG",1305,1083,222,1305
"7058","07_report/CpG_context_sampling_4040_58_trimmed_bismark_bt2.CpG",1286,1082,204,1286
"7059","07_report/CpG_context_sampling_4040_59_trimmed_bismark_bt2.CpG",1282,1067,215,1282
"7060","07_report/CpG_context_sampling_4040_60_trimmed_bismark_bt2.CpG",1319,1103,216,1319
"7061","07_report/CpG_context_sampling_4040_61_trimmed_bismark_bt2.CpG",1286,1060,226,1286
"7062","07_report/CpG_context_sampling_4040_62_trimmed_bismark_bt2.CpG",1330,1093,237,1330
"7063","07_report/CpG_context_sampling_4040_63_trimmed_bismark_bt2.CpG",1351,1133,218,1351
"7064","07_report/CpG_context_sampling_4040_64_trimmed_bismark_bt2.CpG",1304,1085,219,1304
"7065","07_report/CpG_context_sampling_4040_65_trimmed_bismark_bt2.CpG",1326,1108,218,1326
"7066","07_report/CpG_context_sampling_4040_66_trimmed_bismark_bt2.CpG",1313,1091,222,1313
"7067","07_report/CpG_context_sampling_4040_67_trimmed_bismark_bt2.CpG",1302,1098,204,1302
"7068","07_report/CpG_context_sampling_4040_68_trimmed_bismark_bt2.CpG",1308,1092,216,1308
"7069","07_report/CpG_context_sampling_4040_69_trimmed_bismark_bt2.CpG",1308,1070,238,1308
"7070","07_report/CpG_context_sampling_4040_70_trimmed_bismark_bt2.CpG",1328,1117,211,1328
"7071","07_report/CpG_context_sampling_4040_71_trimmed_bismark_bt2.CpG",1325,1084,241,1325
"7072","07_report/CpG_context_sampling_4040_72_trimmed_bismark_bt2.CpG",1278,1079,199,1278
"7073","07_report/CpG_context_sampling_4040_73_trimmed_bismark_bt2.CpG",1333,1126,207,1333
"7074","07_report/CpG_context_sampling_4040_74_trimmed_bismark_bt2.CpG",1286,1085,201,1286
"7075","07_report/CpG_context_sampling_4040_75_trimmed_bismark_bt2.CpG",1315,1085,230,1315
"7076","07_report/CpG_context_sampling_4040_76_trimmed_bismark_bt2.CpG",1303,1089,214,1303
"7077","07_report/CpG_context_sampling_4040_77_trimmed_bismark_bt2.CpG",1279,1081,198,1279
"7078","07_report/CpG_context_sampling_4040_78_trimmed_bismark_bt2.CpG",1317,1090,227,1317
"7079","07_report/CpG_context_sampling_4040_79_trimmed_bismark_bt2.CpG",1303,1063,240,1303
"7080","07_report/CpG_context_sampling_4040_80_trimmed_bismark_bt2.CpG",1330,1118,212,1330
"7081","07_report/CpG_context_sampling_4040_81_trimmed_bismark_bt2.CpG",1334,1103,231,1334
"7082","07_report/CpG_context_sampling_4040_82_trimmed_bismark_bt2.CpG",1325,1090,235,1325
"7083","07_report/CpG_context_sampling_4040_83_trimmed_bismark_bt2.CpG",1254,1059,195,1254
"7084","07_report/CpG_context_sampling_4040_84_trimmed_bismark_bt2.CpG",1298,1072,226,1298
"7085","07_report/CpG_context_sampling_4040_85_trimmed_bismark_bt2.CpG",1268,1044,224,1268
"7086","07_report/CpG_context_sampling_4040_86_trimmed_bismark_bt2.CpG",1324,1108,216,1324
"7087","07_report/CpG_context_sampling_4040_87_trimmed_bismark_bt2.CpG",1327,1084,243,1327
"7088","07_report/CpG_context_sampling_4040_88_trimmed_bismark_bt2.CpG",1323,1095,228,1323
"7089","07_report/CpG_context_sampling_4040_89_trimmed_bismark_bt2.CpG",1305,1102,203,1305
"7090","07_report/CpG_context_sampling_4040_90_trimmed_bismark_bt2.CpG",1288,1088,200,1288
"7091","07_report/CpG_context_sampling_4040_91_trimmed_bismark_bt2.CpG",1306,1083,223,1306
"7092","07_report/CpG_context_sampling_4040_92_trimmed_bismark_bt2.CpG",1251,1043,208,1251
"7093","07_report/CpG_context_sampling_4040_93_trimmed_bismark_bt2.CpG",1347,1136,211,1347
"7094","07_report/CpG_context_sampling_4040_94_trimmed_bismark_bt2.CpG",1305,1089,216,1305
"7095","07_report/CpG_context_sampling_4040_95_trimmed_bismark_bt2.CpG",1338,1122,216,1338
"7096","07_report/CpG_context_sampling_4040_96_trimmed_bismark_bt2.CpG",1368,1128,240,1368
"7097","07_report/CpG_context_sampling_4040_97_trimmed_bismark_bt2.CpG",1356,1113,243,1356
"7098","07_report/CpG_context_sampling_4040_98_trimmed_bismark_bt2.CpG",1331,1125,206,1331
"7099","07_report/CpG_context_sampling_4040_99_trimmed_bismark_bt2.CpG",1327,1097,230,1327
"7100","07_report/CpG_context_sampling_4040_100_trimmed_bismark_bt2.CpG",1366,1133,233,1366
"7101","07_report/CpG_context_sampling_4040_101_trimmed_bismark_bt2.CpG",1350,1119,231,1350
"7102","07_report/CpG_context_sampling_4040_102_trimmed_bismark_bt2.CpG",1276,1062,214,1276
"7103","07_report/CpG_context_sampling_4040_103_trimmed_bismark_bt2.CpG",1326,1080,246,1326
"7104","07_report/CpG_context_sampling_4040_104_trimmed_bismark_bt2.CpG",1275,1041,234,1275
"7105","07_report/CpG_context_sampling_4040_105_trimmed_bismark_bt2.CpG",1286,1087,199,1286
"7106","07_report/CpG_context_sampling_4040_106_trimmed_bismark_bt2.CpG",1330,1107,223,1330
"7107","07_report/CpG_context_sampling_4040_107_trimmed_bismark_bt2.CpG",1269,1056,213,1269
"7108","07_report/CpG_context_sampling_4040_108_trimmed_bismark_bt2.CpG",1285,1050,235,1285
"7109","07_report/CpG_context_sampling_4040_109_trimmed_bismark_bt2.CpG",1259,1057,202,1259
"7110","07_report/CpG_context_sampling_4040_110_trimmed_bismark_bt2.CpG",1323,1094,229,1323
"7111","07_report/CpG_context_sampling_4040_111_trimmed_bismark_bt2.CpG",1270,1039,231,1270
"7112","07_report/CpG_context_sampling_4040_112_trimmed_bismark_bt2.CpG",1311,1099,212,1311
"7113","07_report/CpG_context_sampling_4040_113_trimmed_bismark_bt2.CpG",1328,1109,219,1328
"7114","07_report/CpG_context_sampling_4040_114_trimmed_bismark_bt2.CpG",1335,1122,213,1335
"7115","07_report/CpG_context_sampling_4040_115_trimmed_bismark_bt2.CpG",1350,1153,197,1350
"7116","07_report/CpG_context_sampling_4040_116_trimmed_bismark_bt2.CpG",1360,1105,255,1360
"7117","07_report/CpG_context_sampling_4040_117_trimmed_bismark_bt2.CpG",1282,1064,218,1282
"7118","07_report/CpG_context_sampling_4040_118_trimmed_bismark_bt2.CpG",1280,1058,222,1280
"7119","07_report/CpG_context_sampling_4040_119_trimmed_bismark_bt2.CpG",1320,1112,208,1320
"7120","07_report/CpG_context_sampling_4040_120_trimmed_bismark_bt2.CpG",1260,1051,209,1260
"7121","07_report/CpG_context_sampling_4040_121_trimmed_bismark_bt2.CpG",1281,1067,214,1281
"7122","07_report/CpG_context_sampling_4040_122_trimmed_bismark_bt2.CpG",1306,1086,220,1306
"7123","07_report/CpG_context_sampling_4040_123_trimmed_bismark_bt2.CpG",1335,1119,216,1335
"7124","07_report/CpG_context_sampling_4040_124_trimmed_bismark_bt2.CpG",1286,1071,215,1286
"7125","07_report/CpG_context_sampling_4040_125_trimmed_bismark_bt2.CpG",1266,1073,193,1266
"7126","07_report/CpG_context_sampling_4040_126_trimmed_bismark_bt2.CpG",1265,1068,197,1265
"7127","07_report/CpG_context_sampling_4040_127_trimmed_bismark_bt2.CpG",1307,1083,224,1307
"7128","07_report/CpG_context_sampling_4040_128_trimmed_bismark_bt2.CpG",1325,1090,235,1325
"7129","07_report/CpG_context_sampling_4040_129_trimmed_bismark_bt2.CpG",1360,1158,202,1360
"7130","07_report/CpG_context_sampling_4040_130_trimmed_bismark_bt2.CpG",1308,1086,222,1308
"7131","07_report/CpG_context_sampling_4040_131_trimmed_bismark_bt2.CpG",1325,1118,207,1325
"7132","07_report/CpG_context_sampling_4040_132_trimmed_bismark_bt2.CpG",1290,1061,229,1290
"7133","07_report/CpG_context_sampling_4040_133_trimmed_bismark_bt2.CpG",1315,1093,222,1315
"7134","07_report/CpG_context_sampling_4040_134_trimmed_bismark_bt2.CpG",1312,1092,220,1312
"7135","07_report/CpG_context_sampling_4040_135_trimmed_bismark_bt2.CpG",1315,1081,234,1315
"7136","07_report/CpG_context_sampling_4040_136_trimmed_bismark_bt2.CpG",1328,1107,221,1328
"7137","07_report/CpG_context_sampling_4040_137_trimmed_bismark_bt2.CpG",1332,1100,232,1332
"7138","07_report/CpG_context_sampling_4040_138_trimmed_bismark_bt2.CpG",1294,1065,229,1294
"7139","07_report/CpG_context_sampling_4040_139_trimmed_bismark_bt2.CpG",1261,1053,208,1261
"7140","07_report/CpG_context_sampling_4040_140_trimmed_bismark_bt2.CpG",1325,1098,227,1325
"7141","07_report/CpG_context_sampling_4040_141_trimmed_bismark_bt2.CpG",1315,1111,204,1315
"7142","07_report/CpG_context_sampling_4040_142_trimmed_bismark_bt2.CpG",1357,1143,214,1357
"7143","07_report/CpG_context_sampling_4040_143_trimmed_bismark_bt2.CpG",1267,1046,221,1267
"7144","07_report/CpG_context_sampling_4040_144_trimmed_bismark_bt2.CpG",1274,1069,205,1274
"7145","07_report/CpG_context_sampling_4040_145_trimmed_bismark_bt2.CpG",1321,1120,201,1321
"7146","07_report/CpG_context_sampling_4040_146_trimmed_bismark_bt2.CpG",1310,1074,236,1310
"7147","07_report/CpG_context_sampling_4040_147_trimmed_bismark_bt2.CpG",1273,1069,204,1273
"7148","07_report/CpG_context_sampling_4040_148_trimmed_bismark_bt2.CpG",1354,1122,232,1354
"7149","07_report/CpG_context_sampling_4040_149_trimmed_bismark_bt2.CpG",1314,1090,224,1314
"7150","07_report/CpG_context_sampling_4040_150_trimmed_bismark_bt2.CpG",1300,1073,227,1300
"7151","07_report/CpG_context_sampling_4040_151_trimmed_bismark_bt2.CpG",1300,1090,210,1300
"7152","07_report/CpG_context_sampling_4040_152_trimmed_bismark_bt2.CpG",1303,1094,209,1303
"7153","07_report/CpG_context_sampling_4040_153_trimmed_bismark_bt2.CpG",1271,1045,226,1271
"7154","07_report/CpG_context_sampling_4040_154_trimmed_bismark_bt2.CpG",1317,1084,233,1317
"7155","07_report/CpG_context_sampling_4040_155_trimmed_bismark_bt2.CpG",1291,1043,248,1291
"7156","07_report/CpG_context_sampling_4040_156_trimmed_bismark_bt2.CpG",1371,1125,246,1371
"7157","07_report/CpG_context_sampling_4040_157_trimmed_bismark_bt2.CpG",1323,1110,213,1323
"7158","07_report/CpG_context_sampling_4040_158_trimmed_bismark_bt2.CpG",1237,1014,223,1237
"7159","07_report/CpG_context_sampling_4040_159_trimmed_bismark_bt2.CpG",1321,1083,238,1321
"7160","07_report/CpG_context_sampling_4040_160_trimmed_bismark_bt2.CpG",1236,1016,220,1236
"7161","07_report/CpG_context_sampling_4040_161_trimmed_bismark_bt2.CpG",1302,1069,233,1302
"7162","07_report/CpG_context_sampling_4040_162_trimmed_bismark_bt2.CpG",1338,1125,213,1338
"7163","07_report/CpG_context_sampling_4040_163_trimmed_bismark_bt2.CpG",1316,1098,218,1316
"7164","07_report/CpG_context_sampling_4040_164_trimmed_bismark_bt2.CpG",1279,1070,209,1279
"7165","07_report/CpG_context_sampling_4040_165_trimmed_bismark_bt2.CpG",1350,1119,231,1350
"7166","07_report/CpG_context_sampling_4040_166_trimmed_bismark_bt2.CpG",1314,1082,232,1314
"7167","07_report/CpG_context_sampling_4040_167_trimmed_bismark_bt2.CpG",1267,1072,195,1267
"7168","07_report/CpG_context_sampling_4040_168_trimmed_bismark_bt2.CpG",1291,1059,232,1291
"7169","07_report/CpG_context_sampling_4040_169_trimmed_bismark_bt2.CpG",1289,1073,216,1289
"7170","07_report/CpG_context_sampling_4040_170_trimmed_bismark_bt2.CpG",1345,1113,232,1345
"7171","07_report/CpG_context_sampling_4040_171_trimmed_bismark_bt2.CpG",1311,1095,216,1311
"7172","07_report/CpG_context_sampling_4040_172_trimmed_bismark_bt2.CpG",1336,1097,239,1336
"7173","07_report/CpG_context_sampling_4040_173_trimmed_bismark_bt2.CpG",1325,1104,221,1325
"7174","07_report/CpG_context_sampling_4040_174_trimmed_bismark_bt2.CpG",1385,1151,234,1385
"7175","07_report/CpG_context_sampling_4040_175_trimmed_bismark_bt2.CpG",1292,1077,215,1292
"7176","07_report/CpG_context_sampling_4040_176_trimmed_bismark_bt2.CpG",1290,1084,206,1290
"7177","07_report/CpG_context_sampling_4040_177_trimmed_bismark_bt2.CpG",1284,1071,213,1284
"7178","07_report/CpG_context_sampling_4040_178_trimmed_bismark_bt2.CpG",1294,1072,222,1294
"7179","07_report/CpG_context_sampling_4040_179_trimmed_bismark_bt2.CpG",1234,1039,195,1234
"7180","07_report/CpG_context_sampling_4040_180_trimmed_bismark_bt2.CpG",1326,1104,222,1326
"7181","07_report/CpG_context_sampling_4040_181_trimmed_bismark_bt2.CpG",1331,1102,229,1331
"7182","07_report/CpG_context_sampling_4040_182_trimmed_bismark_bt2.CpG",1312,1089,223,1312
"7183","07_report/CpG_context_sampling_4040_183_trimmed_bismark_bt2.CpG",1322,1107,215,1322
"7184","07_report/CpG_context_sampling_4040_184_trimmed_bismark_bt2.CpG",1283,1055,228,1283
"7185","07_report/CpG_context_sampling_4040_185_trimmed_bismark_bt2.CpG",1325,1114,211,1325
"7186","07_report/CpG_context_sampling_4040_186_trimmed_bismark_bt2.CpG",1265,1038,227,1265
"7187","07_report/CpG_context_sampling_4040_187_trimmed_bismark_bt2.CpG",1334,1126,208,1334
"7188","07_report/CpG_context_sampling_4040_188_trimmed_bismark_bt2.CpG",1273,1048,225,1273
"7189","07_report/CpG_context_sampling_4040_189_trimmed_bismark_bt2.CpG",1310,1089,221,1310
"7190","07_report/CpG_context_sampling_4040_190_trimmed_bismark_bt2.CpG",1293,1084,209,1293
"7191","07_report/CpG_context_sampling_4040_191_trimmed_bismark_bt2.CpG",1316,1095,221,1316
"7192","07_report/CpG_context_sampling_4040_192_trimmed_bismark_bt2.CpG",1343,1102,241,1343
"7193","07_report/CpG_context_sampling_4040_193_trimmed_bismark_bt2.CpG",1300,1082,218,1300
"7194","07_report/CpG_context_sampling_4040_194_trimmed_bismark_bt2.CpG",1320,1089,231,1320
"7195","07_report/CpG_context_sampling_4040_195_trimmed_bismark_bt2.CpG",1301,1073,228,1301
"7196","07_report/CpG_context_sampling_4040_196_trimmed_bismark_bt2.CpG",1272,1057,215,1272
"7197","07_report/CpG_context_sampling_4040_197_trimmed_bismark_bt2.CpG",1314,1102,212,1314
"7198","07_report/CpG_context_sampling_4040_198_trimmed_bismark_bt2.CpG",1314,1092,222,1314
"7199","07_report/CpG_context_sampling_4040_199_trimmed_bismark_bt2.CpG",1339,1111,228,1339
"7200","07_report/CpG_context_sampling_4040_200_trimmed_bismark_bt2.CpG",1307,1094,213,1307
"7201","07_report/CpG_context_sampling_4040_201_trimmed_bismark_bt2.CpG",1356,1145,211,1356
"7202","07_report/CpG_context_sampling_4040_202_trimmed_bismark_bt2.CpG",1307,1059,248,1307
"7203","07_report/CpG_context_sampling_4040_203_trimmed_bismark_bt2.CpG",1284,1055,229,1284
"7204","07_report/CpG_context_sampling_4040_204_trimmed_bismark_bt2.CpG",1328,1108,220,1328
"7205","07_report/CpG_context_sampling_4040_205_trimmed_bismark_bt2.CpG",1302,1073,229,1302
"7206","07_report/CpG_context_sampling_4040_206_trimmed_bismark_bt2.CpG",1293,1057,236,1293
"7207","07_report/CpG_context_sampling_4040_207_trimmed_bismark_bt2.CpG",1268,1050,218,1268
"7208","07_report/CpG_context_sampling_4040_208_trimmed_bismark_bt2.CpG",1290,1064,226,1290
"7209","07_report/CpG_context_sampling_4040_209_trimmed_bismark_bt2.CpG",1296,1071,225,1296
"7210","07_report/CpG_context_sampling_4040_210_trimmed_bismark_bt2.CpG",1305,1088,217,1305
"7211","07_report/CpG_context_sampling_4040_211_trimmed_bismark_bt2.CpG",1275,1062,213,1275
"7212","07_report/CpG_context_sampling_4040_212_trimmed_bismark_bt2.CpG",1289,1065,224,1289
"7213","07_report/CpG_context_sampling_4040_213_trimmed_bismark_bt2.CpG",1321,1095,226,1321
"7214","07_report/CpG_context_sampling_4040_214_trimmed_bismark_bt2.CpG",1269,1059,210,1269
"7215","07_report/CpG_context_sampling_4040_215_trimmed_bismark_bt2.CpG",1299,1069,230,1299
"7216","07_report/CpG_context_sampling_4040_216_trimmed_bismark_bt2.CpG",1286,1072,214,1286
"7217","07_report/CpG_context_sampling_4040_217_trimmed_bismark_bt2.CpG",1296,1067,229,1296
"7218","07_report/CpG_context_sampling_4040_218_trimmed_bismark_bt2.CpG",1405,1184,221,1405
"7219","07_report/CpG_context_sampling_4040_219_trimmed_bismark_bt2.CpG",1311,1061,250,1311
"7220","07_report/CpG_context_sampling_4040_220_trimmed_bismark_bt2.CpG",1284,1090,194,1284
"7221","07_report/CpG_context_sampling_4040_221_trimmed_bismark_bt2.CpG",1293,1055,238,1293
"7222","07_report/CpG_context_sampling_4040_222_trimmed_bismark_bt2.CpG",1283,1032,251,1283
"7223","07_report/CpG_context_sampling_4040_223_trimmed_bismark_bt2.CpG",1257,1044,213,1257
"7224","07_report/CpG_context_sampling_4040_224_trimmed_bismark_bt2.CpG",1326,1097,229,1326
"7225","07_report/CpG_context_sampling_4040_225_trimmed_bismark_bt2.CpG",1301,1103,198,1301
"7226","07_report/CpG_context_sampling_4040_226_trimmed_bismark_bt2.CpG",1301,1084,217,1301
"7227","07_report/CpG_context_sampling_4040_227_trimmed_bismark_bt2.CpG",1296,1089,207,1296
"7228","07_report/CpG_context_sampling_4040_228_trimmed_bismark_bt2.CpG",1307,1116,191,1307
"7229","07_report/CpG_context_sampling_4040_229_trimmed_bismark_bt2.CpG",1230,1020,210,1230
"7230","07_report/CpG_context_sampling_4040_230_trimmed_bismark_bt2.CpG",1300,1088,212,1300
"7231","07_report/CpG_context_sampling_4040_231_trimmed_bismark_bt2.CpG",1320,1128,192,1320
"7232","07_report/CpG_context_sampling_4040_232_trimmed_bismark_bt2.CpG",1310,1115,195,1310
"7233","07_report/CpG_context_sampling_4040_233_trimmed_bismark_bt2.CpG",1287,1057,230,1287
"7234","07_report/CpG_context_sampling_4040_234_trimmed_bismark_bt2.CpG",1318,1083,235,1318
"7235","07_report/CpG_context_sampling_4040_235_trimmed_bismark_bt2.CpG",1301,1079,222,1301
"7236","07_report/CpG_context_sampling_4040_236_trimmed_bismark_bt2.CpG",1364,1137,227,1364
"7237","07_report/CpG_context_sampling_4040_237_trimmed_bismark_bt2.CpG",1294,1087,207,1294
"7238","07_report/CpG_context_sampling_4040_238_trimmed_bismark_bt2.CpG",1273,1062,211,1273
"7239","07_report/CpG_context_sampling_4040_239_trimmed_bismark_bt2.CpG",1310,1073,237,1310
"7240","07_report/CpG_context_sampling_4040_240_trimmed_bismark_bt2.CpG",1275,1072,203,1275
"7241","07_report/CpG_context_sampling_4040_241_trimmed_bismark_bt2.CpG",1239,1039,200,1239
"7242","07_report/CpG_context_sampling_4040_242_trimmed_bismark_bt2.CpG",1293,1069,224,1293
"7243","07_report/CpG_context_sampling_4040_243_trimmed_bismark_bt2.CpG",1327,1116,211,1327
"7244","07_report/CpG_context_sampling_4040_244_trimmed_bismark_bt2.CpG",1285,1081,204,1285
"7245","07_report/CpG_context_sampling_4040_245_trimmed_bismark_bt2.CpG",1281,1046,235,1281
"7246","07_report/CpG_context_sampling_4040_246_trimmed_bismark_bt2.CpG",1305,1115,190,1305
"7247","07_report/CpG_context_sampling_4040_247_trimmed_bismark_bt2.CpG",1328,1104,224,1328
"7248","07_report/CpG_context_sampling_4040_248_trimmed_bismark_bt2.CpG",1318,1098,220,1318
"7249","07_report/CpG_context_sampling_4040_249_trimmed_bismark_bt2.CpG",1278,1076,202,1278
"7250","07_report/CpG_context_sampling_4040_250_trimmed_bismark_bt2.CpG",1303,1107,196,1303
"7251","07_report/CpG_context_sampling_4040_251_trimmed_bismark_bt2.CpG",1271,1070,201,1271
"7252","07_report/CpG_context_sampling_4040_252_trimmed_bismark_bt2.CpG",1326,1092,234,1326
"7253","07_report/CpG_context_sampling_4040_253_trimmed_bismark_bt2.CpG",1321,1112,209,1321
"7254","07_report/CpG_context_sampling_4040_254_trimmed_bismark_bt2.CpG",1255,1041,214,1255
"7255","07_report/CpG_context_sampling_4040_255_trimmed_bismark_bt2.CpG",1290,1077,213,1290
"7256","07_report/CpG_context_sampling_4040_256_trimmed_bismark_bt2.CpG",1312,1087,225,1312
"7257","07_report/CpG_context_sampling_4040_257_trimmed_bismark_bt2.CpG",1273,1039,234,1273
"7258","07_report/CpG_context_sampling_4040_258_trimmed_bismark_bt2.CpG",1271,1073,198,1271
"7259","07_report/CpG_context_sampling_4040_259_trimmed_bismark_bt2.CpG",1321,1107,214,1321
"7260","07_report/CpG_context_sampling_4040_260_trimmed_bismark_bt2.CpG",1365,1115,250,1365
"7261","07_report/CpG_context_sampling_4040_261_trimmed_bismark_bt2.CpG",1308,1083,225,1308
"7262","07_report/CpG_context_sampling_4040_262_trimmed_bismark_bt2.CpG",1332,1085,247,1332
"7263","07_report/CpG_context_sampling_4040_263_trimmed_bismark_bt2.CpG",1299,1096,203,1299
"7264","07_report/CpG_context_sampling_4040_264_trimmed_bismark_bt2.CpG",1317,1105,212,1317
"7265","07_report/CpG_context_sampling_4040_265_trimmed_bismark_bt2.CpG",1273,1049,224,1273
"7266","07_report/CpG_context_sampling_4040_266_trimmed_bismark_bt2.CpG",1302,1080,222,1302
"7267","07_report/CpG_context_sampling_4040_267_trimmed_bismark_bt2.CpG",1268,1058,210,1268
"7268","07_report/CpG_context_sampling_4040_268_trimmed_bismark_bt2.CpG",1314,1079,235,1314
"7269","07_report/CpG_context_sampling_4040_269_trimmed_bismark_bt2.CpG",1328,1086,242,1328
"7270","07_report/CpG_context_sampling_4040_270_trimmed_bismark_bt2.CpG",1278,1083,195,1278
"7271","07_report/CpG_context_sampling_4040_271_trimmed_bismark_bt2.CpG",1260,1039,221,1260
"7272","07_report/CpG_context_sampling_4040_272_trimmed_bismark_bt2.CpG",1233,1041,192,1233
"7273","07_report/CpG_context_sampling_4040_273_trimmed_bismark_bt2.CpG",1326,1099,227,1326
"7274","07_report/CpG_context_sampling_4040_274_trimmed_bismark_bt2.CpG",1314,1110,204,1314
"7275","07_report/CpG_context_sampling_4040_275_trimmed_bismark_bt2.CpG",1275,1036,239,1275
"7276","07_report/CpG_context_sampling_4040_276_trimmed_bismark_bt2.CpG",1315,1092,223,1315
"7277","07_report/CpG_context_sampling_4040_277_trimmed_bismark_bt2.CpG",1295,1089,206,1295
"7278","07_report/CpG_context_sampling_4040_278_trimmed_bismark_bt2.CpG",1252,1040,212,1252
"7279","07_report/CpG_context_sampling_4040_279_trimmed_bismark_bt2.CpG",1239,1022,217,1239
"7280","07_report/CpG_context_sampling_4040_280_trimmed_bismark_bt2.CpG",1333,1093,240,1333
"7281","07_report/CpG_context_sampling_4040_281_trimmed_bismark_bt2.CpG",1300,1073,227,1300
"7282","07_report/CpG_context_sampling_4040_282_trimmed_bismark_bt2.CpG",1303,1070,233,1303
"7283","07_report/CpG_context_sampling_4040_283_trimmed_bismark_bt2.CpG",1314,1093,221,1314
"7284","07_report/CpG_context_sampling_4040_284_trimmed_bismark_bt2.CpG",1325,1104,221,1325
"7285","07_report/CpG_context_sampling_4040_285_trimmed_bismark_bt2.CpG",1280,1075,205,1280
"7286","07_report/CpG_context_sampling_4040_286_trimmed_bismark_bt2.CpG",1309,1076,233,1309
"7287","07_report/CpG_context_sampling_4040_287_trimmed_bismark_bt2.CpG",1289,1077,212,1289
"7288","07_report/CpG_context_sampling_4040_288_trimmed_bismark_bt2.CpG",1307,1076,231,1307
"7289","07_report/CpG_context_sampling_4040_289_trimmed_bismark_bt2.CpG",1343,1106,237,1343
"7290","07_report/CpG_context_sampling_4040_290_trimmed_bismark_bt2.CpG",1296,1084,212,1296
"7291","07_report/CpG_context_sampling_4040_291_trimmed_bismark_bt2.CpG",1292,1095,197,1292
"7292","07_report/CpG_context_sampling_4040_292_trimmed_bismark_bt2.CpG",1277,1066,211,1277
"7293","07_report/CpG_context_sampling_4040_293_trimmed_bismark_bt2.CpG",1275,1037,238,1275
"7294","07_report/CpG_context_sampling_4040_294_trimmed_bismark_bt2.CpG",1339,1106,233,1339
"7295","07_report/CpG_context_sampling_4040_295_trimmed_bismark_bt2.CpG",1329,1134,195,1329
"7296","07_report/CpG_context_sampling_4040_296_trimmed_bismark_bt2.CpG",1268,1057,211,1268
"7297","07_report/CpG_context_sampling_4040_297_trimmed_bismark_bt2.CpG",1324,1093,231,1324
"7298","07_report/CpG_context_sampling_4040_298_trimmed_bismark_bt2.CpG",1286,1059,227,1286
"7299","07_report/CpG_context_sampling_4040_299_trimmed_bismark_bt2.CpG",1302,1086,216,1302
"7300","07_report/CpG_context_sampling_4040_300_trimmed_bismark_bt2.CpG",1279,1060,219,1279
"7301","07_report/CpG_context_sampling_4040_301_trimmed_bismark_bt2.CpG",1312,1107,205,1312
"7302","07_report/CpG_context_sampling_4040_302_trimmed_bismark_bt2.CpG",1332,1090,242,1332
"7303","07_report/CpG_context_sampling_4040_303_trimmed_bismark_bt2.CpG",1324,1094,230,1324
"7304","07_report/CpG_context_sampling_4040_304_trimmed_bismark_bt2.CpG",1281,1056,225,1281
"7305","07_report/CpG_context_sampling_4040_305_trimmed_bismark_bt2.CpG",1368,1128,240,1368
"7306","07_report/CpG_context_sampling_4040_306_trimmed_bismark_bt2.CpG",1281,1084,197,1281
"7307","07_report/CpG_context_sampling_4040_307_trimmed_bismark_bt2.CpG",1259,1048,211,1259
"7308","07_report/CpG_context_sampling_4040_308_trimmed_bismark_bt2.CpG",1371,1125,246,1371
"7309","07_report/CpG_context_sampling_4040_309_trimmed_bismark_bt2.CpG",1277,1077,200,1277
"7310","07_report/CpG_context_sampling_4040_310_trimmed_bismark_bt2.CpG",1306,1087,219,1306
"7311","07_report/CpG_context_sampling_4040_311_trimmed_bismark_bt2.CpG",1225,1043,182,1225
"7312","07_report/CpG_context_sampling_4040_312_trimmed_bismark_bt2.CpG",1299,1068,231,1299
"7313","07_report/CpG_context_sampling_4040_313_trimmed_bismark_bt2.CpG",1337,1117,220,1337
"7314","07_report/CpG_context_sampling_4040_314_trimmed_bismark_bt2.CpG",1356,1127,229,1356
"7315","07_report/CpG_context_sampling_4040_315_trimmed_bismark_bt2.CpG",1277,1072,205,1277
"7316","07_report/CpG_context_sampling_4040_316_trimmed_bismark_bt2.CpG",1295,1069,226,1295
"7317","07_report/CpG_context_sampling_4040_317_trimmed_bismark_bt2.CpG",1301,1103,198,1301
"7318","07_report/CpG_context_sampling_4040_318_trimmed_bismark_bt2.CpG",1354,1134,220,1354
"7319","07_report/CpG_context_sampling_4040_319_trimmed_bismark_bt2.CpG",1307,1102,205,1307
"7320","07_report/CpG_context_sampling_4040_320_trimmed_bismark_bt2.CpG",1271,1050,221,1271
"7321","07_report/CpG_context_sampling_4040_321_trimmed_bismark_bt2.CpG",1295,1056,239,1295
"7322","07_report/CpG_context_sampling_4040_322_trimmed_bismark_bt2.CpG",1306,1087,219,1306
"7323","07_report/CpG_context_sampling_4040_323_trimmed_bismark_bt2.CpG",1311,1054,257,1311
"7324","07_report/CpG_context_sampling_4040_324_trimmed_bismark_bt2.CpG",1329,1109,220,1329
"7325","07_report/CpG_context_sampling_4040_325_trimmed_bismark_bt2.CpG",1322,1114,208,1322
"7326","07_report/CpG_context_sampling_4040_326_trimmed_bismark_bt2.CpG",1313,1096,217,1313
"7327","07_report/CpG_context_sampling_4040_327_trimmed_bismark_bt2.CpG",1362,1113,249,1362
"7328","07_report/CpG_context_sampling_4040_328_trimmed_bismark_bt2.CpG",1298,1078,220,1298
"7329","07_report/CpG_context_sampling_4040_329_trimmed_bismark_bt2.CpG",1322,1104,218,1322
"7330","07_report/CpG_context_sampling_4040_330_trimmed_bismark_bt2.CpG",1261,1022,239,1261
"7331","07_report/CpG_context_sampling_4040_331_trimmed_bismark_bt2.CpG",1317,1071,246,1317
"7332","07_report/CpG_context_sampling_4040_332_trimmed_bismark_bt2.CpG",1253,1032,221,1253
"7333","07_report/CpG_context_sampling_4040_333_trimmed_bismark_bt2.CpG",1301,1109,192,1301
"7334","07_report/CpG_context_sampling_4040_334_trimmed_bismark_bt2.CpG",1291,1107,184,1291
"7335","07_report/CpG_context_sampling_4040_335_trimmed_bismark_bt2.CpG",1243,1015,228,1243
"7336","07_report/CpG_context_sampling_4040_336_trimmed_bismark_bt2.CpG",1326,1113,213,1326
"7337","07_report/CpG_context_sampling_4040_337_trimmed_bismark_bt2.CpG",1290,1062,228,1290
"7338","07_report/CpG_context_sampling_4040_338_trimmed_bismark_bt2.CpG",1320,1090,230,1320
"7339","07_report/CpG_context_sampling_4040_339_trimmed_bismark_bt2.CpG",1344,1127,217,1344
"7340","07_report/CpG_context_sampling_4040_340_trimmed_bismark_bt2.CpG",1352,1143,209,1352
"7341","07_report/CpG_context_sampling_4040_341_trimmed_bismark_bt2.CpG",1311,1073,238,1311
"7342","07_report/CpG_context_sampling_4040_342_trimmed_bismark_bt2.CpG",1358,1123,235,1358
"7343","07_report/CpG_context_sampling_4040_343_trimmed_bismark_bt2.CpG",1275,1043,232,1275
"7344","07_report/CpG_context_sampling_4040_344_trimmed_bismark_bt2.CpG",1328,1109,219,1328
"7345","07_report/CpG_context_sampling_4040_345_trimmed_bismark_bt2.CpG",1263,1026,237,1263
"7346","07_report/CpG_context_sampling_4040_346_trimmed_bismark_bt2.CpG",1329,1102,227,1329
"7347","07_report/CpG_context_sampling_4040_347_trimmed_bismark_bt2.CpG",1286,1062,224,1286
"7348","07_report/CpG_context_sampling_4040_348_trimmed_bismark_bt2.CpG",1296,1084,212,1296
"7349","07_report/CpG_context_sampling_4040_349_trimmed_bismark_bt2.CpG",1325,1109,216,1325
"7350","07_report/CpG_context_sampling_4040_350_trimmed_bismark_bt2.CpG",1281,1064,217,1281
"7351","07_report/CpG_context_sampling_4040_351_trimmed_bismark_bt2.CpG",1292,1066,226,1292
"7352","07_report/CpG_context_sampling_4040_352_trimmed_bismark_bt2.CpG",1288,1079,209,1288
"7353","07_report/CpG_context_sampling_4040_353_trimmed_bismark_bt2.CpG",1332,1114,218,1332
"7354","07_report/CpG_context_sampling_4040_354_trimmed_bismark_bt2.CpG",1242,1027,215,1242
"7355","07_report/CpG_context_sampling_4040_355_trimmed_bismark_bt2.CpG",1266,1057,209,1266
"7356","07_report/CpG_context_sampling_4040_356_trimmed_bismark_bt2.CpG",1277,1069,208,1277
"7357","07_report/CpG_context_sampling_4040_357_trimmed_bismark_bt2.CpG",1276,1054,222,1276
"7358","07_report/CpG_context_sampling_4040_358_trimmed_bismark_bt2.CpG",1276,1044,232,1276
"7359","07_report/CpG_context_sampling_4040_359_trimmed_bismark_bt2.CpG",1294,1103,191,1294
"7360","07_report/CpG_context_sampling_4040_360_trimmed_bismark_bt2.CpG",1310,1099,211,1310
"7361","07_report/CpG_context_sampling_4040_361_trimmed_bismark_bt2.CpG",1357,1129,228,1357
"7362","07_report/CpG_context_sampling_4040_362_trimmed_bismark_bt2.CpG",1263,1061,202,1263
"7363","07_report/CpG_context_sampling_4040_363_trimmed_bismark_bt2.CpG",1323,1095,228,1323
"7364","07_report/CpG_context_sampling_4040_364_trimmed_bismark_bt2.CpG",1324,1085,239,1324
"7365","07_report/CpG_context_sampling_4040_365_trimmed_bismark_bt2.CpG",1274,1059,215,1274
"7366","07_report/CpG_context_sampling_4040_366_trimmed_bismark_bt2.CpG",1282,1054,228,1282
"7367","07_report/CpG_context_sampling_4040_367_trimmed_bismark_bt2.CpG",1347,1140,207,1347
"7368","07_report/CpG_context_sampling_4040_368_trimmed_bismark_bt2.CpG",1264,1053,211,1264
"7369","07_report/CpG_context_sampling_4040_369_trimmed_bismark_bt2.CpG",1284,1071,213,1284
"7370","07_report/CpG_context_sampling_4040_370_trimmed_bismark_bt2.CpG",1261,1056,205,1261
"7371","07_report/CpG_context_sampling_4040_371_trimmed_bismark_bt2.CpG",1343,1112,231,1343
"7372","07_report/CpG_context_sampling_4040_372_trimmed_bismark_bt2.CpG",1248,1023,225,1248
"7373","07_report/CpG_context_sampling_4040_373_trimmed_bismark_bt2.CpG",1322,1114,208,1322
"7374","07_report/CpG_context_sampling_4040_374_trimmed_bismark_bt2.CpG",1285,1069,216,1285
"7375","07_report/CpG_context_sampling_4040_375_trimmed_bismark_bt2.CpG",1248,1035,213,1248
"7376","07_report/CpG_context_sampling_4040_376_trimmed_bismark_bt2.CpG",1370,1128,242,1370
"7377","07_report/CpG_context_sampling_4040_377_trimmed_bismark_bt2.CpG",1296,1090,206,1296
"7378","07_report/CpG_context_sampling_4040_378_trimmed_bismark_bt2.CpG",1299,1101,198,1299
"7379","07_report/CpG_context_sampling_4040_379_trimmed_bismark_bt2.CpG",1291,1073,218,1291
"7380","07_report/CpG_context_sampling_4040_380_trimmed_bismark_bt2.CpG",1261,1031,230,1261
"7381","07_report/CpG_context_sampling_4040_381_trimmed_bismark_bt2.CpG",1347,1099,248,1347
"7382","07_report/CpG_context_sampling_4040_382_trimmed_bismark_bt2.CpG",1274,1056,218,1274
"7383","07_report/CpG_context_sampling_4040_383_trimmed_bismark_bt2.CpG",1312,1078,234,1312
"7384","07_report/CpG_context_sampling_4040_384_trimmed_bismark_bt2.CpG",1355,1111,244,1355
"7385","07_report/CpG_context_sampling_4040_385_trimmed_bismark_bt2.CpG",1309,1065,244,1309
"7386","07_report/CpG_context_sampling_4040_386_trimmed_bismark_bt2.CpG",1304,1093,211,1304
"7387","07_report/CpG_context_sampling_4040_387_trimmed_bismark_bt2.CpG",1278,1082,196,1278
"7388","07_report/CpG_context_sampling_4040_388_trimmed_bismark_bt2.CpG",1334,1106,228,1334
"7389","07_report/CpG_context_sampling_4040_389_trimmed_bismark_bt2.CpG",1307,1088,219,1307
"7390","07_report/CpG_context_sampling_4040_390_trimmed_bismark_bt2.CpG",1332,1090,242,1332
"7391","07_report/CpG_context_sampling_4040_391_trimmed_bismark_bt2.CpG",1296,1075,221,1296
"7392","07_report/CpG_context_sampling_4040_392_trimmed_bismark_bt2.CpG",1288,1064,224,1288
"7393","07_report/CpG_context_sampling_4040_393_trimmed_bismark_bt2.CpG",1315,1088,227,1315
"7394","07_report/CpG_context_sampling_4040_394_trimmed_bismark_bt2.CpG",1293,1078,215,1293
"7395","07_report/CpG_context_sampling_4040_395_trimmed_bismark_bt2.CpG",1304,1085,219,1304
"7396","07_report/CpG_context_sampling_4040_396_trimmed_bismark_bt2.CpG",1322,1080,242,1322
"7397","07_report/CpG_context_sampling_4040_397_trimmed_bismark_bt2.CpG",1348,1107,241,1348
"7398","07_report/CpG_context_sampling_4040_398_trimmed_bismark_bt2.CpG",1267,1063,204,1267
"7399","07_report/CpG_context_sampling_4040_399_trimmed_bismark_bt2.CpG",1257,1040,217,1257
"7400","07_report/CpG_context_sampling_4040_400_trimmed_bismark_bt2.CpG",1329,1127,202,1329
"7401","07_report/CpG_context_sampling_4040_401_trimmed_bismark_bt2.CpG",1318,1100,218,1318
"7402","07_report/CpG_context_sampling_4040_402_trimmed_bismark_bt2.CpG",1292,1083,209,1292
"7403","07_report/CpG_context_sampling_4040_403_trimmed_bismark_bt2.CpG",1322,1104,218,1322
"7404","07_report/CpG_context_sampling_4040_404_trimmed_bismark_bt2.CpG",1285,1068,217,1285
"7405","07_report/CpG_context_sampling_4040_405_trimmed_bismark_bt2.CpG",1271,1033,238,1271
"7406","07_report/CpG_context_sampling_4040_406_trimmed_bismark_bt2.CpG",1287,1088,199,1287
"7407","07_report/CpG_context_sampling_4040_407_trimmed_bismark_bt2.CpG",1249,1049,200,1249
"7408","07_report/CpG_context_sampling_4040_408_trimmed_bismark_bt2.CpG",1309,1110,199,1309
"7409","07_report/CpG_context_sampling_4040_409_trimmed_bismark_bt2.CpG",1340,1096,244,1340
"7410","07_report/CpG_context_sampling_4040_410_trimmed_bismark_bt2.CpG",1329,1105,224,1329
"7411","07_report/CpG_context_sampling_4040_411_trimmed_bismark_bt2.CpG",1355,1133,222,1355
"7412","07_report/CpG_context_sampling_4040_412_trimmed_bismark_bt2.CpG",1343,1107,236,1343
"7413","07_report/CpG_context_sampling_4040_413_trimmed_bismark_bt2.CpG",1304,1099,205,1304
"7414","07_report/CpG_context_sampling_4040_414_trimmed_bismark_bt2.CpG",1286,1076,210,1286
"7415","07_report/CpG_context_sampling_4040_415_trimmed_bismark_bt2.CpG",1257,1041,216,1257
"7416","07_report/CpG_context_sampling_4040_416_trimmed_bismark_bt2.CpG",1307,1065,242,1307
"7417","07_report/CpG_context_sampling_4040_417_trimmed_bismark_bt2.CpG",1356,1139,217,1356
"7418","07_report/CpG_context_sampling_4040_418_trimmed_bismark_bt2.CpG",1295,1082,213,1295
"7419","07_report/CpG_context_sampling_4040_419_trimmed_bismark_bt2.CpG",1317,1108,209,1317
"7420","07_report/CpG_context_sampling_4040_420_trimmed_bismark_bt2.CpG",1248,1016,232,1248
"7421","07_report/CpG_context_sampling_4040_421_trimmed_bismark_bt2.CpG",1307,1103,204,1307
"7422","07_report/CpG_context_sampling_4040_422_trimmed_bismark_bt2.CpG",1296,1094,202,1296
"7423","07_report/CpG_context_sampling_4040_423_trimmed_bismark_bt2.CpG",1259,1015,244,1259
"7424","07_report/CpG_context_sampling_4040_424_trimmed_bismark_bt2.CpG",1303,1108,195,1303
"7425","07_report/CpG_context_sampling_4040_425_trimmed_bismark_bt2.CpG",1314,1125,189,1314
"7426","07_report/CpG_context_sampling_4040_426_trimmed_bismark_bt2.CpG",1260,1038,222,1260
"7427","07_report/CpG_context_sampling_4040_427_trimmed_bismark_bt2.CpG",1287,1083,204,1287
"7428","07_report/CpG_context_sampling_4040_428_trimmed_bismark_bt2.CpG",1285,1076,209,1285
"7429","07_report/CpG_context_sampling_4040_429_trimmed_bismark_bt2.CpG",1295,1063,232,1295
"7430","07_report/CpG_context_sampling_4040_430_trimmed_bismark_bt2.CpG",1274,1051,223,1274
"7431","07_report/CpG_context_sampling_4040_431_trimmed_bismark_bt2.CpG",1307,1074,233,1307
"7432","07_report/CpG_context_sampling_4040_432_trimmed_bismark_bt2.CpG",1291,1077,214,1291
"7433","07_report/CpG_context_sampling_4040_433_trimmed_bismark_bt2.CpG",1323,1079,244,1323
"7434","07_report/CpG_context_sampling_4040_434_trimmed_bismark_bt2.CpG",1345,1124,221,1345
"7435","07_report/CpG_context_sampling_4040_435_trimmed_bismark_bt2.CpG",1342,1124,218,1342
"7436","07_report/CpG_context_sampling_4040_436_trimmed_bismark_bt2.CpG",1344,1115,229,1344
"7437","07_report/CpG_context_sampling_4040_437_trimmed_bismark_bt2.CpG",1300,1075,225,1300
"7438","07_report/CpG_context_sampling_4040_438_trimmed_bismark_bt2.CpG",1320,1092,228,1320
"7439","07_report/CpG_context_sampling_4040_439_trimmed_bismark_bt2.CpG",1287,1083,204,1287
"7440","07_report/CpG_context_sampling_4040_440_trimmed_bismark_bt2.CpG",1320,1104,216,1320
"7441","07_report/CpG_context_sampling_4040_441_trimmed_bismark_bt2.CpG",1326,1100,226,1326
"7442","07_report/CpG_context_sampling_4040_442_trimmed_bismark_bt2.CpG",1249,1040,209,1249
"7443","07_report/CpG_context_sampling_4040_443_trimmed_bismark_bt2.CpG",1326,1104,222,1326
"7444","07_report/CpG_context_sampling_4040_444_trimmed_bismark_bt2.CpG",1318,1092,226,1318
"7445","07_report/CpG_context_sampling_4040_445_trimmed_bismark_bt2.CpG",1336,1109,227,1336
"7446","07_report/CpG_context_sampling_4040_446_trimmed_bismark_bt2.CpG",1307,1107,200,1307
"7447","07_report/CpG_context_sampling_4040_447_trimmed_bismark_bt2.CpG",1322,1097,225,1322
"7448","07_report/CpG_context_sampling_4040_448_trimmed_bismark_bt2.CpG",1317,1102,215,1317
"7449","07_report/CpG_context_sampling_4040_449_trimmed_bismark_bt2.CpG",1339,1104,235,1339
"7450","07_report/CpG_context_sampling_4040_450_trimmed_bismark_bt2.CpG",1327,1102,225,1327
"7451","07_report/CpG_context_sampling_4040_451_trimmed_bismark_bt2.CpG",1285,1070,215,1285
"7452","07_report/CpG_context_sampling_4040_452_trimmed_bismark_bt2.CpG",1277,1061,216,1277
"7453","07_report/CpG_context_sampling_4040_453_trimmed_bismark_bt2.CpG",1314,1097,217,1314
"7454","07_report/CpG_context_sampling_4040_454_trimmed_bismark_bt2.CpG",1347,1112,235,1347
"7455","07_report/CpG_context_sampling_4040_455_trimmed_bismark_bt2.CpG",1326,1118,208,1326
"7456","07_report/CpG_context_sampling_4040_456_trimmed_bismark_bt2.CpG",1310,1064,246,1310
"7457","07_report/CpG_context_sampling_4040_457_trimmed_bismark_bt2.CpG",1308,1106,202,1308
"7458","07_report/CpG_context_sampling_4040_458_trimmed_bismark_bt2.CpG",1315,1096,219,1315
"7459","07_report/CpG_context_sampling_4040_459_trimmed_bismark_bt2.CpG",1300,1102,198,1300
"7460","07_report/CpG_context_sampling_4040_460_trimmed_bismark_bt2.CpG",1314,1078,236,1314
"7461","07_report/CpG_context_sampling_4040_461_trimmed_bismark_bt2.CpG",1310,1086,224,1310
"7462","07_report/CpG_context_sampling_4040_462_trimmed_bismark_bt2.CpG",1275,1041,234,1275
"7463","07_report/CpG_context_sampling_4040_463_trimmed_bismark_bt2.CpG",1312,1084,228,1312
"7464","07_report/CpG_context_sampling_4040_464_trimmed_bismark_bt2.CpG",1325,1103,222,1325
"7465","07_report/CpG_context_sampling_4040_465_trimmed_bismark_bt2.CpG",1292,1075,217,1292
"7466","07_report/CpG_context_sampling_4040_466_trimmed_bismark_bt2.CpG",1374,1123,251,1374
"7467","07_report/CpG_context_sampling_4040_467_trimmed_bismark_bt2.CpG",1299,1082,217,1299
"7468","07_report/CpG_context_sampling_4040_468_trimmed_bismark_bt2.CpG",1339,1114,225,1339
"7469","07_report/CpG_context_sampling_4040_469_trimmed_bismark_bt2.CpG",1280,1072,208,1280
"7470","07_report/CpG_context_sampling_4040_470_trimmed_bismark_bt2.CpG",1316,1088,228,1316
"7471","07_report/CpG_context_sampling_4040_471_trimmed_bismark_bt2.CpG",1309,1093,216,1309
"7472","07_report/CpG_context_sampling_4040_472_trimmed_bismark_bt2.CpG",1323,1106,217,1323
"7473","07_report/CpG_context_sampling_4040_473_trimmed_bismark_bt2.CpG",1301,1086,215,1301
"7474","07_report/CpG_context_sampling_4040_474_trimmed_bismark_bt2.CpG",1299,1080,219,1299
"7475","07_report/CpG_context_sampling_4040_475_trimmed_bismark_bt2.CpG",1334,1085,249,1334
"7476","07_report/CpG_context_sampling_4040_476_trimmed_bismark_bt2.CpG",1314,1082,232,1314
"7477","07_report/CpG_context_sampling_4040_477_trimmed_bismark_bt2.CpG",1393,1167,226,1393
"7478","07_report/CpG_context_sampling_4040_478_trimmed_bismark_bt2.CpG",1257,1033,224,1257
"7479","07_report/CpG_context_sampling_4040_479_trimmed_bismark_bt2.CpG",1303,1098,205,1303
"7480","07_report/CpG_context_sampling_4040_480_trimmed_bismark_bt2.CpG",1356,1111,245,1356
"7481","07_report/CpG_context_sampling_4040_481_trimmed_bismark_bt2.CpG",1297,1086,211,1297
"7482","07_report/CpG_context_sampling_4040_482_trimmed_bismark_bt2.CpG",1281,1069,212,1281
"7483","07_report/CpG_context_sampling_4040_483_trimmed_bismark_bt2.CpG",1298,1096,202,1298
"7484","07_report/CpG_context_sampling_4040_484_trimmed_bismark_bt2.CpG",1255,1034,221,1255
"7485","07_report/CpG_context_sampling_4040_485_trimmed_bismark_bt2.CpG",1307,1084,223,1307
"7486","07_report/CpG_context_sampling_4040_486_trimmed_bismark_bt2.CpG",1356,1123,233,1356
"7487","07_report/CpG_context_sampling_4040_487_trimmed_bismark_bt2.CpG",1280,1079,201,1280
"7488","07_report/CpG_context_sampling_4040_488_trimmed_bismark_bt2.CpG",1273,1057,216,1273
"7489","07_report/CpG_context_sampling_4040_489_trimmed_bismark_bt2.CpG",1292,1063,229,1292
"7490","07_report/CpG_context_sampling_4040_490_trimmed_bismark_bt2.CpG",1328,1125,203,1328
"7491","07_report/CpG_context_sampling_4040_491_trimmed_bismark_bt2.CpG",1269,1049,220,1269
"7492","07_report/CpG_context_sampling_4040_492_trimmed_bismark_bt2.CpG",1331,1105,226,1331
"7493","07_report/CpG_context_sampling_4040_493_trimmed_bismark_bt2.CpG",1271,1077,194,1271
"7494","07_report/CpG_context_sampling_4040_494_trimmed_bismark_bt2.CpG",1352,1091,261,1352
"7495","07_report/CpG_context_sampling_4040_495_trimmed_bismark_bt2.CpG",1319,1087,232,1319
"7496","07_report/CpG_context_sampling_4040_496_trimmed_bismark_bt2.CpG",1325,1128,197,1325
"7497","07_report/CpG_context_sampling_4040_497_trimmed_bismark_bt2.CpG",1364,1146,218,1364
"7498","07_report/CpG_context_sampling_4040_498_trimmed_bismark_bt2.CpG",1276,1057,219,1276
"7499","07_report/CpG_context_sampling_4040_499_trimmed_bismark_bt2.CpG",1266,1020,246,1266
"7500","07_report/CpG_context_sampling_4040_500_trimmed_bismark_bt2.CpG",1319,1096,223,1319
"7501","07_report/CpG_context_sampling_4040_501_trimmed_bismark_bt2.CpG",1313,1103,210,1313
"7502","07_report/CpG_context_sampling_4040_502_trimmed_bismark_bt2.CpG",1345,1100,245,1345
"7503","07_report/CpG_context_sampling_4040_503_trimmed_bismark_bt2.CpG",1386,1152,234,1386
"7504","07_report/CpG_context_sampling_4040_504_trimmed_bismark_bt2.CpG",1269,1036,233,1269
"7505","07_report/CpG_context_sampling_4040_505_trimmed_bismark_bt2.CpG",1338,1125,213,1338
"7506","07_report/CpG_context_sampling_4040_506_trimmed_bismark_bt2.CpG",1288,1070,218,1288
"7507","07_report/CpG_context_sampling_4040_507_trimmed_bismark_bt2.CpG",1325,1104,221,1325
"7508","07_report/CpG_context_sampling_4040_508_trimmed_bismark_bt2.CpG",1327,1102,225,1327
"7509","07_report/CpG_context_sampling_4040_509_trimmed_bismark_bt2.CpG",1271,1040,231,1271
"7510","07_report/CpG_context_sampling_4040_510_trimmed_bismark_bt2.CpG",1253,1033,220,1253
"7511","07_report/CpG_context_sampling_4040_511_trimmed_bismark_bt2.CpG",1256,1038,218,1256
"7512","07_report/CpG_context_sampling_4040_512_trimmed_bismark_bt2.CpG",1369,1116,253,1369
"7513","07_report/CpG_context_sampling_4040_513_trimmed_bismark_bt2.CpG",1253,1031,222,1253
"7514","07_report/CpG_context_sampling_4040_514_trimmed_bismark_bt2.CpG",1283,1073,210,1283
"7515","07_report/CpG_context_sampling_4040_515_trimmed_bismark_bt2.CpG",1256,1036,220,1256
"7516","07_report/CpG_context_sampling_4040_516_trimmed_bismark_bt2.CpG",1280,1062,218,1280
"7517","07_report/CpG_context_sampling_4040_517_trimmed_bismark_bt2.CpG",1261,1044,217,1261
"7518","07_report/CpG_context_sampling_4040_518_trimmed_bismark_bt2.CpG",1290,1060,230,1290
"7519","07_report/CpG_context_sampling_4040_519_trimmed_bismark_bt2.CpG",1317,1085,232,1317
"7520","07_report/CpG_context_sampling_4040_520_trimmed_bismark_bt2.CpG",1332,1102,230,1332
"7521","07_report/CpG_context_sampling_4040_521_trimmed_bismark_bt2.CpG",1277,1082,195,1277
"7522","07_report/CpG_context_sampling_4040_522_trimmed_bismark_bt2.CpG",1262,1019,243,1262
"7523","07_report/CpG_context_sampling_4040_523_trimmed_bismark_bt2.CpG",1343,1107,236,1343
"7524","07_report/CpG_context_sampling_4040_524_trimmed_bismark_bt2.CpG",1286,1075,211,1286
"7525","07_report/CpG_context_sampling_4040_525_trimmed_bismark_bt2.CpG",1318,1081,237,1318
"7526","07_report/CpG_context_sampling_4040_526_trimmed_bismark_bt2.CpG",1276,1052,224,1276
"7527","07_report/CpG_context_sampling_4040_527_trimmed_bismark_bt2.CpG",1268,1054,214,1268
"7528","07_report/CpG_context_sampling_4040_528_trimmed_bismark_bt2.CpG",1297,1078,219,1297
"7529","07_report/CpG_context_sampling_4040_529_trimmed_bismark_bt2.CpG",1323,1098,225,1323
"7530","07_report/CpG_context_sampling_4040_530_trimmed_bismark_bt2.CpG",1345,1128,217,1345
"7531","07_report/CpG_context_sampling_4040_531_trimmed_bismark_bt2.CpG",1388,1154,234,1388
"7532","07_report/CpG_context_sampling_4040_532_trimmed_bismark_bt2.CpG",1224,1013,211,1224
"7533","07_report/CpG_context_sampling_4040_533_trimmed_bismark_bt2.CpG",1363,1119,244,1363
"7534","07_report/CpG_context_sampling_4040_534_trimmed_bismark_bt2.CpG",1316,1080,236,1316
"7535","07_report/CpG_context_sampling_4040_535_trimmed_bismark_bt2.CpG",1315,1111,204,1315
"7536","07_report/CpG_context_sampling_4040_536_trimmed_bismark_bt2.CpG",1278,1055,223,1278
"7537","07_report/CpG_context_sampling_4040_537_trimmed_bismark_bt2.CpG",1329,1100,229,1329
"7538","07_report/CpG_context_sampling_4040_538_trimmed_bismark_bt2.CpG",1309,1088,221,1309
"7539","07_report/CpG_context_sampling_4040_539_trimmed_bismark_bt2.CpG",1380,1142,238,1380
"7540","07_report/CpG_context_sampling_4040_540_trimmed_bismark_bt2.CpG",1288,1070,218,1288
"7541","07_report/CpG_context_sampling_4040_541_trimmed_bismark_bt2.CpG",1256,1037,219,1256
"7542","07_report/CpG_context_sampling_4040_542_trimmed_bismark_bt2.CpG",1324,1104,220,1324
"7543","07_report/CpG_context_sampling_4040_543_trimmed_bismark_bt2.CpG",1393,1161,232,1393
"7544","07_report/CpG_context_sampling_4040_544_trimmed_bismark_bt2.CpG",1340,1115,225,1340
"7545","07_report/CpG_context_sampling_4040_545_trimmed_bismark_bt2.CpG",1242,1056,186,1242
"7546","07_report/CpG_context_sampling_4040_546_trimmed_bismark_bt2.CpG",1319,1106,213,1319
"7547","07_report/CpG_context_sampling_4040_547_trimmed_bismark_bt2.CpG",1310,1100,210,1310
"7548","07_report/CpG_context_sampling_4040_548_trimmed_bismark_bt2.CpG",1291,1077,214,1291
"7549","07_report/CpG_context_sampling_4040_549_trimmed_bismark_bt2.CpG",1308,1072,236,1308
"7550","07_report/CpG_context_sampling_4040_550_trimmed_bismark_bt2.CpG",1316,1112,204,1316
"7551","07_report/CpG_context_sampling_4040_551_trimmed_bismark_bt2.CpG",1248,1051,197,1248
"7552","07_report/CpG_context_sampling_4040_552_trimmed_bismark_bt2.CpG",1320,1104,216,1320
"7553","07_report/CpG_context_sampling_4040_553_trimmed_bismark_bt2.CpG",1269,1053,216,1269
"7554","07_report/CpG_context_sampling_4040_554_trimmed_bismark_bt2.CpG",1361,1131,230,1361
"7555","07_report/CpG_context_sampling_4040_555_trimmed_bismark_bt2.CpG",1280,1080,200,1280
"7556","07_report/CpG_context_sampling_4040_556_trimmed_bismark_bt2.CpG",1308,1079,229,1308
"7557","07_report/CpG_context_sampling_4040_557_trimmed_bismark_bt2.CpG",1263,1056,207,1263
"7558","07_report/CpG_context_sampling_4040_558_trimmed_bismark_bt2.CpG",1285,1078,207,1285
"7559","07_report/CpG_context_sampling_4040_559_trimmed_bismark_bt2.CpG",1273,1052,221,1273
"7560","07_report/CpG_context_sampling_4040_560_trimmed_bismark_bt2.CpG",1259,1057,202,1259
"7561","07_report/CpG_context_sampling_4040_561_trimmed_bismark_bt2.CpG",1369,1127,242,1369
"7562","07_report/CpG_context_sampling_4040_562_trimmed_bismark_bt2.CpG",1306,1075,231,1306
"7563","07_report/CpG_context_sampling_4040_563_trimmed_bismark_bt2.CpG",1277,1044,233,1277
"7564","07_report/CpG_context_sampling_4040_564_trimmed_bismark_bt2.CpG",1318,1119,199,1318
"7565","07_report/CpG_context_sampling_4040_565_trimmed_bismark_bt2.CpG",1327,1084,243,1327
"7566","07_report/CpG_context_sampling_4040_566_trimmed_bismark_bt2.CpG",1302,1107,195,1302
"7567","07_report/CpG_context_sampling_4040_567_trimmed_bismark_bt2.CpG",1378,1150,228,1378
"7568","07_report/CpG_context_sampling_4040_568_trimmed_bismark_bt2.CpG",1296,1117,179,1296
"7569","07_report/CpG_context_sampling_4040_569_trimmed_bismark_bt2.CpG",1331,1090,241,1331
"7570","07_report/CpG_context_sampling_4040_570_trimmed_bismark_bt2.CpG",1337,1113,224,1337
"7571","07_report/CpG_context_sampling_4040_571_trimmed_bismark_bt2.CpG",1245,1060,185,1245
"7572","07_report/CpG_context_sampling_4040_572_trimmed_bismark_bt2.CpG",1376,1142,234,1376
"7573","07_report/CpG_context_sampling_4040_573_trimmed_bismark_bt2.CpG",1308,1081,227,1308
"7574","07_report/CpG_context_sampling_4040_574_trimmed_bismark_bt2.CpG",1347,1117,230,1347
"7575","07_report/CpG_context_sampling_4040_575_trimmed_bismark_bt2.CpG",1322,1090,232,1322
"7576","07_report/CpG_context_sampling_4040_576_trimmed_bismark_bt2.CpG",1321,1113,208,1321
"7577","07_report/CpG_context_sampling_4040_577_trimmed_bismark_bt2.CpG",1305,1091,214,1305
"7578","07_report/CpG_context_sampling_4040_578_trimmed_bismark_bt2.CpG",1313,1080,233,1313
"7579","07_report/CpG_context_sampling_4040_579_trimmed_bismark_bt2.CpG",1248,1037,211,1248
"7580","07_report/CpG_context_sampling_4040_580_trimmed_bismark_bt2.CpG",1362,1117,245,1362
"7581","07_report/CpG_context_sampling_4040_581_trimmed_bismark_bt2.CpG",1275,1093,182,1275
"7582","07_report/CpG_context_sampling_4040_582_trimmed_bismark_bt2.CpG",1319,1084,235,1319
"7583","07_report/CpG_context_sampling_4040_583_trimmed_bismark_bt2.CpG",1285,1078,207,1285
"7584","07_report/CpG_context_sampling_4040_584_trimmed_bismark_bt2.CpG",1334,1106,228,1334
"7585","07_report/CpG_context_sampling_4040_585_trimmed_bismark_bt2.CpG",1274,1046,228,1274
"7586","07_report/CpG_context_sampling_4040_586_trimmed_bismark_bt2.CpG",1275,1088,187,1275
"7587","07_report/CpG_context_sampling_4040_587_trimmed_bismark_bt2.CpG",1375,1116,259,1375
"7588","07_report/CpG_context_sampling_4040_588_trimmed_bismark_bt2.CpG",1324,1109,215,1324
"7589","07_report/CpG_context_sampling_4040_589_trimmed_bismark_bt2.CpG",1314,1092,222,1314
"7590","07_report/CpG_context_sampling_4040_590_trimmed_bismark_bt2.CpG",1255,1048,207,1255
"7591","07_report/CpG_context_sampling_4040_591_trimmed_bismark_bt2.CpG",1293,1092,201,1293
"7592","07_report/CpG_context_sampling_4040_592_trimmed_bismark_bt2.CpG",1293,1084,209,1293
"7593","07_report/CpG_context_sampling_4040_593_trimmed_bismark_bt2.CpG",1302,1088,214,1302
"7594","07_report/CpG_context_sampling_4040_594_trimmed_bismark_bt2.CpG",1295,1050,245,1295
"7595","07_report/CpG_context_sampling_4040_595_trimmed_bismark_bt2.CpG",1297,1082,215,1297
"7596","07_report/CpG_context_sampling_4040_596_trimmed_bismark_bt2.CpG",1262,1046,216,1262
"7597","07_report/CpG_context_sampling_4040_597_trimmed_bismark_bt2.CpG",1279,1072,207,1279
"7598","07_report/CpG_context_sampling_4040_598_trimmed_bismark_bt2.CpG",1279,1082,197,1279
"7599","07_report/CpG_context_sampling_4040_599_trimmed_bismark_bt2.CpG",1291,1089,202,1291
"7600","07_report/CpG_context_sampling_4040_600_trimmed_bismark_bt2.CpG",1347,1142,205,1347
"7601","07_report/CpG_context_sampling_4040_601_trimmed_bismark_bt2.CpG",1304,1077,227,1304
"7602","07_report/CpG_context_sampling_4040_602_trimmed_bismark_bt2.CpG",1254,1030,224,1254
"7603","07_report/CpG_context_sampling_4040_603_trimmed_bismark_bt2.CpG",1294,1080,214,1294
"7604","07_report/CpG_context_sampling_4040_604_trimmed_bismark_bt2.CpG",1342,1108,234,1342
"7605","07_report/CpG_context_sampling_4040_605_trimmed_bismark_bt2.CpG",1296,1078,218,1296
"7606","07_report/CpG_context_sampling_4040_606_trimmed_bismark_bt2.CpG",1319,1109,210,1319
"7607","07_report/CpG_context_sampling_4040_607_trimmed_bismark_bt2.CpG",1290,1080,210,1290
"7608","07_report/CpG_context_sampling_4040_608_trimmed_bismark_bt2.CpG",1341,1109,232,1341
"7609","07_report/CpG_context_sampling_4040_609_trimmed_bismark_bt2.CpG",1261,1054,207,1261
"7610","07_report/CpG_context_sampling_4040_610_trimmed_bismark_bt2.CpG",1298,1093,205,1298
"7611","07_report/CpG_context_sampling_4040_611_trimmed_bismark_bt2.CpG",1347,1107,240,1347
"7612","07_report/CpG_context_sampling_4040_612_trimmed_bismark_bt2.CpG",1285,1072,213,1285
"7613","07_report/CpG_context_sampling_4040_613_trimmed_bismark_bt2.CpG",1304,1074,230,1304
"7614","07_report/CpG_context_sampling_4040_614_trimmed_bismark_bt2.CpG",1378,1147,231,1378
"7615","07_report/CpG_context_sampling_4040_615_trimmed_bismark_bt2.CpG",1295,1084,211,1295
"7616","07_report/CpG_context_sampling_4040_616_trimmed_bismark_bt2.CpG",1324,1105,219,1324
"7617","07_report/CpG_context_sampling_4040_617_trimmed_bismark_bt2.CpG",1323,1103,220,1323
"7618","07_report/CpG_context_sampling_4040_618_trimmed_bismark_bt2.CpG",1311,1099,212,1311
"7619","07_report/CpG_context_sampling_4040_619_trimmed_bismark_bt2.CpG",1315,1074,241,1315
"7620","07_report/CpG_context_sampling_4040_620_trimmed_bismark_bt2.CpG",1325,1089,236,1325
"7621","07_report/CpG_context_sampling_4040_621_trimmed_bismark_bt2.CpG",1293,1089,204,1293
"7622","07_report/CpG_context_sampling_4040_622_trimmed_bismark_bt2.CpG",1327,1101,226,1327
"7623","07_report/CpG_context_sampling_4040_623_trimmed_bismark_bt2.CpG",1303,1086,217,1303
"7624","07_report/CpG_context_sampling_4040_624_trimmed_bismark_bt2.CpG",1307,1066,241,1307
"7625","07_report/CpG_context_sampling_4040_625_trimmed_bismark_bt2.CpG",1319,1115,204,1319
"7626","07_report/CpG_context_sampling_4040_626_trimmed_bismark_bt2.CpG",1347,1119,228,1347
"7627","07_report/CpG_context_sampling_4040_627_trimmed_bismark_bt2.CpG",1303,1072,231,1303
"7628","07_report/CpG_context_sampling_4040_628_trimmed_bismark_bt2.CpG",1261,1057,204,1261
"7629","07_report/CpG_context_sampling_4040_629_trimmed_bismark_bt2.CpG",1355,1142,213,1355
"7630","07_report/CpG_context_sampling_4040_630_trimmed_bismark_bt2.CpG",1276,1062,214,1276
"7631","07_report/CpG_context_sampling_4040_631_trimmed_bismark_bt2.CpG",1280,1076,204,1280
"7632","07_report/CpG_context_sampling_4040_632_trimmed_bismark_bt2.CpG",1300,1085,215,1300
"7633","07_report/CpG_context_sampling_4040_633_trimmed_bismark_bt2.CpG",1267,1028,239,1267
"7634","07_report/CpG_context_sampling_4040_634_trimmed_bismark_bt2.CpG",1324,1122,202,1324
"7635","07_report/CpG_context_sampling_4040_635_trimmed_bismark_bt2.CpG",1336,1123,213,1336
"7636","07_report/CpG_context_sampling_4040_636_trimmed_bismark_bt2.CpG",1291,1056,235,1291
"7637","07_report/CpG_context_sampling_4040_637_trimmed_bismark_bt2.CpG",1317,1109,208,1317
"7638","07_report/CpG_context_sampling_4040_638_trimmed_bismark_bt2.CpG",1271,1064,207,1271
"7639","07_report/CpG_context_sampling_4040_639_trimmed_bismark_bt2.CpG",1261,1059,202,1261
"7640","07_report/CpG_context_sampling_4040_640_trimmed_bismark_bt2.CpG",1359,1146,213,1359
"7641","07_report/CpG_context_sampling_4040_641_trimmed_bismark_bt2.CpG",1283,1099,184,1283
"7642","07_report/CpG_context_sampling_4040_642_trimmed_bismark_bt2.CpG",1307,1080,227,1307
"7643","07_report/CpG_context_sampling_4040_643_trimmed_bismark_bt2.CpG",1349,1102,247,1349
"7644","07_report/CpG_context_sampling_4040_644_trimmed_bismark_bt2.CpG",1353,1133,220,1353
"7645","07_report/CpG_context_sampling_4040_645_trimmed_bismark_bt2.CpG",1293,1079,214,1293
"7646","07_report/CpG_context_sampling_4040_646_trimmed_bismark_bt2.CpG",1302,1082,220,1302
"7647","07_report/CpG_context_sampling_4040_647_trimmed_bismark_bt2.CpG",1313,1095,218,1313
"7648","07_report/CpG_context_sampling_4040_648_trimmed_bismark_bt2.CpG",1265,1048,217,1265
"7649","07_report/CpG_context_sampling_4040_649_trimmed_bismark_bt2.CpG",1362,1137,225,1362
"7650","07_report/CpG_context_sampling_4040_650_trimmed_bismark_bt2.CpG",1324,1112,212,1324
"7651","07_report/CpG_context_sampling_4040_651_trimmed_bismark_bt2.CpG",1268,1071,197,1268
"7652","07_report/CpG_context_sampling_4040_652_trimmed_bismark_bt2.CpG",1353,1133,220,1353
"7653","07_report/CpG_context_sampling_4040_653_trimmed_bismark_bt2.CpG",1300,1091,209,1300
"7654","07_report/CpG_context_sampling_4040_654_trimmed_bismark_bt2.CpG",1265,1046,219,1265
"7655","07_report/CpG_context_sampling_4040_655_trimmed_bismark_bt2.CpG",1367,1115,252,1367
"7656","07_report/CpG_context_sampling_4040_656_trimmed_bismark_bt2.CpG",1276,1066,210,1276
"7657","07_report/CpG_context_sampling_4040_657_trimmed_bismark_bt2.CpG",1290,1067,223,1290
"7658","07_report/CpG_context_sampling_4040_658_trimmed_bismark_bt2.CpG",1267,1039,228,1267
"7659","07_report/CpG_context_sampling_4040_659_trimmed_bismark_bt2.CpG",1304,1078,226,1304
"7660","07_report/CpG_context_sampling_4040_660_trimmed_bismark_bt2.CpG",1260,1070,190,1260
"7661","07_report/CpG_context_sampling_4040_661_trimmed_bismark_bt2.CpG",1308,1082,226,1308
"7662","07_report/CpG_context_sampling_4040_662_trimmed_bismark_bt2.CpG",1272,1060,212,1272
"7663","07_report/CpG_context_sampling_4040_663_trimmed_bismark_bt2.CpG",1287,1071,216,1287
"7664","07_report/CpG_context_sampling_4040_664_trimmed_bismark_bt2.CpG",1287,1066,221,1287
"7665","07_report/CpG_context_sampling_4040_665_trimmed_bismark_bt2.CpG",1324,1104,220,1324
"7666","07_report/CpG_context_sampling_4040_666_trimmed_bismark_bt2.CpG",1312,1095,217,1312
"7667","07_report/CpG_context_sampling_4040_667_trimmed_bismark_bt2.CpG",1357,1130,227,1357
"7668","07_report/CpG_context_sampling_4040_668_trimmed_bismark_bt2.CpG",1334,1121,213,1334
"7669","07_report/CpG_context_sampling_4040_669_trimmed_bismark_bt2.CpG",1302,1090,212,1302
"7670","07_report/CpG_context_sampling_4040_670_trimmed_bismark_bt2.CpG",1295,1094,201,1295
"7671","07_report/CpG_context_sampling_4040_671_trimmed_bismark_bt2.CpG",1294,1074,220,1294
"7672","07_report/CpG_context_sampling_4040_672_trimmed_bismark_bt2.CpG",1341,1102,239,1341
"7673","07_report/CpG_context_sampling_4040_673_trimmed_bismark_bt2.CpG",1293,1061,232,1293
"7674","07_report/CpG_context_sampling_4040_674_trimmed_bismark_bt2.CpG",1266,1055,211,1266
"7675","07_report/CpG_context_sampling_4040_675_trimmed_bismark_bt2.CpG",1286,1093,193,1286
"7676","07_report/CpG_context_sampling_4040_676_trimmed_bismark_bt2.CpG",1302,1088,214,1302
"7677","07_report/CpG_context_sampling_4040_677_trimmed_bismark_bt2.CpG",1307,1100,207,1307
"7678","07_report/CpG_context_sampling_4040_678_trimmed_bismark_bt2.CpG",1236,1023,213,1236
"7679","07_report/CpG_context_sampling_4040_679_trimmed_bismark_bt2.CpG",1290,1061,229,1290
"7680","07_report/CpG_context_sampling_4040_680_trimmed_bismark_bt2.CpG",1299,1085,214,1299
"7681","07_report/CpG_context_sampling_4040_681_trimmed_bismark_bt2.CpG",1379,1151,228,1379
"7682","07_report/CpG_context_sampling_4040_682_trimmed_bismark_bt2.CpG",1363,1138,225,1363
"7683","07_report/CpG_context_sampling_4040_683_trimmed_bismark_bt2.CpG",1336,1116,220,1336
"7684","07_report/CpG_context_sampling_4040_684_trimmed_bismark_bt2.CpG",1330,1106,224,1330
"7685","07_report/CpG_context_sampling_4040_685_trimmed_bismark_bt2.CpG",1264,1036,228,1264
"7686","07_report/CpG_context_sampling_4040_686_trimmed_bismark_bt2.CpG",1315,1093,222,1315
"7687","07_report/CpG_context_sampling_4040_687_trimmed_bismark_bt2.CpG",1304,1056,248,1304
"7688","07_report/CpG_context_sampling_4040_688_trimmed_bismark_bt2.CpG",1301,1079,222,1301
"7689","07_report/CpG_context_sampling_4040_689_trimmed_bismark_bt2.CpG",1245,1051,194,1245
"7690","07_report/CpG_context_sampling_4040_690_trimmed_bismark_bt2.CpG",1293,1071,222,1293
"7691","07_report/CpG_context_sampling_4040_691_trimmed_bismark_bt2.CpG",1350,1105,245,1350
"7692","07_report/CpG_context_sampling_4040_692_trimmed_bismark_bt2.CpG",1283,1073,210,1283
"7693","07_report/CpG_context_sampling_4040_693_trimmed_bismark_bt2.CpG",1314,1083,231,1314
"7694","07_report/CpG_context_sampling_4040_694_trimmed_bismark_bt2.CpG",1296,1104,192,1296
"7695","07_report/CpG_context_sampling_4040_695_trimmed_bismark_bt2.CpG",1320,1089,231,1320
"7696","07_report/CpG_context_sampling_4040_696_trimmed_bismark_bt2.CpG",1300,1084,216,1300
"7697","07_report/CpG_context_sampling_4040_697_trimmed_bismark_bt2.CpG",1344,1131,213,1344
"7698","07_report/CpG_context_sampling_4040_698_trimmed_bismark_bt2.CpG",1330,1088,242,1330
"7699","07_report/CpG_context_sampling_4040_699_trimmed_bismark_bt2.CpG",1253,1044,209,1253
"7700","07_report/CpG_context_sampling_4040_700_trimmed_bismark_bt2.CpG",1285,1056,229,1285
"7701","07_report/CpG_context_sampling_4040_701_trimmed_bismark_bt2.CpG",1331,1117,214,1331
"7702","07_report/CpG_context_sampling_4040_702_trimmed_bismark_bt2.CpG",1310,1076,234,1310
"7703","07_report/CpG_context_sampling_4040_703_trimmed_bismark_bt2.CpG",1288,1073,215,1288
"7704","07_report/CpG_context_sampling_4040_704_trimmed_bismark_bt2.CpG",1289,1078,211,1289
"7705","07_report/CpG_context_sampling_4040_705_trimmed_bismark_bt2.CpG",1299,1068,231,1299
"7706","07_report/CpG_context_sampling_4040_706_trimmed_bismark_bt2.CpG",1312,1099,213,1312
"7707","07_report/CpG_context_sampling_4040_707_trimmed_bismark_bt2.CpG",1302,1089,213,1302
"7708","07_report/CpG_context_sampling_4040_708_trimmed_bismark_bt2.CpG",1282,1066,216,1282
"7709","07_report/CpG_context_sampling_4040_709_trimmed_bismark_bt2.CpG",1366,1125,241,1366
"7710","07_report/CpG_context_sampling_4040_710_trimmed_bismark_bt2.CpG",1333,1112,221,1333
"7711","07_report/CpG_context_sampling_4040_711_trimmed_bismark_bt2.CpG",1281,1072,209,1281
"7712","07_report/CpG_context_sampling_4040_712_trimmed_bismark_bt2.CpG",1314,1079,235,1314
"7713","07_report/CpG_context_sampling_4040_713_trimmed_bismark_bt2.CpG",1233,1036,197,1233
"7714","07_report/CpG_context_sampling_4040_714_trimmed_bismark_bt2.CpG",1319,1113,206,1319
"7715","07_report/CpG_context_sampling_4040_715_trimmed_bismark_bt2.CpG",1339,1110,229,1339
"7716","07_report/CpG_context_sampling_4040_716_trimmed_bismark_bt2.CpG",1355,1149,206,1355
"7717","07_report/CpG_context_sampling_4040_717_trimmed_bismark_bt2.CpG",1308,1081,227,1308
"7718","07_report/CpG_context_sampling_4040_718_trimmed_bismark_bt2.CpG",1313,1081,232,1313
"7719","07_report/CpG_context_sampling_4040_719_trimmed_bismark_bt2.CpG",1324,1102,222,1324
"7720","07_report/CpG_context_sampling_4040_720_trimmed_bismark_bt2.CpG",1328,1080,248,1328
"7721","07_report/CpG_context_sampling_4040_721_trimmed_bismark_bt2.CpG",1283,1081,202,1283
"7722","07_report/CpG_context_sampling_4040_722_trimmed_bismark_bt2.CpG",1331,1099,232,1331
"7723","07_report/CpG_context_sampling_4040_723_trimmed_bismark_bt2.CpG",1284,1076,208,1284
"7724","07_report/CpG_context_sampling_4040_724_trimmed_bismark_bt2.CpG",1351,1147,204,1351
"7725","07_report/CpG_context_sampling_4040_725_trimmed_bismark_bt2.CpG",1261,1044,217,1261
"7726","07_report/CpG_context_sampling_4040_726_trimmed_bismark_bt2.CpG",1359,1139,220,1359
"7727","07_report/CpG_context_sampling_4040_727_trimmed_bismark_bt2.CpG",1296,1089,207,1296
"7728","07_report/CpG_context_sampling_4040_728_trimmed_bismark_bt2.CpG",1315,1098,217,1315
"7729","07_report/CpG_context_sampling_4040_729_trimmed_bismark_bt2.CpG",1314,1077,237,1314
"7730","07_report/CpG_context_sampling_4040_730_trimmed_bismark_bt2.CpG",1243,1046,197,1243
"7731","07_report/CpG_context_sampling_4040_731_trimmed_bismark_bt2.CpG",1296,1092,204,1296
"7732","07_report/CpG_context_sampling_4040_732_trimmed_bismark_bt2.CpG",1339,1113,226,1339
"7733","07_report/CpG_context_sampling_4040_733_trimmed_bismark_bt2.CpG",1324,1099,225,1324
"7734","07_report/CpG_context_sampling_4040_734_trimmed_bismark_bt2.CpG",1294,1077,217,1294
"7735","07_report/CpG_context_sampling_4040_735_trimmed_bismark_bt2.CpG",1353,1124,229,1353
"7736","07_report/CpG_context_sampling_4040_736_trimmed_bismark_bt2.CpG",1297,1083,214,1297
"7737","07_report/CpG_context_sampling_4040_737_trimmed_bismark_bt2.CpG",1304,1067,237,1304
"7738","07_report/CpG_context_sampling_4040_738_trimmed_bismark_bt2.CpG",1300,1084,216,1300
"7739","07_report/CpG_context_sampling_4040_739_trimmed_bismark_bt2.CpG",1271,1069,202,1271
"7740","07_report/CpG_context_sampling_4040_740_trimmed_bismark_bt2.CpG",1262,1040,222,1262
"7741","07_report/CpG_context_sampling_4040_741_trimmed_bismark_bt2.CpG",1298,1094,204,1298
"7742","07_report/CpG_context_sampling_4040_742_trimmed_bismark_bt2.CpG",1278,1056,222,1278
"7743","07_report/CpG_context_sampling_4040_743_trimmed_bismark_bt2.CpG",1305,1100,205,1305
"7744","07_report/CpG_context_sampling_4040_744_trimmed_bismark_bt2.CpG",1304,1086,218,1304
"7745","07_report/CpG_context_sampling_4040_745_trimmed_bismark_bt2.CpG",1300,1083,217,1300
"7746","07_report/CpG_context_sampling_4040_746_trimmed_bismark_bt2.CpG",1290,1077,213,1290
"7747","07_report/CpG_context_sampling_4040_747_trimmed_bismark_bt2.CpG",1289,1079,210,1289
"7748","07_report/CpG_context_sampling_4040_748_trimmed_bismark_bt2.CpG",1346,1098,248,1346
"7749","07_report/CpG_context_sampling_4040_749_trimmed_bismark_bt2.CpG",1317,1069,248,1317
"7750","07_report/CpG_context_sampling_4040_750_trimmed_bismark_bt2.CpG",1243,1041,202,1243
"7751","07_report/CpG_context_sampling_4040_751_trimmed_bismark_bt2.CpG",1344,1118,226,1344
"7752","07_report/CpG_context_sampling_4040_752_trimmed_bismark_bt2.CpG",1366,1148,218,1366
"7753","07_report/CpG_context_sampling_4040_753_trimmed_bismark_bt2.CpG",1320,1071,249,1320
"7754","07_report/CpG_context_sampling_4040_754_trimmed_bismark_bt2.CpG",1294,1076,218,1294
"7755","07_report/CpG_context_sampling_4040_755_trimmed_bismark_bt2.CpG",1307,1092,215,1307
"7756","07_report/CpG_context_sampling_4040_756_trimmed_bismark_bt2.CpG",1335,1098,237,1335
"7757","07_report/CpG_context_sampling_4040_757_trimmed_bismark_bt2.CpG",1291,1071,220,1291
"7758","07_report/CpG_context_sampling_4040_758_trimmed_bismark_bt2.CpG",1307,1095,212,1307
"7759","07_report/CpG_context_sampling_4040_759_trimmed_bismark_bt2.CpG",1328,1093,235,1328
"7760","07_report/CpG_context_sampling_4040_760_trimmed_bismark_bt2.CpG",1282,1064,218,1282
"7761","07_report/CpG_context_sampling_4040_761_trimmed_bismark_bt2.CpG",1323,1104,219,1323
"7762","07_report/CpG_context_sampling_4040_762_trimmed_bismark_bt2.CpG",1307,1091,216,1307
"7763","07_report/CpG_context_sampling_4040_763_trimmed_bismark_bt2.CpG",1330,1110,220,1330
"7764","07_report/CpG_context_sampling_4040_764_trimmed_bismark_bt2.CpG",1271,1055,216,1271
"7765","07_report/CpG_context_sampling_4040_765_trimmed_bismark_bt2.CpG",1329,1096,233,1329
"7766","07_report/CpG_context_sampling_4040_766_trimmed_bismark_bt2.CpG",1337,1127,210,1337
"7767","07_report/CpG_context_sampling_4040_767_trimmed_bismark_bt2.CpG",1328,1104,224,1328
"7768","07_report/CpG_context_sampling_4040_768_trimmed_bismark_bt2.CpG",1289,1055,234,1289
"7769","07_report/CpG_context_sampling_4040_769_trimmed_bismark_bt2.CpG",1270,1055,215,1270
"7770","07_report/CpG_context_sampling_4040_770_trimmed_bismark_bt2.CpG",1323,1098,225,1323
"7771","07_report/CpG_context_sampling_4040_771_trimmed_bismark_bt2.CpG",1323,1117,206,1323
"7772","07_report/CpG_context_sampling_4040_772_trimmed_bismark_bt2.CpG",1304,1106,198,1304
"7773","07_report/CpG_context_sampling_4040_773_trimmed_bismark_bt2.CpG",1349,1115,234,1349
"7774","07_report/CpG_context_sampling_4040_774_trimmed_bismark_bt2.CpG",1274,1036,238,1274
"7775","07_report/CpG_context_sampling_4040_775_trimmed_bismark_bt2.CpG",1281,1074,207,1281
"7776","07_report/CpG_context_sampling_4040_776_trimmed_bismark_bt2.CpG",1275,1059,216,1275
"7777","07_report/CpG_context_sampling_4040_777_trimmed_bismark_bt2.CpG",1335,1131,204,1335
"7778","07_report/CpG_context_sampling_4040_778_trimmed_bismark_bt2.CpG",1344,1138,206,1344
"7779","07_report/CpG_context_sampling_4040_779_trimmed_bismark_bt2.CpG",1271,1050,221,1271
"7780","07_report/CpG_context_sampling_4040_780_trimmed_bismark_bt2.CpG",1303,1086,217,1303
"7781","07_report/CpG_context_sampling_4040_781_trimmed_bismark_bt2.CpG",1341,1122,219,1341
"7782","07_report/CpG_context_sampling_4040_782_trimmed_bismark_bt2.CpG",1325,1085,240,1325
"7783","07_report/CpG_context_sampling_4040_783_trimmed_bismark_bt2.CpG",1336,1083,253,1336
"7784","07_report/CpG_context_sampling_4040_784_trimmed_bismark_bt2.CpG",1317,1116,201,1317
"7785","07_report/CpG_context_sampling_4040_785_trimmed_bismark_bt2.CpG",1352,1109,243,1352
"7786","07_report/CpG_context_sampling_4040_786_trimmed_bismark_bt2.CpG",1325,1108,217,1325
"7787","07_report/CpG_context_sampling_4040_787_trimmed_bismark_bt2.CpG",1292,1069,223,1292
"7788","07_report/CpG_context_sampling_4040_788_trimmed_bismark_bt2.CpG",1307,1086,221,1307
"7789","07_report/CpG_context_sampling_4040_789_trimmed_bismark_bt2.CpG",1329,1098,231,1329
"7790","07_report/CpG_context_sampling_4040_790_trimmed_bismark_bt2.CpG",1348,1119,229,1348
"7791","07_report/CpG_context_sampling_4040_791_trimmed_bismark_bt2.CpG",1368,1130,238,1368
"7792","07_report/CpG_context_sampling_4040_792_trimmed_bismark_bt2.CpG",1271,1031,240,1271
"7793","07_report/CpG_context_sampling_4040_793_trimmed_bismark_bt2.CpG",1294,1078,216,1294
"7794","07_report/CpG_context_sampling_4040_794_trimmed_bismark_bt2.CpG",1277,1064,213,1277
"7795","07_report/CpG_context_sampling_4040_795_trimmed_bismark_bt2.CpG",1381,1162,219,1381
"7796","07_report/CpG_context_sampling_4040_796_trimmed_bismark_bt2.CpG",1255,1027,228,1255
"7797","07_report/CpG_context_sampling_4040_797_trimmed_bismark_bt2.CpG",1295,1073,222,1295
"7798","07_report/CpG_context_sampling_4040_798_trimmed_bismark_bt2.CpG",1337,1097,240,1337
"7799","07_report/CpG_context_sampling_4040_799_trimmed_bismark_bt2.CpG",1305,1081,224,1305
"7800","07_report/CpG_context_sampling_4040_800_trimmed_bismark_bt2.CpG",1300,1095,205,1300
"7801","07_report/CpG_context_sampling_4040_801_trimmed_bismark_bt2.CpG",1287,1053,234,1287
"7802","07_report/CpG_context_sampling_4040_802_trimmed_bismark_bt2.CpG",1312,1082,230,1312
"7803","07_report/CpG_context_sampling_4040_803_trimmed_bismark_bt2.CpG",1319,1087,232,1319
"7804","07_report/CpG_context_sampling_4040_804_trimmed_bismark_bt2.CpG",1353,1112,241,1353
"7805","07_report/CpG_context_sampling_4040_805_trimmed_bismark_bt2.CpG",1316,1092,224,1316
"7806","07_report/CpG_context_sampling_4040_806_trimmed_bismark_bt2.CpG",1327,1107,220,1327
"7807","07_report/CpG_context_sampling_4040_807_trimmed_bismark_bt2.CpG",1352,1121,231,1352
"7808","07_report/CpG_context_sampling_4040_808_trimmed_bismark_bt2.CpG",1302,1106,196,1302
"7809","07_report/CpG_context_sampling_4040_809_trimmed_bismark_bt2.CpG",1320,1084,236,1320
"7810","07_report/CpG_context_sampling_4040_810_trimmed_bismark_bt2.CpG",1296,1101,195,1296
"7811","07_report/CpG_context_sampling_4040_811_trimmed_bismark_bt2.CpG",1329,1096,233,1329
"7812","07_report/CpG_context_sampling_4040_812_trimmed_bismark_bt2.CpG",1276,1070,206,1276
"7813","07_report/CpG_context_sampling_4040_813_trimmed_bismark_bt2.CpG",1281,1061,220,1281
"7814","07_report/CpG_context_sampling_4040_814_trimmed_bismark_bt2.CpG",1290,1057,233,1290
"7815","07_report/CpG_context_sampling_4040_815_trimmed_bismark_bt2.CpG",1292,1055,237,1292
"7816","07_report/CpG_context_sampling_4040_816_trimmed_bismark_bt2.CpG",1306,1104,202,1306
"7817","07_report/CpG_context_sampling_4040_817_trimmed_bismark_bt2.CpG",1324,1102,222,1324
"7818","07_report/CpG_context_sampling_4040_818_trimmed_bismark_bt2.CpG",1294,1087,207,1294
"7819","07_report/CpG_context_sampling_4040_819_trimmed_bismark_bt2.CpG",1331,1115,216,1331
"7820","07_report/CpG_context_sampling_4040_820_trimmed_bismark_bt2.CpG",1353,1127,226,1353
"7821","07_report/CpG_context_sampling_4040_821_trimmed_bismark_bt2.CpG",1308,1075,233,1308
"7822","07_report/CpG_context_sampling_4040_822_trimmed_bismark_bt2.CpG",1275,1058,217,1275
"7823","07_report/CpG_context_sampling_4040_823_trimmed_bismark_bt2.CpG",1226,995,231,1226
"7824","07_report/CpG_context_sampling_4040_824_trimmed_bismark_bt2.CpG",1281,1042,239,1281
"7825","07_report/CpG_context_sampling_4040_825_trimmed_bismark_bt2.CpG",1284,1073,211,1284
"7826","07_report/CpG_context_sampling_4040_826_trimmed_bismark_bt2.CpG",1306,1084,222,1306
"7827","07_report/CpG_context_sampling_4040_827_trimmed_bismark_bt2.CpG",1321,1103,218,1321
"7828","07_report/CpG_context_sampling_4040_828_trimmed_bismark_bt2.CpG",1313,1102,211,1313
"7829","07_report/CpG_context_sampling_4040_829_trimmed_bismark_bt2.CpG",1301,1089,212,1301
"7830","07_report/CpG_context_sampling_4040_830_trimmed_bismark_bt2.CpG",1283,1060,223,1283
"7831","07_report/CpG_context_sampling_4040_831_trimmed_bismark_bt2.CpG",1274,1038,236,1274
"7832","07_report/CpG_context_sampling_4040_832_trimmed_bismark_bt2.CpG",1331,1083,248,1331
"7833","07_report/CpG_context_sampling_4040_833_trimmed_bismark_bt2.CpG",1326,1109,217,1326
"7834","07_report/CpG_context_sampling_4040_834_trimmed_bismark_bt2.CpG",1253,1064,189,1253
"7835","07_report/CpG_context_sampling_4040_835_trimmed_bismark_bt2.CpG",1280,1055,225,1280
"7836","07_report/CpG_context_sampling_4040_836_trimmed_bismark_bt2.CpG",1356,1131,225,1356
"7837","07_report/CpG_context_sampling_4040_837_trimmed_bismark_bt2.CpG",1401,1171,230,1401
"7838","07_report/CpG_context_sampling_4040_838_trimmed_bismark_bt2.CpG",1303,1113,190,1303
"7839","07_report/CpG_context_sampling_4040_839_trimmed_bismark_bt2.CpG",1289,1091,198,1289
"7840","07_report/CpG_context_sampling_4040_840_trimmed_bismark_bt2.CpG",1298,1081,217,1298
"7841","07_report/CpG_context_sampling_4040_841_trimmed_bismark_bt2.CpG",1330,1101,229,1330
"7842","07_report/CpG_context_sampling_4040_842_trimmed_bismark_bt2.CpG",1320,1107,213,1320
"7843","07_report/CpG_context_sampling_4040_843_trimmed_bismark_bt2.CpG",1326,1095,231,1326
"7844","07_report/CpG_context_sampling_4040_844_trimmed_bismark_bt2.CpG",1228,1021,207,1228
"7845","07_report/CpG_context_sampling_4040_845_trimmed_bismark_bt2.CpG",1338,1139,199,1338
"7846","07_report/CpG_context_sampling_4040_846_trimmed_bismark_bt2.CpG",1345,1148,197,1345
"7847","07_report/CpG_context_sampling_4040_847_trimmed_bismark_bt2.CpG",1276,1058,218,1276
"7848","07_report/CpG_context_sampling_4040_848_trimmed_bismark_bt2.CpG",1282,1052,230,1282
"7849","07_report/CpG_context_sampling_4040_849_trimmed_bismark_bt2.CpG",1360,1127,233,1360
"7850","07_report/CpG_context_sampling_4040_850_trimmed_bismark_bt2.CpG",1285,1054,231,1285
"7851","07_report/CpG_context_sampling_4040_851_trimmed_bismark_bt2.CpG",1284,1081,203,1284
"7852","07_report/CpG_context_sampling_4040_852_trimmed_bismark_bt2.CpG",1334,1103,231,1334
"7853","07_report/CpG_context_sampling_4040_853_trimmed_bismark_bt2.CpG",1311,1113,198,1311
"7854","07_report/CpG_context_sampling_4040_854_trimmed_bismark_bt2.CpG",1295,1074,221,1295
"7855","07_report/CpG_context_sampling_4040_855_trimmed_bismark_bt2.CpG",1303,1089,214,1303
"7856","07_report/CpG_context_sampling_4040_856_trimmed_bismark_bt2.CpG",1287,1055,232,1287
"7857","07_report/CpG_context_sampling_4040_857_trimmed_bismark_bt2.CpG",1334,1125,209,1334
"7858","07_report/CpG_context_sampling_4040_858_trimmed_bismark_bt2.CpG",1323,1091,232,1323
"7859","07_report/CpG_context_sampling_4040_859_trimmed_bismark_bt2.CpG",1308,1079,229,1308
"7860","07_report/CpG_context_sampling_4040_860_trimmed_bismark_bt2.CpG",1328,1122,206,1328
"7861","07_report/CpG_context_sampling_4040_861_trimmed_bismark_bt2.CpG",1271,1077,194,1271
"7862","07_report/CpG_context_sampling_4040_862_trimmed_bismark_bt2.CpG",1322,1105,217,1322
"7863","07_report/CpG_context_sampling_4040_863_trimmed_bismark_bt2.CpG",1310,1070,240,1310
"7864","07_report/CpG_context_sampling_4040_864_trimmed_bismark_bt2.CpG",1272,1038,234,1272
"7865","07_report/CpG_context_sampling_4040_865_trimmed_bismark_bt2.CpG",1297,1086,211,1297
"7866","07_report/CpG_context_sampling_4040_866_trimmed_bismark_bt2.CpG",1318,1106,212,1318
"7867","07_report/CpG_context_sampling_4040_867_trimmed_bismark_bt2.CpG",1324,1134,190,1324
"7868","07_report/CpG_context_sampling_4040_868_trimmed_bismark_bt2.CpG",1356,1143,213,1356
"7869","07_report/CpG_context_sampling_4040_869_trimmed_bismark_bt2.CpG",1306,1074,232,1306
"7870","07_report/CpG_context_sampling_4040_870_trimmed_bismark_bt2.CpG",1314,1100,214,1314
"7871","07_report/CpG_context_sampling_4040_871_trimmed_bismark_bt2.CpG",1293,1061,232,1293
"7872","07_report/CpG_context_sampling_4040_872_trimmed_bismark_bt2.CpG",1294,1098,196,1294
"7873","07_report/CpG_context_sampling_4040_873_trimmed_bismark_bt2.CpG",1287,1079,208,1287
"7874","07_report/CpG_context_sampling_4040_874_trimmed_bismark_bt2.CpG",1279,1069,210,1279
"7875","07_report/CpG_context_sampling_4040_875_trimmed_bismark_bt2.CpG",1354,1137,217,1354
"7876","07_report/CpG_context_sampling_4040_876_trimmed_bismark_bt2.CpG",1306,1100,206,1306
"7877","07_report/CpG_context_sampling_4040_877_trimmed_bismark_bt2.CpG",1345,1112,233,1345
"7878","07_report/CpG_context_sampling_4040_878_trimmed_bismark_bt2.CpG",1266,1042,224,1266
"7879","07_report/CpG_context_sampling_4040_879_trimmed_bismark_bt2.CpG",1297,1082,215,1297
"7880","07_report/CpG_context_sampling_4040_880_trimmed_bismark_bt2.CpG",1352,1118,234,1352
"7881","07_report/CpG_context_sampling_4040_881_trimmed_bismark_bt2.CpG",1293,1054,239,1293
"7882","07_report/CpG_context_sampling_4040_882_trimmed_bismark_bt2.CpG",1306,1091,215,1306
"7883","07_report/CpG_context_sampling_4040_883_trimmed_bismark_bt2.CpG",1281,1063,218,1281
"7884","07_report/CpG_context_sampling_4040_884_trimmed_bismark_bt2.CpG",1302,1103,199,1302
"7885","07_report/CpG_context_sampling_4040_885_trimmed_bismark_bt2.CpG",1286,1080,206,1286
"7886","07_report/CpG_context_sampling_4040_886_trimmed_bismark_bt2.CpG",1315,1118,197,1315
"7887","07_report/CpG_context_sampling_4040_887_trimmed_bismark_bt2.CpG",1266,1077,189,1266
"7888","07_report/CpG_context_sampling_4040_888_trimmed_bismark_bt2.CpG",1304,1078,226,1304
"7889","07_report/CpG_context_sampling_4040_889_trimmed_bismark_bt2.CpG",1243,1023,220,1243
"7890","07_report/CpG_context_sampling_4040_890_trimmed_bismark_bt2.CpG",1264,1071,193,1264
"7891","07_report/CpG_context_sampling_4040_891_trimmed_bismark_bt2.CpG",1298,1072,226,1298
"7892","07_report/CpG_context_sampling_4040_892_trimmed_bismark_bt2.CpG",1336,1119,217,1336
"7893","07_report/CpG_context_sampling_4040_893_trimmed_bismark_bt2.CpG",1334,1127,207,1334
"7894","07_report/CpG_context_sampling_4040_894_trimmed_bismark_bt2.CpG",1318,1081,237,1318
"7895","07_report/CpG_context_sampling_4040_895_trimmed_bismark_bt2.CpG",1290,1062,228,1290
"7896","07_report/CpG_context_sampling_4040_896_trimmed_bismark_bt2.CpG",1304,1075,229,1304
"7897","07_report/CpG_context_sampling_4040_897_trimmed_bismark_bt2.CpG",1292,1090,202,1292
"7898","07_report/CpG_context_sampling_4040_898_trimmed_bismark_bt2.CpG",1312,1080,232,1312
"7899","07_report/CpG_context_sampling_4040_899_trimmed_bismark_bt2.CpG",1320,1087,233,1320
"7900","07_report/CpG_context_sampling_4040_900_trimmed_bismark_bt2.CpG",1361,1153,208,1361
"7901","07_report/CpG_context_sampling_4040_901_trimmed_bismark_bt2.CpG",1336,1108,228,1336
"7902","07_report/CpG_context_sampling_4040_902_trimmed_bismark_bt2.CpG",1321,1105,216,1321
"7903","07_report/CpG_context_sampling_4040_903_trimmed_bismark_bt2.CpG",1299,1074,225,1299
"7904","07_report/CpG_context_sampling_4040_904_trimmed_bismark_bt2.CpG",1356,1142,214,1356
"7905","07_report/CpG_context_sampling_4040_905_trimmed_bismark_bt2.CpG",1283,1048,235,1283
"7906","07_report/CpG_context_sampling_4040_906_trimmed_bismark_bt2.CpG",1286,1053,233,1286
"7907","07_report/CpG_context_sampling_4040_907_trimmed_bismark_bt2.CpG",1311,1089,222,1311
"7908","07_report/CpG_context_sampling_4040_908_trimmed_bismark_bt2.CpG",1318,1077,241,1318
"7909","07_report/CpG_context_sampling_4040_909_trimmed_bismark_bt2.CpG",1274,1049,225,1274
"7910","07_report/CpG_context_sampling_4040_910_trimmed_bismark_bt2.CpG",1293,1097,196,1293
"7911","07_report/CpG_context_sampling_4040_911_trimmed_bismark_bt2.CpG",1292,1083,209,1292
"7912","07_report/CpG_context_sampling_4040_912_trimmed_bismark_bt2.CpG",1275,1073,202,1275
"7913","07_report/CpG_context_sampling_4040_913_trimmed_bismark_bt2.CpG",1342,1109,233,1342
"7914","07_report/CpG_context_sampling_4040_914_trimmed_bismark_bt2.CpG",1304,1056,248,1304
"7915","07_report/CpG_context_sampling_4040_915_trimmed_bismark_bt2.CpG",1296,1069,227,1296
"7916","07_report/CpG_context_sampling_4040_916_trimmed_bismark_bt2.CpG",1281,1086,195,1281
"7917","07_report/CpG_context_sampling_4040_917_trimmed_bismark_bt2.CpG",1284,1048,236,1284
"7918","07_report/CpG_context_sampling_4040_918_trimmed_bismark_bt2.CpG",1283,1069,214,1283
"7919","07_report/CpG_context_sampling_4040_919_trimmed_bismark_bt2.CpG",1298,1071,227,1298
"7920","07_report/CpG_context_sampling_4040_920_trimmed_bismark_bt2.CpG",1302,1082,220,1302
"7921","07_report/CpG_context_sampling_4040_921_trimmed_bismark_bt2.CpG",1326,1100,226,1326
"7922","07_report/CpG_context_sampling_4040_922_trimmed_bismark_bt2.CpG",1295,1081,214,1295
"7923","07_report/CpG_context_sampling_4040_923_trimmed_bismark_bt2.CpG",1321,1082,239,1321
"7924","07_report/CpG_context_sampling_4040_924_trimmed_bismark_bt2.CpG",1297,1087,210,1297
"7925","07_report/CpG_context_sampling_4040_925_trimmed_bismark_bt2.CpG",1324,1092,232,1324
"7926","07_report/CpG_context_sampling_4040_926_trimmed_bismark_bt2.CpG",1262,1048,214,1262
"7927","07_report/CpG_context_sampling_4040_927_trimmed_bismark_bt2.CpG",1345,1134,211,1345
"7928","07_report/CpG_context_sampling_4040_928_trimmed_bismark_bt2.CpG",1281,1052,229,1281
"7929","07_report/CpG_context_sampling_4040_929_trimmed_bismark_bt2.CpG",1322,1086,236,1322
"7930","07_report/CpG_context_sampling_4040_930_trimmed_bismark_bt2.CpG",1326,1090,236,1326
"7931","07_report/CpG_context_sampling_4040_931_trimmed_bismark_bt2.CpG",1332,1116,216,1332
"7932","07_report/CpG_context_sampling_4040_932_trimmed_bismark_bt2.CpG",1294,1084,210,1294
"7933","07_report/CpG_context_sampling_4040_933_trimmed_bismark_bt2.CpG",1350,1125,225,1350
"7934","07_report/CpG_context_sampling_4040_934_trimmed_bismark_bt2.CpG",1252,1033,219,1252
"7935","07_report/CpG_context_sampling_4040_935_trimmed_bismark_bt2.CpG",1334,1102,232,1334
"7936","07_report/CpG_context_sampling_4040_936_trimmed_bismark_bt2.CpG",1319,1109,210,1319
"7937","07_report/CpG_context_sampling_4040_937_trimmed_bismark_bt2.CpG",1340,1094,246,1340
"7938","07_report/CpG_context_sampling_4040_938_trimmed_bismark_bt2.CpG",1298,1061,237,1298
"7939","07_report/CpG_context_sampling_4040_939_trimmed_bismark_bt2.CpG",1295,1078,217,1295
"7940","07_report/CpG_context_sampling_4040_940_trimmed_bismark_bt2.CpG",1312,1113,199,1312
"7941","07_report/CpG_context_sampling_4040_941_trimmed_bismark_bt2.CpG",1320,1100,220,1320
"7942","07_report/CpG_context_sampling_4040_942_trimmed_bismark_bt2.CpG",1350,1116,234,1350
"7943","07_report/CpG_context_sampling_4040_943_trimmed_bismark_bt2.CpG",1293,1115,178,1293
"7944","07_report/CpG_context_sampling_4040_944_trimmed_bismark_bt2.CpG",1342,1125,217,1342
"7945","07_report/CpG_context_sampling_4040_945_trimmed_bismark_bt2.CpG",1259,1060,199,1259
"7946","07_report/CpG_context_sampling_4040_946_trimmed_bismark_bt2.CpG",1332,1097,235,1332
"7947","07_report/CpG_context_sampling_4040_947_trimmed_bismark_bt2.CpG",1211,980,231,1211
"7948","07_report/CpG_context_sampling_4040_948_trimmed_bismark_bt2.CpG",1325,1060,265,1325
"7949","07_report/CpG_context_sampling_4040_949_trimmed_bismark_bt2.CpG",1296,1083,213,1296
"7950","07_report/CpG_context_sampling_4040_950_trimmed_bismark_bt2.CpG",1309,1086,223,1309
"7951","07_report/CpG_context_sampling_4040_951_trimmed_bismark_bt2.CpG",1276,1054,222,1276
"7952","07_report/CpG_context_sampling_4040_952_trimmed_bismark_bt2.CpG",1255,1050,205,1255
"7953","07_report/CpG_context_sampling_4040_953_trimmed_bismark_bt2.CpG",1301,1086,215,1301
"7954","07_report/CpG_context_sampling_4040_954_trimmed_bismark_bt2.CpG",1360,1128,232,1360
"7955","07_report/CpG_context_sampling_4040_955_trimmed_bismark_bt2.CpG",1323,1121,202,1323
"7956","07_report/CpG_context_sampling_4040_956_trimmed_bismark_bt2.CpG",1299,1082,217,1299
"7957","07_report/CpG_context_sampling_4040_957_trimmed_bismark_bt2.CpG",1293,1084,209,1293
"7958","07_report/CpG_context_sampling_4040_958_trimmed_bismark_bt2.CpG",1350,1113,237,1350
"7959","07_report/CpG_context_sampling_4040_959_trimmed_bismark_bt2.CpG",1358,1151,207,1358
"7960","07_report/CpG_context_sampling_4040_960_trimmed_bismark_bt2.CpG",1375,1127,248,1375
"7961","07_report/CpG_context_sampling_4040_961_trimmed_bismark_bt2.CpG",1336,1078,258,1336
"7962","07_report/CpG_context_sampling_4040_962_trimmed_bismark_bt2.CpG",1316,1069,247,1316
"7963","07_report/CpG_context_sampling_4040_963_trimmed_bismark_bt2.CpG",1266,1033,233,1266
"7964","07_report/CpG_context_sampling_4040_964_trimmed_bismark_bt2.CpG",1287,1040,247,1287
"7965","07_report/CpG_context_sampling_4040_965_trimmed_bismark_bt2.CpG",1349,1096,253,1349
"7966","07_report/CpG_context_sampling_4040_966_trimmed_bismark_bt2.CpG",1249,1012,237,1249
"7967","07_report/CpG_context_sampling_4040_967_trimmed_bismark_bt2.CpG",1300,1090,210,1300
"7968","07_report/CpG_context_sampling_4040_968_trimmed_bismark_bt2.CpG",1343,1125,218,1343
"7969","07_report/CpG_context_sampling_4040_969_trimmed_bismark_bt2.CpG",1281,1048,233,1281
"7970","07_report/CpG_context_sampling_4040_970_trimmed_bismark_bt2.CpG",1273,1068,205,1273
"7971","07_report/CpG_context_sampling_4040_971_trimmed_bismark_bt2.CpG",1324,1113,211,1324
"7972","07_report/CpG_context_sampling_4040_972_trimmed_bismark_bt2.CpG",1328,1105,223,1328
"7973","07_report/CpG_context_sampling_4040_973_trimmed_bismark_bt2.CpG",1279,1061,218,1279
"7974","07_report/CpG_context_sampling_4040_974_trimmed_bismark_bt2.CpG",1261,1080,181,1261
"7975","07_report/CpG_context_sampling_4040_975_trimmed_bismark_bt2.CpG",1279,1075,204,1279
"7976","07_report/CpG_context_sampling_4040_976_trimmed_bismark_bt2.CpG",1276,1055,221,1276
"7977","07_report/CpG_context_sampling_4040_977_trimmed_bismark_bt2.CpG",1297,1091,206,1297
"7978","07_report/CpG_context_sampling_4040_978_trimmed_bismark_bt2.CpG",1347,1104,243,1347
"7979","07_report/CpG_context_sampling_4040_979_trimmed_bismark_bt2.CpG",1332,1107,225,1332
"7980","07_report/CpG_context_sampling_4040_980_trimmed_bismark_bt2.CpG",1273,1049,224,1273
"7981","07_report/CpG_context_sampling_4040_981_trimmed_bismark_bt2.CpG",1236,1032,204,1236
"7982","07_report/CpG_context_sampling_4040_982_trimmed_bismark_bt2.CpG",1313,1088,225,1313
"7983","07_report/CpG_context_sampling_4040_983_trimmed_bismark_bt2.CpG",1296,1087,209,1296
"7984","07_report/CpG_context_sampling_4040_984_trimmed_bismark_bt2.CpG",1283,1078,205,1283
"7985","07_report/CpG_context_sampling_4040_985_trimmed_bismark_bt2.CpG",1351,1133,218,1351
"7986","07_report/CpG_context_sampling_4040_986_trimmed_bismark_bt2.CpG",1293,1076,217,1293
"7987","07_report/CpG_context_sampling_4040_987_trimmed_bismark_bt2.CpG",1280,1079,201,1280
"7988","07_report/CpG_context_sampling_4040_988_trimmed_bismark_bt2.CpG",1277,1049,228,1277
"7989","07_report/CpG_context_sampling_4040_989_trimmed_bismark_bt2.CpG",1349,1126,223,1349
"7990","07_report/CpG_context_sampling_4040_990_trimmed_bismark_bt2.CpG",1317,1076,241,1317
"7991","07_report/CpG_context_sampling_4040_991_trimmed_bismark_bt2.CpG",1312,1098,214,1312
"7992","07_report/CpG_context_sampling_4040_992_trimmed_bismark_bt2.CpG",1266,1064,202,1266
"7993","07_report/CpG_context_sampling_4040_993_trimmed_bismark_bt2.CpG",1311,1097,214,1311
"7994","07_report/CpG_context_sampling_4040_994_trimmed_bismark_bt2.CpG",1332,1094,238,1332
"7995","07_report/CpG_context_sampling_4040_995_trimmed_bismark_bt2.CpG",1315,1097,218,1315
"7996","07_report/CpG_context_sampling_4040_996_trimmed_bismark_bt2.CpG",1334,1110,224,1334
"7997","07_report/CpG_context_sampling_4040_997_trimmed_bismark_bt2.CpG",1347,1122,225,1347
"7998","07_report/CpG_context_sampling_4040_998_trimmed_bismark_bt2.CpG",1338,1093,245,1338
"7999","07_report/CpG_context_sampling_4040_999_trimmed_bismark_bt2.CpG",1288,1040,248,1288
"8000","07_report/CpG_context_sampling_4040_1000_trimmed_bismark_bt2.CpG",1325,1090,235,1325
"8001","07_report/CpG_context_sampling_5386_1_trimmed_bismark_bt2.CpG",1721,1433,288,1721
"8002","07_report/CpG_context_sampling_5386_2_trimmed_bismark_bt2.CpG",1780,1461,319,1780
"8003","07_report/CpG_context_sampling_5386_3_trimmed_bismark_bt2.CpG",1755,1479,276,1755
"8004","07_report/CpG_context_sampling_5386_4_trimmed_bismark_bt2.CpG",1718,1431,287,1718
"8005","07_report/CpG_context_sampling_5386_5_trimmed_bismark_bt2.CpG",1765,1502,263,1765
"8006","07_report/CpG_context_sampling_5386_6_trimmed_bismark_bt2.CpG",1725,1443,282,1725
"8007","07_report/CpG_context_sampling_5386_7_trimmed_bismark_bt2.CpG",1723,1415,308,1723
"8008","07_report/CpG_context_sampling_5386_8_trimmed_bismark_bt2.CpG",1707,1430,277,1707
"8009","07_report/CpG_context_sampling_5386_9_trimmed_bismark_bt2.CpG",1727,1411,316,1727
"8010","07_report/CpG_context_sampling_5386_10_trimmed_bismark_bt2.CpG",1732,1453,279,1732
"8011","07_report/CpG_context_sampling_5386_11_trimmed_bismark_bt2.CpG",1707,1417,290,1707
"8012","07_report/CpG_context_sampling_5386_12_trimmed_bismark_bt2.CpG",1786,1497,289,1786
"8013","07_report/CpG_context_sampling_5386_13_trimmed_bismark_bt2.CpG",1736,1460,276,1736
"8014","07_report/CpG_context_sampling_5386_14_trimmed_bismark_bt2.CpG",1733,1460,273,1733
"8015","07_report/CpG_context_sampling_5386_15_trimmed_bismark_bt2.CpG",1756,1453,303,1756
"8016","07_report/CpG_context_sampling_5386_16_trimmed_bismark_bt2.CpG",1735,1455,280,1735
"8017","07_report/CpG_context_sampling_5386_17_trimmed_bismark_bt2.CpG",1758,1441,317,1758
"8018","07_report/CpG_context_sampling_5386_18_trimmed_bismark_bt2.CpG",1738,1454,284,1738
"8019","07_report/CpG_context_sampling_5386_19_trimmed_bismark_bt2.CpG",1743,1455,288,1743
"8020","07_report/CpG_context_sampling_5386_20_trimmed_bismark_bt2.CpG",1757,1448,309,1757
"8021","07_report/CpG_context_sampling_5386_21_trimmed_bismark_bt2.CpG",1720,1441,279,1720
"8022","07_report/CpG_context_sampling_5386_22_trimmed_bismark_bt2.CpG",1683,1404,279,1683
"8023","07_report/CpG_context_sampling_5386_23_trimmed_bismark_bt2.CpG",1747,1437,310,1747
"8024","07_report/CpG_context_sampling_5386_24_trimmed_bismark_bt2.CpG",1728,1445,283,1728
"8025","07_report/CpG_context_sampling_5386_25_trimmed_bismark_bt2.CpG",1745,1445,300,1745
"8026","07_report/CpG_context_sampling_5386_26_trimmed_bismark_bt2.CpG",1754,1430,324,1754
"8027","07_report/CpG_context_sampling_5386_27_trimmed_bismark_bt2.CpG",1755,1473,282,1755
"8028","07_report/CpG_context_sampling_5386_28_trimmed_bismark_bt2.CpG",1720,1450,270,1720
"8029","07_report/CpG_context_sampling_5386_29_trimmed_bismark_bt2.CpG",1729,1420,309,1729
"8030","07_report/CpG_context_sampling_5386_30_trimmed_bismark_bt2.CpG",1726,1446,280,1726
"8031","07_report/CpG_context_sampling_5386_31_trimmed_bismark_bt2.CpG",1763,1474,289,1763
"8032","07_report/CpG_context_sampling_5386_32_trimmed_bismark_bt2.CpG",1735,1422,313,1735
"8033","07_report/CpG_context_sampling_5386_33_trimmed_bismark_bt2.CpG",1793,1468,325,1793
"8034","07_report/CpG_context_sampling_5386_34_trimmed_bismark_bt2.CpG",1726,1442,284,1726
"8035","07_report/CpG_context_sampling_5386_35_trimmed_bismark_bt2.CpG",1713,1392,321,1713
"8036","07_report/CpG_context_sampling_5386_36_trimmed_bismark_bt2.CpG",1737,1454,283,1737
"8037","07_report/CpG_context_sampling_5386_37_trimmed_bismark_bt2.CpG",1767,1435,332,1767
"8038","07_report/CpG_context_sampling_5386_38_trimmed_bismark_bt2.CpG",1689,1373,316,1689
"8039","07_report/CpG_context_sampling_5386_39_trimmed_bismark_bt2.CpG",1716,1432,284,1716
"8040","07_report/CpG_context_sampling_5386_40_trimmed_bismark_bt2.CpG",1746,1463,283,1746
"8041","07_report/CpG_context_sampling_5386_41_trimmed_bismark_bt2.CpG",1690,1399,291,1690
"8042","07_report/CpG_context_sampling_5386_42_trimmed_bismark_bt2.CpG",1737,1449,288,1737
"8043","07_report/CpG_context_sampling_5386_43_trimmed_bismark_bt2.CpG",1771,1464,307,1771
"8044","07_report/CpG_context_sampling_5386_44_trimmed_bismark_bt2.CpG",1703,1420,283,1703
"8045","07_report/CpG_context_sampling_5386_45_trimmed_bismark_bt2.CpG",1814,1535,279,1814
"8046","07_report/CpG_context_sampling_5386_46_trimmed_bismark_bt2.CpG",1751,1445,306,1751
"8047","07_report/CpG_context_sampling_5386_47_trimmed_bismark_bt2.CpG",1752,1472,280,1752
"8048","07_report/CpG_context_sampling_5386_48_trimmed_bismark_bt2.CpG",1719,1448,271,1719
"8049","07_report/CpG_context_sampling_5386_49_trimmed_bismark_bt2.CpG",1777,1455,322,1777
"8050","07_report/CpG_context_sampling_5386_50_trimmed_bismark_bt2.CpG",1722,1456,266,1722
"8051","07_report/CpG_context_sampling_5386_51_trimmed_bismark_bt2.CpG",1763,1482,281,1763
"8052","07_report/CpG_context_sampling_5386_52_trimmed_bismark_bt2.CpG",1751,1441,310,1751
"8053","07_report/CpG_context_sampling_5386_53_trimmed_bismark_bt2.CpG",1721,1428,293,1721
"8054","07_report/CpG_context_sampling_5386_54_trimmed_bismark_bt2.CpG",1759,1459,300,1759
"8055","07_report/CpG_context_sampling_5386_55_trimmed_bismark_bt2.CpG",1783,1477,306,1783
"8056","07_report/CpG_context_sampling_5386_56_trimmed_bismark_bt2.CpG",1695,1393,302,1695
"8057","07_report/CpG_context_sampling_5386_57_trimmed_bismark_bt2.CpG",1739,1448,291,1739
"8058","07_report/CpG_context_sampling_5386_58_trimmed_bismark_bt2.CpG",1784,1493,291,1784
"8059","07_report/CpG_context_sampling_5386_59_trimmed_bismark_bt2.CpG",1731,1435,296,1731
"8060","07_report/CpG_context_sampling_5386_60_trimmed_bismark_bt2.CpG",1734,1461,273,1734
"8061","07_report/CpG_context_sampling_5386_61_trimmed_bismark_bt2.CpG",1725,1442,283,1725
"8062","07_report/CpG_context_sampling_5386_62_trimmed_bismark_bt2.CpG",1698,1425,273,1698
"8063","07_report/CpG_context_sampling_5386_63_trimmed_bismark_bt2.CpG",1692,1413,279,1692
"8064","07_report/CpG_context_sampling_5386_64_trimmed_bismark_bt2.CpG",1749,1468,281,1749
"8065","07_report/CpG_context_sampling_5386_65_trimmed_bismark_bt2.CpG",1705,1435,270,1705
"8066","07_report/CpG_context_sampling_5386_66_trimmed_bismark_bt2.CpG",1721,1439,282,1721
"8067","07_report/CpG_context_sampling_5386_67_trimmed_bismark_bt2.CpG",1780,1475,305,1780
"8068","07_report/CpG_context_sampling_5386_68_trimmed_bismark_bt2.CpG",1708,1427,281,1708
"8069","07_report/CpG_context_sampling_5386_69_trimmed_bismark_bt2.CpG",1723,1444,279,1723
"8070","07_report/CpG_context_sampling_5386_70_trimmed_bismark_bt2.CpG",1714,1448,266,1714
"8071","07_report/CpG_context_sampling_5386_71_trimmed_bismark_bt2.CpG",1694,1419,275,1694
"8072","07_report/CpG_context_sampling_5386_72_trimmed_bismark_bt2.CpG",1761,1463,298,1761
"8073","07_report/CpG_context_sampling_5386_73_trimmed_bismark_bt2.CpG",1765,1477,288,1765
"8074","07_report/CpG_context_sampling_5386_74_trimmed_bismark_bt2.CpG",1721,1429,292,1721
"8075","07_report/CpG_context_sampling_5386_75_trimmed_bismark_bt2.CpG",1801,1468,333,1801
"8076","07_report/CpG_context_sampling_5386_76_trimmed_bismark_bt2.CpG",1782,1479,303,1782
"8077","07_report/CpG_context_sampling_5386_77_trimmed_bismark_bt2.CpG",1687,1364,323,1687
"8078","07_report/CpG_context_sampling_5386_78_trimmed_bismark_bt2.CpG",1721,1425,296,1721
"8079","07_report/CpG_context_sampling_5386_79_trimmed_bismark_bt2.CpG",1704,1435,269,1704
"8080","07_report/CpG_context_sampling_5386_80_trimmed_bismark_bt2.CpG",1731,1438,293,1731
"8081","07_report/CpG_context_sampling_5386_81_trimmed_bismark_bt2.CpG",1723,1435,288,1723
"8082","07_report/CpG_context_sampling_5386_82_trimmed_bismark_bt2.CpG",1816,1499,317,1816
"8083","07_report/CpG_context_sampling_5386_83_trimmed_bismark_bt2.CpG",1746,1430,316,1746
"8084","07_report/CpG_context_sampling_5386_84_trimmed_bismark_bt2.CpG",1773,1484,289,1773
"8085","07_report/CpG_context_sampling_5386_85_trimmed_bismark_bt2.CpG",1694,1420,274,1694
"8086","07_report/CpG_context_sampling_5386_86_trimmed_bismark_bt2.CpG",1730,1462,268,1730
"8087","07_report/CpG_context_sampling_5386_87_trimmed_bismark_bt2.CpG",1813,1502,311,1813
"8088","07_report/CpG_context_sampling_5386_88_trimmed_bismark_bt2.CpG",1741,1470,271,1741
"8089","07_report/CpG_context_sampling_5386_89_trimmed_bismark_bt2.CpG",1703,1417,286,1703
"8090","07_report/CpG_context_sampling_5386_90_trimmed_bismark_bt2.CpG",1681,1402,279,1681
"8091","07_report/CpG_context_sampling_5386_91_trimmed_bismark_bt2.CpG",1751,1448,303,1751
"8092","07_report/CpG_context_sampling_5386_92_trimmed_bismark_bt2.CpG",1707,1415,292,1707
"8093","07_report/CpG_context_sampling_5386_93_trimmed_bismark_bt2.CpG",1773,1495,278,1773
"8094","07_report/CpG_context_sampling_5386_94_trimmed_bismark_bt2.CpG",1742,1484,258,1742
"8095","07_report/CpG_context_sampling_5386_95_trimmed_bismark_bt2.CpG",1745,1444,301,1745
"8096","07_report/CpG_context_sampling_5386_96_trimmed_bismark_bt2.CpG",1760,1446,314,1760
"8097","07_report/CpG_context_sampling_5386_97_trimmed_bismark_bt2.CpG",1674,1396,278,1674
"8098","07_report/CpG_context_sampling_5386_98_trimmed_bismark_bt2.CpG",1748,1503,245,1748
"8099","07_report/CpG_context_sampling_5386_99_trimmed_bismark_bt2.CpG",1753,1473,280,1753
"8100","07_report/CpG_context_sampling_5386_100_trimmed_bismark_bt2.CpG",1779,1475,304,1779
"8101","07_report/CpG_context_sampling_5386_101_trimmed_bismark_bt2.CpG",1718,1441,277,1718
"8102","07_report/CpG_context_sampling_5386_102_trimmed_bismark_bt2.CpG",1814,1492,322,1814
"8103","07_report/CpG_context_sampling_5386_103_trimmed_bismark_bt2.CpG",1731,1449,282,1731
"8104","07_report/CpG_context_sampling_5386_104_trimmed_bismark_bt2.CpG",1729,1436,293,1729
"8105","07_report/CpG_context_sampling_5386_105_trimmed_bismark_bt2.CpG",1698,1418,280,1698
"8106","07_report/CpG_context_sampling_5386_106_trimmed_bismark_bt2.CpG",1724,1435,289,1724
"8107","07_report/CpG_context_sampling_5386_107_trimmed_bismark_bt2.CpG",1821,1499,322,1821
"8108","07_report/CpG_context_sampling_5386_108_trimmed_bismark_bt2.CpG",1730,1439,291,1730
"8109","07_report/CpG_context_sampling_5386_109_trimmed_bismark_bt2.CpG",1744,1447,297,1744
"8110","07_report/CpG_context_sampling_5386_110_trimmed_bismark_bt2.CpG",1727,1451,276,1727
"8111","07_report/CpG_context_sampling_5386_111_trimmed_bismark_bt2.CpG",1791,1517,274,1791
"8112","07_report/CpG_context_sampling_5386_112_trimmed_bismark_bt2.CpG",1708,1429,279,1708
"8113","07_report/CpG_context_sampling_5386_113_trimmed_bismark_bt2.CpG",1742,1445,297,1742
"8114","07_report/CpG_context_sampling_5386_114_trimmed_bismark_bt2.CpG",1728,1454,274,1728
"8115","07_report/CpG_context_sampling_5386_115_trimmed_bismark_bt2.CpG",1747,1460,287,1747
"8116","07_report/CpG_context_sampling_5386_116_trimmed_bismark_bt2.CpG",1722,1450,272,1722
"8117","07_report/CpG_context_sampling_5386_117_trimmed_bismark_bt2.CpG",1777,1466,311,1777
"8118","07_report/CpG_context_sampling_5386_118_trimmed_bismark_bt2.CpG",1743,1440,303,1743
"8119","07_report/CpG_context_sampling_5386_119_trimmed_bismark_bt2.CpG",1783,1495,288,1783
"8120","07_report/CpG_context_sampling_5386_120_trimmed_bismark_bt2.CpG",1777,1485,292,1777
"8121","07_report/CpG_context_sampling_5386_121_trimmed_bismark_bt2.CpG",1730,1447,283,1730
"8122","07_report/CpG_context_sampling_5386_122_trimmed_bismark_bt2.CpG",1701,1390,311,1701
"8123","07_report/CpG_context_sampling_5386_123_trimmed_bismark_bt2.CpG",1703,1411,292,1703
"8124","07_report/CpG_context_sampling_5386_124_trimmed_bismark_bt2.CpG",1754,1459,295,1754
"8125","07_report/CpG_context_sampling_5386_125_trimmed_bismark_bt2.CpG",1720,1440,280,1720
"8126","07_report/CpG_context_sampling_5386_126_trimmed_bismark_bt2.CpG",1755,1481,274,1755
"8127","07_report/CpG_context_sampling_5386_127_trimmed_bismark_bt2.CpG",1681,1386,295,1681
"8128","07_report/CpG_context_sampling_5386_128_trimmed_bismark_bt2.CpG",1662,1387,275,1662
"8129","07_report/CpG_context_sampling_5386_129_trimmed_bismark_bt2.CpG",1779,1498,281,1779
"8130","07_report/CpG_context_sampling_5386_130_trimmed_bismark_bt2.CpG",1762,1457,305,1762
"8131","07_report/CpG_context_sampling_5386_131_trimmed_bismark_bt2.CpG",1796,1469,327,1796
"8132","07_report/CpG_context_sampling_5386_132_trimmed_bismark_bt2.CpG",1706,1412,294,1706
"8133","07_report/CpG_context_sampling_5386_133_trimmed_bismark_bt2.CpG",1774,1492,282,1774
"8134","07_report/CpG_context_sampling_5386_134_trimmed_bismark_bt2.CpG",1726,1450,276,1726
"8135","07_report/CpG_context_sampling_5386_135_trimmed_bismark_bt2.CpG",1732,1443,289,1732
"8136","07_report/CpG_context_sampling_5386_136_trimmed_bismark_bt2.CpG",1745,1458,287,1745
"8137","07_report/CpG_context_sampling_5386_137_trimmed_bismark_bt2.CpG",1749,1458,291,1749
"8138","07_report/CpG_context_sampling_5386_138_trimmed_bismark_bt2.CpG",1714,1439,275,1714
"8139","07_report/CpG_context_sampling_5386_139_trimmed_bismark_bt2.CpG",1732,1455,277,1732
"8140","07_report/CpG_context_sampling_5386_140_trimmed_bismark_bt2.CpG",1806,1523,283,1806
"8141","07_report/CpG_context_sampling_5386_141_trimmed_bismark_bt2.CpG",1752,1494,258,1752
"8142","07_report/CpG_context_sampling_5386_142_trimmed_bismark_bt2.CpG",1727,1417,310,1727
"8143","07_report/CpG_context_sampling_5386_143_trimmed_bismark_bt2.CpG",1755,1452,303,1755
"8144","07_report/CpG_context_sampling_5386_144_trimmed_bismark_bt2.CpG",1754,1442,312,1754
"8145","07_report/CpG_context_sampling_5386_145_trimmed_bismark_bt2.CpG",1749,1472,277,1749
"8146","07_report/CpG_context_sampling_5386_146_trimmed_bismark_bt2.CpG",1721,1434,287,1721
"8147","07_report/CpG_context_sampling_5386_147_trimmed_bismark_bt2.CpG",1731,1421,310,1731
"8148","07_report/CpG_context_sampling_5386_148_trimmed_bismark_bt2.CpG",1734,1445,289,1734
"8149","07_report/CpG_context_sampling_5386_149_trimmed_bismark_bt2.CpG",1691,1425,266,1691
"8150","07_report/CpG_context_sampling_5386_150_trimmed_bismark_bt2.CpG",1792,1494,298,1792
"8151","07_report/CpG_context_sampling_5386_151_trimmed_bismark_bt2.CpG",1738,1440,298,1738
"8152","07_report/CpG_context_sampling_5386_152_trimmed_bismark_bt2.CpG",1675,1392,283,1675
"8153","07_report/CpG_context_sampling_5386_153_trimmed_bismark_bt2.CpG",1738,1473,265,1738
"8154","07_report/CpG_context_sampling_5386_154_trimmed_bismark_bt2.CpG",1789,1472,317,1789
"8155","07_report/CpG_context_sampling_5386_155_trimmed_bismark_bt2.CpG",1697,1415,282,1697
"8156","07_report/CpG_context_sampling_5386_156_trimmed_bismark_bt2.CpG",1776,1455,321,1776
"8157","07_report/CpG_context_sampling_5386_157_trimmed_bismark_bt2.CpG",1740,1438,302,1740
"8158","07_report/CpG_context_sampling_5386_158_trimmed_bismark_bt2.CpG",1656,1363,293,1656
"8159","07_report/CpG_context_sampling_5386_159_trimmed_bismark_bt2.CpG",1749,1438,311,1749
"8160","07_report/CpG_context_sampling_5386_160_trimmed_bismark_bt2.CpG",1742,1447,295,1742
"8161","07_report/CpG_context_sampling_5386_161_trimmed_bismark_bt2.CpG",1747,1450,297,1747
"8162","07_report/CpG_context_sampling_5386_162_trimmed_bismark_bt2.CpG",1779,1486,293,1779
"8163","07_report/CpG_context_sampling_5386_163_trimmed_bismark_bt2.CpG",1790,1476,314,1790
"8164","07_report/CpG_context_sampling_5386_164_trimmed_bismark_bt2.CpG",1690,1385,305,1690
"8165","07_report/CpG_context_sampling_5386_165_trimmed_bismark_bt2.CpG",1761,1473,288,1761
"8166","07_report/CpG_context_sampling_5386_166_trimmed_bismark_bt2.CpG",1765,1445,320,1765
"8167","07_report/CpG_context_sampling_5386_167_trimmed_bismark_bt2.CpG",1749,1422,327,1749
"8168","07_report/CpG_context_sampling_5386_168_trimmed_bismark_bt2.CpG",1728,1442,286,1728
"8169","07_report/CpG_context_sampling_5386_169_trimmed_bismark_bt2.CpG",1783,1482,301,1783
"8170","07_report/CpG_context_sampling_5386_170_trimmed_bismark_bt2.CpG",1770,1444,326,1770
"8171","07_report/CpG_context_sampling_5386_171_trimmed_bismark_bt2.CpG",1730,1442,288,1730
"8172","07_report/CpG_context_sampling_5386_172_trimmed_bismark_bt2.CpG",1771,1446,325,1771
"8173","07_report/CpG_context_sampling_5386_173_trimmed_bismark_bt2.CpG",1790,1475,315,1790
"8174","07_report/CpG_context_sampling_5386_174_trimmed_bismark_bt2.CpG",1759,1466,293,1759
"8175","07_report/CpG_context_sampling_5386_175_trimmed_bismark_bt2.CpG",1693,1426,267,1693
"8176","07_report/CpG_context_sampling_5386_176_trimmed_bismark_bt2.CpG",1768,1428,340,1768
"8177","07_report/CpG_context_sampling_5386_177_trimmed_bismark_bt2.CpG",1722,1436,286,1722
"8178","07_report/CpG_context_sampling_5386_178_trimmed_bismark_bt2.CpG",1739,1411,328,1739
"8179","07_report/CpG_context_sampling_5386_179_trimmed_bismark_bt2.CpG",1765,1464,301,1765
"8180","07_report/CpG_context_sampling_5386_180_trimmed_bismark_bt2.CpG",1745,1443,302,1745
"8181","07_report/CpG_context_sampling_5386_181_trimmed_bismark_bt2.CpG",1718,1416,302,1718
"8182","07_report/CpG_context_sampling_5386_182_trimmed_bismark_bt2.CpG",1744,1460,284,1744
"8183","07_report/CpG_context_sampling_5386_183_trimmed_bismark_bt2.CpG",1792,1519,273,1792
"8184","07_report/CpG_context_sampling_5386_184_trimmed_bismark_bt2.CpG",1755,1453,302,1755
"8185","07_report/CpG_context_sampling_5386_185_trimmed_bismark_bt2.CpG",1717,1450,267,1717
"8186","07_report/CpG_context_sampling_5386_186_trimmed_bismark_bt2.CpG",1723,1439,284,1723
"8187","07_report/CpG_context_sampling_5386_187_trimmed_bismark_bt2.CpG",1759,1474,285,1759
"8188","07_report/CpG_context_sampling_5386_188_trimmed_bismark_bt2.CpG",1731,1430,301,1731
"8189","07_report/CpG_context_sampling_5386_189_trimmed_bismark_bt2.CpG",1741,1439,302,1741
"8190","07_report/CpG_context_sampling_5386_190_trimmed_bismark_bt2.CpG",1744,1463,281,1744
"8191","07_report/CpG_context_sampling_5386_191_trimmed_bismark_bt2.CpG",1720,1448,272,1720
"8192","07_report/CpG_context_sampling_5386_192_trimmed_bismark_bt2.CpG",1756,1468,288,1756
"8193","07_report/CpG_context_sampling_5386_193_trimmed_bismark_bt2.CpG",1721,1437,284,1721
"8194","07_report/CpG_context_sampling_5386_194_trimmed_bismark_bt2.CpG",1747,1450,297,1747
"8195","07_report/CpG_context_sampling_5386_195_trimmed_bismark_bt2.CpG",1703,1394,309,1703
"8196","07_report/CpG_context_sampling_5386_196_trimmed_bismark_bt2.CpG",1702,1412,290,1702
"8197","07_report/CpG_context_sampling_5386_197_trimmed_bismark_bt2.CpG",1771,1487,284,1771
"8198","07_report/CpG_context_sampling_5386_198_trimmed_bismark_bt2.CpG",1691,1409,282,1691
"8199","07_report/CpG_context_sampling_5386_199_trimmed_bismark_bt2.CpG",1734,1446,288,1734
"8200","07_report/CpG_context_sampling_5386_200_trimmed_bismark_bt2.CpG",1707,1419,288,1707
"8201","07_report/CpG_context_sampling_5386_201_trimmed_bismark_bt2.CpG",1775,1457,318,1775
"8202","07_report/CpG_context_sampling_5386_202_trimmed_bismark_bt2.CpG",1732,1446,286,1732
"8203","07_report/CpG_context_sampling_5386_203_trimmed_bismark_bt2.CpG",1729,1449,280,1729
"8204","07_report/CpG_context_sampling_5386_204_trimmed_bismark_bt2.CpG",1763,1458,305,1763
"8205","07_report/CpG_context_sampling_5386_205_trimmed_bismark_bt2.CpG",1789,1462,327,1789
"8206","07_report/CpG_context_sampling_5386_206_trimmed_bismark_bt2.CpG",1754,1452,302,1754
"8207","07_report/CpG_context_sampling_5386_207_trimmed_bismark_bt2.CpG",1757,1466,291,1757
"8208","07_report/CpG_context_sampling_5386_208_trimmed_bismark_bt2.CpG",1678,1394,284,1678
"8209","07_report/CpG_context_sampling_5386_209_trimmed_bismark_bt2.CpG",1793,1485,308,1793
"8210","07_report/CpG_context_sampling_5386_210_trimmed_bismark_bt2.CpG",1798,1513,285,1798
"8211","07_report/CpG_context_sampling_5386_211_trimmed_bismark_bt2.CpG",1799,1460,339,1799
"8212","07_report/CpG_context_sampling_5386_212_trimmed_bismark_bt2.CpG",1678,1400,278,1678
"8213","07_report/CpG_context_sampling_5386_213_trimmed_bismark_bt2.CpG",1698,1418,280,1698
"8214","07_report/CpG_context_sampling_5386_214_trimmed_bismark_bt2.CpG",1745,1466,279,1745
"8215","07_report/CpG_context_sampling_5386_215_trimmed_bismark_bt2.CpG",1738,1445,293,1738
"8216","07_report/CpG_context_sampling_5386_216_trimmed_bismark_bt2.CpG",1782,1469,313,1782
"8217","07_report/CpG_context_sampling_5386_217_trimmed_bismark_bt2.CpG",1747,1429,318,1747
"8218","07_report/CpG_context_sampling_5386_218_trimmed_bismark_bt2.CpG",1829,1537,292,1829
"8219","07_report/CpG_context_sampling_5386_219_trimmed_bismark_bt2.CpG",1772,1474,298,1772
"8220","07_report/CpG_context_sampling_5386_220_trimmed_bismark_bt2.CpG",1777,1463,314,1777
"8221","07_report/CpG_context_sampling_5386_221_trimmed_bismark_bt2.CpG",1757,1470,287,1757
"8222","07_report/CpG_context_sampling_5386_222_trimmed_bismark_bt2.CpG",1778,1487,291,1778
"8223","07_report/CpG_context_sampling_5386_223_trimmed_bismark_bt2.CpG",1753,1450,303,1753
"8224","07_report/CpG_context_sampling_5386_224_trimmed_bismark_bt2.CpG",1692,1389,303,1692
"8225","07_report/CpG_context_sampling_5386_225_trimmed_bismark_bt2.CpG",1768,1485,283,1768
"8226","07_report/CpG_context_sampling_5386_226_trimmed_bismark_bt2.CpG",1770,1475,295,1770
"8227","07_report/CpG_context_sampling_5386_227_trimmed_bismark_bt2.CpG",1735,1468,267,1735
"8228","07_report/CpG_context_sampling_5386_228_trimmed_bismark_bt2.CpG",1803,1498,305,1803
"8229","07_report/CpG_context_sampling_5386_229_trimmed_bismark_bt2.CpG",1689,1422,267,1689
"8230","07_report/CpG_context_sampling_5386_230_trimmed_bismark_bt2.CpG",1726,1448,278,1726
"8231","07_report/CpG_context_sampling_5386_231_trimmed_bismark_bt2.CpG",1696,1431,265,1696
"8232","07_report/CpG_context_sampling_5386_232_trimmed_bismark_bt2.CpG",1810,1468,342,1810
"8233","07_report/CpG_context_sampling_5386_233_trimmed_bismark_bt2.CpG",1757,1460,297,1757
"8234","07_report/CpG_context_sampling_5386_234_trimmed_bismark_bt2.CpG",1739,1429,310,1739
"8235","07_report/CpG_context_sampling_5386_235_trimmed_bismark_bt2.CpG",1786,1475,311,1786
"8236","07_report/CpG_context_sampling_5386_236_trimmed_bismark_bt2.CpG",1738,1464,274,1738
"8237","07_report/CpG_context_sampling_5386_237_trimmed_bismark_bt2.CpG",1804,1494,310,1804
"8238","07_report/CpG_context_sampling_5386_238_trimmed_bismark_bt2.CpG",1721,1460,261,1721
"8239","07_report/CpG_context_sampling_5386_239_trimmed_bismark_bt2.CpG",1753,1425,328,1753
"8240","07_report/CpG_context_sampling_5386_240_trimmed_bismark_bt2.CpG",1758,1496,262,1758
"8241","07_report/CpG_context_sampling_5386_241_trimmed_bismark_bt2.CpG",1782,1481,301,1782
"8242","07_report/CpG_context_sampling_5386_242_trimmed_bismark_bt2.CpG",1774,1497,277,1774
"8243","07_report/CpG_context_sampling_5386_243_trimmed_bismark_bt2.CpG",1732,1446,286,1732
"8244","07_report/CpG_context_sampling_5386_244_trimmed_bismark_bt2.CpG",1708,1397,311,1708
"8245","07_report/CpG_context_sampling_5386_245_trimmed_bismark_bt2.CpG",1695,1397,298,1695
"8246","07_report/CpG_context_sampling_5386_246_trimmed_bismark_bt2.CpG",1757,1451,306,1757
"8247","07_report/CpG_context_sampling_5386_247_trimmed_bismark_bt2.CpG",1693,1403,290,1693
"8248","07_report/CpG_context_sampling_5386_248_trimmed_bismark_bt2.CpG",1722,1452,270,1722
"8249","07_report/CpG_context_sampling_5386_249_trimmed_bismark_bt2.CpG",1759,1451,308,1759
"8250","07_report/CpG_context_sampling_5386_250_trimmed_bismark_bt2.CpG",1730,1430,300,1730
"8251","07_report/CpG_context_sampling_5386_251_trimmed_bismark_bt2.CpG",1670,1398,272,1670
"8252","07_report/CpG_context_sampling_5386_252_trimmed_bismark_bt2.CpG",1731,1463,268,1731
"8253","07_report/CpG_context_sampling_5386_253_trimmed_bismark_bt2.CpG",1750,1437,313,1750
"8254","07_report/CpG_context_sampling_5386_254_trimmed_bismark_bt2.CpG",1725,1456,269,1725
"8255","07_report/CpG_context_sampling_5386_255_trimmed_bismark_bt2.CpG",1765,1460,305,1765
"8256","07_report/CpG_context_sampling_5386_256_trimmed_bismark_bt2.CpG",1736,1459,277,1736
"8257","07_report/CpG_context_sampling_5386_257_trimmed_bismark_bt2.CpG",1743,1445,298,1743
"8258","07_report/CpG_context_sampling_5386_258_trimmed_bismark_bt2.CpG",1734,1457,277,1734
"8259","07_report/CpG_context_sampling_5386_259_trimmed_bismark_bt2.CpG",1707,1422,285,1707
"8260","07_report/CpG_context_sampling_5386_260_trimmed_bismark_bt2.CpG",1781,1462,319,1781
"8261","07_report/CpG_context_sampling_5386_261_trimmed_bismark_bt2.CpG",1731,1424,307,1731
"8262","07_report/CpG_context_sampling_5386_262_trimmed_bismark_bt2.CpG",1803,1461,342,1803
"8263","07_report/CpG_context_sampling_5386_263_trimmed_bismark_bt2.CpG",1717,1429,288,1717
"8264","07_report/CpG_context_sampling_5386_264_trimmed_bismark_bt2.CpG",1791,1486,305,1791
"8265","07_report/CpG_context_sampling_5386_265_trimmed_bismark_bt2.CpG",1692,1405,287,1692
"8266","07_report/CpG_context_sampling_5386_266_trimmed_bismark_bt2.CpG",1742,1456,286,1742
"8267","07_report/CpG_context_sampling_5386_267_trimmed_bismark_bt2.CpG",1735,1449,286,1735
"8268","07_report/CpG_context_sampling_5386_268_trimmed_bismark_bt2.CpG",1744,1440,304,1744
"8269","07_report/CpG_context_sampling_5386_269_trimmed_bismark_bt2.CpG",1736,1465,271,1736
"8270","07_report/CpG_context_sampling_5386_270_trimmed_bismark_bt2.CpG",1720,1449,271,1720
"8271","07_report/CpG_context_sampling_5386_271_trimmed_bismark_bt2.CpG",1788,1492,296,1788
"8272","07_report/CpG_context_sampling_5386_272_trimmed_bismark_bt2.CpG",1739,1421,318,1739
"8273","07_report/CpG_context_sampling_5386_273_trimmed_bismark_bt2.CpG",1731,1449,282,1731
"8274","07_report/CpG_context_sampling_5386_274_trimmed_bismark_bt2.CpG",1744,1457,287,1744
"8275","07_report/CpG_context_sampling_5386_275_trimmed_bismark_bt2.CpG",1737,1442,295,1737
"8276","07_report/CpG_context_sampling_5386_276_trimmed_bismark_bt2.CpG",1684,1401,283,1684
"8277","07_report/CpG_context_sampling_5386_277_trimmed_bismark_bt2.CpG",1768,1464,304,1768
"8278","07_report/CpG_context_sampling_5386_278_trimmed_bismark_bt2.CpG",1680,1419,261,1680
"8279","07_report/CpG_context_sampling_5386_279_trimmed_bismark_bt2.CpG",1788,1472,316,1788
"8280","07_report/CpG_context_sampling_5386_280_trimmed_bismark_bt2.CpG",1744,1438,306,1744
"8281","07_report/CpG_context_sampling_5386_281_trimmed_bismark_bt2.CpG",1803,1484,319,1803
"8282","07_report/CpG_context_sampling_5386_282_trimmed_bismark_bt2.CpG",1706,1412,294,1706
"8283","07_report/CpG_context_sampling_5386_283_trimmed_bismark_bt2.CpG",1748,1450,298,1748
"8284","07_report/CpG_context_sampling_5386_284_trimmed_bismark_bt2.CpG",1732,1441,291,1732
"8285","07_report/CpG_context_sampling_5386_285_trimmed_bismark_bt2.CpG",1740,1492,248,1740
"8286","07_report/CpG_context_sampling_5386_286_trimmed_bismark_bt2.CpG",1722,1438,284,1722
"8287","07_report/CpG_context_sampling_5386_287_trimmed_bismark_bt2.CpG",1762,1468,294,1762
"8288","07_report/CpG_context_sampling_5386_288_trimmed_bismark_bt2.CpG",1753,1447,306,1753
"8289","07_report/CpG_context_sampling_5386_289_trimmed_bismark_bt2.CpG",1702,1413,289,1702
"8290","07_report/CpG_context_sampling_5386_290_trimmed_bismark_bt2.CpG",1763,1422,341,1763
"8291","07_report/CpG_context_sampling_5386_291_trimmed_bismark_bt2.CpG",1700,1403,297,1700
"8292","07_report/CpG_context_sampling_5386_292_trimmed_bismark_bt2.CpG",1732,1436,296,1732
"8293","07_report/CpG_context_sampling_5386_293_trimmed_bismark_bt2.CpG",1715,1457,258,1715
"8294","07_report/CpG_context_sampling_5386_294_trimmed_bismark_bt2.CpG",1790,1493,297,1790
"8295","07_report/CpG_context_sampling_5386_295_trimmed_bismark_bt2.CpG",1659,1343,316,1659
"8296","07_report/CpG_context_sampling_5386_296_trimmed_bismark_bt2.CpG",1747,1451,296,1747
"8297","07_report/CpG_context_sampling_5386_297_trimmed_bismark_bt2.CpG",1766,1470,296,1766
"8298","07_report/CpG_context_sampling_5386_298_trimmed_bismark_bt2.CpG",1715,1410,305,1715
"8299","07_report/CpG_context_sampling_5386_299_trimmed_bismark_bt2.CpG",1743,1434,309,1743
"8300","07_report/CpG_context_sampling_5386_300_trimmed_bismark_bt2.CpG",1740,1482,258,1740
"8301","07_report/CpG_context_sampling_5386_301_trimmed_bismark_bt2.CpG",1694,1409,285,1694
"8302","07_report/CpG_context_sampling_5386_302_trimmed_bismark_bt2.CpG",1691,1398,293,1691
"8303","07_report/CpG_context_sampling_5386_303_trimmed_bismark_bt2.CpG",1769,1449,320,1769
"8304","07_report/CpG_context_sampling_5386_304_trimmed_bismark_bt2.CpG",1701,1417,284,1701
"8305","07_report/CpG_context_sampling_5386_305_trimmed_bismark_bt2.CpG",1696,1405,291,1696
"8306","07_report/CpG_context_sampling_5386_306_trimmed_bismark_bt2.CpG",1715,1403,312,1715
"8307","07_report/CpG_context_sampling_5386_307_trimmed_bismark_bt2.CpG",1803,1518,285,1803
"8308","07_report/CpG_context_sampling_5386_308_trimmed_bismark_bt2.CpG",1723,1442,281,1723
"8309","07_report/CpG_context_sampling_5386_309_trimmed_bismark_bt2.CpG",1721,1440,281,1721
"8310","07_report/CpG_context_sampling_5386_310_trimmed_bismark_bt2.CpG",1713,1435,278,1713
"8311","07_report/CpG_context_sampling_5386_311_trimmed_bismark_bt2.CpG",1707,1427,280,1707
"8312","07_report/CpG_context_sampling_5386_312_trimmed_bismark_bt2.CpG",1732,1431,301,1732
"8313","07_report/CpG_context_sampling_5386_313_trimmed_bismark_bt2.CpG",1749,1432,317,1749
"8314","07_report/CpG_context_sampling_5386_314_trimmed_bismark_bt2.CpG",1746,1470,276,1746
"8315","07_report/CpG_context_sampling_5386_315_trimmed_bismark_bt2.CpG",1739,1426,313,1739
"8316","07_report/CpG_context_sampling_5386_316_trimmed_bismark_bt2.CpG",1742,1446,296,1742
"8317","07_report/CpG_context_sampling_5386_317_trimmed_bismark_bt2.CpG",1713,1436,277,1713
"8318","07_report/CpG_context_sampling_5386_318_trimmed_bismark_bt2.CpG",1747,1441,306,1747
"8319","07_report/CpG_context_sampling_5386_319_trimmed_bismark_bt2.CpG",1739,1452,287,1739
"8320","07_report/CpG_context_sampling_5386_320_trimmed_bismark_bt2.CpG",1758,1468,290,1758
"8321","07_report/CpG_context_sampling_5386_321_trimmed_bismark_bt2.CpG",1801,1477,324,1801
"8322","07_report/CpG_context_sampling_5386_322_trimmed_bismark_bt2.CpG",1751,1435,316,1751
"8323","07_report/CpG_context_sampling_5386_323_trimmed_bismark_bt2.CpG",1731,1461,270,1731
"8324","07_report/CpG_context_sampling_5386_324_trimmed_bismark_bt2.CpG",1680,1396,284,1680
"8325","07_report/CpG_context_sampling_5386_325_trimmed_bismark_bt2.CpG",1765,1479,286,1765
"8326","07_report/CpG_context_sampling_5386_326_trimmed_bismark_bt2.CpG",1732,1443,289,1732
"8327","07_report/CpG_context_sampling_5386_327_trimmed_bismark_bt2.CpG",1782,1468,314,1782
"8328","07_report/CpG_context_sampling_5386_328_trimmed_bismark_bt2.CpG",1751,1445,306,1751
"8329","07_report/CpG_context_sampling_5386_329_trimmed_bismark_bt2.CpG",1717,1412,305,1717
"8330","07_report/CpG_context_sampling_5386_330_trimmed_bismark_bt2.CpG",1698,1429,269,1698
"8331","07_report/CpG_context_sampling_5386_331_trimmed_bismark_bt2.CpG",1737,1450,287,1737
"8332","07_report/CpG_context_sampling_5386_332_trimmed_bismark_bt2.CpG",1754,1457,297,1754
"8333","07_report/CpG_context_sampling_5386_333_trimmed_bismark_bt2.CpG",1773,1486,287,1773
"8334","07_report/CpG_context_sampling_5386_334_trimmed_bismark_bt2.CpG",1755,1467,288,1755
"8335","07_report/CpG_context_sampling_5386_335_trimmed_bismark_bt2.CpG",1739,1423,316,1739
"8336","07_report/CpG_context_sampling_5386_336_trimmed_bismark_bt2.CpG",1729,1412,317,1729
"8337","07_report/CpG_context_sampling_5386_337_trimmed_bismark_bt2.CpG",1813,1500,313,1813
"8338","07_report/CpG_context_sampling_5386_338_trimmed_bismark_bt2.CpG",1808,1488,320,1808
"8339","07_report/CpG_context_sampling_5386_339_trimmed_bismark_bt2.CpG",1745,1435,310,1745
"8340","07_report/CpG_context_sampling_5386_340_trimmed_bismark_bt2.CpG",1736,1448,288,1736
"8341","07_report/CpG_context_sampling_5386_341_trimmed_bismark_bt2.CpG",1781,1466,315,1781
"8342","07_report/CpG_context_sampling_5386_342_trimmed_bismark_bt2.CpG",1717,1420,297,1717
"8343","07_report/CpG_context_sampling_5386_343_trimmed_bismark_bt2.CpG",1746,1440,306,1746
"8344","07_report/CpG_context_sampling_5386_344_trimmed_bismark_bt2.CpG",1766,1440,326,1766
"8345","07_report/CpG_context_sampling_5386_345_trimmed_bismark_bt2.CpG",1760,1475,285,1760
"8346","07_report/CpG_context_sampling_5386_346_trimmed_bismark_bt2.CpG",1731,1422,309,1731
"8347","07_report/CpG_context_sampling_5386_347_trimmed_bismark_bt2.CpG",1784,1476,308,1784
"8348","07_report/CpG_context_sampling_5386_348_trimmed_bismark_bt2.CpG",1785,1487,298,1785
"8349","07_report/CpG_context_sampling_5386_349_trimmed_bismark_bt2.CpG",1711,1403,308,1711
"8350","07_report/CpG_context_sampling_5386_350_trimmed_bismark_bt2.CpG",1766,1502,264,1766
"8351","07_report/CpG_context_sampling_5386_351_trimmed_bismark_bt2.CpG",1766,1460,306,1766
"8352","07_report/CpG_context_sampling_5386_352_trimmed_bismark_bt2.CpG",1700,1428,272,1700
"8353","07_report/CpG_context_sampling_5386_353_trimmed_bismark_bt2.CpG",1764,1470,294,1764
"8354","07_report/CpG_context_sampling_5386_354_trimmed_bismark_bt2.CpG",1713,1417,296,1713
"8355","07_report/CpG_context_sampling_5386_355_trimmed_bismark_bt2.CpG",1774,1443,331,1774
"8356","07_report/CpG_context_sampling_5386_356_trimmed_bismark_bt2.CpG",1785,1514,271,1785
"8357","07_report/CpG_context_sampling_5386_357_trimmed_bismark_bt2.CpG",1725,1429,296,1725
"8358","07_report/CpG_context_sampling_5386_358_trimmed_bismark_bt2.CpG",1727,1451,276,1727
"8359","07_report/CpG_context_sampling_5386_359_trimmed_bismark_bt2.CpG",1763,1455,308,1763
"8360","07_report/CpG_context_sampling_5386_360_trimmed_bismark_bt2.CpG",1785,1470,315,1785
"8361","07_report/CpG_context_sampling_5386_361_trimmed_bismark_bt2.CpG",1746,1449,297,1746
"8362","07_report/CpG_context_sampling_5386_362_trimmed_bismark_bt2.CpG",1765,1444,321,1765
"8363","07_report/CpG_context_sampling_5386_363_trimmed_bismark_bt2.CpG",1687,1396,291,1687
"8364","07_report/CpG_context_sampling_5386_364_trimmed_bismark_bt2.CpG",1687,1406,281,1687
"8365","07_report/CpG_context_sampling_5386_365_trimmed_bismark_bt2.CpG",1700,1430,270,1700
"8366","07_report/CpG_context_sampling_5386_366_trimmed_bismark_bt2.CpG",1794,1490,304,1794
"8367","07_report/CpG_context_sampling_5386_367_trimmed_bismark_bt2.CpG",1782,1456,326,1782
"8368","07_report/CpG_context_sampling_5386_368_trimmed_bismark_bt2.CpG",1739,1449,290,1739
"8369","07_report/CpG_context_sampling_5386_369_trimmed_bismark_bt2.CpG",1766,1478,288,1766
"8370","07_report/CpG_context_sampling_5386_370_trimmed_bismark_bt2.CpG",1738,1432,306,1738
"8371","07_report/CpG_context_sampling_5386_371_trimmed_bismark_bt2.CpG",1765,1478,287,1765
"8372","07_report/CpG_context_sampling_5386_372_trimmed_bismark_bt2.CpG",1769,1465,304,1769
"8373","07_report/CpG_context_sampling_5386_373_trimmed_bismark_bt2.CpG",1762,1445,317,1762
"8374","07_report/CpG_context_sampling_5386_374_trimmed_bismark_bt2.CpG",1662,1385,277,1662
"8375","07_report/CpG_context_sampling_5386_375_trimmed_bismark_bt2.CpG",1748,1459,289,1748
"8376","07_report/CpG_context_sampling_5386_376_trimmed_bismark_bt2.CpG",1731,1420,311,1731
"8377","07_report/CpG_context_sampling_5386_377_trimmed_bismark_bt2.CpG",1713,1422,291,1713
"8378","07_report/CpG_context_sampling_5386_378_trimmed_bismark_bt2.CpG",1679,1375,304,1679
"8379","07_report/CpG_context_sampling_5386_379_trimmed_bismark_bt2.CpG",1683,1387,296,1683
"8380","07_report/CpG_context_sampling_5386_380_trimmed_bismark_bt2.CpG",1732,1440,292,1732
"8381","07_report/CpG_context_sampling_5386_381_trimmed_bismark_bt2.CpG",1717,1436,281,1717
"8382","07_report/CpG_context_sampling_5386_382_trimmed_bismark_bt2.CpG",1783,1470,313,1783
"8383","07_report/CpG_context_sampling_5386_383_trimmed_bismark_bt2.CpG",1790,1502,288,1790
"8384","07_report/CpG_context_sampling_5386_384_trimmed_bismark_bt2.CpG",1755,1458,297,1755
"8385","07_report/CpG_context_sampling_5386_385_trimmed_bismark_bt2.CpG",1765,1481,284,1765
"8386","07_report/CpG_context_sampling_5386_386_trimmed_bismark_bt2.CpG",1723,1428,295,1723
"8387","07_report/CpG_context_sampling_5386_387_trimmed_bismark_bt2.CpG",1749,1447,302,1749
"8388","07_report/CpG_context_sampling_5386_388_trimmed_bismark_bt2.CpG",1757,1450,307,1757
"8389","07_report/CpG_context_sampling_5386_389_trimmed_bismark_bt2.CpG",1744,1458,286,1744
"8390","07_report/CpG_context_sampling_5386_390_trimmed_bismark_bt2.CpG",1749,1433,316,1749
"8391","07_report/CpG_context_sampling_5386_391_trimmed_bismark_bt2.CpG",1747,1437,310,1747
"8392","07_report/CpG_context_sampling_5386_392_trimmed_bismark_bt2.CpG",1754,1443,311,1754
"8393","07_report/CpG_context_sampling_5386_393_trimmed_bismark_bt2.CpG",1701,1399,302,1701
"8394","07_report/CpG_context_sampling_5386_394_trimmed_bismark_bt2.CpG",1730,1426,304,1730
"8395","07_report/CpG_context_sampling_5386_395_trimmed_bismark_bt2.CpG",1732,1428,304,1732
"8396","07_report/CpG_context_sampling_5386_396_trimmed_bismark_bt2.CpG",1744,1463,281,1744
"8397","07_report/CpG_context_sampling_5386_397_trimmed_bismark_bt2.CpG",1723,1439,284,1723
"8398","07_report/CpG_context_sampling_5386_398_trimmed_bismark_bt2.CpG",1718,1431,287,1718
"8399","07_report/CpG_context_sampling_5386_399_trimmed_bismark_bt2.CpG",1725,1435,290,1725
"8400","07_report/CpG_context_sampling_5386_400_trimmed_bismark_bt2.CpG",1726,1406,320,1726
"8401","07_report/CpG_context_sampling_5386_401_trimmed_bismark_bt2.CpG",1765,1474,291,1765
"8402","07_report/CpG_context_sampling_5386_402_trimmed_bismark_bt2.CpG",1708,1424,284,1708
"8403","07_report/CpG_context_sampling_5386_403_trimmed_bismark_bt2.CpG",1675,1368,307,1675
"8404","07_report/CpG_context_sampling_5386_404_trimmed_bismark_bt2.CpG",1757,1480,277,1757
"8405","07_report/CpG_context_sampling_5386_405_trimmed_bismark_bt2.CpG",1698,1404,294,1698
"8406","07_report/CpG_context_sampling_5386_406_trimmed_bismark_bt2.CpG",1761,1425,336,1761
"8407","07_report/CpG_context_sampling_5386_407_trimmed_bismark_bt2.CpG",1749,1457,292,1749
"8408","07_report/CpG_context_sampling_5386_408_trimmed_bismark_bt2.CpG",1765,1471,294,1765
"8409","07_report/CpG_context_sampling_5386_409_trimmed_bismark_bt2.CpG",1683,1399,284,1683
"8410","07_report/CpG_context_sampling_5386_410_trimmed_bismark_bt2.CpG",1768,1467,301,1768
"8411","07_report/CpG_context_sampling_5386_411_trimmed_bismark_bt2.CpG",1745,1425,320,1745
"8412","07_report/CpG_context_sampling_5386_412_trimmed_bismark_bt2.CpG",1733,1452,281,1733
"8413","07_report/CpG_context_sampling_5386_413_trimmed_bismark_bt2.CpG",1758,1455,303,1758
"8414","07_report/CpG_context_sampling_5386_414_trimmed_bismark_bt2.CpG",1753,1479,274,1753
"8415","07_report/CpG_context_sampling_5386_415_trimmed_bismark_bt2.CpG",1688,1399,289,1688
"8416","07_report/CpG_context_sampling_5386_416_trimmed_bismark_bt2.CpG",1687,1415,272,1687
"8417","07_report/CpG_context_sampling_5386_417_trimmed_bismark_bt2.CpG",1746,1481,265,1746
"8418","07_report/CpG_context_sampling_5386_418_trimmed_bismark_bt2.CpG",1731,1440,291,1731
"8419","07_report/CpG_context_sampling_5386_419_trimmed_bismark_bt2.CpG",1794,1500,294,1794
"8420","07_report/CpG_context_sampling_5386_420_trimmed_bismark_bt2.CpG",1769,1499,270,1769
"8421","07_report/CpG_context_sampling_5386_421_trimmed_bismark_bt2.CpG",1689,1409,280,1689
"8422","07_report/CpG_context_sampling_5386_422_trimmed_bismark_bt2.CpG",1744,1452,292,1744
"8423","07_report/CpG_context_sampling_5386_423_trimmed_bismark_bt2.CpG",1787,1478,309,1787
"8424","07_report/CpG_context_sampling_5386_424_trimmed_bismark_bt2.CpG",1733,1425,308,1733
"8425","07_report/CpG_context_sampling_5386_425_trimmed_bismark_bt2.CpG",1761,1494,267,1761
"8426","07_report/CpG_context_sampling_5386_426_trimmed_bismark_bt2.CpG",1771,1485,286,1771
"8427","07_report/CpG_context_sampling_5386_427_trimmed_bismark_bt2.CpG",1729,1433,296,1729
"8428","07_report/CpG_context_sampling_5386_428_trimmed_bismark_bt2.CpG",1739,1457,282,1739
"8429","07_report/CpG_context_sampling_5386_429_trimmed_bismark_bt2.CpG",1750,1472,278,1750
"8430","07_report/CpG_context_sampling_5386_430_trimmed_bismark_bt2.CpG",1732,1453,279,1732
"8431","07_report/CpG_context_sampling_5386_431_trimmed_bismark_bt2.CpG",1779,1492,287,1779
"8432","07_report/CpG_context_sampling_5386_432_trimmed_bismark_bt2.CpG",1740,1450,290,1740
"8433","07_report/CpG_context_sampling_5386_433_trimmed_bismark_bt2.CpG",1762,1484,278,1762
"8434","07_report/CpG_context_sampling_5386_434_trimmed_bismark_bt2.CpG",1739,1430,309,1739
"8435","07_report/CpG_context_sampling_5386_435_trimmed_bismark_bt2.CpG",1762,1476,286,1762
"8436","07_report/CpG_context_sampling_5386_436_trimmed_bismark_bt2.CpG",1739,1459,280,1739
"8437","07_report/CpG_context_sampling_5386_437_trimmed_bismark_bt2.CpG",1778,1483,295,1778
"8438","07_report/CpG_context_sampling_5386_438_trimmed_bismark_bt2.CpG",1771,1471,300,1771
"8439","07_report/CpG_context_sampling_5386_439_trimmed_bismark_bt2.CpG",1780,1523,257,1780
"8440","07_report/CpG_context_sampling_5386_440_trimmed_bismark_bt2.CpG",1770,1463,307,1770
"8441","07_report/CpG_context_sampling_5386_441_trimmed_bismark_bt2.CpG",1746,1462,284,1746
"8442","07_report/CpG_context_sampling_5386_442_trimmed_bismark_bt2.CpG",1797,1492,305,1797
"8443","07_report/CpG_context_sampling_5386_443_trimmed_bismark_bt2.CpG",1729,1439,290,1729
"8444","07_report/CpG_context_sampling_5386_444_trimmed_bismark_bt2.CpG",1735,1422,313,1735
"8445","07_report/CpG_context_sampling_5386_445_trimmed_bismark_bt2.CpG",1693,1389,304,1693
"8446","07_report/CpG_context_sampling_5386_446_trimmed_bismark_bt2.CpG",1733,1441,292,1733
"8447","07_report/CpG_context_sampling_5386_447_trimmed_bismark_bt2.CpG",1700,1402,298,1700
"8448","07_report/CpG_context_sampling_5386_448_trimmed_bismark_bt2.CpG",1763,1505,258,1763
"8449","07_report/CpG_context_sampling_5386_449_trimmed_bismark_bt2.CpG",1675,1382,293,1675
"8450","07_report/CpG_context_sampling_5386_450_trimmed_bismark_bt2.CpG",1809,1491,318,1809
"8451","07_report/CpG_context_sampling_5386_451_trimmed_bismark_bt2.CpG",1767,1478,289,1767
"8452","07_report/CpG_context_sampling_5386_452_trimmed_bismark_bt2.CpG",1744,1437,307,1744
"8453","07_report/CpG_context_sampling_5386_453_trimmed_bismark_bt2.CpG",1755,1436,319,1755
"8454","07_report/CpG_context_sampling_5386_454_trimmed_bismark_bt2.CpG",1762,1466,296,1762
"8455","07_report/CpG_context_sampling_5386_455_trimmed_bismark_bt2.CpG",1693,1394,299,1693
"8456","07_report/CpG_context_sampling_5386_456_trimmed_bismark_bt2.CpG",1735,1410,325,1735
"8457","07_report/CpG_context_sampling_5386_457_trimmed_bismark_bt2.CpG",1703,1417,286,1703
"8458","07_report/CpG_context_sampling_5386_458_trimmed_bismark_bt2.CpG",1685,1419,266,1685
"8459","07_report/CpG_context_sampling_5386_459_trimmed_bismark_bt2.CpG",1773,1484,289,1773
"8460","07_report/CpG_context_sampling_5386_460_trimmed_bismark_bt2.CpG",1740,1463,277,1740
"8461","07_report/CpG_context_sampling_5386_461_trimmed_bismark_bt2.CpG",1726,1435,291,1726
"8462","07_report/CpG_context_sampling_5386_462_trimmed_bismark_bt2.CpG",1726,1415,311,1726
"8463","07_report/CpG_context_sampling_5386_463_trimmed_bismark_bt2.CpG",1718,1407,311,1718
"8464","07_report/CpG_context_sampling_5386_464_trimmed_bismark_bt2.CpG",1751,1471,280,1751
"8465","07_report/CpG_context_sampling_5386_465_trimmed_bismark_bt2.CpG",1809,1522,287,1809
"8466","07_report/CpG_context_sampling_5386_466_trimmed_bismark_bt2.CpG",1729,1455,274,1729
"8467","07_report/CpG_context_sampling_5386_467_trimmed_bismark_bt2.CpG",1746,1446,300,1746
"8468","07_report/CpG_context_sampling_5386_468_trimmed_bismark_bt2.CpG",1696,1374,322,1696
"8469","07_report/CpG_context_sampling_5386_469_trimmed_bismark_bt2.CpG",1764,1477,287,1764
"8470","07_report/CpG_context_sampling_5386_470_trimmed_bismark_bt2.CpG",1721,1449,272,1721
"8471","07_report/CpG_context_sampling_5386_471_trimmed_bismark_bt2.CpG",1719,1448,271,1719
"8472","07_report/CpG_context_sampling_5386_472_trimmed_bismark_bt2.CpG",1718,1428,290,1718
"8473","07_report/CpG_context_sampling_5386_473_trimmed_bismark_bt2.CpG",1765,1449,316,1765
"8474","07_report/CpG_context_sampling_5386_474_trimmed_bismark_bt2.CpG",1746,1455,291,1746
"8475","07_report/CpG_context_sampling_5386_475_trimmed_bismark_bt2.CpG",1772,1482,290,1772
"8476","07_report/CpG_context_sampling_5386_476_trimmed_bismark_bt2.CpG",1746,1440,306,1746
"8477","07_report/CpG_context_sampling_5386_477_trimmed_bismark_bt2.CpG",1748,1410,338,1748
"8478","07_report/CpG_context_sampling_5386_478_trimmed_bismark_bt2.CpG",1724,1432,292,1724
"8479","07_report/CpG_context_sampling_5386_479_trimmed_bismark_bt2.CpG",1776,1461,315,1776
"8480","07_report/CpG_context_sampling_5386_480_trimmed_bismark_bt2.CpG",1698,1410,288,1698
"8481","07_report/CpG_context_sampling_5386_481_trimmed_bismark_bt2.CpG",1755,1425,330,1755
"8482","07_report/CpG_context_sampling_5386_482_trimmed_bismark_bt2.CpG",1735,1460,275,1735
"8483","07_report/CpG_context_sampling_5386_483_trimmed_bismark_bt2.CpG",1772,1467,305,1772
"8484","07_report/CpG_context_sampling_5386_484_trimmed_bismark_bt2.CpG",1732,1413,319,1732
"8485","07_report/CpG_context_sampling_5386_485_trimmed_bismark_bt2.CpG",1735,1430,305,1735
"8486","07_report/CpG_context_sampling_5386_486_trimmed_bismark_bt2.CpG",1708,1448,260,1708
"8487","07_report/CpG_context_sampling_5386_487_trimmed_bismark_bt2.CpG",1752,1447,305,1752
"8488","07_report/CpG_context_sampling_5386_488_trimmed_bismark_bt2.CpG",1720,1426,294,1720
"8489","07_report/CpG_context_sampling_5386_489_trimmed_bismark_bt2.CpG",1775,1489,286,1775
"8490","07_report/CpG_context_sampling_5386_490_trimmed_bismark_bt2.CpG",1751,1477,274,1751
"8491","07_report/CpG_context_sampling_5386_491_trimmed_bismark_bt2.CpG",1770,1478,292,1770
"8492","07_report/CpG_context_sampling_5386_492_trimmed_bismark_bt2.CpG",1736,1448,288,1736
"8493","07_report/CpG_context_sampling_5386_493_trimmed_bismark_bt2.CpG",1749,1484,265,1749
"8494","07_report/CpG_context_sampling_5386_494_trimmed_bismark_bt2.CpG",1702,1419,283,1702
"8495","07_report/CpG_context_sampling_5386_495_trimmed_bismark_bt2.CpG",1760,1483,277,1760
"8496","07_report/CpG_context_sampling_5386_496_trimmed_bismark_bt2.CpG",1770,1465,305,1770
"8497","07_report/CpG_context_sampling_5386_497_trimmed_bismark_bt2.CpG",1759,1467,292,1759
"8498","07_report/CpG_context_sampling_5386_498_trimmed_bismark_bt2.CpG",1736,1420,316,1736
"8499","07_report/CpG_context_sampling_5386_499_trimmed_bismark_bt2.CpG",1741,1453,288,1741
"8500","07_report/CpG_context_sampling_5386_500_trimmed_bismark_bt2.CpG",1758,1426,332,1758
"8501","07_report/CpG_context_sampling_5386_501_trimmed_bismark_bt2.CpG",1746,1474,272,1746
"8502","07_report/CpG_context_sampling_5386_502_trimmed_bismark_bt2.CpG",1743,1446,297,1743
"8503","07_report/CpG_context_sampling_5386_503_trimmed_bismark_bt2.CpG",1750,1441,309,1750
"8504","07_report/CpG_context_sampling_5386_504_trimmed_bismark_bt2.CpG",1713,1443,270,1713
"8505","07_report/CpG_context_sampling_5386_505_trimmed_bismark_bt2.CpG",1776,1499,277,1776
"8506","07_report/CpG_context_sampling_5386_506_trimmed_bismark_bt2.CpG",1771,1463,308,1771
"8507","07_report/CpG_context_sampling_5386_507_trimmed_bismark_bt2.CpG",1761,1429,332,1761
"8508","07_report/CpG_context_sampling_5386_508_trimmed_bismark_bt2.CpG",1744,1462,282,1744
"8509","07_report/CpG_context_sampling_5386_509_trimmed_bismark_bt2.CpG",1681,1395,286,1681
"8510","07_report/CpG_context_sampling_5386_510_trimmed_bismark_bt2.CpG",1782,1449,333,1782
"8511","07_report/CpG_context_sampling_5386_511_trimmed_bismark_bt2.CpG",1752,1457,295,1752
"8512","07_report/CpG_context_sampling_5386_512_trimmed_bismark_bt2.CpG",1702,1399,303,1702
"8513","07_report/CpG_context_sampling_5386_513_trimmed_bismark_bt2.CpG",1756,1463,293,1756
"8514","07_report/CpG_context_sampling_5386_514_trimmed_bismark_bt2.CpG",1792,1477,315,1792
"8515","07_report/CpG_context_sampling_5386_515_trimmed_bismark_bt2.CpG",1686,1391,295,1686
"8516","07_report/CpG_context_sampling_5386_516_trimmed_bismark_bt2.CpG",1785,1469,316,1785
"8517","07_report/CpG_context_sampling_5386_517_trimmed_bismark_bt2.CpG",1730,1436,294,1730
"8518","07_report/CpG_context_sampling_5386_518_trimmed_bismark_bt2.CpG",1725,1430,295,1725
"8519","07_report/CpG_context_sampling_5386_519_trimmed_bismark_bt2.CpG",1791,1498,293,1791
"8520","07_report/CpG_context_sampling_5386_520_trimmed_bismark_bt2.CpG",1747,1441,306,1747
"8521","07_report/CpG_context_sampling_5386_521_trimmed_bismark_bt2.CpG",1772,1464,308,1772
"8522","07_report/CpG_context_sampling_5386_522_trimmed_bismark_bt2.CpG",1741,1446,295,1741
"8523","07_report/CpG_context_sampling_5386_523_trimmed_bismark_bt2.CpG",1739,1453,286,1739
"8524","07_report/CpG_context_sampling_5386_524_trimmed_bismark_bt2.CpG",1735,1440,295,1735
"8525","07_report/CpG_context_sampling_5386_525_trimmed_bismark_bt2.CpG",1712,1419,293,1712
"8526","07_report/CpG_context_sampling_5386_526_trimmed_bismark_bt2.CpG",1771,1464,307,1771
"8527","07_report/CpG_context_sampling_5386_527_trimmed_bismark_bt2.CpG",1733,1452,281,1733
"8528","07_report/CpG_context_sampling_5386_528_trimmed_bismark_bt2.CpG",1759,1460,299,1759
"8529","07_report/CpG_context_sampling_5386_529_trimmed_bismark_bt2.CpG",1730,1443,287,1730
"8530","07_report/CpG_context_sampling_5386_530_trimmed_bismark_bt2.CpG",1743,1444,299,1743
"8531","07_report/CpG_context_sampling_5386_531_trimmed_bismark_bt2.CpG",1706,1410,296,1706
"8532","07_report/CpG_context_sampling_5386_532_trimmed_bismark_bt2.CpG",1704,1408,296,1704
"8533","07_report/CpG_context_sampling_5386_533_trimmed_bismark_bt2.CpG",1748,1467,281,1748
"8534","07_report/CpG_context_sampling_5386_534_trimmed_bismark_bt2.CpG",1751,1486,265,1751
"8535","07_report/CpG_context_sampling_5386_535_trimmed_bismark_bt2.CpG",1710,1420,290,1710
"8536","07_report/CpG_context_sampling_5386_536_trimmed_bismark_bt2.CpG",1771,1470,301,1771
"8537","07_report/CpG_context_sampling_5386_537_trimmed_bismark_bt2.CpG",1787,1491,296,1787
"8538","07_report/CpG_context_sampling_5386_538_trimmed_bismark_bt2.CpG",1714,1452,262,1714
"8539","07_report/CpG_context_sampling_5386_539_trimmed_bismark_bt2.CpG",1724,1443,281,1724
"8540","07_report/CpG_context_sampling_5386_540_trimmed_bismark_bt2.CpG",1721,1387,334,1721
"8541","07_report/CpG_context_sampling_5386_541_trimmed_bismark_bt2.CpG",1738,1455,283,1738
"8542","07_report/CpG_context_sampling_5386_542_trimmed_bismark_bt2.CpG",1787,1461,326,1787
"8543","07_report/CpG_context_sampling_5386_543_trimmed_bismark_bt2.CpG",1795,1478,317,1795
"8544","07_report/CpG_context_sampling_5386_544_trimmed_bismark_bt2.CpG",1710,1435,275,1710
"8545","07_report/CpG_context_sampling_5386_545_trimmed_bismark_bt2.CpG",1717,1428,289,1717
"8546","07_report/CpG_context_sampling_5386_546_trimmed_bismark_bt2.CpG",1710,1435,275,1710
"8547","07_report/CpG_context_sampling_5386_547_trimmed_bismark_bt2.CpG",1745,1443,302,1745
"8548","07_report/CpG_context_sampling_5386_548_trimmed_bismark_bt2.CpG",1733,1423,310,1733
"8549","07_report/CpG_context_sampling_5386_549_trimmed_bismark_bt2.CpG",1791,1482,309,1791
"8550","07_report/CpG_context_sampling_5386_550_trimmed_bismark_bt2.CpG",1758,1465,293,1758
"8551","07_report/CpG_context_sampling_5386_551_trimmed_bismark_bt2.CpG",1753,1460,293,1753
"8552","07_report/CpG_context_sampling_5386_552_trimmed_bismark_bt2.CpG",1725,1436,289,1725
"8553","07_report/CpG_context_sampling_5386_553_trimmed_bismark_bt2.CpG",1729,1433,296,1729
"8554","07_report/CpG_context_sampling_5386_554_trimmed_bismark_bt2.CpG",1710,1439,271,1710
"8555","07_report/CpG_context_sampling_5386_555_trimmed_bismark_bt2.CpG",1750,1454,296,1750
"8556","07_report/CpG_context_sampling_5386_556_trimmed_bismark_bt2.CpG",1737,1439,298,1737
"8557","07_report/CpG_context_sampling_5386_557_trimmed_bismark_bt2.CpG",1774,1464,310,1774
"8558","07_report/CpG_context_sampling_5386_558_trimmed_bismark_bt2.CpG",1762,1466,296,1762
"8559","07_report/CpG_context_sampling_5386_559_trimmed_bismark_bt2.CpG",1755,1472,283,1755
"8560","07_report/CpG_context_sampling_5386_560_trimmed_bismark_bt2.CpG",1779,1481,298,1779
"8561","07_report/CpG_context_sampling_5386_561_trimmed_bismark_bt2.CpG",1717,1422,295,1717
"8562","07_report/CpG_context_sampling_5386_562_trimmed_bismark_bt2.CpG",1715,1416,299,1715
"8563","07_report/CpG_context_sampling_5386_563_trimmed_bismark_bt2.CpG",1706,1410,296,1706
"8564","07_report/CpG_context_sampling_5386_564_trimmed_bismark_bt2.CpG",1795,1510,285,1795
"8565","07_report/CpG_context_sampling_5386_565_trimmed_bismark_bt2.CpG",1723,1440,283,1723
"8566","07_report/CpG_context_sampling_5386_566_trimmed_bismark_bt2.CpG",1712,1443,269,1712
"8567","07_report/CpG_context_sampling_5386_567_trimmed_bismark_bt2.CpG",1737,1475,262,1737
"8568","07_report/CpG_context_sampling_5386_568_trimmed_bismark_bt2.CpG",1712,1410,302,1712
"8569","07_report/CpG_context_sampling_5386_569_trimmed_bismark_bt2.CpG",1788,1477,311,1788
"8570","07_report/CpG_context_sampling_5386_570_trimmed_bismark_bt2.CpG",1804,1503,301,1804
"8571","07_report/CpG_context_sampling_5386_571_trimmed_bismark_bt2.CpG",1740,1418,322,1740
"8572","07_report/CpG_context_sampling_5386_572_trimmed_bismark_bt2.CpG",1749,1480,269,1749
"8573","07_report/CpG_context_sampling_5386_573_trimmed_bismark_bt2.CpG",1797,1468,329,1797
"8574","07_report/CpG_context_sampling_5386_574_trimmed_bismark_bt2.CpG",1762,1458,304,1762
"8575","07_report/CpG_context_sampling_5386_575_trimmed_bismark_bt2.CpG",1771,1450,321,1771
"8576","07_report/CpG_context_sampling_5386_576_trimmed_bismark_bt2.CpG",1705,1442,263,1705
"8577","07_report/CpG_context_sampling_5386_577_trimmed_bismark_bt2.CpG",1710,1415,295,1710
"8578","07_report/CpG_context_sampling_5386_578_trimmed_bismark_bt2.CpG",1790,1503,287,1790
"8579","07_report/CpG_context_sampling_5386_579_trimmed_bismark_bt2.CpG",1687,1410,277,1687
"8580","07_report/CpG_context_sampling_5386_580_trimmed_bismark_bt2.CpG",1684,1388,296,1684
"8581","07_report/CpG_context_sampling_5386_581_trimmed_bismark_bt2.CpG",1756,1446,310,1756
"8582","07_report/CpG_context_sampling_5386_582_trimmed_bismark_bt2.CpG",1779,1500,279,1779
"8583","07_report/CpG_context_sampling_5386_583_trimmed_bismark_bt2.CpG",1731,1426,305,1731
"8584","07_report/CpG_context_sampling_5386_584_trimmed_bismark_bt2.CpG",1768,1438,330,1768
"8585","07_report/CpG_context_sampling_5386_585_trimmed_bismark_bt2.CpG",1801,1469,332,1801
"8586","07_report/CpG_context_sampling_5386_586_trimmed_bismark_bt2.CpG",1699,1381,318,1699
"8587","07_report/CpG_context_sampling_5386_587_trimmed_bismark_bt2.CpG",1757,1444,313,1757
"8588","07_report/CpG_context_sampling_5386_588_trimmed_bismark_bt2.CpG",1723,1442,281,1723
"8589","07_report/CpG_context_sampling_5386_589_trimmed_bismark_bt2.CpG",1772,1498,274,1772
"8590","07_report/CpG_context_sampling_5386_590_trimmed_bismark_bt2.CpG",1738,1446,292,1738
"8591","07_report/CpG_context_sampling_5386_591_trimmed_bismark_bt2.CpG",1734,1429,305,1734
"8592","07_report/CpG_context_sampling_5386_592_trimmed_bismark_bt2.CpG",1734,1435,299,1734
"8593","07_report/CpG_context_sampling_5386_593_trimmed_bismark_bt2.CpG",1746,1442,304,1746
"8594","07_report/CpG_context_sampling_5386_594_trimmed_bismark_bt2.CpG",1725,1438,287,1725
"8595","07_report/CpG_context_sampling_5386_595_trimmed_bismark_bt2.CpG",1706,1411,295,1706
"8596","07_report/CpG_context_sampling_5386_596_trimmed_bismark_bt2.CpG",1814,1516,298,1814
"8597","07_report/CpG_context_sampling_5386_597_trimmed_bismark_bt2.CpG",1705,1385,320,1705
"8598","07_report/CpG_context_sampling_5386_598_trimmed_bismark_bt2.CpG",1707,1420,287,1707
"8599","07_report/CpG_context_sampling_5386_599_trimmed_bismark_bt2.CpG",1702,1444,258,1702
"8600","07_report/CpG_context_sampling_5386_600_trimmed_bismark_bt2.CpG",1765,1466,299,1765
"8601","07_report/CpG_context_sampling_5386_601_trimmed_bismark_bt2.CpG",1696,1413,283,1696
"8602","07_report/CpG_context_sampling_5386_602_trimmed_bismark_bt2.CpG",1722,1426,296,1722
"8603","07_report/CpG_context_sampling_5386_603_trimmed_bismark_bt2.CpG",1713,1465,248,1713
"8604","07_report/CpG_context_sampling_5386_604_trimmed_bismark_bt2.CpG",1793,1493,300,1793
"8605","07_report/CpG_context_sampling_5386_605_trimmed_bismark_bt2.CpG",1738,1434,304,1738
"8606","07_report/CpG_context_sampling_5386_606_trimmed_bismark_bt2.CpG",1766,1476,290,1766
"8607","07_report/CpG_context_sampling_5386_607_trimmed_bismark_bt2.CpG",1707,1408,299,1707
"8608","07_report/CpG_context_sampling_5386_608_trimmed_bismark_bt2.CpG",1769,1473,296,1769
"8609","07_report/CpG_context_sampling_5386_609_trimmed_bismark_bt2.CpG",1768,1508,260,1768
"8610","07_report/CpG_context_sampling_5386_610_trimmed_bismark_bt2.CpG",1719,1433,286,1719
"8611","07_report/CpG_context_sampling_5386_611_trimmed_bismark_bt2.CpG",1728,1454,274,1728
"8612","07_report/CpG_context_sampling_5386_612_trimmed_bismark_bt2.CpG",1721,1418,303,1721
"8613","07_report/CpG_context_sampling_5386_613_trimmed_bismark_bt2.CpG",1791,1489,302,1791
"8614","07_report/CpG_context_sampling_5386_614_trimmed_bismark_bt2.CpG",1785,1488,297,1785
"8615","07_report/CpG_context_sampling_5386_615_trimmed_bismark_bt2.CpG",1731,1432,299,1731
"8616","07_report/CpG_context_sampling_5386_616_trimmed_bismark_bt2.CpG",1727,1448,279,1727
"8617","07_report/CpG_context_sampling_5386_617_trimmed_bismark_bt2.CpG",1757,1456,301,1757
"8618","07_report/CpG_context_sampling_5386_618_trimmed_bismark_bt2.CpG",1700,1422,278,1700
"8619","07_report/CpG_context_sampling_5386_619_trimmed_bismark_bt2.CpG",1738,1447,291,1738
"8620","07_report/CpG_context_sampling_5386_620_trimmed_bismark_bt2.CpG",1735,1450,285,1735
"8621","07_report/CpG_context_sampling_5386_621_trimmed_bismark_bt2.CpG",1691,1418,273,1691
"8622","07_report/CpG_context_sampling_5386_622_trimmed_bismark_bt2.CpG",1786,1460,326,1786
"8623","07_report/CpG_context_sampling_5386_623_trimmed_bismark_bt2.CpG",1790,1516,274,1790
"8624","07_report/CpG_context_sampling_5386_624_trimmed_bismark_bt2.CpG",1752,1455,297,1752
"8625","07_report/CpG_context_sampling_5386_625_trimmed_bismark_bt2.CpG",1767,1471,296,1767
"8626","07_report/CpG_context_sampling_5386_626_trimmed_bismark_bt2.CpG",1762,1463,299,1762
"8627","07_report/CpG_context_sampling_5386_627_trimmed_bismark_bt2.CpG",1813,1484,329,1813
"8628","07_report/CpG_context_sampling_5386_628_trimmed_bismark_bt2.CpG",1750,1475,275,1750
"8629","07_report/CpG_context_sampling_5386_629_trimmed_bismark_bt2.CpG",1703,1431,272,1703
"8630","07_report/CpG_context_sampling_5386_630_trimmed_bismark_bt2.CpG",1750,1449,301,1750
"8631","07_report/CpG_context_sampling_5386_631_trimmed_bismark_bt2.CpG",1768,1482,286,1768
"8632","07_report/CpG_context_sampling_5386_632_trimmed_bismark_bt2.CpG",1744,1443,301,1744
"8633","07_report/CpG_context_sampling_5386_633_trimmed_bismark_bt2.CpG",1742,1466,276,1742
"8634","07_report/CpG_context_sampling_5386_634_trimmed_bismark_bt2.CpG",1717,1443,274,1717
"8635","07_report/CpG_context_sampling_5386_635_trimmed_bismark_bt2.CpG",1736,1437,299,1736
"8636","07_report/CpG_context_sampling_5386_636_trimmed_bismark_bt2.CpG",1716,1409,307,1716
"8637","07_report/CpG_context_sampling_5386_637_trimmed_bismark_bt2.CpG",1728,1484,244,1728
"8638","07_report/CpG_context_sampling_5386_638_trimmed_bismark_bt2.CpG",1814,1495,319,1814
"8639","07_report/CpG_context_sampling_5386_639_trimmed_bismark_bt2.CpG",1693,1402,291,1693
"8640","07_report/CpG_context_sampling_5386_640_trimmed_bismark_bt2.CpG",1749,1443,306,1749
"8641","07_report/CpG_context_sampling_5386_641_trimmed_bismark_bt2.CpG",1735,1449,286,1735
"8642","07_report/CpG_context_sampling_5386_642_trimmed_bismark_bt2.CpG",1717,1419,298,1717
"8643","07_report/CpG_context_sampling_5386_643_trimmed_bismark_bt2.CpG",1689,1378,311,1689
"8644","07_report/CpG_context_sampling_5386_644_trimmed_bismark_bt2.CpG",1792,1479,313,1792
"8645","07_report/CpG_context_sampling_5386_645_trimmed_bismark_bt2.CpG",1725,1441,284,1725
"8646","07_report/CpG_context_sampling_5386_646_trimmed_bismark_bt2.CpG",1774,1484,290,1774
"8647","07_report/CpG_context_sampling_5386_647_trimmed_bismark_bt2.CpG",1722,1439,283,1722
"8648","07_report/CpG_context_sampling_5386_648_trimmed_bismark_bt2.CpG",1686,1412,274,1686
"8649","07_report/CpG_context_sampling_5386_649_trimmed_bismark_bt2.CpG",1735,1472,263,1735
"8650","07_report/CpG_context_sampling_5386_650_trimmed_bismark_bt2.CpG",1709,1418,291,1709
"8651","07_report/CpG_context_sampling_5386_651_trimmed_bismark_bt2.CpG",1725,1426,299,1725
"8652","07_report/CpG_context_sampling_5386_652_trimmed_bismark_bt2.CpG",1778,1477,301,1778
"8653","07_report/CpG_context_sampling_5386_653_trimmed_bismark_bt2.CpG",1768,1496,272,1768
"8654","07_report/CpG_context_sampling_5386_654_trimmed_bismark_bt2.CpG",1715,1454,261,1715
"8655","07_report/CpG_context_sampling_5386_655_trimmed_bismark_bt2.CpG",1758,1459,299,1758
"8656","07_report/CpG_context_sampling_5386_656_trimmed_bismark_bt2.CpG",1770,1464,306,1770
"8657","07_report/CpG_context_sampling_5386_657_trimmed_bismark_bt2.CpG",1691,1391,300,1691
"8658","07_report/CpG_context_sampling_5386_658_trimmed_bismark_bt2.CpG",1766,1461,305,1766
"8659","07_report/CpG_context_sampling_5386_659_trimmed_bismark_bt2.CpG",1701,1433,268,1701
"8660","07_report/CpG_context_sampling_5386_660_trimmed_bismark_bt2.CpG",1784,1477,307,1784
"8661","07_report/CpG_context_sampling_5386_661_trimmed_bismark_bt2.CpG",1751,1476,275,1751
"8662","07_report/CpG_context_sampling_5386_662_trimmed_bismark_bt2.CpG",1664,1397,267,1664
"8663","07_report/CpG_context_sampling_5386_663_trimmed_bismark_bt2.CpG",1729,1434,295,1729
"8664","07_report/CpG_context_sampling_5386_664_trimmed_bismark_bt2.CpG",1674,1404,270,1674
"8665","07_report/CpG_context_sampling_5386_665_trimmed_bismark_bt2.CpG",1756,1477,279,1756
"8666","07_report/CpG_context_sampling_5386_666_trimmed_bismark_bt2.CpG",1717,1421,296,1717
"8667","07_report/CpG_context_sampling_5386_667_trimmed_bismark_bt2.CpG",1746,1428,318,1746
"8668","07_report/CpG_context_sampling_5386_668_trimmed_bismark_bt2.CpG",1688,1404,284,1688
"8669","07_report/CpG_context_sampling_5386_669_trimmed_bismark_bt2.CpG",1775,1442,333,1775
"8670","07_report/CpG_context_sampling_5386_670_trimmed_bismark_bt2.CpG",1683,1394,289,1683
"8671","07_report/CpG_context_sampling_5386_671_trimmed_bismark_bt2.CpG",1745,1422,323,1745
"8672","07_report/CpG_context_sampling_5386_672_trimmed_bismark_bt2.CpG",1721,1430,291,1721
"8673","07_report/CpG_context_sampling_5386_673_trimmed_bismark_bt2.CpG",1725,1443,282,1725
"8674","07_report/CpG_context_sampling_5386_674_trimmed_bismark_bt2.CpG",1739,1455,284,1739
"8675","07_report/CpG_context_sampling_5386_675_trimmed_bismark_bt2.CpG",1682,1427,255,1682
"8676","07_report/CpG_context_sampling_5386_676_trimmed_bismark_bt2.CpG",1718,1416,302,1718
"8677","07_report/CpG_context_sampling_5386_677_trimmed_bismark_bt2.CpG",1715,1417,298,1715
"8678","07_report/CpG_context_sampling_5386_678_trimmed_bismark_bt2.CpG",1727,1439,288,1727
"8679","07_report/CpG_context_sampling_5386_679_trimmed_bismark_bt2.CpG",1759,1455,304,1759
"8680","07_report/CpG_context_sampling_5386_680_trimmed_bismark_bt2.CpG",1707,1432,275,1707
"8681","07_report/CpG_context_sampling_5386_681_trimmed_bismark_bt2.CpG",1710,1429,281,1710
"8682","07_report/CpG_context_sampling_5386_682_trimmed_bismark_bt2.CpG",1737,1436,301,1737
"8683","07_report/CpG_context_sampling_5386_683_trimmed_bismark_bt2.CpG",1706,1438,268,1706
"8684","07_report/CpG_context_sampling_5386_684_trimmed_bismark_bt2.CpG",1799,1490,309,1799
"8685","07_report/CpG_context_sampling_5386_685_trimmed_bismark_bt2.CpG",1784,1483,301,1784
"8686","07_report/CpG_context_sampling_5386_686_trimmed_bismark_bt2.CpG",1810,1492,318,1810
"8687","07_report/CpG_context_sampling_5386_687_trimmed_bismark_bt2.CpG",1788,1456,332,1788
"8688","07_report/CpG_context_sampling_5386_688_trimmed_bismark_bt2.CpG",1743,1473,270,1743
"8689","07_report/CpG_context_sampling_5386_689_trimmed_bismark_bt2.CpG",1701,1410,291,1701
"8690","07_report/CpG_context_sampling_5386_690_trimmed_bismark_bt2.CpG",1753,1478,275,1753
"8691","07_report/CpG_context_sampling_5386_691_trimmed_bismark_bt2.CpG",1735,1438,297,1735
"8692","07_report/CpG_context_sampling_5386_692_trimmed_bismark_bt2.CpG",1740,1440,300,1740
"8693","07_report/CpG_context_sampling_5386_693_trimmed_bismark_bt2.CpG",1737,1440,297,1737
"8694","07_report/CpG_context_sampling_5386_694_trimmed_bismark_bt2.CpG",1789,1491,298,1789
"8695","07_report/CpG_context_sampling_5386_695_trimmed_bismark_bt2.CpG",1758,1490,268,1758
"8696","07_report/CpG_context_sampling_5386_696_trimmed_bismark_bt2.CpG",1772,1454,318,1772
"8697","07_report/CpG_context_sampling_5386_697_trimmed_bismark_bt2.CpG",1712,1420,292,1712
"8698","07_report/CpG_context_sampling_5386_698_trimmed_bismark_bt2.CpG",1702,1423,279,1702
"8699","07_report/CpG_context_sampling_5386_699_trimmed_bismark_bt2.CpG",1694,1404,290,1694
"8700","07_report/CpG_context_sampling_5386_700_trimmed_bismark_bt2.CpG",1773,1485,288,1773
"8701","07_report/CpG_context_sampling_5386_701_trimmed_bismark_bt2.CpG",1712,1444,268,1712
"8702","07_report/CpG_context_sampling_5386_702_trimmed_bismark_bt2.CpG",1765,1458,307,1765
"8703","07_report/CpG_context_sampling_5386_703_trimmed_bismark_bt2.CpG",1717,1430,287,1717
"8704","07_report/CpG_context_sampling_5386_704_trimmed_bismark_bt2.CpG",1777,1482,295,1777
"8705","07_report/CpG_context_sampling_5386_705_trimmed_bismark_bt2.CpG",1754,1468,286,1754
"8706","07_report/CpG_context_sampling_5386_706_trimmed_bismark_bt2.CpG",1748,1429,319,1748
"8707","07_report/CpG_context_sampling_5386_707_trimmed_bismark_bt2.CpG",1740,1443,297,1740
"8708","07_report/CpG_context_sampling_5386_708_trimmed_bismark_bt2.CpG",1717,1419,298,1717
"8709","07_report/CpG_context_sampling_5386_709_trimmed_bismark_bt2.CpG",1741,1450,291,1741
"8710","07_report/CpG_context_sampling_5386_710_trimmed_bismark_bt2.CpG",1659,1369,290,1659
"8711","07_report/CpG_context_sampling_5386_711_trimmed_bismark_bt2.CpG",1732,1446,286,1732
"8712","07_report/CpG_context_sampling_5386_712_trimmed_bismark_bt2.CpG",1722,1460,262,1722
"8713","07_report/CpG_context_sampling_5386_713_trimmed_bismark_bt2.CpG",1712,1405,307,1712
"8714","07_report/CpG_context_sampling_5386_714_trimmed_bismark_bt2.CpG",1765,1490,275,1765
"8715","07_report/CpG_context_sampling_5386_715_trimmed_bismark_bt2.CpG",1731,1439,292,1731
"8716","07_report/CpG_context_sampling_5386_716_trimmed_bismark_bt2.CpG",1757,1455,302,1757
"8717","07_report/CpG_context_sampling_5386_717_trimmed_bismark_bt2.CpG",1717,1452,265,1717
"8718","07_report/CpG_context_sampling_5386_718_trimmed_bismark_bt2.CpG",1761,1482,279,1761
"8719","07_report/CpG_context_sampling_5386_719_trimmed_bismark_bt2.CpG",1751,1473,278,1751
"8720","07_report/CpG_context_sampling_5386_720_trimmed_bismark_bt2.CpG",1787,1462,325,1787
"8721","07_report/CpG_context_sampling_5386_721_trimmed_bismark_bt2.CpG",1807,1509,298,1807
"8722","07_report/CpG_context_sampling_5386_722_trimmed_bismark_bt2.CpG",1687,1396,291,1687
"8723","07_report/CpG_context_sampling_5386_723_trimmed_bismark_bt2.CpG",1735,1432,303,1735
"8724","07_report/CpG_context_sampling_5386_724_trimmed_bismark_bt2.CpG",1764,1463,301,1764
"8725","07_report/CpG_context_sampling_5386_725_trimmed_bismark_bt2.CpG",1758,1446,312,1758
"8726","07_report/CpG_context_sampling_5386_726_trimmed_bismark_bt2.CpG",1731,1431,300,1731
"8727","07_report/CpG_context_sampling_5386_727_trimmed_bismark_bt2.CpG",1772,1465,307,1772
"8728","07_report/CpG_context_sampling_5386_728_trimmed_bismark_bt2.CpG",1718,1379,339,1718
"8729","07_report/CpG_context_sampling_5386_729_trimmed_bismark_bt2.CpG",1742,1456,286,1742
"8730","07_report/CpG_context_sampling_5386_730_trimmed_bismark_bt2.CpG",1731,1455,276,1731
"8731","07_report/CpG_context_sampling_5386_731_trimmed_bismark_bt2.CpG",1776,1471,305,1776
"8732","07_report/CpG_context_sampling_5386_732_trimmed_bismark_bt2.CpG",1776,1447,329,1776
"8733","07_report/CpG_context_sampling_5386_733_trimmed_bismark_bt2.CpG",1682,1408,274,1682
"8734","07_report/CpG_context_sampling_5386_734_trimmed_bismark_bt2.CpG",1756,1452,304,1756
"8735","07_report/CpG_context_sampling_5386_735_trimmed_bismark_bt2.CpG",1695,1399,296,1695
"8736","07_report/CpG_context_sampling_5386_736_trimmed_bismark_bt2.CpG",1747,1468,279,1747
"8737","07_report/CpG_context_sampling_5386_737_trimmed_bismark_bt2.CpG",1710,1435,275,1710
"8738","07_report/CpG_context_sampling_5386_738_trimmed_bismark_bt2.CpG",1719,1403,316,1719
"8739","07_report/CpG_context_sampling_5386_739_trimmed_bismark_bt2.CpG",1740,1472,268,1740
"8740","07_report/CpG_context_sampling_5386_740_trimmed_bismark_bt2.CpG",1764,1482,282,1764
"8741","07_report/CpG_context_sampling_5386_741_trimmed_bismark_bt2.CpG",1707,1437,270,1707
"8742","07_report/CpG_context_sampling_5386_742_trimmed_bismark_bt2.CpG",1713,1439,274,1713
"8743","07_report/CpG_context_sampling_5386_743_trimmed_bismark_bt2.CpG",1715,1421,294,1715
"8744","07_report/CpG_context_sampling_5386_744_trimmed_bismark_bt2.CpG",1732,1477,255,1732
"8745","07_report/CpG_context_sampling_5386_745_trimmed_bismark_bt2.CpG",1713,1430,283,1713
"8746","07_report/CpG_context_sampling_5386_746_trimmed_bismark_bt2.CpG",1796,1499,297,1796
"8747","07_report/CpG_context_sampling_5386_747_trimmed_bismark_bt2.CpG",1690,1392,298,1690
"8748","07_report/CpG_context_sampling_5386_748_trimmed_bismark_bt2.CpG",1693,1409,284,1693
"8749","07_report/CpG_context_sampling_5386_749_trimmed_bismark_bt2.CpG",1721,1412,309,1721
"8750","07_report/CpG_context_sampling_5386_750_trimmed_bismark_bt2.CpG",1725,1414,311,1725
"8751","07_report/CpG_context_sampling_5386_751_trimmed_bismark_bt2.CpG",1776,1472,304,1776
"8752","07_report/CpG_context_sampling_5386_752_trimmed_bismark_bt2.CpG",1730,1440,290,1730
"8753","07_report/CpG_context_sampling_5386_753_trimmed_bismark_bt2.CpG",1747,1431,316,1747
"8754","07_report/CpG_context_sampling_5386_754_trimmed_bismark_bt2.CpG",1781,1471,310,1781
"8755","07_report/CpG_context_sampling_5386_755_trimmed_bismark_bt2.CpG",1713,1412,301,1713
"8756","07_report/CpG_context_sampling_5386_756_trimmed_bismark_bt2.CpG",1718,1441,277,1718
"8757","07_report/CpG_context_sampling_5386_757_trimmed_bismark_bt2.CpG",1789,1470,319,1789
"8758","07_report/CpG_context_sampling_5386_758_trimmed_bismark_bt2.CpG",1715,1417,298,1715
"8759","07_report/CpG_context_sampling_5386_759_trimmed_bismark_bt2.CpG",1713,1446,267,1713
"8760","07_report/CpG_context_sampling_5386_760_trimmed_bismark_bt2.CpG",1725,1447,278,1725
"8761","07_report/CpG_context_sampling_5386_761_trimmed_bismark_bt2.CpG",1727,1461,266,1727
"8762","07_report/CpG_context_sampling_5386_762_trimmed_bismark_bt2.CpG",1764,1426,338,1764
"8763","07_report/CpG_context_sampling_5386_763_trimmed_bismark_bt2.CpG",1776,1479,297,1776
"8764","07_report/CpG_context_sampling_5386_764_trimmed_bismark_bt2.CpG",1759,1456,303,1759
"8765","07_report/CpG_context_sampling_5386_765_trimmed_bismark_bt2.CpG",1783,1480,303,1783
"8766","07_report/CpG_context_sampling_5386_766_trimmed_bismark_bt2.CpG",1787,1482,305,1787
"8767","07_report/CpG_context_sampling_5386_767_trimmed_bismark_bt2.CpG",1728,1419,309,1728
"8768","07_report/CpG_context_sampling_5386_768_trimmed_bismark_bt2.CpG",1779,1509,270,1779
"8769","07_report/CpG_context_sampling_5386_769_trimmed_bismark_bt2.CpG",1727,1410,317,1727
"8770","07_report/CpG_context_sampling_5386_770_trimmed_bismark_bt2.CpG",1725,1446,279,1725
"8771","07_report/CpG_context_sampling_5386_771_trimmed_bismark_bt2.CpG",1803,1508,295,1803
"8772","07_report/CpG_context_sampling_5386_772_trimmed_bismark_bt2.CpG",1774,1476,298,1774
"8773","07_report/CpG_context_sampling_5386_773_trimmed_bismark_bt2.CpG",1740,1428,312,1740
"8774","07_report/CpG_context_sampling_5386_774_trimmed_bismark_bt2.CpG",1762,1425,337,1762
"8775","07_report/CpG_context_sampling_5386_775_trimmed_bismark_bt2.CpG",1741,1437,304,1741
"8776","07_report/CpG_context_sampling_5386_776_trimmed_bismark_bt2.CpG",1724,1443,281,1724
"8777","07_report/CpG_context_sampling_5386_777_trimmed_bismark_bt2.CpG",1745,1481,264,1745
"8778","07_report/CpG_context_sampling_5386_778_trimmed_bismark_bt2.CpG",1790,1502,288,1790
"8779","07_report/CpG_context_sampling_5386_779_trimmed_bismark_bt2.CpG",1684,1395,289,1684
"8780","07_report/CpG_context_sampling_5386_780_trimmed_bismark_bt2.CpG",1691,1418,273,1691
"8781","07_report/CpG_context_sampling_5386_781_trimmed_bismark_bt2.CpG",1708,1432,276,1708
"8782","07_report/CpG_context_sampling_5386_782_trimmed_bismark_bt2.CpG",1716,1443,273,1716
"8783","07_report/CpG_context_sampling_5386_783_trimmed_bismark_bt2.CpG",1779,1487,292,1779
"8784","07_report/CpG_context_sampling_5386_784_trimmed_bismark_bt2.CpG",1723,1391,332,1723
"8785","07_report/CpG_context_sampling_5386_785_trimmed_bismark_bt2.CpG",1703,1398,305,1703
"8786","07_report/CpG_context_sampling_5386_786_trimmed_bismark_bt2.CpG",1709,1420,289,1709
"8787","07_report/CpG_context_sampling_5386_787_trimmed_bismark_bt2.CpG",1691,1399,292,1691
"8788","07_report/CpG_context_sampling_5386_788_trimmed_bismark_bt2.CpG",1707,1404,303,1707
"8789","07_report/CpG_context_sampling_5386_789_trimmed_bismark_bt2.CpG",1739,1458,281,1739
"8790","07_report/CpG_context_sampling_5386_790_trimmed_bismark_bt2.CpG",1728,1417,311,1728
"8791","07_report/CpG_context_sampling_5386_791_trimmed_bismark_bt2.CpG",1723,1441,282,1723
"8792","07_report/CpG_context_sampling_5386_792_trimmed_bismark_bt2.CpG",1702,1412,290,1702
"8793","07_report/CpG_context_sampling_5386_793_trimmed_bismark_bt2.CpG",1760,1434,326,1760
"8794","07_report/CpG_context_sampling_5386_794_trimmed_bismark_bt2.CpG",1672,1420,252,1672
"8795","07_report/CpG_context_sampling_5386_795_trimmed_bismark_bt2.CpG",1693,1421,272,1693
"8796","07_report/CpG_context_sampling_5386_796_trimmed_bismark_bt2.CpG",1696,1409,287,1696
"8797","07_report/CpG_context_sampling_5386_797_trimmed_bismark_bt2.CpG",1763,1474,289,1763
"8798","07_report/CpG_context_sampling_5386_798_trimmed_bismark_bt2.CpG",1768,1487,281,1768
"8799","07_report/CpG_context_sampling_5386_799_trimmed_bismark_bt2.CpG",1682,1371,311,1682
"8800","07_report/CpG_context_sampling_5386_800_trimmed_bismark_bt2.CpG",1745,1460,285,1745
"8801","07_report/CpG_context_sampling_5386_801_trimmed_bismark_bt2.CpG",1736,1435,301,1736
"8802","07_report/CpG_context_sampling_5386_802_trimmed_bismark_bt2.CpG",1706,1427,279,1706
"8803","07_report/CpG_context_sampling_5386_803_trimmed_bismark_bt2.CpG",1751,1452,299,1751
"8804","07_report/CpG_context_sampling_5386_804_trimmed_bismark_bt2.CpG",1705,1421,284,1705
"8805","07_report/CpG_context_sampling_5386_805_trimmed_bismark_bt2.CpG",1749,1461,288,1749
"8806","07_report/CpG_context_sampling_5386_806_trimmed_bismark_bt2.CpG",1727,1439,288,1727
"8807","07_report/CpG_context_sampling_5386_807_trimmed_bismark_bt2.CpG",1764,1462,302,1764
"8808","07_report/CpG_context_sampling_5386_808_trimmed_bismark_bt2.CpG",1706,1422,284,1706
"8809","07_report/CpG_context_sampling_5386_809_trimmed_bismark_bt2.CpG",1764,1488,276,1764
"8810","07_report/CpG_context_sampling_5386_810_trimmed_bismark_bt2.CpG",1751,1451,300,1751
"8811","07_report/CpG_context_sampling_5386_811_trimmed_bismark_bt2.CpG",1765,1463,302,1765
"8812","07_report/CpG_context_sampling_5386_812_trimmed_bismark_bt2.CpG",1668,1389,279,1668
"8813","07_report/CpG_context_sampling_5386_813_trimmed_bismark_bt2.CpG",1764,1461,303,1764
"8814","07_report/CpG_context_sampling_5386_814_trimmed_bismark_bt2.CpG",1789,1510,279,1789
"8815","07_report/CpG_context_sampling_5386_815_trimmed_bismark_bt2.CpG",1754,1449,305,1754
"8816","07_report/CpG_context_sampling_5386_816_trimmed_bismark_bt2.CpG",1774,1476,298,1774
"8817","07_report/CpG_context_sampling_5386_817_trimmed_bismark_bt2.CpG",1736,1467,269,1736
"8818","07_report/CpG_context_sampling_5386_818_trimmed_bismark_bt2.CpG",1753,1493,260,1753
"8819","07_report/CpG_context_sampling_5386_819_trimmed_bismark_bt2.CpG",1799,1508,291,1799
"8820","07_report/CpG_context_sampling_5386_820_trimmed_bismark_bt2.CpG",1784,1489,295,1784
"8821","07_report/CpG_context_sampling_5386_821_trimmed_bismark_bt2.CpG",1733,1412,321,1733
"8822","07_report/CpG_context_sampling_5386_822_trimmed_bismark_bt2.CpG",1716,1462,254,1716
"8823","07_report/CpG_context_sampling_5386_823_trimmed_bismark_bt2.CpG",1733,1421,312,1733
"8824","07_report/CpG_context_sampling_5386_824_trimmed_bismark_bt2.CpG",1791,1536,255,1791
"8825","07_report/CpG_context_sampling_5386_825_trimmed_bismark_bt2.CpG",1770,1471,299,1770
"8826","07_report/CpG_context_sampling_5386_826_trimmed_bismark_bt2.CpG",1679,1407,272,1679
"8827","07_report/CpG_context_sampling_5386_827_trimmed_bismark_bt2.CpG",1724,1451,273,1724
"8828","07_report/CpG_context_sampling_5386_828_trimmed_bismark_bt2.CpG",1726,1441,285,1726
"8829","07_report/CpG_context_sampling_5386_829_trimmed_bismark_bt2.CpG",1701,1410,291,1701
"8830","07_report/CpG_context_sampling_5386_830_trimmed_bismark_bt2.CpG",1768,1500,268,1768
"8831","07_report/CpG_context_sampling_5386_831_trimmed_bismark_bt2.CpG",1655,1376,279,1655
"8832","07_report/CpG_context_sampling_5386_832_trimmed_bismark_bt2.CpG",1745,1476,269,1745
"8833","07_report/CpG_context_sampling_5386_833_trimmed_bismark_bt2.CpG",1734,1439,295,1734
"8834","07_report/CpG_context_sampling_5386_834_trimmed_bismark_bt2.CpG",1780,1500,280,1780
"8835","07_report/CpG_context_sampling_5386_835_trimmed_bismark_bt2.CpG",1754,1459,295,1754
"8836","07_report/CpG_context_sampling_5386_836_trimmed_bismark_bt2.CpG",1659,1351,308,1659
"8837","07_report/CpG_context_sampling_5386_837_trimmed_bismark_bt2.CpG",1749,1468,281,1749
"8838","07_report/CpG_context_sampling_5386_838_trimmed_bismark_bt2.CpG",1810,1483,327,1810
"8839","07_report/CpG_context_sampling_5386_839_trimmed_bismark_bt2.CpG",1698,1402,296,1698
"8840","07_report/CpG_context_sampling_5386_840_trimmed_bismark_bt2.CpG",1700,1420,280,1700
"8841","07_report/CpG_context_sampling_5386_841_trimmed_bismark_bt2.CpG",1764,1446,318,1764
"8842","07_report/CpG_context_sampling_5386_842_trimmed_bismark_bt2.CpG",1720,1446,274,1720
"8843","07_report/CpG_context_sampling_5386_843_trimmed_bismark_bt2.CpG",1713,1432,281,1713
"8844","07_report/CpG_context_sampling_5386_844_trimmed_bismark_bt2.CpG",1787,1462,325,1787
"8845","07_report/CpG_context_sampling_5386_845_trimmed_bismark_bt2.CpG",1714,1413,301,1714
"8846","07_report/CpG_context_sampling_5386_846_trimmed_bismark_bt2.CpG",1733,1433,300,1733
"8847","07_report/CpG_context_sampling_5386_847_trimmed_bismark_bt2.CpG",1710,1416,294,1710
"8848","07_report/CpG_context_sampling_5386_848_trimmed_bismark_bt2.CpG",1734,1453,281,1734
"8849","07_report/CpG_context_sampling_5386_849_trimmed_bismark_bt2.CpG",1754,1452,302,1754
"8850","07_report/CpG_context_sampling_5386_850_trimmed_bismark_bt2.CpG",1710,1438,272,1710
"8851","07_report/CpG_context_sampling_5386_851_trimmed_bismark_bt2.CpG",1729,1440,289,1729
"8852","07_report/CpG_context_sampling_5386_852_trimmed_bismark_bt2.CpG",1679,1398,281,1679
"8853","07_report/CpG_context_sampling_5386_853_trimmed_bismark_bt2.CpG",1693,1401,292,1693
"8854","07_report/CpG_context_sampling_5386_854_trimmed_bismark_bt2.CpG",1714,1420,294,1714
"8855","07_report/CpG_context_sampling_5386_855_trimmed_bismark_bt2.CpG",1735,1450,285,1735
"8856","07_report/CpG_context_sampling_5386_856_trimmed_bismark_bt2.CpG",1745,1463,282,1745
"8857","07_report/CpG_context_sampling_5386_857_trimmed_bismark_bt2.CpG",1729,1438,291,1729
"8858","07_report/CpG_context_sampling_5386_858_trimmed_bismark_bt2.CpG",1702,1402,300,1702
"8859","07_report/CpG_context_sampling_5386_859_trimmed_bismark_bt2.CpG",1757,1458,299,1757
"8860","07_report/CpG_context_sampling_5386_860_trimmed_bismark_bt2.CpG",1755,1451,304,1755
"8861","07_report/CpG_context_sampling_5386_861_trimmed_bismark_bt2.CpG",1705,1418,287,1705
"8862","07_report/CpG_context_sampling_5386_862_trimmed_bismark_bt2.CpG",1717,1423,294,1717
"8863","07_report/CpG_context_sampling_5386_863_trimmed_bismark_bt2.CpG",1740,1426,314,1740
"8864","07_report/CpG_context_sampling_5386_864_trimmed_bismark_bt2.CpG",1794,1488,306,1794
"8865","07_report/CpG_context_sampling_5386_865_trimmed_bismark_bt2.CpG",1713,1431,282,1713
"8866","07_report/CpG_context_sampling_5386_866_trimmed_bismark_bt2.CpG",1692,1426,266,1692
"8867","07_report/CpG_context_sampling_5386_867_trimmed_bismark_bt2.CpG",1748,1465,283,1748
"8868","07_report/CpG_context_sampling_5386_868_trimmed_bismark_bt2.CpG",1772,1503,269,1772
"8869","07_report/CpG_context_sampling_5386_869_trimmed_bismark_bt2.CpG",1776,1480,296,1776
"8870","07_report/CpG_context_sampling_5386_870_trimmed_bismark_bt2.CpG",1680,1382,298,1680
"8871","07_report/CpG_context_sampling_5386_871_trimmed_bismark_bt2.CpG",1759,1489,270,1759
"8872","07_report/CpG_context_sampling_5386_872_trimmed_bismark_bt2.CpG",1828,1490,338,1828
"8873","07_report/CpG_context_sampling_5386_873_trimmed_bismark_bt2.CpG",1736,1476,260,1736
"8874","07_report/CpG_context_sampling_5386_874_trimmed_bismark_bt2.CpG",1740,1448,292,1740
"8875","07_report/CpG_context_sampling_5386_875_trimmed_bismark_bt2.CpG",1727,1457,270,1727
"8876","07_report/CpG_context_sampling_5386_876_trimmed_bismark_bt2.CpG",1718,1449,269,1718
"8877","07_report/CpG_context_sampling_5386_877_trimmed_bismark_bt2.CpG",1726,1429,297,1726
"8878","07_report/CpG_context_sampling_5386_878_trimmed_bismark_bt2.CpG",1770,1477,293,1770
"8879","07_report/CpG_context_sampling_5386_879_trimmed_bismark_bt2.CpG",1721,1426,295,1721
"8880","07_report/CpG_context_sampling_5386_880_trimmed_bismark_bt2.CpG",1742,1487,255,1742
"8881","07_report/CpG_context_sampling_5386_881_trimmed_bismark_bt2.CpG",1785,1463,322,1785
"8882","07_report/CpG_context_sampling_5386_882_trimmed_bismark_bt2.CpG",1753,1483,270,1753
"8883","07_report/CpG_context_sampling_5386_883_trimmed_bismark_bt2.CpG",1784,1499,285,1784
"8884","07_report/CpG_context_sampling_5386_884_trimmed_bismark_bt2.CpG",1719,1436,283,1719
"8885","07_report/CpG_context_sampling_5386_885_trimmed_bismark_bt2.CpG",1792,1500,292,1792
"8886","07_report/CpG_context_sampling_5386_886_trimmed_bismark_bt2.CpG",1736,1430,306,1736
"8887","07_report/CpG_context_sampling_5386_887_trimmed_bismark_bt2.CpG",1781,1480,301,1781
"8888","07_report/CpG_context_sampling_5386_888_trimmed_bismark_bt2.CpG",1732,1452,280,1732
"8889","07_report/CpG_context_sampling_5386_889_trimmed_bismark_bt2.CpG",1679,1421,258,1679
"8890","07_report/CpG_context_sampling_5386_890_trimmed_bismark_bt2.CpG",1736,1440,296,1736
"8891","07_report/CpG_context_sampling_5386_891_trimmed_bismark_bt2.CpG",1729,1433,296,1729
"8892","07_report/CpG_context_sampling_5386_892_trimmed_bismark_bt2.CpG",1795,1500,295,1795
"8893","07_report/CpG_context_sampling_5386_893_trimmed_bismark_bt2.CpG",1704,1427,277,1704
"8894","07_report/CpG_context_sampling_5386_894_trimmed_bismark_bt2.CpG",1757,1454,303,1757
"8895","07_report/CpG_context_sampling_5386_895_trimmed_bismark_bt2.CpG",1749,1438,311,1749
"8896","07_report/CpG_context_sampling_5386_896_trimmed_bismark_bt2.CpG",1749,1459,290,1749
"8897","07_report/CpG_context_sampling_5386_897_trimmed_bismark_bt2.CpG",1700,1418,282,1700
"8898","07_report/CpG_context_sampling_5386_898_trimmed_bismark_bt2.CpG",1772,1477,295,1772
"8899","07_report/CpG_context_sampling_5386_899_trimmed_bismark_bt2.CpG",1732,1424,308,1732
"8900","07_report/CpG_context_sampling_5386_900_trimmed_bismark_bt2.CpG",1745,1480,265,1745
"8901","07_report/CpG_context_sampling_5386_901_trimmed_bismark_bt2.CpG",1713,1422,291,1713
"8902","07_report/CpG_context_sampling_5386_902_trimmed_bismark_bt2.CpG",1750,1451,299,1750
"8903","07_report/CpG_context_sampling_5386_903_trimmed_bismark_bt2.CpG",1775,1468,307,1775
"8904","07_report/CpG_context_sampling_5386_904_trimmed_bismark_bt2.CpG",1779,1480,299,1779
"8905","07_report/CpG_context_sampling_5386_905_trimmed_bismark_bt2.CpG",1740,1432,308,1740
"8906","07_report/CpG_context_sampling_5386_906_trimmed_bismark_bt2.CpG",1701,1433,268,1701
"8907","07_report/CpG_context_sampling_5386_907_trimmed_bismark_bt2.CpG",1761,1479,282,1761
"8908","07_report/CpG_context_sampling_5386_908_trimmed_bismark_bt2.CpG",1688,1359,329,1688
"8909","07_report/CpG_context_sampling_5386_909_trimmed_bismark_bt2.CpG",1743,1470,273,1743
"8910","07_report/CpG_context_sampling_5386_910_trimmed_bismark_bt2.CpG",1754,1460,294,1754
"8911","07_report/CpG_context_sampling_5386_911_trimmed_bismark_bt2.CpG",1748,1426,322,1748
"8912","07_report/CpG_context_sampling_5386_912_trimmed_bismark_bt2.CpG",1742,1469,273,1742
"8913","07_report/CpG_context_sampling_5386_913_trimmed_bismark_bt2.CpG",1721,1422,299,1721
"8914","07_report/CpG_context_sampling_5386_914_trimmed_bismark_bt2.CpG",1722,1423,299,1722
"8915","07_report/CpG_context_sampling_5386_915_trimmed_bismark_bt2.CpG",1746,1448,298,1746
"8916","07_report/CpG_context_sampling_5386_916_trimmed_bismark_bt2.CpG",1750,1459,291,1750
"8917","07_report/CpG_context_sampling_5386_917_trimmed_bismark_bt2.CpG",1744,1460,284,1744
"8918","07_report/CpG_context_sampling_5386_918_trimmed_bismark_bt2.CpG",1773,1494,279,1773
"8919","07_report/CpG_context_sampling_5386_919_trimmed_bismark_bt2.CpG",1789,1490,299,1789
"8920","07_report/CpG_context_sampling_5386_920_trimmed_bismark_bt2.CpG",1681,1379,302,1681
"8921","07_report/CpG_context_sampling_5386_921_trimmed_bismark_bt2.CpG",1679,1392,287,1679
"8922","07_report/CpG_context_sampling_5386_922_trimmed_bismark_bt2.CpG",1842,1518,324,1842
"8923","07_report/CpG_context_sampling_5386_923_trimmed_bismark_bt2.CpG",1789,1493,296,1789
"8924","07_report/CpG_context_sampling_5386_924_trimmed_bismark_bt2.CpG",1711,1424,287,1711
"8925","07_report/CpG_context_sampling_5386_925_trimmed_bismark_bt2.CpG",1707,1413,294,1707
"8926","07_report/CpG_context_sampling_5386_926_trimmed_bismark_bt2.CpG",1716,1403,313,1716
"8927","07_report/CpG_context_sampling_5386_927_trimmed_bismark_bt2.CpG",1727,1444,283,1727
"8928","07_report/CpG_context_sampling_5386_928_trimmed_bismark_bt2.CpG",1744,1445,299,1744
"8929","07_report/CpG_context_sampling_5386_929_trimmed_bismark_bt2.CpG",1802,1507,295,1802
"8930","07_report/CpG_context_sampling_5386_930_trimmed_bismark_bt2.CpG",1790,1471,319,1790
"8931","07_report/CpG_context_sampling_5386_931_trimmed_bismark_bt2.CpG",1773,1461,312,1773
"8932","07_report/CpG_context_sampling_5386_932_trimmed_bismark_bt2.CpG",1722,1444,278,1722
"8933","07_report/CpG_context_sampling_5386_933_trimmed_bismark_bt2.CpG",1753,1478,275,1753
"8934","07_report/CpG_context_sampling_5386_934_trimmed_bismark_bt2.CpG",1752,1450,302,1752
"8935","07_report/CpG_context_sampling_5386_935_trimmed_bismark_bt2.CpG",1702,1449,253,1702
"8936","07_report/CpG_context_sampling_5386_936_trimmed_bismark_bt2.CpG",1731,1469,262,1731
"8937","07_report/CpG_context_sampling_5386_937_trimmed_bismark_bt2.CpG",1718,1427,291,1718
"8938","07_report/CpG_context_sampling_5386_938_trimmed_bismark_bt2.CpG",1745,1480,265,1745
"8939","07_report/CpG_context_sampling_5386_939_trimmed_bismark_bt2.CpG",1786,1444,342,1786
"8940","07_report/CpG_context_sampling_5386_940_trimmed_bismark_bt2.CpG",1761,1439,322,1761
"8941","07_report/CpG_context_sampling_5386_941_trimmed_bismark_bt2.CpG",1736,1430,306,1736
"8942","07_report/CpG_context_sampling_5386_942_trimmed_bismark_bt2.CpG",1736,1448,288,1736
"8943","07_report/CpG_context_sampling_5386_943_trimmed_bismark_bt2.CpG",1732,1432,300,1732
"8944","07_report/CpG_context_sampling_5386_944_trimmed_bismark_bt2.CpG",1696,1424,272,1696
"8945","07_report/CpG_context_sampling_5386_945_trimmed_bismark_bt2.CpG",1758,1445,313,1758
"8946","07_report/CpG_context_sampling_5386_946_trimmed_bismark_bt2.CpG",1731,1455,276,1731
"8947","07_report/CpG_context_sampling_5386_947_trimmed_bismark_bt2.CpG",1762,1487,275,1762
"8948","07_report/CpG_context_sampling_5386_948_trimmed_bismark_bt2.CpG",1753,1478,275,1753
"8949","07_report/CpG_context_sampling_5386_949_trimmed_bismark_bt2.CpG",1726,1449,277,1726
"8950","07_report/CpG_context_sampling_5386_950_trimmed_bismark_bt2.CpG",1738,1472,266,1738
"8951","07_report/CpG_context_sampling_5386_951_trimmed_bismark_bt2.CpG",1720,1400,320,1720
"8952","07_report/CpG_context_sampling_5386_952_trimmed_bismark_bt2.CpG",1734,1400,334,1734
"8953","07_report/CpG_context_sampling_5386_953_trimmed_bismark_bt2.CpG",1753,1463,290,1753
"8954","07_report/CpG_context_sampling_5386_954_trimmed_bismark_bt2.CpG",1745,1443,302,1745
"8955","07_report/CpG_context_sampling_5386_955_trimmed_bismark_bt2.CpG",1724,1441,283,1724
"8956","07_report/CpG_context_sampling_5386_956_trimmed_bismark_bt2.CpG",1693,1400,293,1693
"8957","07_report/CpG_context_sampling_5386_957_trimmed_bismark_bt2.CpG",1753,1460,293,1753
"8958","07_report/CpG_context_sampling_5386_958_trimmed_bismark_bt2.CpG",1742,1457,285,1742
"8959","07_report/CpG_context_sampling_5386_959_trimmed_bismark_bt2.CpG",1732,1448,284,1732
"8960","07_report/CpG_context_sampling_5386_960_trimmed_bismark_bt2.CpG",1724,1412,312,1724
"8961","07_report/CpG_context_sampling_5386_961_trimmed_bismark_bt2.CpG",1720,1431,289,1720
"8962","07_report/CpG_context_sampling_5386_962_trimmed_bismark_bt2.CpG",1758,1488,270,1758
"8963","07_report/CpG_context_sampling_5386_963_trimmed_bismark_bt2.CpG",1741,1448,293,1741
"8964","07_report/CpG_context_sampling_5386_964_trimmed_bismark_bt2.CpG",1758,1447,311,1758
"8965","07_report/CpG_context_sampling_5386_965_trimmed_bismark_bt2.CpG",1800,1490,310,1800
"8966","07_report/CpG_context_sampling_5386_966_trimmed_bismark_bt2.CpG",1711,1434,277,1711
"8967","07_report/CpG_context_sampling_5386_967_trimmed_bismark_bt2.CpG",1745,1453,292,1745
"8968","07_report/CpG_context_sampling_5386_968_trimmed_bismark_bt2.CpG",1706,1406,300,1706
"8969","07_report/CpG_context_sampling_5386_969_trimmed_bismark_bt2.CpG",1726,1400,326,1726
"8970","07_report/CpG_context_sampling_5386_970_trimmed_bismark_bt2.CpG",1670,1393,277,1670
"8971","07_report/CpG_context_sampling_5386_971_trimmed_bismark_bt2.CpG",1820,1529,291,1820
"8972","07_report/CpG_context_sampling_5386_972_trimmed_bismark_bt2.CpG",1772,1472,300,1772
"8973","07_report/CpG_context_sampling_5386_973_trimmed_bismark_bt2.CpG",1763,1476,287,1763
"8974","07_report/CpG_context_sampling_5386_974_trimmed_bismark_bt2.CpG",1737,1445,292,1737
"8975","07_report/CpG_context_sampling_5386_975_trimmed_bismark_bt2.CpG",1783,1501,282,1783
"8976","07_report/CpG_context_sampling_5386_976_trimmed_bismark_bt2.CpG",1738,1458,280,1738
"8977","07_report/CpG_context_sampling_5386_977_trimmed_bismark_bt2.CpG",1735,1427,308,1735
"8978","07_report/CpG_context_sampling_5386_978_trimmed_bismark_bt2.CpG",1759,1434,325,1759
"8979","07_report/CpG_context_sampling_5386_979_trimmed_bismark_bt2.CpG",1742,1458,284,1742
"8980","07_report/CpG_context_sampling_5386_980_trimmed_bismark_bt2.CpG",1790,1500,290,1790
"8981","07_report/CpG_context_sampling_5386_981_trimmed_bismark_bt2.CpG",1754,1477,277,1754
"8982","07_report/CpG_context_sampling_5386_982_trimmed_bismark_bt2.CpG",1691,1408,283,1691
"8983","07_report/CpG_context_sampling_5386_983_trimmed_bismark_bt2.CpG",1739,1451,288,1739
"8984","07_report/CpG_context_sampling_5386_984_trimmed_bismark_bt2.CpG",1713,1440,273,1713
"8985","07_report/CpG_context_sampling_5386_985_trimmed_bismark_bt2.CpG",1708,1387,321,1708
"8986","07_report/CpG_context_sampling_5386_986_trimmed_bismark_bt2.CpG",1763,1450,313,1763
"8987","07_report/CpG_context_sampling_5386_987_trimmed_bismark_bt2.CpG",1684,1371,313,1684
"8988","07_report/CpG_context_sampling_5386_988_trimmed_bismark_bt2.CpG",1751,1484,267,1751
"8989","07_report/CpG_context_sampling_5386_989_trimmed_bismark_bt2.CpG",1767,1484,283,1767
"8990","07_report/CpG_context_sampling_5386_990_trimmed_bismark_bt2.CpG",1751,1461,290,1751
"8991","07_report/CpG_context_sampling_5386_991_trimmed_bismark_bt2.CpG",1730,1462,268,1730
"8992","07_report/CpG_context_sampling_5386_992_trimmed_bismark_bt2.CpG",1783,1461,322,1783
"8993","07_report/CpG_context_sampling_5386_993_trimmed_bismark_bt2.CpG",1740,1456,284,1740
"8994","07_report/CpG_context_sampling_5386_994_trimmed_bismark_bt2.CpG",1759,1487,272,1759
"8995","07_report/CpG_context_sampling_5386_995_trimmed_bismark_bt2.CpG",1770,1462,308,1770
"8996","07_report/CpG_context_sampling_5386_996_trimmed_bismark_bt2.CpG",1760,1457,303,1760
"8997","07_report/CpG_context_sampling_5386_997_trimmed_bismark_bt2.CpG",1728,1437,291,1728
"8998","07_report/CpG_context_sampling_5386_998_trimmed_bismark_bt2.CpG",1785,1487,298,1785
"8999","07_report/CpG_context_sampling_5386_999_trimmed_bismark_bt2.CpG",1731,1462,269,1731
"9000","07_report/CpG_context_sampling_5386_1000_trimmed_bismark_bt2.CpG",1749,1438,311,1749
"9001","07_report/CpG_context_sampling_6733_1_trimmed_bismark_bt2.CpG",2188,1826,362,2188
"9002","07_report/CpG_context_sampling_6733_2_trimmed_bismark_bt2.CpG",2132,1770,362,2132
"9003","07_report/CpG_context_sampling_6733_3_trimmed_bismark_bt2.CpG",2151,1804,347,2151
"9004","07_report/CpG_context_sampling_6733_4_trimmed_bismark_bt2.CpG",2180,1826,354,2180
"9005","07_report/CpG_context_sampling_6733_5_trimmed_bismark_bt2.CpG",2175,1779,396,2175
"9006","07_report/CpG_context_sampling_6733_6_trimmed_bismark_bt2.CpG",2163,1795,368,2163
"9007","07_report/CpG_context_sampling_6733_7_trimmed_bismark_bt2.CpG",2248,1885,363,2248
"9008","07_report/CpG_context_sampling_6733_8_trimmed_bismark_bt2.CpG",2149,1793,356,2149
"9009","07_report/CpG_context_sampling_6733_9_trimmed_bismark_bt2.CpG",2155,1819,336,2155
"9010","07_report/CpG_context_sampling_6733_10_trimmed_bismark_bt2.CpG",2156,1783,373,2156
"9011","07_report/CpG_context_sampling_6733_11_trimmed_bismark_bt2.CpG",2254,1884,370,2254
"9012","07_report/CpG_context_sampling_6733_12_trimmed_bismark_bt2.CpG",2135,1791,344,2135
"9013","07_report/CpG_context_sampling_6733_13_trimmed_bismark_bt2.CpG",2229,1859,370,2229
"9014","07_report/CpG_context_sampling_6733_14_trimmed_bismark_bt2.CpG",2208,1863,345,2208
"9015","07_report/CpG_context_sampling_6733_15_trimmed_bismark_bt2.CpG",2100,1750,350,2100
"9016","07_report/CpG_context_sampling_6733_16_trimmed_bismark_bt2.CpG",2174,1815,359,2174
"9017","07_report/CpG_context_sampling_6733_17_trimmed_bismark_bt2.CpG",2221,1858,363,2221
"9018","07_report/CpG_context_sampling_6733_18_trimmed_bismark_bt2.CpG",2194,1837,357,2194
"9019","07_report/CpG_context_sampling_6733_19_trimmed_bismark_bt2.CpG",2176,1821,355,2176
"9020","07_report/CpG_context_sampling_6733_20_trimmed_bismark_bt2.CpG",2187,1820,367,2187
"9021","07_report/CpG_context_sampling_6733_21_trimmed_bismark_bt2.CpG",2150,1776,374,2150
"9022","07_report/CpG_context_sampling_6733_22_trimmed_bismark_bt2.CpG",2203,1819,384,2203
"9023","07_report/CpG_context_sampling_6733_23_trimmed_bismark_bt2.CpG",2193,1836,357,2193
"9024","07_report/CpG_context_sampling_6733_24_trimmed_bismark_bt2.CpG",2247,1867,380,2247
"9025","07_report/CpG_context_sampling_6733_25_trimmed_bismark_bt2.CpG",2204,1831,373,2204
"9026","07_report/CpG_context_sampling_6733_26_trimmed_bismark_bt2.CpG",2139,1775,364,2139
"9027","07_report/CpG_context_sampling_6733_27_trimmed_bismark_bt2.CpG",2186,1820,366,2186
"9028","07_report/CpG_context_sampling_6733_28_trimmed_bismark_bt2.CpG",2185,1822,363,2185
"9029","07_report/CpG_context_sampling_6733_29_trimmed_bismark_bt2.CpG",2135,1776,359,2135
"9030","07_report/CpG_context_sampling_6733_30_trimmed_bismark_bt2.CpG",2179,1811,368,2179
"9031","07_report/CpG_context_sampling_6733_31_trimmed_bismark_bt2.CpG",2228,1843,385,2228
"9032","07_report/CpG_context_sampling_6733_32_trimmed_bismark_bt2.CpG",2217,1887,330,2217
"9033","07_report/CpG_context_sampling_6733_33_trimmed_bismark_bt2.CpG",2184,1796,388,2184
"9034","07_report/CpG_context_sampling_6733_34_trimmed_bismark_bt2.CpG",2158,1775,383,2158
"9035","07_report/CpG_context_sampling_6733_35_trimmed_bismark_bt2.CpG",2169,1810,359,2169
"9036","07_report/CpG_context_sampling_6733_36_trimmed_bismark_bt2.CpG",2185,1798,387,2185
"9037","07_report/CpG_context_sampling_6733_37_trimmed_bismark_bt2.CpG",2216,1826,390,2216
"9038","07_report/CpG_context_sampling_6733_38_trimmed_bismark_bt2.CpG",2148,1762,386,2148
"9039","07_report/CpG_context_sampling_6733_39_trimmed_bismark_bt2.CpG",2207,1839,368,2207
"9040","07_report/CpG_context_sampling_6733_40_trimmed_bismark_bt2.CpG",2238,1871,367,2238
"9041","07_report/CpG_context_sampling_6733_41_trimmed_bismark_bt2.CpG",2204,1827,377,2204
"9042","07_report/CpG_context_sampling_6733_42_trimmed_bismark_bt2.CpG",2093,1772,321,2093
"9043","07_report/CpG_context_sampling_6733_43_trimmed_bismark_bt2.CpG",2225,1835,390,2225
"9044","07_report/CpG_context_sampling_6733_44_trimmed_bismark_bt2.CpG",2134,1780,354,2134
"9045","07_report/CpG_context_sampling_6733_45_trimmed_bismark_bt2.CpG",2188,1809,379,2188
"9046","07_report/CpG_context_sampling_6733_46_trimmed_bismark_bt2.CpG",2236,1886,350,2236
"9047","07_report/CpG_context_sampling_6733_47_trimmed_bismark_bt2.CpG",2227,1843,384,2227
"9048","07_report/CpG_context_sampling_6733_48_trimmed_bismark_bt2.CpG",2160,1803,357,2160
"9049","07_report/CpG_context_sampling_6733_49_trimmed_bismark_bt2.CpG",2212,1834,378,2212
"9050","07_report/CpG_context_sampling_6733_50_trimmed_bismark_bt2.CpG",2162,1781,381,2162
"9051","07_report/CpG_context_sampling_6733_51_trimmed_bismark_bt2.CpG",2178,1767,411,2178
"9052","07_report/CpG_context_sampling_6733_52_trimmed_bismark_bt2.CpG",2223,1872,351,2223
"9053","07_report/CpG_context_sampling_6733_53_trimmed_bismark_bt2.CpG",2169,1795,374,2169
"9054","07_report/CpG_context_sampling_6733_54_trimmed_bismark_bt2.CpG",2117,1751,366,2117
"9055","07_report/CpG_context_sampling_6733_55_trimmed_bismark_bt2.CpG",2152,1776,376,2152
"9056","07_report/CpG_context_sampling_6733_56_trimmed_bismark_bt2.CpG",2184,1803,381,2184
"9057","07_report/CpG_context_sampling_6733_57_trimmed_bismark_bt2.CpG",2218,1863,355,2218
"9058","07_report/CpG_context_sampling_6733_58_trimmed_bismark_bt2.CpG",2205,1841,364,2205
"9059","07_report/CpG_context_sampling_6733_59_trimmed_bismark_bt2.CpG",2168,1768,400,2168
"9060","07_report/CpG_context_sampling_6733_60_trimmed_bismark_bt2.CpG",2189,1832,357,2189
"9061","07_report/CpG_context_sampling_6733_61_trimmed_bismark_bt2.CpG",2175,1804,371,2175
"9062","07_report/CpG_context_sampling_6733_62_trimmed_bismark_bt2.CpG",2158,1794,364,2158
"9063","07_report/CpG_context_sampling_6733_63_trimmed_bismark_bt2.CpG",2117,1744,373,2117
"9064","07_report/CpG_context_sampling_6733_64_trimmed_bismark_bt2.CpG",2202,1857,345,2202
"9065","07_report/CpG_context_sampling_6733_65_trimmed_bismark_bt2.CpG",2170,1820,350,2170
"9066","07_report/CpG_context_sampling_6733_66_trimmed_bismark_bt2.CpG",2219,1831,388,2219
"9067","07_report/CpG_context_sampling_6733_67_trimmed_bismark_bt2.CpG",2164,1808,356,2164
"9068","07_report/CpG_context_sampling_6733_68_trimmed_bismark_bt2.CpG",2138,1768,370,2138
"9069","07_report/CpG_context_sampling_6733_69_trimmed_bismark_bt2.CpG",2200,1810,390,2200
"9070","07_report/CpG_context_sampling_6733_70_trimmed_bismark_bt2.CpG",2205,1812,393,2205
"9071","07_report/CpG_context_sampling_6733_71_trimmed_bismark_bt2.CpG",2162,1830,332,2162
"9072","07_report/CpG_context_sampling_6733_72_trimmed_bismark_bt2.CpG",2160,1810,350,2160
"9073","07_report/CpG_context_sampling_6733_73_trimmed_bismark_bt2.CpG",2227,1862,365,2227
"9074","07_report/CpG_context_sampling_6733_74_trimmed_bismark_bt2.CpG",2234,1864,370,2234
"9075","07_report/CpG_context_sampling_6733_75_trimmed_bismark_bt2.CpG",2185,1790,395,2185
"9076","07_report/CpG_context_sampling_6733_76_trimmed_bismark_bt2.CpG",2153,1793,360,2153
"9077","07_report/CpG_context_sampling_6733_77_trimmed_bismark_bt2.CpG",2141,1802,339,2141
"9078","07_report/CpG_context_sampling_6733_78_trimmed_bismark_bt2.CpG",2204,1854,350,2204
"9079","07_report/CpG_context_sampling_6733_79_trimmed_bismark_bt2.CpG",2186,1792,394,2186
"9080","07_report/CpG_context_sampling_6733_80_trimmed_bismark_bt2.CpG",2125,1761,364,2125
"9081","07_report/CpG_context_sampling_6733_81_trimmed_bismark_bt2.CpG",2214,1848,366,2214
"9082","07_report/CpG_context_sampling_6733_82_trimmed_bismark_bt2.CpG",2232,1868,364,2232
"9083","07_report/CpG_context_sampling_6733_83_trimmed_bismark_bt2.CpG",2201,1831,370,2201
"9084","07_report/CpG_context_sampling_6733_84_trimmed_bismark_bt2.CpG",2160,1792,368,2160
"9085","07_report/CpG_context_sampling_6733_85_trimmed_bismark_bt2.CpG",2206,1840,366,2206
"9086","07_report/CpG_context_sampling_6733_86_trimmed_bismark_bt2.CpG",2173,1828,345,2173
"9087","07_report/CpG_context_sampling_6733_87_trimmed_bismark_bt2.CpG",2176,1821,355,2176
"9088","07_report/CpG_context_sampling_6733_88_trimmed_bismark_bt2.CpG",2144,1804,340,2144
"9089","07_report/CpG_context_sampling_6733_89_trimmed_bismark_bt2.CpG",2190,1827,363,2190
"9090","07_report/CpG_context_sampling_6733_90_trimmed_bismark_bt2.CpG",2155,1780,375,2155
"9091","07_report/CpG_context_sampling_6733_91_trimmed_bismark_bt2.CpG",2186,1821,365,2186
"9092","07_report/CpG_context_sampling_6733_92_trimmed_bismark_bt2.CpG",2157,1823,334,2157
"9093","07_report/CpG_context_sampling_6733_93_trimmed_bismark_bt2.CpG",2167,1798,369,2167
"9094","07_report/CpG_context_sampling_6733_94_trimmed_bismark_bt2.CpG",2198,1852,346,2198
"9095","07_report/CpG_context_sampling_6733_95_trimmed_bismark_bt2.CpG",2163,1822,341,2163
"9096","07_report/CpG_context_sampling_6733_96_trimmed_bismark_bt2.CpG",2240,1868,372,2240
"9097","07_report/CpG_context_sampling_6733_97_trimmed_bismark_bt2.CpG",2189,1830,359,2189
"9098","07_report/CpG_context_sampling_6733_98_trimmed_bismark_bt2.CpG",2143,1790,353,2143
"9099","07_report/CpG_context_sampling_6733_99_trimmed_bismark_bt2.CpG",2160,1818,342,2160
"9100","07_report/CpG_context_sampling_6733_100_trimmed_bismark_bt2.CpG",2120,1770,350,2120
"9101","07_report/CpG_context_sampling_6733_101_trimmed_bismark_bt2.CpG",2136,1771,365,2136
"9102","07_report/CpG_context_sampling_6733_102_trimmed_bismark_bt2.CpG",2180,1810,370,2180
"9103","07_report/CpG_context_sampling_6733_103_trimmed_bismark_bt2.CpG",2107,1742,365,2107
"9104","07_report/CpG_context_sampling_6733_104_trimmed_bismark_bt2.CpG",2182,1810,372,2182
"9105","07_report/CpG_context_sampling_6733_105_trimmed_bismark_bt2.CpG",2147,1782,365,2147
"9106","07_report/CpG_context_sampling_6733_106_trimmed_bismark_bt2.CpG",2184,1793,391,2184
"9107","07_report/CpG_context_sampling_6733_107_trimmed_bismark_bt2.CpG",2132,1800,332,2132
"9108","07_report/CpG_context_sampling_6733_108_trimmed_bismark_bt2.CpG",2266,1884,382,2266
"9109","07_report/CpG_context_sampling_6733_109_trimmed_bismark_bt2.CpG",2193,1858,335,2193
"9110","07_report/CpG_context_sampling_6733_110_trimmed_bismark_bt2.CpG",2169,1832,337,2169
"9111","07_report/CpG_context_sampling_6733_111_trimmed_bismark_bt2.CpG",2181,1838,343,2181
"9112","07_report/CpG_context_sampling_6733_112_trimmed_bismark_bt2.CpG",2141,1787,354,2141
"9113","07_report/CpG_context_sampling_6733_113_trimmed_bismark_bt2.CpG",2208,1828,380,2208
"9114","07_report/CpG_context_sampling_6733_114_trimmed_bismark_bt2.CpG",2133,1776,357,2133
"9115","07_report/CpG_context_sampling_6733_115_trimmed_bismark_bt2.CpG",2139,1767,372,2139
"9116","07_report/CpG_context_sampling_6733_116_trimmed_bismark_bt2.CpG",2144,1772,372,2144
"9117","07_report/CpG_context_sampling_6733_117_trimmed_bismark_bt2.CpG",2271,1874,397,2271
"9118","07_report/CpG_context_sampling_6733_118_trimmed_bismark_bt2.CpG",2178,1819,359,2178
"9119","07_report/CpG_context_sampling_6733_119_trimmed_bismark_bt2.CpG",2216,1871,345,2216
"9120","07_report/CpG_context_sampling_6733_120_trimmed_bismark_bt2.CpG",2158,1803,355,2158
"9121","07_report/CpG_context_sampling_6733_121_trimmed_bismark_bt2.CpG",2225,1855,370,2225
"9122","07_report/CpG_context_sampling_6733_122_trimmed_bismark_bt2.CpG",2210,1835,375,2210
"9123","07_report/CpG_context_sampling_6733_123_trimmed_bismark_bt2.CpG",2222,1842,380,2222
"9124","07_report/CpG_context_sampling_6733_124_trimmed_bismark_bt2.CpG",2124,1768,356,2124
"9125","07_report/CpG_context_sampling_6733_125_trimmed_bismark_bt2.CpG",2176,1799,377,2176
"9126","07_report/CpG_context_sampling_6733_126_trimmed_bismark_bt2.CpG",2132,1789,343,2132
"9127","07_report/CpG_context_sampling_6733_127_trimmed_bismark_bt2.CpG",2181,1842,339,2181
"9128","07_report/CpG_context_sampling_6733_128_trimmed_bismark_bt2.CpG",2114,1802,312,2114
"9129","07_report/CpG_context_sampling_6733_129_trimmed_bismark_bt2.CpG",2152,1801,351,2152
"9130","07_report/CpG_context_sampling_6733_130_trimmed_bismark_bt2.CpG",2188,1863,325,2188
"9131","07_report/CpG_context_sampling_6733_131_trimmed_bismark_bt2.CpG",2213,1827,386,2213
"9132","07_report/CpG_context_sampling_6733_132_trimmed_bismark_bt2.CpG",2241,1884,357,2241
"9133","07_report/CpG_context_sampling_6733_133_trimmed_bismark_bt2.CpG",2275,1889,386,2275
"9134","07_report/CpG_context_sampling_6733_134_trimmed_bismark_bt2.CpG",2157,1791,366,2157
"9135","07_report/CpG_context_sampling_6733_135_trimmed_bismark_bt2.CpG",2124,1715,409,2124
"9136","07_report/CpG_context_sampling_6733_136_trimmed_bismark_bt2.CpG",2239,1856,383,2239
"9137","07_report/CpG_context_sampling_6733_137_trimmed_bismark_bt2.CpG",2147,1761,386,2147
"9138","07_report/CpG_context_sampling_6733_138_trimmed_bismark_bt2.CpG",2091,1704,387,2091
"9139","07_report/CpG_context_sampling_6733_139_trimmed_bismark_bt2.CpG",2204,1823,381,2204
"9140","07_report/CpG_context_sampling_6733_140_trimmed_bismark_bt2.CpG",2159,1808,351,2159
"9141","07_report/CpG_context_sampling_6733_141_trimmed_bismark_bt2.CpG",2155,1782,373,2155
"9142","07_report/CpG_context_sampling_6733_142_trimmed_bismark_bt2.CpG",2239,1890,349,2239
"9143","07_report/CpG_context_sampling_6733_143_trimmed_bismark_bt2.CpG",2171,1799,372,2171
"9144","07_report/CpG_context_sampling_6733_144_trimmed_bismark_bt2.CpG",2177,1813,364,2177
"9145","07_report/CpG_context_sampling_6733_145_trimmed_bismark_bt2.CpG",2211,1836,375,2211
"9146","07_report/CpG_context_sampling_6733_146_trimmed_bismark_bt2.CpG",2213,1866,347,2213
"9147","07_report/CpG_context_sampling_6733_147_trimmed_bismark_bt2.CpG",2120,1791,329,2120
"9148","07_report/CpG_context_sampling_6733_148_trimmed_bismark_bt2.CpG",2186,1831,355,2186
"9149","07_report/CpG_context_sampling_6733_149_trimmed_bismark_bt2.CpG",2257,1864,393,2257
"9150","07_report/CpG_context_sampling_6733_150_trimmed_bismark_bt2.CpG",2146,1758,388,2146
"9151","07_report/CpG_context_sampling_6733_151_trimmed_bismark_bt2.CpG",2180,1810,370,2180
"9152","07_report/CpG_context_sampling_6733_152_trimmed_bismark_bt2.CpG",2191,1824,367,2191
"9153","07_report/CpG_context_sampling_6733_153_trimmed_bismark_bt2.CpG",2139,1777,362,2139
"9154","07_report/CpG_context_sampling_6733_154_trimmed_bismark_bt2.CpG",2238,1874,364,2238
"9155","07_report/CpG_context_sampling_6733_155_trimmed_bismark_bt2.CpG",2156,1806,350,2156
"9156","07_report/CpG_context_sampling_6733_156_trimmed_bismark_bt2.CpG",2178,1807,371,2178
"9157","07_report/CpG_context_sampling_6733_157_trimmed_bismark_bt2.CpG",2188,1820,368,2188
"9158","07_report/CpG_context_sampling_6733_158_trimmed_bismark_bt2.CpG",2123,1727,396,2123
"9159","07_report/CpG_context_sampling_6733_159_trimmed_bismark_bt2.CpG",2215,1809,406,2215
"9160","07_report/CpG_context_sampling_6733_160_trimmed_bismark_bt2.CpG",2209,1847,362,2209
"9161","07_report/CpG_context_sampling_6733_161_trimmed_bismark_bt2.CpG",2132,1765,367,2132
"9162","07_report/CpG_context_sampling_6733_162_trimmed_bismark_bt2.CpG",2215,1828,387,2215
"9163","07_report/CpG_context_sampling_6733_163_trimmed_bismark_bt2.CpG",2140,1770,370,2140
"9164","07_report/CpG_context_sampling_6733_164_trimmed_bismark_bt2.CpG",2213,1871,342,2213
"9165","07_report/CpG_context_sampling_6733_165_trimmed_bismark_bt2.CpG",2142,1778,364,2142
"9166","07_report/CpG_context_sampling_6733_166_trimmed_bismark_bt2.CpG",2125,1777,348,2125
"9167","07_report/CpG_context_sampling_6733_167_trimmed_bismark_bt2.CpG",2176,1792,384,2176
"9168","07_report/CpG_context_sampling_6733_168_trimmed_bismark_bt2.CpG",2187,1811,376,2187
"9169","07_report/CpG_context_sampling_6733_169_trimmed_bismark_bt2.CpG",2201,1829,372,2201
"9170","07_report/CpG_context_sampling_6733_170_trimmed_bismark_bt2.CpG",2170,1817,353,2170
"9171","07_report/CpG_context_sampling_6733_171_trimmed_bismark_bt2.CpG",2194,1820,374,2194
"9172","07_report/CpG_context_sampling_6733_172_trimmed_bismark_bt2.CpG",2247,1876,371,2247
"9173","07_report/CpG_context_sampling_6733_173_trimmed_bismark_bt2.CpG",2166,1808,358,2166
"9174","07_report/CpG_context_sampling_6733_174_trimmed_bismark_bt2.CpG",2173,1838,335,2173
"9175","07_report/CpG_context_sampling_6733_175_trimmed_bismark_bt2.CpG",2207,1848,359,2207
"9176","07_report/CpG_context_sampling_6733_176_trimmed_bismark_bt2.CpG",2102,1760,342,2102
"9177","07_report/CpG_context_sampling_6733_177_trimmed_bismark_bt2.CpG",2105,1744,361,2105
"9178","07_report/CpG_context_sampling_6733_178_trimmed_bismark_bt2.CpG",2177,1822,355,2177
"9179","07_report/CpG_context_sampling_6733_179_trimmed_bismark_bt2.CpG",2157,1803,354,2157
"9180","07_report/CpG_context_sampling_6733_180_trimmed_bismark_bt2.CpG",2114,1779,335,2114
"9181","07_report/CpG_context_sampling_6733_181_trimmed_bismark_bt2.CpG",2240,1864,376,2240
"9182","07_report/CpG_context_sampling_6733_182_trimmed_bismark_bt2.CpG",2247,1889,358,2247
"9183","07_report/CpG_context_sampling_6733_183_trimmed_bismark_bt2.CpG",2162,1760,402,2162
"9184","07_report/CpG_context_sampling_6733_184_trimmed_bismark_bt2.CpG",2222,1816,406,2222
"9185","07_report/CpG_context_sampling_6733_185_trimmed_bismark_bt2.CpG",2167,1792,375,2167
"9186","07_report/CpG_context_sampling_6733_186_trimmed_bismark_bt2.CpG",2180,1811,369,2180
"9187","07_report/CpG_context_sampling_6733_187_trimmed_bismark_bt2.CpG",2199,1848,351,2199
"9188","07_report/CpG_context_sampling_6733_188_trimmed_bismark_bt2.CpG",2107,1777,330,2107
"9189","07_report/CpG_context_sampling_6733_189_trimmed_bismark_bt2.CpG",2145,1810,335,2145
"9190","07_report/CpG_context_sampling_6733_190_trimmed_bismark_bt2.CpG",2118,1751,367,2118
"9191","07_report/CpG_context_sampling_6733_191_trimmed_bismark_bt2.CpG",2125,1780,345,2125
"9192","07_report/CpG_context_sampling_6733_192_trimmed_bismark_bt2.CpG",2114,1751,363,2114
"9193","07_report/CpG_context_sampling_6733_193_trimmed_bismark_bt2.CpG",2179,1804,375,2179
"9194","07_report/CpG_context_sampling_6733_194_trimmed_bismark_bt2.CpG",2237,1856,381,2237
"9195","07_report/CpG_context_sampling_6733_195_trimmed_bismark_bt2.CpG",2182,1804,378,2182
"9196","07_report/CpG_context_sampling_6733_196_trimmed_bismark_bt2.CpG",2231,1853,378,2231
"9197","07_report/CpG_context_sampling_6733_197_trimmed_bismark_bt2.CpG",2170,1824,346,2170
"9198","07_report/CpG_context_sampling_6733_198_trimmed_bismark_bt2.CpG",2163,1804,359,2163
"9199","07_report/CpG_context_sampling_6733_199_trimmed_bismark_bt2.CpG",2128,1734,394,2128
"9200","07_report/CpG_context_sampling_6733_200_trimmed_bismark_bt2.CpG",2214,1854,360,2214
"9201","07_report/CpG_context_sampling_6733_201_trimmed_bismark_bt2.CpG",2184,1860,324,2184
"9202","07_report/CpG_context_sampling_6733_202_trimmed_bismark_bt2.CpG",2151,1770,381,2151
"9203","07_report/CpG_context_sampling_6733_203_trimmed_bismark_bt2.CpG",2181,1807,374,2181
"9204","07_report/CpG_context_sampling_6733_204_trimmed_bismark_bt2.CpG",2156,1801,355,2156
"9205","07_report/CpG_context_sampling_6733_205_trimmed_bismark_bt2.CpG",2116,1756,360,2116
"9206","07_report/CpG_context_sampling_6733_206_trimmed_bismark_bt2.CpG",2168,1774,394,2168
"9207","07_report/CpG_context_sampling_6733_207_trimmed_bismark_bt2.CpG",2170,1798,372,2170
"9208","07_report/CpG_context_sampling_6733_208_trimmed_bismark_bt2.CpG",2129,1769,360,2129
"9209","07_report/CpG_context_sampling_6733_209_trimmed_bismark_bt2.CpG",2187,1805,382,2187
"9210","07_report/CpG_context_sampling_6733_210_trimmed_bismark_bt2.CpG",2153,1798,355,2153
"9211","07_report/CpG_context_sampling_6733_211_trimmed_bismark_bt2.CpG",2193,1855,338,2193
"9212","07_report/CpG_context_sampling_6733_212_trimmed_bismark_bt2.CpG",2218,1842,376,2218
"9213","07_report/CpG_context_sampling_6733_213_trimmed_bismark_bt2.CpG",2219,1845,374,2219
"9214","07_report/CpG_context_sampling_6733_214_trimmed_bismark_bt2.CpG",2234,1864,370,2234
"9215","07_report/CpG_context_sampling_6733_215_trimmed_bismark_bt2.CpG",2160,1778,382,2160
"9216","07_report/CpG_context_sampling_6733_216_trimmed_bismark_bt2.CpG",2105,1729,376,2105
"9217","07_report/CpG_context_sampling_6733_217_trimmed_bismark_bt2.CpG",2135,1766,369,2135
"9218","07_report/CpG_context_sampling_6733_218_trimmed_bismark_bt2.CpG",2213,1870,343,2213
"9219","07_report/CpG_context_sampling_6733_219_trimmed_bismark_bt2.CpG",2240,1871,369,2240
"9220","07_report/CpG_context_sampling_6733_220_trimmed_bismark_bt2.CpG",2159,1818,341,2159
"9221","07_report/CpG_context_sampling_6733_221_trimmed_bismark_bt2.CpG",2174,1816,358,2174
"9222","07_report/CpG_context_sampling_6733_222_trimmed_bismark_bt2.CpG",2148,1791,357,2148
"9223","07_report/CpG_context_sampling_6733_223_trimmed_bismark_bt2.CpG",2137,1794,343,2137
"9224","07_report/CpG_context_sampling_6733_224_trimmed_bismark_bt2.CpG",2087,1743,344,2087
"9225","07_report/CpG_context_sampling_6733_225_trimmed_bismark_bt2.CpG",2164,1804,360,2164
"9226","07_report/CpG_context_sampling_6733_226_trimmed_bismark_bt2.CpG",2159,1799,360,2159
"9227","07_report/CpG_context_sampling_6733_227_trimmed_bismark_bt2.CpG",2242,1866,376,2242
"9228","07_report/CpG_context_sampling_6733_228_trimmed_bismark_bt2.CpG",2236,1888,348,2236
"9229","07_report/CpG_context_sampling_6733_229_trimmed_bismark_bt2.CpG",2211,1840,371,2211
"9230","07_report/CpG_context_sampling_6733_230_trimmed_bismark_bt2.CpG",2158,1834,324,2158
"9231","07_report/CpG_context_sampling_6733_231_trimmed_bismark_bt2.CpG",2203,1795,408,2203
"9232","07_report/CpG_context_sampling_6733_232_trimmed_bismark_bt2.CpG",2194,1798,396,2194
"9233","07_report/CpG_context_sampling_6733_233_trimmed_bismark_bt2.CpG",2213,1861,352,2213
"9234","07_report/CpG_context_sampling_6733_234_trimmed_bismark_bt2.CpG",2151,1768,383,2151
"9235","07_report/CpG_context_sampling_6733_235_trimmed_bismark_bt2.CpG",2156,1794,362,2156
"9236","07_report/CpG_context_sampling_6733_236_trimmed_bismark_bt2.CpG",2198,1852,346,2198
"9237","07_report/CpG_context_sampling_6733_237_trimmed_bismark_bt2.CpG",2214,1824,390,2214
"9238","07_report/CpG_context_sampling_6733_238_trimmed_bismark_bt2.CpG",2222,1844,378,2222
"9239","07_report/CpG_context_sampling_6733_239_trimmed_bismark_bt2.CpG",2179,1829,350,2179
"9240","07_report/CpG_context_sampling_6733_240_trimmed_bismark_bt2.CpG",2165,1791,374,2165
"9241","07_report/CpG_context_sampling_6733_241_trimmed_bismark_bt2.CpG",2158,1806,352,2158
"9242","07_report/CpG_context_sampling_6733_242_trimmed_bismark_bt2.CpG",2144,1771,373,2144
"9243","07_report/CpG_context_sampling_6733_243_trimmed_bismark_bt2.CpG",2151,1781,370,2151
"9244","07_report/CpG_context_sampling_6733_244_trimmed_bismark_bt2.CpG",2148,1783,365,2148
"9245","07_report/CpG_context_sampling_6733_245_trimmed_bismark_bt2.CpG",2165,1789,376,2165
"9246","07_report/CpG_context_sampling_6733_246_trimmed_bismark_bt2.CpG",2156,1778,378,2156
"9247","07_report/CpG_context_sampling_6733_247_trimmed_bismark_bt2.CpG",2143,1763,380,2143
"9248","07_report/CpG_context_sampling_6733_248_trimmed_bismark_bt2.CpG",2192,1788,404,2192
"9249","07_report/CpG_context_sampling_6733_249_trimmed_bismark_bt2.CpG",2172,1811,361,2172
"9250","07_report/CpG_context_sampling_6733_250_trimmed_bismark_bt2.CpG",2190,1817,373,2190
"9251","07_report/CpG_context_sampling_6733_251_trimmed_bismark_bt2.CpG",2236,1871,365,2236
"9252","07_report/CpG_context_sampling_6733_252_trimmed_bismark_bt2.CpG",2204,1843,361,2204
"9253","07_report/CpG_context_sampling_6733_253_trimmed_bismark_bt2.CpG",2113,1780,333,2113
"9254","07_report/CpG_context_sampling_6733_254_trimmed_bismark_bt2.CpG",2121,1735,386,2121
"9255","07_report/CpG_context_sampling_6733_255_trimmed_bismark_bt2.CpG",2151,1774,377,2151
"9256","07_report/CpG_context_sampling_6733_256_trimmed_bismark_bt2.CpG",2198,1822,376,2198
"9257","07_report/CpG_context_sampling_6733_257_trimmed_bismark_bt2.CpG",2169,1790,379,2169
"9258","07_report/CpG_context_sampling_6733_258_trimmed_bismark_bt2.CpG",2101,1744,357,2101
"9259","07_report/CpG_context_sampling_6733_259_trimmed_bismark_bt2.CpG",2157,1824,333,2157
"9260","07_report/CpG_context_sampling_6733_260_trimmed_bismark_bt2.CpG",2178,1789,389,2178
"9261","07_report/CpG_context_sampling_6733_261_trimmed_bismark_bt2.CpG",2192,1821,371,2192
"9262","07_report/CpG_context_sampling_6733_262_trimmed_bismark_bt2.CpG",2147,1803,344,2147
"9263","07_report/CpG_context_sampling_6733_263_trimmed_bismark_bt2.CpG",2167,1817,350,2167
"9264","07_report/CpG_context_sampling_6733_264_trimmed_bismark_bt2.CpG",2174,1785,389,2174
"9265","07_report/CpG_context_sampling_6733_265_trimmed_bismark_bt2.CpG",2186,1837,349,2186
"9266","07_report/CpG_context_sampling_6733_266_trimmed_bismark_bt2.CpG",2083,1735,348,2083
"9267","07_report/CpG_context_sampling_6733_267_trimmed_bismark_bt2.CpG",2127,1759,368,2127
"9268","07_report/CpG_context_sampling_6733_268_trimmed_bismark_bt2.CpG",2195,1840,355,2195
"9269","07_report/CpG_context_sampling_6733_269_trimmed_bismark_bt2.CpG",2127,1773,354,2127
"9270","07_report/CpG_context_sampling_6733_270_trimmed_bismark_bt2.CpG",2113,1730,383,2113
"9271","07_report/CpG_context_sampling_6733_271_trimmed_bismark_bt2.CpG",2209,1854,355,2209
"9272","07_report/CpG_context_sampling_6733_272_trimmed_bismark_bt2.CpG",2181,1837,344,2181
"9273","07_report/CpG_context_sampling_6733_273_trimmed_bismark_bt2.CpG",2168,1827,341,2168
"9274","07_report/CpG_context_sampling_6733_274_trimmed_bismark_bt2.CpG",2289,1907,382,2289
"9275","07_report/CpG_context_sampling_6733_275_trimmed_bismark_bt2.CpG",2205,1824,381,2205
"9276","07_report/CpG_context_sampling_6733_276_trimmed_bismark_bt2.CpG",2137,1772,365,2137
"9277","07_report/CpG_context_sampling_6733_277_trimmed_bismark_bt2.CpG",2218,1822,396,2218
"9278","07_report/CpG_context_sampling_6733_278_trimmed_bismark_bt2.CpG",2159,1781,378,2159
"9279","07_report/CpG_context_sampling_6733_279_trimmed_bismark_bt2.CpG",2195,1810,385,2195
"9280","07_report/CpG_context_sampling_6733_280_trimmed_bismark_bt2.CpG",2152,1777,375,2152
"9281","07_report/CpG_context_sampling_6733_281_trimmed_bismark_bt2.CpG",2248,1892,356,2248
"9282","07_report/CpG_context_sampling_6733_282_trimmed_bismark_bt2.CpG",2225,1827,398,2225
"9283","07_report/CpG_context_sampling_6733_283_trimmed_bismark_bt2.CpG",2156,1764,392,2156
"9284","07_report/CpG_context_sampling_6733_284_trimmed_bismark_bt2.CpG",2124,1767,357,2124
"9285","07_report/CpG_context_sampling_6733_285_trimmed_bismark_bt2.CpG",2116,1771,345,2116
"9286","07_report/CpG_context_sampling_6733_286_trimmed_bismark_bt2.CpG",2218,1868,350,2218
"9287","07_report/CpG_context_sampling_6733_287_trimmed_bismark_bt2.CpG",2147,1800,347,2147
"9288","07_report/CpG_context_sampling_6733_288_trimmed_bismark_bt2.CpG",2176,1841,335,2176
"9289","07_report/CpG_context_sampling_6733_289_trimmed_bismark_bt2.CpG",2181,1766,415,2181
"9290","07_report/CpG_context_sampling_6733_290_trimmed_bismark_bt2.CpG",2232,1821,411,2232
"9291","07_report/CpG_context_sampling_6733_291_trimmed_bismark_bt2.CpG",2163,1770,393,2163
"9292","07_report/CpG_context_sampling_6733_292_trimmed_bismark_bt2.CpG",2150,1797,353,2150
"9293","07_report/CpG_context_sampling_6733_293_trimmed_bismark_bt2.CpG",2160,1796,364,2160
"9294","07_report/CpG_context_sampling_6733_294_trimmed_bismark_bt2.CpG",2142,1783,359,2142
"9295","07_report/CpG_context_sampling_6733_295_trimmed_bismark_bt2.CpG",2211,1859,352,2211
"9296","07_report/CpG_context_sampling_6733_296_trimmed_bismark_bt2.CpG",2246,1882,364,2246
"9297","07_report/CpG_context_sampling_6733_297_trimmed_bismark_bt2.CpG",2094,1737,357,2094
"9298","07_report/CpG_context_sampling_6733_298_trimmed_bismark_bt2.CpG",2153,1803,350,2153
"9299","07_report/CpG_context_sampling_6733_299_trimmed_bismark_bt2.CpG",2222,1846,376,2222
"9300","07_report/CpG_context_sampling_6733_300_trimmed_bismark_bt2.CpG",2187,1821,366,2187
"9301","07_report/CpG_context_sampling_6733_301_trimmed_bismark_bt2.CpG",2108,1732,376,2108
"9302","07_report/CpG_context_sampling_6733_302_trimmed_bismark_bt2.CpG",2110,1775,335,2110
"9303","07_report/CpG_context_sampling_6733_303_trimmed_bismark_bt2.CpG",2127,1771,356,2127
"9304","07_report/CpG_context_sampling_6733_304_trimmed_bismark_bt2.CpG",2178,1837,341,2178
"9305","07_report/CpG_context_sampling_6733_305_trimmed_bismark_bt2.CpG",2185,1839,346,2185
"9306","07_report/CpG_context_sampling_6733_306_trimmed_bismark_bt2.CpG",2268,1887,381,2268
"9307","07_report/CpG_context_sampling_6733_307_trimmed_bismark_bt2.CpG",2161,1791,370,2161
"9308","07_report/CpG_context_sampling_6733_308_trimmed_bismark_bt2.CpG",2175,1799,376,2175
"9309","07_report/CpG_context_sampling_6733_309_trimmed_bismark_bt2.CpG",2046,1679,367,2046
"9310","07_report/CpG_context_sampling_6733_310_trimmed_bismark_bt2.CpG",2172,1810,362,2172
"9311","07_report/CpG_context_sampling_6733_311_trimmed_bismark_bt2.CpG",2191,1803,388,2191
"9312","07_report/CpG_context_sampling_6733_312_trimmed_bismark_bt2.CpG",2191,1818,373,2191
"9313","07_report/CpG_context_sampling_6733_313_trimmed_bismark_bt2.CpG",2199,1844,355,2199
"9314","07_report/CpG_context_sampling_6733_314_trimmed_bismark_bt2.CpG",2182,1816,366,2182
"9315","07_report/CpG_context_sampling_6733_315_trimmed_bismark_bt2.CpG",2195,1838,357,2195
"9316","07_report/CpG_context_sampling_6733_316_trimmed_bismark_bt2.CpG",2078,1718,360,2078
"9317","07_report/CpG_context_sampling_6733_317_trimmed_bismark_bt2.CpG",2142,1801,341,2142
"9318","07_report/CpG_context_sampling_6733_318_trimmed_bismark_bt2.CpG",2144,1762,382,2144
"9319","07_report/CpG_context_sampling_6733_319_trimmed_bismark_bt2.CpG",2169,1805,364,2169
"9320","07_report/CpG_context_sampling_6733_320_trimmed_bismark_bt2.CpG",2173,1811,362,2173
"9321","07_report/CpG_context_sampling_6733_321_trimmed_bismark_bt2.CpG",2202,1792,410,2202
"9322","07_report/CpG_context_sampling_6733_322_trimmed_bismark_bt2.CpG",2138,1778,360,2138
"9323","07_report/CpG_context_sampling_6733_323_trimmed_bismark_bt2.CpG",2171,1820,351,2171
"9324","07_report/CpG_context_sampling_6733_324_trimmed_bismark_bt2.CpG",2118,1792,326,2118
"9325","07_report/CpG_context_sampling_6733_325_trimmed_bismark_bt2.CpG",2156,1801,355,2156
"9326","07_report/CpG_context_sampling_6733_326_trimmed_bismark_bt2.CpG",2185,1798,387,2185
"9327","07_report/CpG_context_sampling_6733_327_trimmed_bismark_bt2.CpG",2163,1798,365,2163
"9328","07_report/CpG_context_sampling_6733_328_trimmed_bismark_bt2.CpG",2150,1792,358,2150
"9329","07_report/CpG_context_sampling_6733_329_trimmed_bismark_bt2.CpG",2143,1787,356,2143
"9330","07_report/CpG_context_sampling_6733_330_trimmed_bismark_bt2.CpG",2158,1802,356,2158
"9331","07_report/CpG_context_sampling_6733_331_trimmed_bismark_bt2.CpG",2180,1816,364,2180
"9332","07_report/CpG_context_sampling_6733_332_trimmed_bismark_bt2.CpG",2160,1803,357,2160
"9333","07_report/CpG_context_sampling_6733_333_trimmed_bismark_bt2.CpG",2179,1808,371,2179
"9334","07_report/CpG_context_sampling_6733_334_trimmed_bismark_bt2.CpG",2177,1804,373,2177
"9335","07_report/CpG_context_sampling_6733_335_trimmed_bismark_bt2.CpG",2105,1767,338,2105
"9336","07_report/CpG_context_sampling_6733_336_trimmed_bismark_bt2.CpG",2137,1778,359,2137
"9337","07_report/CpG_context_sampling_6733_337_trimmed_bismark_bt2.CpG",2247,1896,351,2247
"9338","07_report/CpG_context_sampling_6733_338_trimmed_bismark_bt2.CpG",2175,1816,359,2175
"9339","07_report/CpG_context_sampling_6733_339_trimmed_bismark_bt2.CpG",2203,1812,391,2203
"9340","07_report/CpG_context_sampling_6733_340_trimmed_bismark_bt2.CpG",2133,1787,346,2133
"9341","07_report/CpG_context_sampling_6733_341_trimmed_bismark_bt2.CpG",2199,1839,360,2199
"9342","07_report/CpG_context_sampling_6733_342_trimmed_bismark_bt2.CpG",2190,1837,353,2190
"9343","07_report/CpG_context_sampling_6733_343_trimmed_bismark_bt2.CpG",2110,1736,374,2110
"9344","07_report/CpG_context_sampling_6733_344_trimmed_bismark_bt2.CpG",2184,1815,369,2184
"9345","07_report/CpG_context_sampling_6733_345_trimmed_bismark_bt2.CpG",2138,1774,364,2138
"9346","07_report/CpG_context_sampling_6733_346_trimmed_bismark_bt2.CpG",2136,1740,396,2136
"9347","07_report/CpG_context_sampling_6733_347_trimmed_bismark_bt2.CpG",2139,1797,342,2139
"9348","07_report/CpG_context_sampling_6733_348_trimmed_bismark_bt2.CpG",2154,1789,365,2154
"9349","07_report/CpG_context_sampling_6733_349_trimmed_bismark_bt2.CpG",2149,1798,351,2149
"9350","07_report/CpG_context_sampling_6733_350_trimmed_bismark_bt2.CpG",2200,1848,352,2200
"9351","07_report/CpG_context_sampling_6733_351_trimmed_bismark_bt2.CpG",2223,1829,394,2223
"9352","07_report/CpG_context_sampling_6733_352_trimmed_bismark_bt2.CpG",2192,1827,365,2192
"9353","07_report/CpG_context_sampling_6733_353_trimmed_bismark_bt2.CpG",2165,1770,395,2165
"9354","07_report/CpG_context_sampling_6733_354_trimmed_bismark_bt2.CpG",2197,1834,363,2197
"9355","07_report/CpG_context_sampling_6733_355_trimmed_bismark_bt2.CpG",2138,1782,356,2138
"9356","07_report/CpG_context_sampling_6733_356_trimmed_bismark_bt2.CpG",2217,1879,338,2217
"9357","07_report/CpG_context_sampling_6733_357_trimmed_bismark_bt2.CpG",2226,1866,360,2226
"9358","07_report/CpG_context_sampling_6733_358_trimmed_bismark_bt2.CpG",2216,1833,383,2216
"9359","07_report/CpG_context_sampling_6733_359_trimmed_bismark_bt2.CpG",2212,1868,344,2212
"9360","07_report/CpG_context_sampling_6733_360_trimmed_bismark_bt2.CpG",2180,1802,378,2180
"9361","07_report/CpG_context_sampling_6733_361_trimmed_bismark_bt2.CpG",2201,1836,365,2201
"9362","07_report/CpG_context_sampling_6733_362_trimmed_bismark_bt2.CpG",2167,1801,366,2167
"9363","07_report/CpG_context_sampling_6733_363_trimmed_bismark_bt2.CpG",2122,1766,356,2122
"9364","07_report/CpG_context_sampling_6733_364_trimmed_bismark_bt2.CpG",2152,1784,368,2152
"9365","07_report/CpG_context_sampling_6733_365_trimmed_bismark_bt2.CpG",2167,1793,374,2167
"9366","07_report/CpG_context_sampling_6733_366_trimmed_bismark_bt2.CpG",2147,1778,369,2147
"9367","07_report/CpG_context_sampling_6733_367_trimmed_bismark_bt2.CpG",2232,1860,372,2232
"9368","07_report/CpG_context_sampling_6733_368_trimmed_bismark_bt2.CpG",2148,1818,330,2148
"9369","07_report/CpG_context_sampling_6733_369_trimmed_bismark_bt2.CpG",2263,1862,401,2263
"9370","07_report/CpG_context_sampling_6733_370_trimmed_bismark_bt2.CpG",2236,1826,410,2236
"9371","07_report/CpG_context_sampling_6733_371_trimmed_bismark_bt2.CpG",2088,1721,367,2088
"9372","07_report/CpG_context_sampling_6733_372_trimmed_bismark_bt2.CpG",2180,1825,355,2180
"9373","07_report/CpG_context_sampling_6733_373_trimmed_bismark_bt2.CpG",2129,1779,350,2129
"9374","07_report/CpG_context_sampling_6733_374_trimmed_bismark_bt2.CpG",2123,1739,384,2123
"9375","07_report/CpG_context_sampling_6733_375_trimmed_bismark_bt2.CpG",2179,1856,323,2179
"9376","07_report/CpG_context_sampling_6733_376_trimmed_bismark_bt2.CpG",2213,1805,408,2213
"9377","07_report/CpG_context_sampling_6733_377_trimmed_bismark_bt2.CpG",2236,1875,361,2236
"9378","07_report/CpG_context_sampling_6733_378_trimmed_bismark_bt2.CpG",2229,1848,381,2229
"9379","07_report/CpG_context_sampling_6733_379_trimmed_bismark_bt2.CpG",2223,1850,373,2223
"9380","07_report/CpG_context_sampling_6733_380_trimmed_bismark_bt2.CpG",2158,1764,394,2158
"9381","07_report/CpG_context_sampling_6733_381_trimmed_bismark_bt2.CpG",2177,1839,338,2177
"9382","07_report/CpG_context_sampling_6733_382_trimmed_bismark_bt2.CpG",2118,1755,363,2118
"9383","07_report/CpG_context_sampling_6733_383_trimmed_bismark_bt2.CpG",2226,1830,396,2226
"9384","07_report/CpG_context_sampling_6733_384_trimmed_bismark_bt2.CpG",2146,1768,378,2146
"9385","07_report/CpG_context_sampling_6733_385_trimmed_bismark_bt2.CpG",2162,1762,400,2162
"9386","07_report/CpG_context_sampling_6733_386_trimmed_bismark_bt2.CpG",2203,1827,376,2203
"9387","07_report/CpG_context_sampling_6733_387_trimmed_bismark_bt2.CpG",2121,1743,378,2121
"9388","07_report/CpG_context_sampling_6733_388_trimmed_bismark_bt2.CpG",2203,1840,363,2203
"9389","07_report/CpG_context_sampling_6733_389_trimmed_bismark_bt2.CpG",2262,1869,393,2262
"9390","07_report/CpG_context_sampling_6733_390_trimmed_bismark_bt2.CpG",2182,1846,336,2182
"9391","07_report/CpG_context_sampling_6733_391_trimmed_bismark_bt2.CpG",2141,1779,362,2141
"9392","07_report/CpG_context_sampling_6733_392_trimmed_bismark_bt2.CpG",2109,1776,333,2109
"9393","07_report/CpG_context_sampling_6733_393_trimmed_bismark_bt2.CpG",2141,1773,368,2141
"9394","07_report/CpG_context_sampling_6733_394_trimmed_bismark_bt2.CpG",2160,1798,362,2160
"9395","07_report/CpG_context_sampling_6733_395_trimmed_bismark_bt2.CpG",2176,1793,383,2176
"9396","07_report/CpG_context_sampling_6733_396_trimmed_bismark_bt2.CpG",2184,1776,408,2184
"9397","07_report/CpG_context_sampling_6733_397_trimmed_bismark_bt2.CpG",2232,1891,341,2232
"9398","07_report/CpG_context_sampling_6733_398_trimmed_bismark_bt2.CpG",2182,1834,348,2182
"9399","07_report/CpG_context_sampling_6733_399_trimmed_bismark_bt2.CpG",2094,1759,335,2094
"9400","07_report/CpG_context_sampling_6733_400_trimmed_bismark_bt2.CpG",2178,1807,371,2178
"9401","07_report/CpG_context_sampling_6733_401_trimmed_bismark_bt2.CpG",2122,1793,329,2122
"9402","07_report/CpG_context_sampling_6733_402_trimmed_bismark_bt2.CpG",2203,1806,397,2203
"9403","07_report/CpG_context_sampling_6733_403_trimmed_bismark_bt2.CpG",2204,1856,348,2204
"9404","07_report/CpG_context_sampling_6733_404_trimmed_bismark_bt2.CpG",2159,1812,347,2159
"9405","07_report/CpG_context_sampling_6733_405_trimmed_bismark_bt2.CpG",2130,1786,344,2130
"9406","07_report/CpG_context_sampling_6733_406_trimmed_bismark_bt2.CpG",2156,1823,333,2156
"9407","07_report/CpG_context_sampling_6733_407_trimmed_bismark_bt2.CpG",2219,1850,369,2219
"9408","07_report/CpG_context_sampling_6733_408_trimmed_bismark_bt2.CpG",2242,1869,373,2242
"9409","07_report/CpG_context_sampling_6733_409_trimmed_bismark_bt2.CpG",2194,1848,346,2194
"9410","07_report/CpG_context_sampling_6733_410_trimmed_bismark_bt2.CpG",2176,1795,381,2176
"9411","07_report/CpG_context_sampling_6733_411_trimmed_bismark_bt2.CpG",2192,1801,391,2192
"9412","07_report/CpG_context_sampling_6733_412_trimmed_bismark_bt2.CpG",2199,1861,338,2199
"9413","07_report/CpG_context_sampling_6733_413_trimmed_bismark_bt2.CpG",2174,1808,366,2174
"9414","07_report/CpG_context_sampling_6733_414_trimmed_bismark_bt2.CpG",2213,1858,355,2213
"9415","07_report/CpG_context_sampling_6733_415_trimmed_bismark_bt2.CpG",2132,1777,355,2132
"9416","07_report/CpG_context_sampling_6733_416_trimmed_bismark_bt2.CpG",2177,1814,363,2177
"9417","07_report/CpG_context_sampling_6733_417_trimmed_bismark_bt2.CpG",2161,1813,348,2161
"9418","07_report/CpG_context_sampling_6733_418_trimmed_bismark_bt2.CpG",2200,1856,344,2200
"9419","07_report/CpG_context_sampling_6733_419_trimmed_bismark_bt2.CpG",2192,1820,372,2192
"9420","07_report/CpG_context_sampling_6733_420_trimmed_bismark_bt2.CpG",2081,1718,363,2081
"9421","07_report/CpG_context_sampling_6733_421_trimmed_bismark_bt2.CpG",2148,1760,388,2148
"9422","07_report/CpG_context_sampling_6733_422_trimmed_bismark_bt2.CpG",2071,1716,355,2071
"9423","07_report/CpG_context_sampling_6733_423_trimmed_bismark_bt2.CpG",2153,1794,359,2153
"9424","07_report/CpG_context_sampling_6733_424_trimmed_bismark_bt2.CpG",2132,1756,376,2132
"9425","07_report/CpG_context_sampling_6733_425_trimmed_bismark_bt2.CpG",2235,1858,377,2235
"9426","07_report/CpG_context_sampling_6733_426_trimmed_bismark_bt2.CpG",2184,1820,364,2184
"9427","07_report/CpG_context_sampling_6733_427_trimmed_bismark_bt2.CpG",2104,1758,346,2104
"9428","07_report/CpG_context_sampling_6733_428_trimmed_bismark_bt2.CpG",2183,1834,349,2183
"9429","07_report/CpG_context_sampling_6733_429_trimmed_bismark_bt2.CpG",2164,1793,371,2164
"9430","07_report/CpG_context_sampling_6733_430_trimmed_bismark_bt2.CpG",2199,1818,381,2199
"9431","07_report/CpG_context_sampling_6733_431_trimmed_bismark_bt2.CpG",2119,1747,372,2119
"9432","07_report/CpG_context_sampling_6733_432_trimmed_bismark_bt2.CpG",2135,1771,364,2135
"9433","07_report/CpG_context_sampling_6733_433_trimmed_bismark_bt2.CpG",2184,1837,347,2184
"9434","07_report/CpG_context_sampling_6733_434_trimmed_bismark_bt2.CpG",2221,1852,369,2221
"9435","07_report/CpG_context_sampling_6733_435_trimmed_bismark_bt2.CpG",2120,1721,399,2120
"9436","07_report/CpG_context_sampling_6733_436_trimmed_bismark_bt2.CpG",2169,1807,362,2169
"9437","07_report/CpG_context_sampling_6733_437_trimmed_bismark_bt2.CpG",2217,1834,383,2217
"9438","07_report/CpG_context_sampling_6733_438_trimmed_bismark_bt2.CpG",2190,1806,384,2190
"9439","07_report/CpG_context_sampling_6733_439_trimmed_bismark_bt2.CpG",2201,1840,361,2201
"9440","07_report/CpG_context_sampling_6733_440_trimmed_bismark_bt2.CpG",2182,1811,371,2182
"9441","07_report/CpG_context_sampling_6733_441_trimmed_bismark_bt2.CpG",2128,1774,354,2128
"9442","07_report/CpG_context_sampling_6733_442_trimmed_bismark_bt2.CpG",2181,1780,401,2181
"9443","07_report/CpG_context_sampling_6733_443_trimmed_bismark_bt2.CpG",2128,1780,348,2128
"9444","07_report/CpG_context_sampling_6733_444_trimmed_bismark_bt2.CpG",2158,1802,356,2158
"9445","07_report/CpG_context_sampling_6733_445_trimmed_bismark_bt2.CpG",2177,1823,354,2177
"9446","07_report/CpG_context_sampling_6733_446_trimmed_bismark_bt2.CpG",2139,1785,354,2139
"9447","07_report/CpG_context_sampling_6733_447_trimmed_bismark_bt2.CpG",2167,1804,363,2167
"9448","07_report/CpG_context_sampling_6733_448_trimmed_bismark_bt2.CpG",2128,1771,357,2128
"9449","07_report/CpG_context_sampling_6733_449_trimmed_bismark_bt2.CpG",2200,1818,382,2200
"9450","07_report/CpG_context_sampling_6733_450_trimmed_bismark_bt2.CpG",2169,1811,358,2169
"9451","07_report/CpG_context_sampling_6733_451_trimmed_bismark_bt2.CpG",2228,1863,365,2228
"9452","07_report/CpG_context_sampling_6733_452_trimmed_bismark_bt2.CpG",2196,1859,337,2196
"9453","07_report/CpG_context_sampling_6733_453_trimmed_bismark_bt2.CpG",2186,1819,367,2186
"9454","07_report/CpG_context_sampling_6733_454_trimmed_bismark_bt2.CpG",2217,1860,357,2217
"9455","07_report/CpG_context_sampling_6733_455_trimmed_bismark_bt2.CpG",2136,1748,388,2136
"9456","07_report/CpG_context_sampling_6733_456_trimmed_bismark_bt2.CpG",2154,1798,356,2154
"9457","07_report/CpG_context_sampling_6733_457_trimmed_bismark_bt2.CpG",2198,1837,361,2198
"9458","07_report/CpG_context_sampling_6733_458_trimmed_bismark_bt2.CpG",2131,1767,364,2131
"9459","07_report/CpG_context_sampling_6733_459_trimmed_bismark_bt2.CpG",2176,1789,387,2176
"9460","07_report/CpG_context_sampling_6733_460_trimmed_bismark_bt2.CpG",2170,1826,344,2170
"9461","07_report/CpG_context_sampling_6733_461_trimmed_bismark_bt2.CpG",2229,1871,358,2229
"9462","07_report/CpG_context_sampling_6733_462_trimmed_bismark_bt2.CpG",2185,1815,370,2185
"9463","07_report/CpG_context_sampling_6733_463_trimmed_bismark_bt2.CpG",2202,1850,352,2202
"9464","07_report/CpG_context_sampling_6733_464_trimmed_bismark_bt2.CpG",2192,1805,387,2192
"9465","07_report/CpG_context_sampling_6733_465_trimmed_bismark_bt2.CpG",2146,1766,380,2146
"9466","07_report/CpG_context_sampling_6733_466_trimmed_bismark_bt2.CpG",2180,1801,379,2180
"9467","07_report/CpG_context_sampling_6733_467_trimmed_bismark_bt2.CpG",2219,1853,366,2219
"9468","07_report/CpG_context_sampling_6733_468_trimmed_bismark_bt2.CpG",2223,1823,400,2223
"9469","07_report/CpG_context_sampling_6733_469_trimmed_bismark_bt2.CpG",2228,1853,375,2228
"9470","07_report/CpG_context_sampling_6733_470_trimmed_bismark_bt2.CpG",2113,1771,342,2113
"9471","07_report/CpG_context_sampling_6733_471_trimmed_bismark_bt2.CpG",2198,1847,351,2198
"9472","07_report/CpG_context_sampling_6733_472_trimmed_bismark_bt2.CpG",2260,1879,381,2260
"9473","07_report/CpG_context_sampling_6733_473_trimmed_bismark_bt2.CpG",2167,1793,374,2167
"9474","07_report/CpG_context_sampling_6733_474_trimmed_bismark_bt2.CpG",2208,1829,379,2208
"9475","07_report/CpG_context_sampling_6733_475_trimmed_bismark_bt2.CpG",2215,1859,356,2215
"9476","07_report/CpG_context_sampling_6733_476_trimmed_bismark_bt2.CpG",2192,1845,347,2192
"9477","07_report/CpG_context_sampling_6733_477_trimmed_bismark_bt2.CpG",2171,1795,376,2171
"9478","07_report/CpG_context_sampling_6733_478_trimmed_bismark_bt2.CpG",2212,1780,432,2212
"9479","07_report/CpG_context_sampling_6733_479_trimmed_bismark_bt2.CpG",2157,1804,353,2157
"9480","07_report/CpG_context_sampling_6733_480_trimmed_bismark_bt2.CpG",2141,1766,375,2141
"9481","07_report/CpG_context_sampling_6733_481_trimmed_bismark_bt2.CpG",2176,1789,387,2176
"9482","07_report/CpG_context_sampling_6733_482_trimmed_bismark_bt2.CpG",2133,1802,331,2133
"9483","07_report/CpG_context_sampling_6733_483_trimmed_bismark_bt2.CpG",2152,1756,396,2152
"9484","07_report/CpG_context_sampling_6733_484_trimmed_bismark_bt2.CpG",2169,1799,370,2169
"9485","07_report/CpG_context_sampling_6733_485_trimmed_bismark_bt2.CpG",2205,1823,382,2205
"9486","07_report/CpG_context_sampling_6733_486_trimmed_bismark_bt2.CpG",2148,1787,361,2148
"9487","07_report/CpG_context_sampling_6733_487_trimmed_bismark_bt2.CpG",2187,1842,345,2187
"9488","07_report/CpG_context_sampling_6733_488_trimmed_bismark_bt2.CpG",2095,1751,344,2095
"9489","07_report/CpG_context_sampling_6733_489_trimmed_bismark_bt2.CpG",2173,1811,362,2173
"9490","07_report/CpG_context_sampling_6733_490_trimmed_bismark_bt2.CpG",2184,1820,364,2184
"9491","07_report/CpG_context_sampling_6733_491_trimmed_bismark_bt2.CpG",2188,1817,371,2188
"9492","07_report/CpG_context_sampling_6733_492_trimmed_bismark_bt2.CpG",2178,1830,348,2178
"9493","07_report/CpG_context_sampling_6733_493_trimmed_bismark_bt2.CpG",2252,1889,363,2252
"9494","07_report/CpG_context_sampling_6733_494_trimmed_bismark_bt2.CpG",2212,1854,358,2212
"9495","07_report/CpG_context_sampling_6733_495_trimmed_bismark_bt2.CpG",2237,1852,385,2237
"9496","07_report/CpG_context_sampling_6733_496_trimmed_bismark_bt2.CpG",2234,1850,384,2234
"9497","07_report/CpG_context_sampling_6733_497_trimmed_bismark_bt2.CpG",2138,1763,375,2138
"9498","07_report/CpG_context_sampling_6733_498_trimmed_bismark_bt2.CpG",2109,1757,352,2109
"9499","07_report/CpG_context_sampling_6733_499_trimmed_bismark_bt2.CpG",2135,1727,408,2135
"9500","07_report/CpG_context_sampling_6733_500_trimmed_bismark_bt2.CpG",2167,1799,368,2167
"9501","07_report/CpG_context_sampling_6733_501_trimmed_bismark_bt2.CpG",2185,1828,357,2185
"9502","07_report/CpG_context_sampling_6733_502_trimmed_bismark_bt2.CpG",2211,1811,400,2211
"9503","07_report/CpG_context_sampling_6733_503_trimmed_bismark_bt2.CpG",2131,1790,341,2131
"9504","07_report/CpG_context_sampling_6733_504_trimmed_bismark_bt2.CpG",2131,1724,407,2131
"9505","07_report/CpG_context_sampling_6733_505_trimmed_bismark_bt2.CpG",2146,1799,347,2146
"9506","07_report/CpG_context_sampling_6733_506_trimmed_bismark_bt2.CpG",2195,1797,398,2195
"9507","07_report/CpG_context_sampling_6733_507_trimmed_bismark_bt2.CpG",2174,1820,354,2174
"9508","07_report/CpG_context_sampling_6733_508_trimmed_bismark_bt2.CpG",2126,1738,388,2126
"9509","07_report/CpG_context_sampling_6733_509_trimmed_bismark_bt2.CpG",2210,1835,375,2210
"9510","07_report/CpG_context_sampling_6733_510_trimmed_bismark_bt2.CpG",2153,1771,382,2153
"9511","07_report/CpG_context_sampling_6733_511_trimmed_bismark_bt2.CpG",2135,1786,349,2135
"9512","07_report/CpG_context_sampling_6733_512_trimmed_bismark_bt2.CpG",2147,1761,386,2147
"9513","07_report/CpG_context_sampling_6733_513_trimmed_bismark_bt2.CpG",2142,1803,339,2142
"9514","07_report/CpG_context_sampling_6733_514_trimmed_bismark_bt2.CpG",2238,1871,367,2238
"9515","07_report/CpG_context_sampling_6733_515_trimmed_bismark_bt2.CpG",2175,1799,376,2175
"9516","07_report/CpG_context_sampling_6733_516_trimmed_bismark_bt2.CpG",2192,1817,375,2192
"9517","07_report/CpG_context_sampling_6733_517_trimmed_bismark_bt2.CpG",2185,1817,368,2185
"9518","07_report/CpG_context_sampling_6733_518_trimmed_bismark_bt2.CpG",2183,1820,363,2183
"9519","07_report/CpG_context_sampling_6733_519_trimmed_bismark_bt2.CpG",2178,1843,335,2178
"9520","07_report/CpG_context_sampling_6733_520_trimmed_bismark_bt2.CpG",2189,1818,371,2189
"9521","07_report/CpG_context_sampling_6733_521_trimmed_bismark_bt2.CpG",2220,1830,390,2220
"9522","07_report/CpG_context_sampling_6733_522_trimmed_bismark_bt2.CpG",2285,1902,383,2285
"9523","07_report/CpG_context_sampling_6733_523_trimmed_bismark_bt2.CpG",2111,1767,344,2111
"9524","07_report/CpG_context_sampling_6733_524_trimmed_bismark_bt2.CpG",2186,1803,383,2186
"9525","07_report/CpG_context_sampling_6733_525_trimmed_bismark_bt2.CpG",2168,1799,369,2168
"9526","07_report/CpG_context_sampling_6733_526_trimmed_bismark_bt2.CpG",2200,1853,347,2200
"9527","07_report/CpG_context_sampling_6733_527_trimmed_bismark_bt2.CpG",2147,1801,346,2147
"9528","07_report/CpG_context_sampling_6733_528_trimmed_bismark_bt2.CpG",2208,1838,370,2208
"9529","07_report/CpG_context_sampling_6733_529_trimmed_bismark_bt2.CpG",2234,1859,375,2234
"9530","07_report/CpG_context_sampling_6733_530_trimmed_bismark_bt2.CpG",2144,1780,364,2144
"9531","07_report/CpG_context_sampling_6733_531_trimmed_bismark_bt2.CpG",2182,1849,333,2182
"9532","07_report/CpG_context_sampling_6733_532_trimmed_bismark_bt2.CpG",2156,1798,358,2156
"9533","07_report/CpG_context_sampling_6733_533_trimmed_bismark_bt2.CpG",2190,1815,375,2190
"9534","07_report/CpG_context_sampling_6733_534_trimmed_bismark_bt2.CpG",2190,1805,385,2190
"9535","07_report/CpG_context_sampling_6733_535_trimmed_bismark_bt2.CpG",2182,1810,372,2182
"9536","07_report/CpG_context_sampling_6733_536_trimmed_bismark_bt2.CpG",2199,1818,381,2199
"9537","07_report/CpG_context_sampling_6733_537_trimmed_bismark_bt2.CpG",2227,1839,388,2227
"9538","07_report/CpG_context_sampling_6733_538_trimmed_bismark_bt2.CpG",2116,1778,338,2116
"9539","07_report/CpG_context_sampling_6733_539_trimmed_bismark_bt2.CpG",2178,1817,361,2178
"9540","07_report/CpG_context_sampling_6733_540_trimmed_bismark_bt2.CpG",2190,1808,382,2190
"9541","07_report/CpG_context_sampling_6733_541_trimmed_bismark_bt2.CpG",2162,1815,347,2162
"9542","07_report/CpG_context_sampling_6733_542_trimmed_bismark_bt2.CpG",2178,1791,387,2178
"9543","07_report/CpG_context_sampling_6733_543_trimmed_bismark_bt2.CpG",2180,1782,398,2180
"9544","07_report/CpG_context_sampling_6733_544_trimmed_bismark_bt2.CpG",2139,1767,372,2139
"9545","07_report/CpG_context_sampling_6733_545_trimmed_bismark_bt2.CpG",2230,1864,366,2230
"9546","07_report/CpG_context_sampling_6733_546_trimmed_bismark_bt2.CpG",2116,1762,354,2116
"9547","07_report/CpG_context_sampling_6733_547_trimmed_bismark_bt2.CpG",2182,1825,357,2182
"9548","07_report/CpG_context_sampling_6733_548_trimmed_bismark_bt2.CpG",2142,1766,376,2142
"9549","07_report/CpG_context_sampling_6733_549_trimmed_bismark_bt2.CpG",2237,1855,382,2237
"9550","07_report/CpG_context_sampling_6733_550_trimmed_bismark_bt2.CpG",2146,1786,360,2146
"9551","07_report/CpG_context_sampling_6733_551_trimmed_bismark_bt2.CpG",2197,1809,388,2197
"9552","07_report/CpG_context_sampling_6733_552_trimmed_bismark_bt2.CpG",2155,1815,340,2155
"9553","07_report/CpG_context_sampling_6733_553_trimmed_bismark_bt2.CpG",2217,1820,397,2217
"9554","07_report/CpG_context_sampling_6733_554_trimmed_bismark_bt2.CpG",2186,1818,368,2186
"9555","07_report/CpG_context_sampling_6733_555_trimmed_bismark_bt2.CpG",2233,1898,335,2233
"9556","07_report/CpG_context_sampling_6733_556_trimmed_bismark_bt2.CpG",2213,1835,378,2213
"9557","07_report/CpG_context_sampling_6733_557_trimmed_bismark_bt2.CpG",2153,1759,394,2153
"9558","07_report/CpG_context_sampling_6733_558_trimmed_bismark_bt2.CpG",2223,1838,385,2223
"9559","07_report/CpG_context_sampling_6733_559_trimmed_bismark_bt2.CpG",2200,1808,392,2200
"9560","07_report/CpG_context_sampling_6733_560_trimmed_bismark_bt2.CpG",2128,1759,369,2128
"9561","07_report/CpG_context_sampling_6733_561_trimmed_bismark_bt2.CpG",2157,1790,367,2157
"9562","07_report/CpG_context_sampling_6733_562_trimmed_bismark_bt2.CpG",2155,1767,388,2155
"9563","07_report/CpG_context_sampling_6733_563_trimmed_bismark_bt2.CpG",2210,1850,360,2210
"9564","07_report/CpG_context_sampling_6733_564_trimmed_bismark_bt2.CpG",2172,1792,380,2172
"9565","07_report/CpG_context_sampling_6733_565_trimmed_bismark_bt2.CpG",2181,1843,338,2181
"9566","07_report/CpG_context_sampling_6733_566_trimmed_bismark_bt2.CpG",2197,1781,416,2197
"9567","07_report/CpG_context_sampling_6733_567_trimmed_bismark_bt2.CpG",2232,1844,388,2232
"9568","07_report/CpG_context_sampling_6733_568_trimmed_bismark_bt2.CpG",2209,1833,376,2209
"9569","07_report/CpG_context_sampling_6733_569_trimmed_bismark_bt2.CpG",2204,1836,368,2204
"9570","07_report/CpG_context_sampling_6733_570_trimmed_bismark_bt2.CpG",2200,1847,353,2200
"9571","07_report/CpG_context_sampling_6733_571_trimmed_bismark_bt2.CpG",2252,1867,385,2252
"9572","07_report/CpG_context_sampling_6733_572_trimmed_bismark_bt2.CpG",2200,1852,348,2200
"9573","07_report/CpG_context_sampling_6733_573_trimmed_bismark_bt2.CpG",2191,1829,362,2191
"9574","07_report/CpG_context_sampling_6733_574_trimmed_bismark_bt2.CpG",2173,1792,381,2173
"9575","07_report/CpG_context_sampling_6733_575_trimmed_bismark_bt2.CpG",2139,1781,358,2139
"9576","07_report/CpG_context_sampling_6733_576_trimmed_bismark_bt2.CpG",2208,1823,385,2208
"9577","07_report/CpG_context_sampling_6733_577_trimmed_bismark_bt2.CpG",2236,1828,408,2236
"9578","07_report/CpG_context_sampling_6733_578_trimmed_bismark_bt2.CpG",2191,1794,397,2191
"9579","07_report/CpG_context_sampling_6733_579_trimmed_bismark_bt2.CpG",2265,1892,373,2265
"9580","07_report/CpG_context_sampling_6733_580_trimmed_bismark_bt2.CpG",2170,1813,357,2170
"9581","07_report/CpG_context_sampling_6733_581_trimmed_bismark_bt2.CpG",2184,1819,365,2184
"9582","07_report/CpG_context_sampling_6733_582_trimmed_bismark_bt2.CpG",2209,1849,360,2209
"9583","07_report/CpG_context_sampling_6733_583_trimmed_bismark_bt2.CpG",2202,1821,381,2202
"9584","07_report/CpG_context_sampling_6733_584_trimmed_bismark_bt2.CpG",2201,1856,345,2201
"9585","07_report/CpG_context_sampling_6733_585_trimmed_bismark_bt2.CpG",2193,1808,385,2193
"9586","07_report/CpG_context_sampling_6733_586_trimmed_bismark_bt2.CpG",2237,1866,371,2237
"9587","07_report/CpG_context_sampling_6733_587_trimmed_bismark_bt2.CpG",2181,1832,349,2181
"9588","07_report/CpG_context_sampling_6733_588_trimmed_bismark_bt2.CpG",2084,1725,359,2084
"9589","07_report/CpG_context_sampling_6733_589_trimmed_bismark_bt2.CpG",2129,1792,337,2129
"9590","07_report/CpG_context_sampling_6733_590_trimmed_bismark_bt2.CpG",2070,1709,361,2070
"9591","07_report/CpG_context_sampling_6733_591_trimmed_bismark_bt2.CpG",2135,1759,376,2135
"9592","07_report/CpG_context_sampling_6733_592_trimmed_bismark_bt2.CpG",2179,1824,355,2179
"9593","07_report/CpG_context_sampling_6733_593_trimmed_bismark_bt2.CpG",2216,1807,409,2216
"9594","07_report/CpG_context_sampling_6733_594_trimmed_bismark_bt2.CpG",2131,1778,353,2131
"9595","07_report/CpG_context_sampling_6733_595_trimmed_bismark_bt2.CpG",2196,1809,387,2196
"9596","07_report/CpG_context_sampling_6733_596_trimmed_bismark_bt2.CpG",2227,1859,368,2227
"9597","07_report/CpG_context_sampling_6733_597_trimmed_bismark_bt2.CpG",2178,1775,403,2178
"9598","07_report/CpG_context_sampling_6733_598_trimmed_bismark_bt2.CpG",2156,1787,369,2156
"9599","07_report/CpG_context_sampling_6733_599_trimmed_bismark_bt2.CpG",2233,1835,398,2233
"9600","07_report/CpG_context_sampling_6733_600_trimmed_bismark_bt2.CpG",2126,1796,330,2126
"9601","07_report/CpG_context_sampling_6733_601_trimmed_bismark_bt2.CpG",2259,1903,356,2259
"9602","07_report/CpG_context_sampling_6733_602_trimmed_bismark_bt2.CpG",2175,1795,380,2175
"9603","07_report/CpG_context_sampling_6733_603_trimmed_bismark_bt2.CpG",2175,1780,395,2175
"9604","07_report/CpG_context_sampling_6733_604_trimmed_bismark_bt2.CpG",2109,1741,368,2109
"9605","07_report/CpG_context_sampling_6733_605_trimmed_bismark_bt2.CpG",2177,1815,362,2177
"9606","07_report/CpG_context_sampling_6733_606_trimmed_bismark_bt2.CpG",2223,1860,363,2223
"9607","07_report/CpG_context_sampling_6733_607_trimmed_bismark_bt2.CpG",2206,1831,375,2206
"9608","07_report/CpG_context_sampling_6733_608_trimmed_bismark_bt2.CpG",2211,1826,385,2211
"9609","07_report/CpG_context_sampling_6733_609_trimmed_bismark_bt2.CpG",2135,1748,387,2135
"9610","07_report/CpG_context_sampling_6733_610_trimmed_bismark_bt2.CpG",2148,1783,365,2148
"9611","07_report/CpG_context_sampling_6733_611_trimmed_bismark_bt2.CpG",2156,1786,370,2156
"9612","07_report/CpG_context_sampling_6733_612_trimmed_bismark_bt2.CpG",2191,1821,370,2191
"9613","07_report/CpG_context_sampling_6733_613_trimmed_bismark_bt2.CpG",2218,1852,366,2218
"9614","07_report/CpG_context_sampling_6733_614_trimmed_bismark_bt2.CpG",2094,1747,347,2094
"9615","07_report/CpG_context_sampling_6733_615_trimmed_bismark_bt2.CpG",2147,1756,391,2147
"9616","07_report/CpG_context_sampling_6733_616_trimmed_bismark_bt2.CpG",2168,1815,353,2168
"9617","07_report/CpG_context_sampling_6733_617_trimmed_bismark_bt2.CpG",2165,1815,350,2165
"9618","07_report/CpG_context_sampling_6733_618_trimmed_bismark_bt2.CpG",2177,1800,377,2177
"9619","07_report/CpG_context_sampling_6733_619_trimmed_bismark_bt2.CpG",2171,1810,361,2171
"9620","07_report/CpG_context_sampling_6733_620_trimmed_bismark_bt2.CpG",2213,1841,372,2213
"9621","07_report/CpG_context_sampling_6733_621_trimmed_bismark_bt2.CpG",2167,1809,358,2167
"9622","07_report/CpG_context_sampling_6733_622_trimmed_bismark_bt2.CpG",2179,1809,370,2179
"9623","07_report/CpG_context_sampling_6733_623_trimmed_bismark_bt2.CpG",2134,1771,363,2134
"9624","07_report/CpG_context_sampling_6733_624_trimmed_bismark_bt2.CpG",2138,1767,371,2138
"9625","07_report/CpG_context_sampling_6733_625_trimmed_bismark_bt2.CpG",2117,1773,344,2117
"9626","07_report/CpG_context_sampling_6733_626_trimmed_bismark_bt2.CpG",2054,1722,332,2054
"9627","07_report/CpG_context_sampling_6733_627_trimmed_bismark_bt2.CpG",2185,1822,363,2185
"9628","07_report/CpG_context_sampling_6733_628_trimmed_bismark_bt2.CpG",2181,1767,414,2181
"9629","07_report/CpG_context_sampling_6733_629_trimmed_bismark_bt2.CpG",2186,1820,366,2186
"9630","07_report/CpG_context_sampling_6733_630_trimmed_bismark_bt2.CpG",2169,1797,372,2169
"9631","07_report/CpG_context_sampling_6733_631_trimmed_bismark_bt2.CpG",2178,1775,403,2178
"9632","07_report/CpG_context_sampling_6733_632_trimmed_bismark_bt2.CpG",2189,1817,372,2189
"9633","07_report/CpG_context_sampling_6733_633_trimmed_bismark_bt2.CpG",2274,1871,403,2274
"9634","07_report/CpG_context_sampling_6733_634_trimmed_bismark_bt2.CpG",2152,1808,344,2152
"9635","07_report/CpG_context_sampling_6733_635_trimmed_bismark_bt2.CpG",2173,1827,346,2173
"9636","07_report/CpG_context_sampling_6733_636_trimmed_bismark_bt2.CpG",2127,1755,372,2127
"9637","07_report/CpG_context_sampling_6733_637_trimmed_bismark_bt2.CpG",2130,1780,350,2130
"9638","07_report/CpG_context_sampling_6733_638_trimmed_bismark_bt2.CpG",2209,1804,405,2209
"9639","07_report/CpG_context_sampling_6733_639_trimmed_bismark_bt2.CpG",2188,1799,389,2188
"9640","07_report/CpG_context_sampling_6733_640_trimmed_bismark_bt2.CpG",2196,1849,347,2196
"9641","07_report/CpG_context_sampling_6733_641_trimmed_bismark_bt2.CpG",2173,1811,362,2173
"9642","07_report/CpG_context_sampling_6733_642_trimmed_bismark_bt2.CpG",2166,1787,379,2166
"9643","07_report/CpG_context_sampling_6733_643_trimmed_bismark_bt2.CpG",2169,1797,372,2169
"9644","07_report/CpG_context_sampling_6733_644_trimmed_bismark_bt2.CpG",2196,1807,389,2196
"9645","07_report/CpG_context_sampling_6733_645_trimmed_bismark_bt2.CpG",2215,1827,388,2215
"9646","07_report/CpG_context_sampling_6733_646_trimmed_bismark_bt2.CpG",2177,1807,370,2177
"9647","07_report/CpG_context_sampling_6733_647_trimmed_bismark_bt2.CpG",2195,1804,391,2195
"9648","07_report/CpG_context_sampling_6733_648_trimmed_bismark_bt2.CpG",2199,1838,361,2199
"9649","07_report/CpG_context_sampling_6733_649_trimmed_bismark_bt2.CpG",2189,1783,406,2189
"9650","07_report/CpG_context_sampling_6733_650_trimmed_bismark_bt2.CpG",2284,1918,366,2284
"9651","07_report/CpG_context_sampling_6733_651_trimmed_bismark_bt2.CpG",2219,1828,391,2219
"9652","07_report/CpG_context_sampling_6733_652_trimmed_bismark_bt2.CpG",2199,1834,365,2199
"9653","07_report/CpG_context_sampling_6733_653_trimmed_bismark_bt2.CpG",2184,1808,376,2184
"9654","07_report/CpG_context_sampling_6733_654_trimmed_bismark_bt2.CpG",2168,1831,337,2168
"9655","07_report/CpG_context_sampling_6733_655_trimmed_bismark_bt2.CpG",2170,1800,370,2170
"9656","07_report/CpG_context_sampling_6733_656_trimmed_bismark_bt2.CpG",2177,1826,351,2177
"9657","07_report/CpG_context_sampling_6733_657_trimmed_bismark_bt2.CpG",2193,1839,354,2193
"9658","07_report/CpG_context_sampling_6733_658_trimmed_bismark_bt2.CpG",2123,1759,364,2123
"9659","07_report/CpG_context_sampling_6733_659_trimmed_bismark_bt2.CpG",2190,1808,382,2190
"9660","07_report/CpG_context_sampling_6733_660_trimmed_bismark_bt2.CpG",2163,1766,397,2163
"9661","07_report/CpG_context_sampling_6733_661_trimmed_bismark_bt2.CpG",2156,1788,368,2156
"9662","07_report/CpG_context_sampling_6733_662_trimmed_bismark_bt2.CpG",2202,1856,346,2202
"9663","07_report/CpG_context_sampling_6733_663_trimmed_bismark_bt2.CpG",2141,1779,362,2141
"9664","07_report/CpG_context_sampling_6733_664_trimmed_bismark_bt2.CpG",2176,1791,385,2176
"9665","07_report/CpG_context_sampling_6733_665_trimmed_bismark_bt2.CpG",2203,1798,405,2203
"9666","07_report/CpG_context_sampling_6733_666_trimmed_bismark_bt2.CpG",2260,1875,385,2260
"9667","07_report/CpG_context_sampling_6733_667_trimmed_bismark_bt2.CpG",2157,1780,377,2157
"9668","07_report/CpG_context_sampling_6733_668_trimmed_bismark_bt2.CpG",2204,1808,396,2204
"9669","07_report/CpG_context_sampling_6733_669_trimmed_bismark_bt2.CpG",2258,1884,374,2258
"9670","07_report/CpG_context_sampling_6733_670_trimmed_bismark_bt2.CpG",2190,1825,365,2190
"9671","07_report/CpG_context_sampling_6733_671_trimmed_bismark_bt2.CpG",2208,1842,366,2208
"9672","07_report/CpG_context_sampling_6733_672_trimmed_bismark_bt2.CpG",2211,1822,389,2211
"9673","07_report/CpG_context_sampling_6733_673_trimmed_bismark_bt2.CpG",2142,1780,362,2142
"9674","07_report/CpG_context_sampling_6733_674_trimmed_bismark_bt2.CpG",2195,1813,382,2195
"9675","07_report/CpG_context_sampling_6733_675_trimmed_bismark_bt2.CpG",2154,1789,365,2154
"9676","07_report/CpG_context_sampling_6733_676_trimmed_bismark_bt2.CpG",2221,1868,353,2221
"9677","07_report/CpG_context_sampling_6733_677_trimmed_bismark_bt2.CpG",2155,1801,354,2155
"9678","07_report/CpG_context_sampling_6733_678_trimmed_bismark_bt2.CpG",2170,1805,365,2170
"9679","07_report/CpG_context_sampling_6733_679_trimmed_bismark_bt2.CpG",2128,1801,327,2128
"9680","07_report/CpG_context_sampling_6733_680_trimmed_bismark_bt2.CpG",2135,1771,364,2135
"9681","07_report/CpG_context_sampling_6733_681_trimmed_bismark_bt2.CpG",2163,1812,351,2163
"9682","07_report/CpG_context_sampling_6733_682_trimmed_bismark_bt2.CpG",2175,1784,391,2175
"9683","07_report/CpG_context_sampling_6733_683_trimmed_bismark_bt2.CpG",2153,1786,367,2153
"9684","07_report/CpG_context_sampling_6733_684_trimmed_bismark_bt2.CpG",2218,1841,377,2218
"9685","07_report/CpG_context_sampling_6733_685_trimmed_bismark_bt2.CpG",2141,1770,371,2141
"9686","07_report/CpG_context_sampling_6733_686_trimmed_bismark_bt2.CpG",2210,1832,378,2210
"9687","07_report/CpG_context_sampling_6733_687_trimmed_bismark_bt2.CpG",2202,1831,371,2202
"9688","07_report/CpG_context_sampling_6733_688_trimmed_bismark_bt2.CpG",2099,1775,324,2099
"9689","07_report/CpG_context_sampling_6733_689_trimmed_bismark_bt2.CpG",2194,1803,391,2194
"9690","07_report/CpG_context_sampling_6733_690_trimmed_bismark_bt2.CpG",2182,1791,391,2182
"9691","07_report/CpG_context_sampling_6733_691_trimmed_bismark_bt2.CpG",2212,1852,360,2212
"9692","07_report/CpG_context_sampling_6733_692_trimmed_bismark_bt2.CpG",2183,1814,369,2183
"9693","07_report/CpG_context_sampling_6733_693_trimmed_bismark_bt2.CpG",2185,1802,383,2185
"9694","07_report/CpG_context_sampling_6733_694_trimmed_bismark_bt2.CpG",2178,1825,353,2178
"9695","07_report/CpG_context_sampling_6733_695_trimmed_bismark_bt2.CpG",2166,1808,358,2166
"9696","07_report/CpG_context_sampling_6733_696_trimmed_bismark_bt2.CpG",2207,1828,379,2207
"9697","07_report/CpG_context_sampling_6733_697_trimmed_bismark_bt2.CpG",2222,1841,381,2222
"9698","07_report/CpG_context_sampling_6733_698_trimmed_bismark_bt2.CpG",2146,1776,370,2146
"9699","07_report/CpG_context_sampling_6733_699_trimmed_bismark_bt2.CpG",2149,1792,357,2149
"9700","07_report/CpG_context_sampling_6733_700_trimmed_bismark_bt2.CpG",2187,1804,383,2187
"9701","07_report/CpG_context_sampling_6733_701_trimmed_bismark_bt2.CpG",2177,1838,339,2177
"9702","07_report/CpG_context_sampling_6733_702_trimmed_bismark_bt2.CpG",2166,1800,366,2166
"9703","07_report/CpG_context_sampling_6733_703_trimmed_bismark_bt2.CpG",2132,1736,396,2132
"9704","07_report/CpG_context_sampling_6733_704_trimmed_bismark_bt2.CpG",2184,1802,382,2184
"9705","07_report/CpG_context_sampling_6733_705_trimmed_bismark_bt2.CpG",2192,1826,366,2192
"9706","07_report/CpG_context_sampling_6733_706_trimmed_bismark_bt2.CpG",2181,1810,371,2181
"9707","07_report/CpG_context_sampling_6733_707_trimmed_bismark_bt2.CpG",2226,1823,403,2226
"9708","07_report/CpG_context_sampling_6733_708_trimmed_bismark_bt2.CpG",2146,1781,365,2146
"9709","07_report/CpG_context_sampling_6733_709_trimmed_bismark_bt2.CpG",2146,1783,363,2146
"9710","07_report/CpG_context_sampling_6733_710_trimmed_bismark_bt2.CpG",2181,1820,361,2181
"9711","07_report/CpG_context_sampling_6733_711_trimmed_bismark_bt2.CpG",2205,1844,361,2205
"9712","07_report/CpG_context_sampling_6733_712_trimmed_bismark_bt2.CpG",2123,1774,349,2123
"9713","07_report/CpG_context_sampling_6733_713_trimmed_bismark_bt2.CpG",2192,1824,368,2192
"9714","07_report/CpG_context_sampling_6733_714_trimmed_bismark_bt2.CpG",2162,1792,370,2162
"9715","07_report/CpG_context_sampling_6733_715_trimmed_bismark_bt2.CpG",2222,1863,359,2222
"9716","07_report/CpG_context_sampling_6733_716_trimmed_bismark_bt2.CpG",2178,1787,391,2178
"9717","07_report/CpG_context_sampling_6733_717_trimmed_bismark_bt2.CpG",2125,1790,335,2125
"9718","07_report/CpG_context_sampling_6733_718_trimmed_bismark_bt2.CpG",2250,1860,390,2250
"9719","07_report/CpG_context_sampling_6733_719_trimmed_bismark_bt2.CpG",2107,1753,354,2107
"9720","07_report/CpG_context_sampling_6733_720_trimmed_bismark_bt2.CpG",2149,1765,384,2149
"9721","07_report/CpG_context_sampling_6733_721_trimmed_bismark_bt2.CpG",2233,1851,382,2233
"9722","07_report/CpG_context_sampling_6733_722_trimmed_bismark_bt2.CpG",2159,1813,346,2159
"9723","07_report/CpG_context_sampling_6733_723_trimmed_bismark_bt2.CpG",2181,1803,378,2181
"9724","07_report/CpG_context_sampling_6733_724_trimmed_bismark_bt2.CpG",2187,1816,371,2187
"9725","07_report/CpG_context_sampling_6733_725_trimmed_bismark_bt2.CpG",2237,1866,371,2237
"9726","07_report/CpG_context_sampling_6733_726_trimmed_bismark_bt2.CpG",2175,1785,390,2175
"9727","07_report/CpG_context_sampling_6733_727_trimmed_bismark_bt2.CpG",2109,1762,347,2109
"9728","07_report/CpG_context_sampling_6733_728_trimmed_bismark_bt2.CpG",2216,1826,390,2216
"9729","07_report/CpG_context_sampling_6733_729_trimmed_bismark_bt2.CpG",2215,1850,365,2215
"9730","07_report/CpG_context_sampling_6733_730_trimmed_bismark_bt2.CpG",2167,1795,372,2167
"9731","07_report/CpG_context_sampling_6733_731_trimmed_bismark_bt2.CpG",2185,1833,352,2185
"9732","07_report/CpG_context_sampling_6733_732_trimmed_bismark_bt2.CpG",2166,1796,370,2166
"9733","07_report/CpG_context_sampling_6733_733_trimmed_bismark_bt2.CpG",2191,1806,385,2191
"9734","07_report/CpG_context_sampling_6733_734_trimmed_bismark_bt2.CpG",2169,1786,383,2169
"9735","07_report/CpG_context_sampling_6733_735_trimmed_bismark_bt2.CpG",2188,1855,333,2188
"9736","07_report/CpG_context_sampling_6733_736_trimmed_bismark_bt2.CpG",2174,1788,386,2174
"9737","07_report/CpG_context_sampling_6733_737_trimmed_bismark_bt2.CpG",2189,1790,399,2189
"9738","07_report/CpG_context_sampling_6733_738_trimmed_bismark_bt2.CpG",2190,1810,380,2190
"9739","07_report/CpG_context_sampling_6733_739_trimmed_bismark_bt2.CpG",2126,1767,359,2126
"9740","07_report/CpG_context_sampling_6733_740_trimmed_bismark_bt2.CpG",2170,1803,367,2170
"9741","07_report/CpG_context_sampling_6733_741_trimmed_bismark_bt2.CpG",2183,1809,374,2183
"9742","07_report/CpG_context_sampling_6733_742_trimmed_bismark_bt2.CpG",2152,1783,369,2152
"9743","07_report/CpG_context_sampling_6733_743_trimmed_bismark_bt2.CpG",2128,1761,367,2128
"9744","07_report/CpG_context_sampling_6733_744_trimmed_bismark_bt2.CpG",2116,1759,357,2116
"9745","07_report/CpG_context_sampling_6733_745_trimmed_bismark_bt2.CpG",2274,1882,392,2274
"9746","07_report/CpG_context_sampling_6733_746_trimmed_bismark_bt2.CpG",2210,1837,373,2210
"9747","07_report/CpG_context_sampling_6733_747_trimmed_bismark_bt2.CpG",2168,1819,349,2168
"9748","07_report/CpG_context_sampling_6733_748_trimmed_bismark_bt2.CpG",2182,1827,355,2182
"9749","07_report/CpG_context_sampling_6733_749_trimmed_bismark_bt2.CpG",2216,1855,361,2216
"9750","07_report/CpG_context_sampling_6733_750_trimmed_bismark_bt2.CpG",2149,1789,360,2149
"9751","07_report/CpG_context_sampling_6733_751_trimmed_bismark_bt2.CpG",2146,1772,374,2146
"9752","07_report/CpG_context_sampling_6733_752_trimmed_bismark_bt2.CpG",2168,1792,376,2168
"9753","07_report/CpG_context_sampling_6733_753_trimmed_bismark_bt2.CpG",2171,1783,388,2171
"9754","07_report/CpG_context_sampling_6733_754_trimmed_bismark_bt2.CpG",2152,1778,374,2152
"9755","07_report/CpG_context_sampling_6733_755_trimmed_bismark_bt2.CpG",2221,1844,377,2221
"9756","07_report/CpG_context_sampling_6733_756_trimmed_bismark_bt2.CpG",2182,1816,366,2182
"9757","07_report/CpG_context_sampling_6733_757_trimmed_bismark_bt2.CpG",2218,1828,390,2218
"9758","07_report/CpG_context_sampling_6733_758_trimmed_bismark_bt2.CpG",2184,1779,405,2184
"9759","07_report/CpG_context_sampling_6733_759_trimmed_bismark_bt2.CpG",2238,1851,387,2238
"9760","07_report/CpG_context_sampling_6733_760_trimmed_bismark_bt2.CpG",2197,1834,363,2197
"9761","07_report/CpG_context_sampling_6733_761_trimmed_bismark_bt2.CpG",2136,1784,352,2136
"9762","07_report/CpG_context_sampling_6733_762_trimmed_bismark_bt2.CpG",2196,1836,360,2196
"9763","07_report/CpG_context_sampling_6733_763_trimmed_bismark_bt2.CpG",2235,1867,368,2235
"9764","07_report/CpG_context_sampling_6733_764_trimmed_bismark_bt2.CpG",2153,1776,377,2153
"9765","07_report/CpG_context_sampling_6733_765_trimmed_bismark_bt2.CpG",2169,1823,346,2169
"9766","07_report/CpG_context_sampling_6733_766_trimmed_bismark_bt2.CpG",2184,1816,368,2184
"9767","07_report/CpG_context_sampling_6733_767_trimmed_bismark_bt2.CpG",2236,1853,383,2236
"9768","07_report/CpG_context_sampling_6733_768_trimmed_bismark_bt2.CpG",2149,1805,344,2149
"9769","07_report/CpG_context_sampling_6733_769_trimmed_bismark_bt2.CpG",2214,1868,346,2214
"9770","07_report/CpG_context_sampling_6733_770_trimmed_bismark_bt2.CpG",2203,1854,349,2203
"9771","07_report/CpG_context_sampling_6733_771_trimmed_bismark_bt2.CpG",2190,1822,368,2190
"9772","07_report/CpG_context_sampling_6733_772_trimmed_bismark_bt2.CpG",2162,1777,385,2162
"9773","07_report/CpG_context_sampling_6733_773_trimmed_bismark_bt2.CpG",2171,1819,352,2171
"9774","07_report/CpG_context_sampling_6733_774_trimmed_bismark_bt2.CpG",2197,1813,384,2197
"9775","07_report/CpG_context_sampling_6733_775_trimmed_bismark_bt2.CpG",2127,1785,342,2127
"9776","07_report/CpG_context_sampling_6733_776_trimmed_bismark_bt2.CpG",2209,1861,348,2209
"9777","07_report/CpG_context_sampling_6733_777_trimmed_bismark_bt2.CpG",2169,1830,339,2169
"9778","07_report/CpG_context_sampling_6733_778_trimmed_bismark_bt2.CpG",2165,1824,341,2165
"9779","07_report/CpG_context_sampling_6733_779_trimmed_bismark_bt2.CpG",2162,1809,353,2162
"9780","07_report/CpG_context_sampling_6733_780_trimmed_bismark_bt2.CpG",2202,1826,376,2202
"9781","07_report/CpG_context_sampling_6733_781_trimmed_bismark_bt2.CpG",2120,1751,369,2120
"9782","07_report/CpG_context_sampling_6733_782_trimmed_bismark_bt2.CpG",2130,1766,364,2130
"9783","07_report/CpG_context_sampling_6733_783_trimmed_bismark_bt2.CpG",2128,1805,323,2128
"9784","07_report/CpG_context_sampling_6733_784_trimmed_bismark_bt2.CpG",2169,1807,362,2169
"9785","07_report/CpG_context_sampling_6733_785_trimmed_bismark_bt2.CpG",2200,1843,357,2200
"9786","07_report/CpG_context_sampling_6733_786_trimmed_bismark_bt2.CpG",2196,1823,373,2196
"9787","07_report/CpG_context_sampling_6733_787_trimmed_bismark_bt2.CpG",2225,1843,382,2225
"9788","07_report/CpG_context_sampling_6733_788_trimmed_bismark_bt2.CpG",2133,1770,363,2133
"9789","07_report/CpG_context_sampling_6733_789_trimmed_bismark_bt2.CpG",2154,1795,359,2154
"9790","07_report/CpG_context_sampling_6733_790_trimmed_bismark_bt2.CpG",2256,1856,400,2256
"9791","07_report/CpG_context_sampling_6733_791_trimmed_bismark_bt2.CpG",2158,1773,385,2158
"9792","07_report/CpG_context_sampling_6733_792_trimmed_bismark_bt2.CpG",2135,1780,355,2135
"9793","07_report/CpG_context_sampling_6733_793_trimmed_bismark_bt2.CpG",2164,1795,369,2164
"9794","07_report/CpG_context_sampling_6733_794_trimmed_bismark_bt2.CpG",2195,1816,379,2195
"9795","07_report/CpG_context_sampling_6733_795_trimmed_bismark_bt2.CpG",2283,1899,384,2283
"9796","07_report/CpG_context_sampling_6733_796_trimmed_bismark_bt2.CpG",2165,1789,376,2165
"9797","07_report/CpG_context_sampling_6733_797_trimmed_bismark_bt2.CpG",2207,1873,334,2207
"9798","07_report/CpG_context_sampling_6733_798_trimmed_bismark_bt2.CpG",2177,1826,351,2177
"9799","07_report/CpG_context_sampling_6733_799_trimmed_bismark_bt2.CpG",2192,1839,353,2192
"9800","07_report/CpG_context_sampling_6733_800_trimmed_bismark_bt2.CpG",2207,1818,389,2207
"9801","07_report/CpG_context_sampling_6733_801_trimmed_bismark_bt2.CpG",2096,1731,365,2096
"9802","07_report/CpG_context_sampling_6733_802_trimmed_bismark_bt2.CpG",2212,1874,338,2212
"9803","07_report/CpG_context_sampling_6733_803_trimmed_bismark_bt2.CpG",2223,1833,390,2223
"9804","07_report/CpG_context_sampling_6733_804_trimmed_bismark_bt2.CpG",2133,1774,359,2133
"9805","07_report/CpG_context_sampling_6733_805_trimmed_bismark_bt2.CpG",2163,1814,349,2163
"9806","07_report/CpG_context_sampling_6733_806_trimmed_bismark_bt2.CpG",2155,1762,393,2155
"9807","07_report/CpG_context_sampling_6733_807_trimmed_bismark_bt2.CpG",2145,1791,354,2145
"9808","07_report/CpG_context_sampling_6733_808_trimmed_bismark_bt2.CpG",2138,1787,351,2138
"9809","07_report/CpG_context_sampling_6733_809_trimmed_bismark_bt2.CpG",2145,1791,354,2145
"9810","07_report/CpG_context_sampling_6733_810_trimmed_bismark_bt2.CpG",2243,1873,370,2243
"9811","07_report/CpG_context_sampling_6733_811_trimmed_bismark_bt2.CpG",2169,1788,381,2169
"9812","07_report/CpG_context_sampling_6733_812_trimmed_bismark_bt2.CpG",2215,1824,391,2215
"9813","07_report/CpG_context_sampling_6733_813_trimmed_bismark_bt2.CpG",2189,1837,352,2189
"9814","07_report/CpG_context_sampling_6733_814_trimmed_bismark_bt2.CpG",2158,1789,369,2158
"9815","07_report/CpG_context_sampling_6733_815_trimmed_bismark_bt2.CpG",2149,1808,341,2149
"9816","07_report/CpG_context_sampling_6733_816_trimmed_bismark_bt2.CpG",2174,1809,365,2174
"9817","07_report/CpG_context_sampling_6733_817_trimmed_bismark_bt2.CpG",2140,1796,344,2140
"9818","07_report/CpG_context_sampling_6733_818_trimmed_bismark_bt2.CpG",2147,1790,357,2147
"9819","07_report/CpG_context_sampling_6733_819_trimmed_bismark_bt2.CpG",2208,1829,379,2208
"9820","07_report/CpG_context_sampling_6733_820_trimmed_bismark_bt2.CpG",2063,1721,342,2063
"9821","07_report/CpG_context_sampling_6733_821_trimmed_bismark_bt2.CpG",2215,1841,374,2215
"9822","07_report/CpG_context_sampling_6733_822_trimmed_bismark_bt2.CpG",2269,1908,361,2269
"9823","07_report/CpG_context_sampling_6733_823_trimmed_bismark_bt2.CpG",2134,1772,362,2134
"9824","07_report/CpG_context_sampling_6733_824_trimmed_bismark_bt2.CpG",2191,1863,328,2191
"9825","07_report/CpG_context_sampling_6733_825_trimmed_bismark_bt2.CpG",2187,1861,326,2187
"9826","07_report/CpG_context_sampling_6733_826_trimmed_bismark_bt2.CpG",2169,1752,417,2169
"9827","07_report/CpG_context_sampling_6733_827_trimmed_bismark_bt2.CpG",2072,1720,352,2072
"9828","07_report/CpG_context_sampling_6733_828_trimmed_bismark_bt2.CpG",2150,1765,385,2150
"9829","07_report/CpG_context_sampling_6733_829_trimmed_bismark_bt2.CpG",2216,1839,377,2216
"9830","07_report/CpG_context_sampling_6733_830_trimmed_bismark_bt2.CpG",2143,1779,364,2143
"9831","07_report/CpG_context_sampling_6733_831_trimmed_bismark_bt2.CpG",2114,1768,346,2114
"9832","07_report/CpG_context_sampling_6733_832_trimmed_bismark_bt2.CpG",2158,1800,358,2158
"9833","07_report/CpG_context_sampling_6733_833_trimmed_bismark_bt2.CpG",2198,1858,340,2198
"9834","07_report/CpG_context_sampling_6733_834_trimmed_bismark_bt2.CpG",2119,1739,380,2119
"9835","07_report/CpG_context_sampling_6733_835_trimmed_bismark_bt2.CpG",2201,1851,350,2201
"9836","07_report/CpG_context_sampling_6733_836_trimmed_bismark_bt2.CpG",2081,1737,344,2081
"9837","07_report/CpG_context_sampling_6733_837_trimmed_bismark_bt2.CpG",2193,1847,346,2193
"9838","07_report/CpG_context_sampling_6733_838_trimmed_bismark_bt2.CpG",2198,1818,380,2198
"9839","07_report/CpG_context_sampling_6733_839_trimmed_bismark_bt2.CpG",2185,1848,337,2185
"9840","07_report/CpG_context_sampling_6733_840_trimmed_bismark_bt2.CpG",2194,1801,393,2194
"9841","07_report/CpG_context_sampling_6733_841_trimmed_bismark_bt2.CpG",2130,1776,354,2130
"9842","07_report/CpG_context_sampling_6733_842_trimmed_bismark_bt2.CpG",2125,1776,349,2125
"9843","07_report/CpG_context_sampling_6733_843_trimmed_bismark_bt2.CpG",2138,1782,356,2138
"9844","07_report/CpG_context_sampling_6733_844_trimmed_bismark_bt2.CpG",2194,1825,369,2194
"9845","07_report/CpG_context_sampling_6733_845_trimmed_bismark_bt2.CpG",2207,1846,361,2207
"9846","07_report/CpG_context_sampling_6733_846_trimmed_bismark_bt2.CpG",2159,1802,357,2159
"9847","07_report/CpG_context_sampling_6733_847_trimmed_bismark_bt2.CpG",2228,1833,395,2228
"9848","07_report/CpG_context_sampling_6733_848_trimmed_bismark_bt2.CpG",2154,1759,395,2154
"9849","07_report/CpG_context_sampling_6733_849_trimmed_bismark_bt2.CpG",2156,1802,354,2156
"9850","07_report/CpG_context_sampling_6733_850_trimmed_bismark_bt2.CpG",2166,1779,387,2166
"9851","07_report/CpG_context_sampling_6733_851_trimmed_bismark_bt2.CpG",2178,1825,353,2178
"9852","07_report/CpG_context_sampling_6733_852_trimmed_bismark_bt2.CpG",2230,1880,350,2230
"9853","07_report/CpG_context_sampling_6733_853_trimmed_bismark_bt2.CpG",2199,1817,382,2199
"9854","07_report/CpG_context_sampling_6733_854_trimmed_bismark_bt2.CpG",2158,1825,333,2158
"9855","07_report/CpG_context_sampling_6733_855_trimmed_bismark_bt2.CpG",2165,1798,367,2165
"9856","07_report/CpG_context_sampling_6733_856_trimmed_bismark_bt2.CpG",2266,1847,419,2266
"9857","07_report/CpG_context_sampling_6733_857_trimmed_bismark_bt2.CpG",2252,1848,404,2252
"9858","07_report/CpG_context_sampling_6733_858_trimmed_bismark_bt2.CpG",2134,1764,370,2134
"9859","07_report/CpG_context_sampling_6733_859_trimmed_bismark_bt2.CpG",2221,1836,385,2221
"9860","07_report/CpG_context_sampling_6733_860_trimmed_bismark_bt2.CpG",2197,1805,392,2197
"9861","07_report/CpG_context_sampling_6733_861_trimmed_bismark_bt2.CpG",2222,1852,370,2222
"9862","07_report/CpG_context_sampling_6733_862_trimmed_bismark_bt2.CpG",2161,1787,374,2161
"9863","07_report/CpG_context_sampling_6733_863_trimmed_bismark_bt2.CpG",2204,1826,378,2204
"9864","07_report/CpG_context_sampling_6733_864_trimmed_bismark_bt2.CpG",2144,1781,363,2144
"9865","07_report/CpG_context_sampling_6733_865_trimmed_bismark_bt2.CpG",2107,1763,344,2107
"9866","07_report/CpG_context_sampling_6733_866_trimmed_bismark_bt2.CpG",2236,1831,405,2236
"9867","07_report/CpG_context_sampling_6733_867_trimmed_bismark_bt2.CpG",2107,1759,348,2107
"9868","07_report/CpG_context_sampling_6733_868_trimmed_bismark_bt2.CpG",2135,1802,333,2135
"9869","07_report/CpG_context_sampling_6733_869_trimmed_bismark_bt2.CpG",2182,1792,390,2182
"9870","07_report/CpG_context_sampling_6733_870_trimmed_bismark_bt2.CpG",2186,1790,396,2186
"9871","07_report/CpG_context_sampling_6733_871_trimmed_bismark_bt2.CpG",2212,1802,410,2212
"9872","07_report/CpG_context_sampling_6733_872_trimmed_bismark_bt2.CpG",2141,1779,362,2141
"9873","07_report/CpG_context_sampling_6733_873_trimmed_bismark_bt2.CpG",2201,1805,396,2201
"9874","07_report/CpG_context_sampling_6733_874_trimmed_bismark_bt2.CpG",2113,1776,337,2113
"9875","07_report/CpG_context_sampling_6733_875_trimmed_bismark_bt2.CpG",2192,1845,347,2192
"9876","07_report/CpG_context_sampling_6733_876_trimmed_bismark_bt2.CpG",2131,1763,368,2131
"9877","07_report/CpG_context_sampling_6733_877_trimmed_bismark_bt2.CpG",2158,1776,382,2158
"9878","07_report/CpG_context_sampling_6733_878_trimmed_bismark_bt2.CpG",2142,1767,375,2142
"9879","07_report/CpG_context_sampling_6733_879_trimmed_bismark_bt2.CpG",2208,1806,402,2208
"9880","07_report/CpG_context_sampling_6733_880_trimmed_bismark_bt2.CpG",2161,1788,373,2161
"9881","07_report/CpG_context_sampling_6733_881_trimmed_bismark_bt2.CpG",2194,1842,352,2194
"9882","07_report/CpG_context_sampling_6733_882_trimmed_bismark_bt2.CpG",2223,1845,378,2223
"9883","07_report/CpG_context_sampling_6733_883_trimmed_bismark_bt2.CpG",2191,1801,390,2191
"9884","07_report/CpG_context_sampling_6733_884_trimmed_bismark_bt2.CpG",2148,1796,352,2148
"9885","07_report/CpG_context_sampling_6733_885_trimmed_bismark_bt2.CpG",2159,1802,357,2159
"9886","07_report/CpG_context_sampling_6733_886_trimmed_bismark_bt2.CpG",2228,1887,341,2228
"9887","07_report/CpG_context_sampling_6733_887_trimmed_bismark_bt2.CpG",2203,1842,361,2203
"9888","07_report/CpG_context_sampling_6733_888_trimmed_bismark_bt2.CpG",2195,1808,387,2195
"9889","07_report/CpG_context_sampling_6733_889_trimmed_bismark_bt2.CpG",2150,1801,349,2150
"9890","07_report/CpG_context_sampling_6733_890_trimmed_bismark_bt2.CpG",2180,1841,339,2180
"9891","07_report/CpG_context_sampling_6733_891_trimmed_bismark_bt2.CpG",2135,1787,348,2135
"9892","07_report/CpG_context_sampling_6733_892_trimmed_bismark_bt2.CpG",2216,1806,410,2216
"9893","07_report/CpG_context_sampling_6733_893_trimmed_bismark_bt2.CpG",2140,1773,367,2140
"9894","07_report/CpG_context_sampling_6733_894_trimmed_bismark_bt2.CpG",2127,1770,357,2127
"9895","07_report/CpG_context_sampling_6733_895_trimmed_bismark_bt2.CpG",2107,1763,344,2107
"9896","07_report/CpG_context_sampling_6733_896_trimmed_bismark_bt2.CpG",2195,1849,346,2195
"9897","07_report/CpG_context_sampling_6733_897_trimmed_bismark_bt2.CpG",2196,1865,331,2196
"9898","07_report/CpG_context_sampling_6733_898_trimmed_bismark_bt2.CpG",2174,1843,331,2174
"9899","07_report/CpG_context_sampling_6733_899_trimmed_bismark_bt2.CpG",2157,1799,358,2157
"9900","07_report/CpG_context_sampling_6733_900_trimmed_bismark_bt2.CpG",2289,1937,352,2289
"9901","07_report/CpG_context_sampling_6733_901_trimmed_bismark_bt2.CpG",2168,1785,383,2168
"9902","07_report/CpG_context_sampling_6733_902_trimmed_bismark_bt2.CpG",2191,1848,343,2191
"9903","07_report/CpG_context_sampling_6733_903_trimmed_bismark_bt2.CpG",2178,1808,370,2178
"9904","07_report/CpG_context_sampling_6733_904_trimmed_bismark_bt2.CpG",2126,1753,373,2126
"9905","07_report/CpG_context_sampling_6733_905_trimmed_bismark_bt2.CpG",2170,1815,355,2170
"9906","07_report/CpG_context_sampling_6733_906_trimmed_bismark_bt2.CpG",2232,1866,366,2232
"9907","07_report/CpG_context_sampling_6733_907_trimmed_bismark_bt2.CpG",2137,1769,368,2137
"9908","07_report/CpG_context_sampling_6733_908_trimmed_bismark_bt2.CpG",2145,1803,342,2145
"9909","07_report/CpG_context_sampling_6733_909_trimmed_bismark_bt2.CpG",2182,1811,371,2182
"9910","07_report/CpG_context_sampling_6733_910_trimmed_bismark_bt2.CpG",2177,1811,366,2177
"9911","07_report/CpG_context_sampling_6733_911_trimmed_bismark_bt2.CpG",2184,1812,372,2184
"9912","07_report/CpG_context_sampling_6733_912_trimmed_bismark_bt2.CpG",2219,1865,354,2219
"9913","07_report/CpG_context_sampling_6733_913_trimmed_bismark_bt2.CpG",2139,1773,366,2139
"9914","07_report/CpG_context_sampling_6733_914_trimmed_bismark_bt2.CpG",2206,1813,393,2206
"9915","07_report/CpG_context_sampling_6733_915_trimmed_bismark_bt2.CpG",2186,1795,391,2186
"9916","07_report/CpG_context_sampling_6733_916_trimmed_bismark_bt2.CpG",2194,1819,375,2194
"9917","07_report/CpG_context_sampling_6733_917_trimmed_bismark_bt2.CpG",2108,1760,348,2108
"9918","07_report/CpG_context_sampling_6733_918_trimmed_bismark_bt2.CpG",2102,1743,359,2102
"9919","07_report/CpG_context_sampling_6733_919_trimmed_bismark_bt2.CpG",2168,1814,354,2168
"9920","07_report/CpG_context_sampling_6733_920_trimmed_bismark_bt2.CpG",2175,1825,350,2175
"9921","07_report/CpG_context_sampling_6733_921_trimmed_bismark_bt2.CpG",2117,1764,353,2117
"9922","07_report/CpG_context_sampling_6733_922_trimmed_bismark_bt2.CpG",2174,1795,379,2174
"9923","07_report/CpG_context_sampling_6733_923_trimmed_bismark_bt2.CpG",2232,1860,372,2232
"9924","07_report/CpG_context_sampling_6733_924_trimmed_bismark_bt2.CpG",2232,1841,391,2232
"9925","07_report/CpG_context_sampling_6733_925_trimmed_bismark_bt2.CpG",2215,1839,376,2215
"9926","07_report/CpG_context_sampling_6733_926_trimmed_bismark_bt2.CpG",2220,1819,401,2220
"9927","07_report/CpG_context_sampling_6733_927_trimmed_bismark_bt2.CpG",2208,1827,381,2208
"9928","07_report/CpG_context_sampling_6733_928_trimmed_bismark_bt2.CpG",2193,1842,351,2193
"9929","07_report/CpG_context_sampling_6733_929_trimmed_bismark_bt2.CpG",2252,1875,377,2252
"9930","07_report/CpG_context_sampling_6733_930_trimmed_bismark_bt2.CpG",2187,1780,407,2187
"9931","07_report/CpG_context_sampling_6733_931_trimmed_bismark_bt2.CpG",2200,1859,341,2200
"9932","07_report/CpG_context_sampling_6733_932_trimmed_bismark_bt2.CpG",2336,1954,382,2336
"9933","07_report/CpG_context_sampling_6733_933_trimmed_bismark_bt2.CpG",2254,1878,376,2254
"9934","07_report/CpG_context_sampling_6733_934_trimmed_bismark_bt2.CpG",2143,1763,380,2143
"9935","07_report/CpG_context_sampling_6733_935_trimmed_bismark_bt2.CpG",2157,1801,356,2157
"9936","07_report/CpG_context_sampling_6733_936_trimmed_bismark_bt2.CpG",2188,1839,349,2188
"9937","07_report/CpG_context_sampling_6733_937_trimmed_bismark_bt2.CpG",2076,1725,351,2076
"9938","07_report/CpG_context_sampling_6733_938_trimmed_bismark_bt2.CpG",2226,1862,364,2226
"9939","07_report/CpG_context_sampling_6733_939_trimmed_bismark_bt2.CpG",2164,1787,377,2164
"9940","07_report/CpG_context_sampling_6733_940_trimmed_bismark_bt2.CpG",2174,1800,374,2174
"9941","07_report/CpG_context_sampling_6733_941_trimmed_bismark_bt2.CpG",2203,1856,347,2203
"9942","07_report/CpG_context_sampling_6733_942_trimmed_bismark_bt2.CpG",2213,1858,355,2213
"9943","07_report/CpG_context_sampling_6733_943_trimmed_bismark_bt2.CpG",2095,1742,353,2095
"9944","07_report/CpG_context_sampling_6733_944_trimmed_bismark_bt2.CpG",2186,1811,375,2186
"9945","07_report/CpG_context_sampling_6733_945_trimmed_bismark_bt2.CpG",2138,1775,363,2138
"9946","07_report/CpG_context_sampling_6733_946_trimmed_bismark_bt2.CpG",2124,1754,370,2124
"9947","07_report/CpG_context_sampling_6733_947_trimmed_bismark_bt2.CpG",2170,1793,377,2170
"9948","07_report/CpG_context_sampling_6733_948_trimmed_bismark_bt2.CpG",2080,1737,343,2080
"9949","07_report/CpG_context_sampling_6733_949_trimmed_bismark_bt2.CpG",2195,1813,382,2195
"9950","07_report/CpG_context_sampling_6733_950_trimmed_bismark_bt2.CpG",2210,1815,395,2210
"9951","07_report/CpG_context_sampling_6733_951_trimmed_bismark_bt2.CpG",2206,1842,364,2206
"9952","07_report/CpG_context_sampling_6733_952_trimmed_bismark_bt2.CpG",2213,1834,379,2213
"9953","07_report/CpG_context_sampling_6733_953_trimmed_bismark_bt2.CpG",2204,1831,373,2204
"9954","07_report/CpG_context_sampling_6733_954_trimmed_bismark_bt2.CpG",2118,1724,394,2118
"9955","07_report/CpG_context_sampling_6733_955_trimmed_bismark_bt2.CpG",2202,1835,367,2202
"9956","07_report/CpG_context_sampling_6733_956_trimmed_bismark_bt2.CpG",2122,1773,349,2122
"9957","07_report/CpG_context_sampling_6733_957_trimmed_bismark_bt2.CpG",2154,1808,346,2154
"9958","07_report/CpG_context_sampling_6733_958_trimmed_bismark_bt2.CpG",2193,1821,372,2193
"9959","07_report/CpG_context_sampling_6733_959_trimmed_bismark_bt2.CpG",2142,1757,385,2142
"9960","07_report/CpG_context_sampling_6733_960_trimmed_bismark_bt2.CpG",2137,1788,349,2137
"9961","07_report/CpG_context_sampling_6733_961_trimmed_bismark_bt2.CpG",2158,1806,352,2158
"9962","07_report/CpG_context_sampling_6733_962_trimmed_bismark_bt2.CpG",2183,1806,377,2183
"9963","07_report/CpG_context_sampling_6733_963_trimmed_bismark_bt2.CpG",2188,1807,381,2188
"9964","07_report/CpG_context_sampling_6733_964_trimmed_bismark_bt2.CpG",2180,1777,403,2180
"9965","07_report/CpG_context_sampling_6733_965_trimmed_bismark_bt2.CpG",2235,1887,348,2235
"9966","07_report/CpG_context_sampling_6733_966_trimmed_bismark_bt2.CpG",2138,1775,363,2138
"9967","07_report/CpG_context_sampling_6733_967_trimmed_bismark_bt2.CpG",2189,1816,373,2189
"9968","07_report/CpG_context_sampling_6733_968_trimmed_bismark_bt2.CpG",2209,1847,362,2209
"9969","07_report/CpG_context_sampling_6733_969_trimmed_bismark_bt2.CpG",2205,1885,320,2205
"9970","07_report/CpG_context_sampling_6733_970_trimmed_bismark_bt2.CpG",2162,1829,333,2162
"9971","07_report/CpG_context_sampling_6733_971_trimmed_bismark_bt2.CpG",2216,1853,363,2216
"9972","07_report/CpG_context_sampling_6733_972_trimmed_bismark_bt2.CpG",2220,1829,391,2220
"9973","07_report/CpG_context_sampling_6733_973_trimmed_bismark_bt2.CpG",2155,1793,362,2155
"9974","07_report/CpG_context_sampling_6733_974_trimmed_bismark_bt2.CpG",2236,1866,370,2236
"9975","07_report/CpG_context_sampling_6733_975_trimmed_bismark_bt2.CpG",2181,1793,388,2181
"9976","07_report/CpG_context_sampling_6733_976_trimmed_bismark_bt2.CpG",2234,1862,372,2234
"9977","07_report/CpG_context_sampling_6733_977_trimmed_bismark_bt2.CpG",2171,1810,361,2171
"9978","07_report/CpG_context_sampling_6733_978_trimmed_bismark_bt2.CpG",2175,1783,392,2175
"9979","07_report/CpG_context_sampling_6733_979_trimmed_bismark_bt2.CpG",2145,1808,337,2145
"9980","07_report/CpG_context_sampling_6733_980_trimmed_bismark_bt2.CpG",2121,1788,333,2121
"9981","07_report/CpG_context_sampling_6733_981_trimmed_bismark_bt2.CpG",2152,1801,351,2152
"9982","07_report/CpG_context_sampling_6733_982_trimmed_bismark_bt2.CpG",2099,1771,328,2099
"9983","07_report/CpG_context_sampling_6733_983_trimmed_bismark_bt2.CpG",2161,1807,354,2161
"9984","07_report/CpG_context_sampling_6733_984_trimmed_bismark_bt2.CpG",2159,1756,403,2159
"9985","07_report/CpG_context_sampling_6733_985_trimmed_bismark_bt2.CpG",2184,1790,394,2184
"9986","07_report/CpG_context_sampling_6733_986_trimmed_bismark_bt2.CpG",2192,1826,366,2192
"9987","07_report/CpG_context_sampling_6733_987_trimmed_bismark_bt2.CpG",2140,1793,347,2140
"9988","07_report/CpG_context_sampling_6733_988_trimmed_bismark_bt2.CpG",2167,1816,351,2167
"9989","07_report/CpG_context_sampling_6733_989_trimmed_bismark_bt2.CpG",2209,1795,414,2209
"9990","07_report/CpG_context_sampling_6733_990_trimmed_bismark_bt2.CpG",2126,1766,360,2126
"9991","07_report/CpG_context_sampling_6733_991_trimmed_bismark_bt2.CpG",2189,1816,373,2189
"9992","07_report/CpG_context_sampling_6733_992_trimmed_bismark_bt2.CpG",2070,1724,346,2070
"9993","07_report/CpG_context_sampling_6733_993_trimmed_bismark_bt2.CpG",2169,1816,353,2169
"9994","07_report/CpG_context_sampling_6733_994_trimmed_bismark_bt2.CpG",2114,1739,375,2114
"9995","07_report/CpG_context_sampling_6733_995_trimmed_bismark_bt2.CpG",2170,1809,361,2170
"9996","07_report/CpG_context_sampling_6733_996_trimmed_bismark_bt2.CpG",2146,1819,327,2146
"9997","07_report/CpG_context_sampling_6733_997_trimmed_bismark_bt2.CpG",2145,1779,366,2145
"9998","07_report/CpG_context_sampling_6733_998_trimmed_bismark_bt2.CpG",2213,1810,403,2213
"9999","07_report/CpG_context_sampling_6733_999_trimmed_bismark_bt2.CpG",2132,1735,397,2132
"10000","07_report/CpG_context_sampling_6733_1000_trimmed_bismark_bt2.CpG",2165,1796,369,2165
"10001","07_report/CpG_context_sampling_8080_1_trimmed_bismark_bt2.CpG",2634,2217,417,2634
"10002","07_report/CpG_context_sampling_8080_2_trimmed_bismark_bt2.CpG",2583,2139,444,2583
"10003","07_report/CpG_context_sampling_8080_3_trimmed_bismark_bt2.CpG",2604,2157,447,2604
"10004","07_report/CpG_context_sampling_8080_4_trimmed_bismark_bt2.CpG",2588,2168,420,2588
"10005","07_report/CpG_context_sampling_8080_5_trimmed_bismark_bt2.CpG",2631,2188,443,2631
"10006","07_report/CpG_context_sampling_8080_6_trimmed_bismark_bt2.CpG",2637,2192,445,2637
"10007","07_report/CpG_context_sampling_8080_7_trimmed_bismark_bt2.CpG",2601,2166,435,2601
"10008","07_report/CpG_context_sampling_8080_8_trimmed_bismark_bt2.CpG",2694,2264,430,2694
"10009","07_report/CpG_context_sampling_8080_9_trimmed_bismark_bt2.CpG",2636,2203,433,2636
"10010","07_report/CpG_context_sampling_8080_10_trimmed_bismark_bt2.CpG",2645,2222,423,2645
"10011","07_report/CpG_context_sampling_8080_11_trimmed_bismark_bt2.CpG",2599,2156,443,2599
"10012","07_report/CpG_context_sampling_8080_12_trimmed_bismark_bt2.CpG",2617,2122,495,2617
"10013","07_report/CpG_context_sampling_8080_13_trimmed_bismark_bt2.CpG",2662,2200,462,2662
"10014","07_report/CpG_context_sampling_8080_14_trimmed_bismark_bt2.CpG",2652,2183,469,2652
"10015","07_report/CpG_context_sampling_8080_15_trimmed_bismark_bt2.CpG",2549,2085,464,2549
"10016","07_report/CpG_context_sampling_8080_16_trimmed_bismark_bt2.CpG",2660,2212,448,2660
"10017","07_report/CpG_context_sampling_8080_17_trimmed_bismark_bt2.CpG",2614,2193,421,2614
"10018","07_report/CpG_context_sampling_8080_18_trimmed_bismark_bt2.CpG",2606,2216,390,2606
"10019","07_report/CpG_context_sampling_8080_19_trimmed_bismark_bt2.CpG",2655,2181,474,2655
"10020","07_report/CpG_context_sampling_8080_20_trimmed_bismark_bt2.CpG",2605,2194,411,2605
"10021","07_report/CpG_context_sampling_8080_21_trimmed_bismark_bt2.CpG",2601,2167,434,2601
"10022","07_report/CpG_context_sampling_8080_22_trimmed_bismark_bt2.CpG",2558,2123,435,2558
"10023","07_report/CpG_context_sampling_8080_23_trimmed_bismark_bt2.CpG",2645,2177,468,2645
"10024","07_report/CpG_context_sampling_8080_24_trimmed_bismark_bt2.CpG",2642,2164,478,2642
"10025","07_report/CpG_context_sampling_8080_25_trimmed_bismark_bt2.CpG",2627,2162,465,2627
"10026","07_report/CpG_context_sampling_8080_26_trimmed_bismark_bt2.CpG",2594,2183,411,2594
"10027","07_report/CpG_context_sampling_8080_27_trimmed_bismark_bt2.CpG",2674,2199,475,2674
"10028","07_report/CpG_context_sampling_8080_28_trimmed_bismark_bt2.CpG",2628,2182,446,2628
"10029","07_report/CpG_context_sampling_8080_29_trimmed_bismark_bt2.CpG",2635,2192,443,2635
"10030","07_report/CpG_context_sampling_8080_30_trimmed_bismark_bt2.CpG",2548,2111,437,2548
"10031","07_report/CpG_context_sampling_8080_31_trimmed_bismark_bt2.CpG",2607,2164,443,2607
"10032","07_report/CpG_context_sampling_8080_32_trimmed_bismark_bt2.CpG",2563,2151,412,2563
"10033","07_report/CpG_context_sampling_8080_33_trimmed_bismark_bt2.CpG",2553,2113,440,2553
"10034","07_report/CpG_context_sampling_8080_34_trimmed_bismark_bt2.CpG",2655,2212,443,2655
"10035","07_report/CpG_context_sampling_8080_35_trimmed_bismark_bt2.CpG",2607,2173,434,2607
"10036","07_report/CpG_context_sampling_8080_36_trimmed_bismark_bt2.CpG",2610,2169,441,2610
"10037","07_report/CpG_context_sampling_8080_37_trimmed_bismark_bt2.CpG",2603,2163,440,2603
"10038","07_report/CpG_context_sampling_8080_38_trimmed_bismark_bt2.CpG",2607,2184,423,2607
"10039","07_report/CpG_context_sampling_8080_39_trimmed_bismark_bt2.CpG",2661,2206,455,2661
"10040","07_report/CpG_context_sampling_8080_40_trimmed_bismark_bt2.CpG",2607,2182,425,2607
"10041","07_report/CpG_context_sampling_8080_41_trimmed_bismark_bt2.CpG",2580,2150,430,2580
"10042","07_report/CpG_context_sampling_8080_42_trimmed_bismark_bt2.CpG",2606,2173,433,2606
"10043","07_report/CpG_context_sampling_8080_43_trimmed_bismark_bt2.CpG",2582,2158,424,2582
"10044","07_report/CpG_context_sampling_8080_44_trimmed_bismark_bt2.CpG",2537,2153,384,2537
"10045","07_report/CpG_context_sampling_8080_45_trimmed_bismark_bt2.CpG",2626,2149,477,2626
"10046","07_report/CpG_context_sampling_8080_46_trimmed_bismark_bt2.CpG",2651,2218,433,2651
"10047","07_report/CpG_context_sampling_8080_47_trimmed_bismark_bt2.CpG",2660,2232,428,2660
"10048","07_report/CpG_context_sampling_8080_48_trimmed_bismark_bt2.CpG",2632,2158,474,2632
"10049","07_report/CpG_context_sampling_8080_49_trimmed_bismark_bt2.CpG",2656,2189,467,2656
"10050","07_report/CpG_context_sampling_8080_50_trimmed_bismark_bt2.CpG",2619,2187,432,2619
"10051","07_report/CpG_context_sampling_8080_51_trimmed_bismark_bt2.CpG",2667,2205,462,2667
"10052","07_report/CpG_context_sampling_8080_52_trimmed_bismark_bt2.CpG",2641,2197,444,2641
"10053","07_report/CpG_context_sampling_8080_53_trimmed_bismark_bt2.CpG",2597,2133,464,2597
"10054","07_report/CpG_context_sampling_8080_54_trimmed_bismark_bt2.CpG",2528,2122,406,2528
"10055","07_report/CpG_context_sampling_8080_55_trimmed_bismark_bt2.CpG",2659,2180,479,2659
"10056","07_report/CpG_context_sampling_8080_56_trimmed_bismark_bt2.CpG",2564,2123,441,2564
"10057","07_report/CpG_context_sampling_8080_57_trimmed_bismark_bt2.CpG",2633,2175,458,2633
"10058","07_report/CpG_context_sampling_8080_58_trimmed_bismark_bt2.CpG",2559,2117,442,2559
"10059","07_report/CpG_context_sampling_8080_59_trimmed_bismark_bt2.CpG",2623,2195,428,2623
"10060","07_report/CpG_context_sampling_8080_60_trimmed_bismark_bt2.CpG",2558,2179,379,2558
"10061","07_report/CpG_context_sampling_8080_61_trimmed_bismark_bt2.CpG",2580,2150,430,2580
"10062","07_report/CpG_context_sampling_8080_62_trimmed_bismark_bt2.CpG",2673,2217,456,2673
"10063","07_report/CpG_context_sampling_8080_63_trimmed_bismark_bt2.CpG",2563,2170,393,2563
"10064","07_report/CpG_context_sampling_8080_64_trimmed_bismark_bt2.CpG",2605,2148,457,2605
"10065","07_report/CpG_context_sampling_8080_65_trimmed_bismark_bt2.CpG",2615,2200,415,2615
"10066","07_report/CpG_context_sampling_8080_66_trimmed_bismark_bt2.CpG",2650,2233,417,2650
"10067","07_report/CpG_context_sampling_8080_67_trimmed_bismark_bt2.CpG",2562,2121,441,2562
"10068","07_report/CpG_context_sampling_8080_68_trimmed_bismark_bt2.CpG",2546,2113,433,2546
"10069","07_report/CpG_context_sampling_8080_69_trimmed_bismark_bt2.CpG",2611,2157,454,2611
"10070","07_report/CpG_context_sampling_8080_70_trimmed_bismark_bt2.CpG",2564,2127,437,2564
"10071","07_report/CpG_context_sampling_8080_71_trimmed_bismark_bt2.CpG",2616,2193,423,2616
"10072","07_report/CpG_context_sampling_8080_72_trimmed_bismark_bt2.CpG",2552,2088,464,2552
"10073","07_report/CpG_context_sampling_8080_73_trimmed_bismark_bt2.CpG",2597,2147,450,2597
"10074","07_report/CpG_context_sampling_8080_74_trimmed_bismark_bt2.CpG",2621,2179,442,2621
"10075","07_report/CpG_context_sampling_8080_75_trimmed_bismark_bt2.CpG",2611,2162,449,2611
"10076","07_report/CpG_context_sampling_8080_76_trimmed_bismark_bt2.CpG",2628,2182,446,2628
"10077","07_report/CpG_context_sampling_8080_77_trimmed_bismark_bt2.CpG",2656,2201,455,2656
"10078","07_report/CpG_context_sampling_8080_78_trimmed_bismark_bt2.CpG",2616,2152,464,2616
"10079","07_report/CpG_context_sampling_8080_79_trimmed_bismark_bt2.CpG",2621,2173,448,2621
"10080","07_report/CpG_context_sampling_8080_80_trimmed_bismark_bt2.CpG",2580,2176,404,2580
"10081","07_report/CpG_context_sampling_8080_81_trimmed_bismark_bt2.CpG",2636,2199,437,2636
"10082","07_report/CpG_context_sampling_8080_82_trimmed_bismark_bt2.CpG",2589,2124,465,2589
"10083","07_report/CpG_context_sampling_8080_83_trimmed_bismark_bt2.CpG",2617,2202,415,2617
"10084","07_report/CpG_context_sampling_8080_84_trimmed_bismark_bt2.CpG",2584,2139,445,2584
"10085","07_report/CpG_context_sampling_8080_85_trimmed_bismark_bt2.CpG",2645,2171,474,2645
"10086","07_report/CpG_context_sampling_8080_86_trimmed_bismark_bt2.CpG",2577,2168,409,2577
"10087","07_report/CpG_context_sampling_8080_87_trimmed_bismark_bt2.CpG",2600,2151,449,2600
"10088","07_report/CpG_context_sampling_8080_88_trimmed_bismark_bt2.CpG",2626,2189,437,2626
"10089","07_report/CpG_context_sampling_8080_89_trimmed_bismark_bt2.CpG",2610,2169,441,2610
"10090","07_report/CpG_context_sampling_8080_90_trimmed_bismark_bt2.CpG",2560,2130,430,2560
"10091","07_report/CpG_context_sampling_8080_91_trimmed_bismark_bt2.CpG",2613,2158,455,2613
"10092","07_report/CpG_context_sampling_8080_92_trimmed_bismark_bt2.CpG",2604,2148,456,2604
"10093","07_report/CpG_context_sampling_8080_93_trimmed_bismark_bt2.CpG",2670,2234,436,2670
"10094","07_report/CpG_context_sampling_8080_94_trimmed_bismark_bt2.CpG",2638,2212,426,2638
"10095","07_report/CpG_context_sampling_8080_95_trimmed_bismark_bt2.CpG",2642,2200,442,2642
"10096","07_report/CpG_context_sampling_8080_96_trimmed_bismark_bt2.CpG",2599,2152,447,2599
"10097","07_report/CpG_context_sampling_8080_97_trimmed_bismark_bt2.CpG",2595,2140,455,2595
"10098","07_report/CpG_context_sampling_8080_98_trimmed_bismark_bt2.CpG",2662,2263,399,2662
"10099","07_report/CpG_context_sampling_8080_99_trimmed_bismark_bt2.CpG",2585,2164,421,2585
"10100","07_report/CpG_context_sampling_8080_100_trimmed_bismark_bt2.CpG",2647,2188,459,2647
"10101","07_report/CpG_context_sampling_8080_101_trimmed_bismark_bt2.CpG",2594,2151,443,2594
"10102","07_report/CpG_context_sampling_8080_102_trimmed_bismark_bt2.CpG",2629,2213,416,2629
"10103","07_report/CpG_context_sampling_8080_103_trimmed_bismark_bt2.CpG",2599,2129,470,2599
"10104","07_report/CpG_context_sampling_8080_104_trimmed_bismark_bt2.CpG",2598,2159,439,2598
"10105","07_report/CpG_context_sampling_8080_105_trimmed_bismark_bt2.CpG",2674,2193,481,2674
"10106","07_report/CpG_context_sampling_8080_106_trimmed_bismark_bt2.CpG",2590,2124,466,2590
"10107","07_report/CpG_context_sampling_8080_107_trimmed_bismark_bt2.CpG",2645,2235,410,2645
"10108","07_report/CpG_context_sampling_8080_108_trimmed_bismark_bt2.CpG",2595,2129,466,2595
"10109","07_report/CpG_context_sampling_8080_109_trimmed_bismark_bt2.CpG",2549,2138,411,2549
"10110","07_report/CpG_context_sampling_8080_110_trimmed_bismark_bt2.CpG",2595,2120,475,2595
"10111","07_report/CpG_context_sampling_8080_111_trimmed_bismark_bt2.CpG",2664,2247,417,2664
"10112","07_report/CpG_context_sampling_8080_112_trimmed_bismark_bt2.CpG",2614,2216,398,2614
"10113","07_report/CpG_context_sampling_8080_113_trimmed_bismark_bt2.CpG",2554,2086,468,2554
"10114","07_report/CpG_context_sampling_8080_114_trimmed_bismark_bt2.CpG",2576,2168,408,2576
"10115","07_report/CpG_context_sampling_8080_115_trimmed_bismark_bt2.CpG",2615,2144,471,2615
"10116","07_report/CpG_context_sampling_8080_116_trimmed_bismark_bt2.CpG",2586,2169,417,2586
"10117","07_report/CpG_context_sampling_8080_117_trimmed_bismark_bt2.CpG",2658,2223,435,2658
"10118","07_report/CpG_context_sampling_8080_118_trimmed_bismark_bt2.CpG",2625,2206,419,2625
"10119","07_report/CpG_context_sampling_8080_119_trimmed_bismark_bt2.CpG",2597,2144,453,2597
"10120","07_report/CpG_context_sampling_8080_120_trimmed_bismark_bt2.CpG",2592,2153,439,2592
"10121","07_report/CpG_context_sampling_8080_121_trimmed_bismark_bt2.CpG",2628,2215,413,2628
"10122","07_report/CpG_context_sampling_8080_122_trimmed_bismark_bt2.CpG",2668,2218,450,2668
"10123","07_report/CpG_context_sampling_8080_123_trimmed_bismark_bt2.CpG",2648,2212,436,2648
"10124","07_report/CpG_context_sampling_8080_124_trimmed_bismark_bt2.CpG",2610,2175,435,2610
"10125","07_report/CpG_context_sampling_8080_125_trimmed_bismark_bt2.CpG",2555,2147,408,2555
"10126","07_report/CpG_context_sampling_8080_126_trimmed_bismark_bt2.CpG",2571,2174,397,2571
"10127","07_report/CpG_context_sampling_8080_127_trimmed_bismark_bt2.CpG",2622,2189,433,2622
"10128","07_report/CpG_context_sampling_8080_128_trimmed_bismark_bt2.CpG",2573,2134,439,2573
"10129","07_report/CpG_context_sampling_8080_129_trimmed_bismark_bt2.CpG",2657,2222,435,2657
"10130","07_report/CpG_context_sampling_8080_130_trimmed_bismark_bt2.CpG",2642,2178,464,2642
"10131","07_report/CpG_context_sampling_8080_131_trimmed_bismark_bt2.CpG",2663,2244,419,2663
"10132","07_report/CpG_context_sampling_8080_132_trimmed_bismark_bt2.CpG",2662,2236,426,2662
"10133","07_report/CpG_context_sampling_8080_133_trimmed_bismark_bt2.CpG",2577,2156,421,2577
"10134","07_report/CpG_context_sampling_8080_134_trimmed_bismark_bt2.CpG",2600,2143,457,2600
"10135","07_report/CpG_context_sampling_8080_135_trimmed_bismark_bt2.CpG",2566,2135,431,2566
"10136","07_report/CpG_context_sampling_8080_136_trimmed_bismark_bt2.CpG",2651,2227,424,2651
"10137","07_report/CpG_context_sampling_8080_137_trimmed_bismark_bt2.CpG",2657,2209,448,2657
"10138","07_report/CpG_context_sampling_8080_138_trimmed_bismark_bt2.CpG",2585,2111,474,2585
"10139","07_report/CpG_context_sampling_8080_139_trimmed_bismark_bt2.CpG",2627,2140,487,2627
"10140","07_report/CpG_context_sampling_8080_140_trimmed_bismark_bt2.CpG",2639,2222,417,2639
"10141","07_report/CpG_context_sampling_8080_141_trimmed_bismark_bt2.CpG",2682,2227,455,2682
"10142","07_report/CpG_context_sampling_8080_142_trimmed_bismark_bt2.CpG",2602,2147,455,2602
"10143","07_report/CpG_context_sampling_8080_143_trimmed_bismark_bt2.CpG",2600,2174,426,2600
"10144","07_report/CpG_context_sampling_8080_144_trimmed_bismark_bt2.CpG",2615,2195,420,2615
"10145","07_report/CpG_context_sampling_8080_145_trimmed_bismark_bt2.CpG",2657,2199,458,2657
"10146","07_report/CpG_context_sampling_8080_146_trimmed_bismark_bt2.CpG",2610,2181,429,2610
"10147","07_report/CpG_context_sampling_8080_147_trimmed_bismark_bt2.CpG",2566,2135,431,2566
"10148","07_report/CpG_context_sampling_8080_148_trimmed_bismark_bt2.CpG",2593,2147,446,2593
"10149","07_report/CpG_context_sampling_8080_149_trimmed_bismark_bt2.CpG",2558,2153,405,2558
"10150","07_report/CpG_context_sampling_8080_150_trimmed_bismark_bt2.CpG",2619,2238,381,2619
"10151","07_report/CpG_context_sampling_8080_151_trimmed_bismark_bt2.CpG",2618,2193,425,2618
"10152","07_report/CpG_context_sampling_8080_152_trimmed_bismark_bt2.CpG",2630,2191,439,2630
"10153","07_report/CpG_context_sampling_8080_153_trimmed_bismark_bt2.CpG",2614,2168,446,2614
"10154","07_report/CpG_context_sampling_8080_154_trimmed_bismark_bt2.CpG",2550,2142,408,2550
"10155","07_report/CpG_context_sampling_8080_155_trimmed_bismark_bt2.CpG",2545,2104,441,2545
"10156","07_report/CpG_context_sampling_8080_156_trimmed_bismark_bt2.CpG",2643,2187,456,2643
"10157","07_report/CpG_context_sampling_8080_157_trimmed_bismark_bt2.CpG",2618,2170,448,2618
"10158","07_report/CpG_context_sampling_8080_158_trimmed_bismark_bt2.CpG",2671,2220,451,2671
"10159","07_report/CpG_context_sampling_8080_159_trimmed_bismark_bt2.CpG",2582,2147,435,2582
"10160","07_report/CpG_context_sampling_8080_160_trimmed_bismark_bt2.CpG",2611,2164,447,2611
"10161","07_report/CpG_context_sampling_8080_161_trimmed_bismark_bt2.CpG",2622,2165,457,2622
"10162","07_report/CpG_context_sampling_8080_162_trimmed_bismark_bt2.CpG",2677,2247,430,2677
"10163","07_report/CpG_context_sampling_8080_163_trimmed_bismark_bt2.CpG",2623,2204,419,2623
"10164","07_report/CpG_context_sampling_8080_164_trimmed_bismark_bt2.CpG",2638,2191,447,2638
"10165","07_report/CpG_context_sampling_8080_165_trimmed_bismark_bt2.CpG",2669,2202,467,2669
"10166","07_report/CpG_context_sampling_8080_166_trimmed_bismark_bt2.CpG",2649,2212,437,2649
"10167","07_report/CpG_context_sampling_8080_167_trimmed_bismark_bt2.CpG",2544,2078,466,2544
"10168","07_report/CpG_context_sampling_8080_168_trimmed_bismark_bt2.CpG",2632,2218,414,2632
"10169","07_report/CpG_context_sampling_8080_169_trimmed_bismark_bt2.CpG",2588,2164,424,2588
"10170","07_report/CpG_context_sampling_8080_170_trimmed_bismark_bt2.CpG",2580,2184,396,2580
"10171","07_report/CpG_context_sampling_8080_171_trimmed_bismark_bt2.CpG",2571,2174,397,2571
"10172","07_report/CpG_context_sampling_8080_172_trimmed_bismark_bt2.CpG",2614,2190,424,2614
"10173","07_report/CpG_context_sampling_8080_173_trimmed_bismark_bt2.CpG",2612,2159,453,2612
"10174","07_report/CpG_context_sampling_8080_174_trimmed_bismark_bt2.CpG",2622,2199,423,2622
"10175","07_report/CpG_context_sampling_8080_175_trimmed_bismark_bt2.CpG",2579,2103,476,2579
"10176","07_report/CpG_context_sampling_8080_176_trimmed_bismark_bt2.CpG",2560,2137,423,2560
"10177","07_report/CpG_context_sampling_8080_177_trimmed_bismark_bt2.CpG",2586,2158,428,2586
"10178","07_report/CpG_context_sampling_8080_178_trimmed_bismark_bt2.CpG",2654,2198,456,2654
"10179","07_report/CpG_context_sampling_8080_179_trimmed_bismark_bt2.CpG",2658,2231,427,2658
"10180","07_report/CpG_context_sampling_8080_180_trimmed_bismark_bt2.CpG",2559,2101,458,2559
"10181","07_report/CpG_context_sampling_8080_181_trimmed_bismark_bt2.CpG",2654,2175,479,2654
"10182","07_report/CpG_context_sampling_8080_182_trimmed_bismark_bt2.CpG",2564,2156,408,2564
"10183","07_report/CpG_context_sampling_8080_183_trimmed_bismark_bt2.CpG",2585,2171,414,2585
"10184","07_report/CpG_context_sampling_8080_184_trimmed_bismark_bt2.CpG",2594,2171,423,2594
"10185","07_report/CpG_context_sampling_8080_185_trimmed_bismark_bt2.CpG",2560,2127,433,2560
"10186","07_report/CpG_context_sampling_8080_186_trimmed_bismark_bt2.CpG",2601,2154,447,2601
"10187","07_report/CpG_context_sampling_8080_187_trimmed_bismark_bt2.CpG",2581,2149,432,2581
"10188","07_report/CpG_context_sampling_8080_188_trimmed_bismark_bt2.CpG",2549,2086,463,2549
"10189","07_report/CpG_context_sampling_8080_189_trimmed_bismark_bt2.CpG",2593,2159,434,2593
"10190","07_report/CpG_context_sampling_8080_190_trimmed_bismark_bt2.CpG",2645,2181,464,2645
"10191","07_report/CpG_context_sampling_8080_191_trimmed_bismark_bt2.CpG",2661,2218,443,2661
"10192","07_report/CpG_context_sampling_8080_192_trimmed_bismark_bt2.CpG",2659,2213,446,2659
"10193","07_report/CpG_context_sampling_8080_193_trimmed_bismark_bt2.CpG",2606,2194,412,2606
"10194","07_report/CpG_context_sampling_8080_194_trimmed_bismark_bt2.CpG",2710,2235,475,2710
"10195","07_report/CpG_context_sampling_8080_195_trimmed_bismark_bt2.CpG",2651,2199,452,2651
"10196","07_report/CpG_context_sampling_8080_196_trimmed_bismark_bt2.CpG",2572,2142,430,2572
"10197","07_report/CpG_context_sampling_8080_197_trimmed_bismark_bt2.CpG",2643,2188,455,2643
"10198","07_report/CpG_context_sampling_8080_198_trimmed_bismark_bt2.CpG",2626,2164,462,2626
"10199","07_report/CpG_context_sampling_8080_199_trimmed_bismark_bt2.CpG",2606,2178,428,2606
"10200","07_report/CpG_context_sampling_8080_200_trimmed_bismark_bt2.CpG",2606,2156,450,2606
"10201","07_report/CpG_context_sampling_8080_201_trimmed_bismark_bt2.CpG",2626,2211,415,2626
"10202","07_report/CpG_context_sampling_8080_202_trimmed_bismark_bt2.CpG",2627,2183,444,2627
"10203","07_report/CpG_context_sampling_8080_203_trimmed_bismark_bt2.CpG",2694,2268,426,2694
"10204","07_report/CpG_context_sampling_8080_204_trimmed_bismark_bt2.CpG",2639,2156,483,2639
"10205","07_report/CpG_context_sampling_8080_205_trimmed_bismark_bt2.CpG",2575,2156,419,2575
"10206","07_report/CpG_context_sampling_8080_206_trimmed_bismark_bt2.CpG",2636,2185,451,2636
"10207","07_report/CpG_context_sampling_8080_207_trimmed_bismark_bt2.CpG",2578,2161,417,2578
"10208","07_report/CpG_context_sampling_8080_208_trimmed_bismark_bt2.CpG",2559,2149,410,2559
"10209","07_report/CpG_context_sampling_8080_209_trimmed_bismark_bt2.CpG",2629,2180,449,2629
"10210","07_report/CpG_context_sampling_8080_210_trimmed_bismark_bt2.CpG",2605,2132,473,2605
"10211","07_report/CpG_context_sampling_8080_211_trimmed_bismark_bt2.CpG",2597,2168,429,2597
"10212","07_report/CpG_context_sampling_8080_212_trimmed_bismark_bt2.CpG",2618,2170,448,2618
"10213","07_report/CpG_context_sampling_8080_213_trimmed_bismark_bt2.CpG",2610,2153,457,2610
"10214","07_report/CpG_context_sampling_8080_214_trimmed_bismark_bt2.CpG",2659,2189,470,2659
"10215","07_report/CpG_context_sampling_8080_215_trimmed_bismark_bt2.CpG",2661,2185,476,2661
"10216","07_report/CpG_context_sampling_8080_216_trimmed_bismark_bt2.CpG",2581,2121,460,2581
"10217","07_report/CpG_context_sampling_8080_217_trimmed_bismark_bt2.CpG",2601,2174,427,2601
"10218","07_report/CpG_context_sampling_8080_218_trimmed_bismark_bt2.CpG",2571,2170,401,2571
"10219","07_report/CpG_context_sampling_8080_219_trimmed_bismark_bt2.CpG",2600,2177,423,2600
"10220","07_report/CpG_context_sampling_8080_220_trimmed_bismark_bt2.CpG",2561,2167,394,2561
"10221","07_report/CpG_context_sampling_8080_221_trimmed_bismark_bt2.CpG",2608,2166,442,2608
"10222","07_report/CpG_context_sampling_8080_222_trimmed_bismark_bt2.CpG",2610,2105,505,2610
"10223","07_report/CpG_context_sampling_8080_223_trimmed_bismark_bt2.CpG",2627,2196,431,2627
"10224","07_report/CpG_context_sampling_8080_224_trimmed_bismark_bt2.CpG",2624,2203,421,2624
"10225","07_report/CpG_context_sampling_8080_225_trimmed_bismark_bt2.CpG",2617,2215,402,2617
"10226","07_report/CpG_context_sampling_8080_226_trimmed_bismark_bt2.CpG",2678,2221,457,2678
"10227","07_report/CpG_context_sampling_8080_227_trimmed_bismark_bt2.CpG",2687,2279,408,2687
"10228","07_report/CpG_context_sampling_8080_228_trimmed_bismark_bt2.CpG",2619,2175,444,2619
"10229","07_report/CpG_context_sampling_8080_229_trimmed_bismark_bt2.CpG",2582,2127,455,2582
"10230","07_report/CpG_context_sampling_8080_230_trimmed_bismark_bt2.CpG",2524,2104,420,2524
"10231","07_report/CpG_context_sampling_8080_231_trimmed_bismark_bt2.CpG",2576,2150,426,2576
"10232","07_report/CpG_context_sampling_8080_232_trimmed_bismark_bt2.CpG",2620,2197,423,2620
"10233","07_report/CpG_context_sampling_8080_233_trimmed_bismark_bt2.CpG",2632,2203,429,2632
"10234","07_report/CpG_context_sampling_8080_234_trimmed_bismark_bt2.CpG",2627,2178,449,2627
"10235","07_report/CpG_context_sampling_8080_235_trimmed_bismark_bt2.CpG",2663,2212,451,2663
"10236","07_report/CpG_context_sampling_8080_236_trimmed_bismark_bt2.CpG",2561,2140,421,2561
"10237","07_report/CpG_context_sampling_8080_237_trimmed_bismark_bt2.CpG",2640,2160,480,2640
"10238","07_report/CpG_context_sampling_8080_238_trimmed_bismark_bt2.CpG",2508,2083,425,2508
"10239","07_report/CpG_context_sampling_8080_239_trimmed_bismark_bt2.CpG",2596,2153,443,2596
"10240","07_report/CpG_context_sampling_8080_240_trimmed_bismark_bt2.CpG",2589,2148,441,2589
"10241","07_report/CpG_context_sampling_8080_241_trimmed_bismark_bt2.CpG",2684,2236,448,2684
"10242","07_report/CpG_context_sampling_8080_242_trimmed_bismark_bt2.CpG",2567,2122,445,2567
"10243","07_report/CpG_context_sampling_8080_243_trimmed_bismark_bt2.CpG",2637,2225,412,2637
"10244","07_report/CpG_context_sampling_8080_244_trimmed_bismark_bt2.CpG",2664,2228,436,2664
"10245","07_report/CpG_context_sampling_8080_245_trimmed_bismark_bt2.CpG",2577,2168,409,2577
"10246","07_report/CpG_context_sampling_8080_246_trimmed_bismark_bt2.CpG",2654,2185,469,2654
"10247","07_report/CpG_context_sampling_8080_247_trimmed_bismark_bt2.CpG",2641,2185,456,2641
"10248","07_report/CpG_context_sampling_8080_248_trimmed_bismark_bt2.CpG",2622,2195,427,2622
"10249","07_report/CpG_context_sampling_8080_249_trimmed_bismark_bt2.CpG",2585,2152,433,2585
"10250","07_report/CpG_context_sampling_8080_250_trimmed_bismark_bt2.CpG",2621,2144,477,2621
"10251","07_report/CpG_context_sampling_8080_251_trimmed_bismark_bt2.CpG",2561,2138,423,2561
"10252","07_report/CpG_context_sampling_8080_252_trimmed_bismark_bt2.CpG",2655,2228,427,2655
"10253","07_report/CpG_context_sampling_8080_253_trimmed_bismark_bt2.CpG",2609,2175,434,2609
"10254","07_report/CpG_context_sampling_8080_254_trimmed_bismark_bt2.CpG",2691,2207,484,2691
"10255","07_report/CpG_context_sampling_8080_255_trimmed_bismark_bt2.CpG",2615,2191,424,2615
"10256","07_report/CpG_context_sampling_8080_256_trimmed_bismark_bt2.CpG",2621,2218,403,2621
"10257","07_report/CpG_context_sampling_8080_257_trimmed_bismark_bt2.CpG",2608,2222,386,2608
"10258","07_report/CpG_context_sampling_8080_258_trimmed_bismark_bt2.CpG",2549,2148,401,2549
"10259","07_report/CpG_context_sampling_8080_259_trimmed_bismark_bt2.CpG",2577,2160,417,2577
"10260","07_report/CpG_context_sampling_8080_260_trimmed_bismark_bt2.CpG",2565,2118,447,2565
"10261","07_report/CpG_context_sampling_8080_261_trimmed_bismark_bt2.CpG",2577,2150,427,2577
"10262","07_report/CpG_context_sampling_8080_262_trimmed_bismark_bt2.CpG",2546,2125,421,2546
"10263","07_report/CpG_context_sampling_8080_263_trimmed_bismark_bt2.CpG",2619,2172,447,2619
"10264","07_report/CpG_context_sampling_8080_264_trimmed_bismark_bt2.CpG",2607,2168,439,2607
"10265","07_report/CpG_context_sampling_8080_265_trimmed_bismark_bt2.CpG",2607,2174,433,2607
"10266","07_report/CpG_context_sampling_8080_266_trimmed_bismark_bt2.CpG",2624,2186,438,2624
"10267","07_report/CpG_context_sampling_8080_267_trimmed_bismark_bt2.CpG",2618,2157,461,2618
"10268","07_report/CpG_context_sampling_8080_268_trimmed_bismark_bt2.CpG",2617,2148,469,2617
"10269","07_report/CpG_context_sampling_8080_269_trimmed_bismark_bt2.CpG",2618,2168,450,2618
"10270","07_report/CpG_context_sampling_8080_270_trimmed_bismark_bt2.CpG",2611,2155,456,2611
"10271","07_report/CpG_context_sampling_8080_271_trimmed_bismark_bt2.CpG",2531,2093,438,2531
"10272","07_report/CpG_context_sampling_8080_272_trimmed_bismark_bt2.CpG",2625,2200,425,2625
"10273","07_report/CpG_context_sampling_8080_273_trimmed_bismark_bt2.CpG",2616,2174,442,2616
"10274","07_report/CpG_context_sampling_8080_274_trimmed_bismark_bt2.CpG",2639,2221,418,2639
"10275","07_report/CpG_context_sampling_8080_275_trimmed_bismark_bt2.CpG",2636,2217,419,2636
"10276","07_report/CpG_context_sampling_8080_276_trimmed_bismark_bt2.CpG",2591,2143,448,2591
"10277","07_report/CpG_context_sampling_8080_277_trimmed_bismark_bt2.CpG",2628,2185,443,2628
"10278","07_report/CpG_context_sampling_8080_278_trimmed_bismark_bt2.CpG",2655,2208,447,2655
"10279","07_report/CpG_context_sampling_8080_279_trimmed_bismark_bt2.CpG",2693,2209,484,2693
"10280","07_report/CpG_context_sampling_8080_280_trimmed_bismark_bt2.CpG",2640,2197,443,2640
"10281","07_report/CpG_context_sampling_8080_281_trimmed_bismark_bt2.CpG",2656,2175,481,2656
"10282","07_report/CpG_context_sampling_8080_282_trimmed_bismark_bt2.CpG",2644,2205,439,2644
"10283","07_report/CpG_context_sampling_8080_283_trimmed_bismark_bt2.CpG",2513,2086,427,2513
"10284","07_report/CpG_context_sampling_8080_284_trimmed_bismark_bt2.CpG",2623,2150,473,2623
"10285","07_report/CpG_context_sampling_8080_285_trimmed_bismark_bt2.CpG",2626,2180,446,2626
"10286","07_report/CpG_context_sampling_8080_286_trimmed_bismark_bt2.CpG",2640,2232,408,2640
"10287","07_report/CpG_context_sampling_8080_287_trimmed_bismark_bt2.CpG",2568,2132,436,2568
"10288","07_report/CpG_context_sampling_8080_288_trimmed_bismark_bt2.CpG",2606,2178,428,2606
"10289","07_report/CpG_context_sampling_8080_289_trimmed_bismark_bt2.CpG",2617,2194,423,2617
"10290","07_report/CpG_context_sampling_8080_290_trimmed_bismark_bt2.CpG",2534,2131,403,2534
"10291","07_report/CpG_context_sampling_8080_291_trimmed_bismark_bt2.CpG",2714,2269,445,2714
"10292","07_report/CpG_context_sampling_8080_292_trimmed_bismark_bt2.CpG",2633,2218,415,2633
"10293","07_report/CpG_context_sampling_8080_293_trimmed_bismark_bt2.CpG",2597,2156,441,2597
"10294","07_report/CpG_context_sampling_8080_294_trimmed_bismark_bt2.CpG",2620,2163,457,2620
"10295","07_report/CpG_context_sampling_8080_295_trimmed_bismark_bt2.CpG",2596,2157,439,2596
"10296","07_report/CpG_context_sampling_8080_296_trimmed_bismark_bt2.CpG",2606,2174,432,2606
"10297","07_report/CpG_context_sampling_8080_297_trimmed_bismark_bt2.CpG",2633,2186,447,2633
"10298","07_report/CpG_context_sampling_8080_298_trimmed_bismark_bt2.CpG",2614,2169,445,2614
"10299","07_report/CpG_context_sampling_8080_299_trimmed_bismark_bt2.CpG",2585,2162,423,2585
"10300","07_report/CpG_context_sampling_8080_300_trimmed_bismark_bt2.CpG",2657,2161,496,2657
"10301","07_report/CpG_context_sampling_8080_301_trimmed_bismark_bt2.CpG",2596,2161,435,2596
"10302","07_report/CpG_context_sampling_8080_302_trimmed_bismark_bt2.CpG",2584,2148,436,2584
"10303","07_report/CpG_context_sampling_8080_303_trimmed_bismark_bt2.CpG",2625,2203,422,2625
"10304","07_report/CpG_context_sampling_8080_304_trimmed_bismark_bt2.CpG",2653,2208,445,2653
"10305","07_report/CpG_context_sampling_8080_305_trimmed_bismark_bt2.CpG",2571,2131,440,2571
"10306","07_report/CpG_context_sampling_8080_306_trimmed_bismark_bt2.CpG",2546,2104,442,2546
"10307","07_report/CpG_context_sampling_8080_307_trimmed_bismark_bt2.CpG",2599,2169,430,2599
"10308","07_report/CpG_context_sampling_8080_308_trimmed_bismark_bt2.CpG",2603,2144,459,2603
"10309","07_report/CpG_context_sampling_8080_309_trimmed_bismark_bt2.CpG",2605,2196,409,2605
"10310","07_report/CpG_context_sampling_8080_310_trimmed_bismark_bt2.CpG",2547,2099,448,2547
"10311","07_report/CpG_context_sampling_8080_311_trimmed_bismark_bt2.CpG",2712,2245,467,2712
"10312","07_report/CpG_context_sampling_8080_312_trimmed_bismark_bt2.CpG",2683,2228,455,2683
"10313","07_report/CpG_context_sampling_8080_313_trimmed_bismark_bt2.CpG",2585,2164,421,2585
"10314","07_report/CpG_context_sampling_8080_314_trimmed_bismark_bt2.CpG",2612,2166,446,2612
"10315","07_report/CpG_context_sampling_8080_315_trimmed_bismark_bt2.CpG",2545,2126,419,2545
"10316","07_report/CpG_context_sampling_8080_316_trimmed_bismark_bt2.CpG",2624,2200,424,2624
"10317","07_report/CpG_context_sampling_8080_317_trimmed_bismark_bt2.CpG",2701,2207,494,2701
"10318","07_report/CpG_context_sampling_8080_318_trimmed_bismark_bt2.CpG",2669,2265,404,2669
"10319","07_report/CpG_context_sampling_8080_319_trimmed_bismark_bt2.CpG",2647,2216,431,2647
"10320","07_report/CpG_context_sampling_8080_320_trimmed_bismark_bt2.CpG",2583,2157,426,2583
"10321","07_report/CpG_context_sampling_8080_321_trimmed_bismark_bt2.CpG",2581,2095,486,2581
"10322","07_report/CpG_context_sampling_8080_322_trimmed_bismark_bt2.CpG",2627,2184,443,2627
"10323","07_report/CpG_context_sampling_8080_323_trimmed_bismark_bt2.CpG",2669,2206,463,2669
"10324","07_report/CpG_context_sampling_8080_324_trimmed_bismark_bt2.CpG",2656,2172,484,2656
"10325","07_report/CpG_context_sampling_8080_325_trimmed_bismark_bt2.CpG",2580,2167,413,2580
"10326","07_report/CpG_context_sampling_8080_326_trimmed_bismark_bt2.CpG",2630,2206,424,2630
"10327","07_report/CpG_context_sampling_8080_327_trimmed_bismark_bt2.CpG",2570,2153,417,2570
"10328","07_report/CpG_context_sampling_8080_328_trimmed_bismark_bt2.CpG",2496,2088,408,2496
"10329","07_report/CpG_context_sampling_8080_329_trimmed_bismark_bt2.CpG",2645,2166,479,2645
"10330","07_report/CpG_context_sampling_8080_330_trimmed_bismark_bt2.CpG",2653,2216,437,2653
"10331","07_report/CpG_context_sampling_8080_331_trimmed_bismark_bt2.CpG",2610,2180,430,2610
"10332","07_report/CpG_context_sampling_8080_332_trimmed_bismark_bt2.CpG",2545,2134,411,2545
"10333","07_report/CpG_context_sampling_8080_333_trimmed_bismark_bt2.CpG",2616,2193,423,2616
"10334","07_report/CpG_context_sampling_8080_334_trimmed_bismark_bt2.CpG",2651,2229,422,2651
"10335","07_report/CpG_context_sampling_8080_335_trimmed_bismark_bt2.CpG",2597,2158,439,2597
"10336","07_report/CpG_context_sampling_8080_336_trimmed_bismark_bt2.CpG",2616,2162,454,2616
"10337","07_report/CpG_context_sampling_8080_337_trimmed_bismark_bt2.CpG",2625,2195,430,2625
"10338","07_report/CpG_context_sampling_8080_338_trimmed_bismark_bt2.CpG",2580,2112,468,2580
"10339","07_report/CpG_context_sampling_8080_339_trimmed_bismark_bt2.CpG",2623,2141,482,2623
"10340","07_report/CpG_context_sampling_8080_340_trimmed_bismark_bt2.CpG",2625,2191,434,2625
"10341","07_report/CpG_context_sampling_8080_341_trimmed_bismark_bt2.CpG",2606,2160,446,2606
"10342","07_report/CpG_context_sampling_8080_342_trimmed_bismark_bt2.CpG",2637,2186,451,2637
"10343","07_report/CpG_context_sampling_8080_343_trimmed_bismark_bt2.CpG",2655,2219,436,2655
"10344","07_report/CpG_context_sampling_8080_344_trimmed_bismark_bt2.CpG",2633,2220,413,2633
"10345","07_report/CpG_context_sampling_8080_345_trimmed_bismark_bt2.CpG",2537,2096,441,2537
"10346","07_report/CpG_context_sampling_8080_346_trimmed_bismark_bt2.CpG",2569,2133,436,2569
"10347","07_report/CpG_context_sampling_8080_347_trimmed_bismark_bt2.CpG",2602,2146,456,2602
"10348","07_report/CpG_context_sampling_8080_348_trimmed_bismark_bt2.CpG",2673,2233,440,2673
"10349","07_report/CpG_context_sampling_8080_349_trimmed_bismark_bt2.CpG",2632,2167,465,2632
"10350","07_report/CpG_context_sampling_8080_350_trimmed_bismark_bt2.CpG",2639,2217,422,2639
"10351","07_report/CpG_context_sampling_8080_351_trimmed_bismark_bt2.CpG",2580,2138,442,2580
"10352","07_report/CpG_context_sampling_8080_352_trimmed_bismark_bt2.CpG",2577,2120,457,2577
"10353","07_report/CpG_context_sampling_8080_353_trimmed_bismark_bt2.CpG",2618,2172,446,2618
"10354","07_report/CpG_context_sampling_8080_354_trimmed_bismark_bt2.CpG",2657,2191,466,2657
"10355","07_report/CpG_context_sampling_8080_355_trimmed_bismark_bt2.CpG",2691,2232,459,2691
"10356","07_report/CpG_context_sampling_8080_356_trimmed_bismark_bt2.CpG",2631,2159,472,2631
"10357","07_report/CpG_context_sampling_8080_357_trimmed_bismark_bt2.CpG",2560,2137,423,2560
"10358","07_report/CpG_context_sampling_8080_358_trimmed_bismark_bt2.CpG",2653,2225,428,2653
"10359","07_report/CpG_context_sampling_8080_359_trimmed_bismark_bt2.CpG",2701,2247,454,2701
"10360","07_report/CpG_context_sampling_8080_360_trimmed_bismark_bt2.CpG",2645,2209,436,2645
"10361","07_report/CpG_context_sampling_8080_361_trimmed_bismark_bt2.CpG",2656,2211,445,2656
"10362","07_report/CpG_context_sampling_8080_362_trimmed_bismark_bt2.CpG",2657,2209,448,2657
"10363","07_report/CpG_context_sampling_8080_363_trimmed_bismark_bt2.CpG",2478,2099,379,2478
"10364","07_report/CpG_context_sampling_8080_364_trimmed_bismark_bt2.CpG",2602,2164,438,2602
"10365","07_report/CpG_context_sampling_8080_365_trimmed_bismark_bt2.CpG",2622,2196,426,2622
"10366","07_report/CpG_context_sampling_8080_366_trimmed_bismark_bt2.CpG",2611,2142,469,2611
"10367","07_report/CpG_context_sampling_8080_367_trimmed_bismark_bt2.CpG",2672,2207,465,2672
"10368","07_report/CpG_context_sampling_8080_368_trimmed_bismark_bt2.CpG",2611,2159,452,2611
"10369","07_report/CpG_context_sampling_8080_369_trimmed_bismark_bt2.CpG",2607,2184,423,2607
"10370","07_report/CpG_context_sampling_8080_370_trimmed_bismark_bt2.CpG",2559,2125,434,2559
"10371","07_report/CpG_context_sampling_8080_371_trimmed_bismark_bt2.CpG",2626,2163,463,2626
"10372","07_report/CpG_context_sampling_8080_372_trimmed_bismark_bt2.CpG",2566,2115,451,2566
"10373","07_report/CpG_context_sampling_8080_373_trimmed_bismark_bt2.CpG",2680,2225,455,2680
"10374","07_report/CpG_context_sampling_8080_374_trimmed_bismark_bt2.CpG",2719,2241,478,2719
"10375","07_report/CpG_context_sampling_8080_375_trimmed_bismark_bt2.CpG",2637,2186,451,2637
"10376","07_report/CpG_context_sampling_8080_376_trimmed_bismark_bt2.CpG",2550,2127,423,2550
"10377","07_report/CpG_context_sampling_8080_377_trimmed_bismark_bt2.CpG",2548,2136,412,2548
"10378","07_report/CpG_context_sampling_8080_378_trimmed_bismark_bt2.CpG",2634,2207,427,2634
"10379","07_report/CpG_context_sampling_8080_379_trimmed_bismark_bt2.CpG",2599,2159,440,2599
"10380","07_report/CpG_context_sampling_8080_380_trimmed_bismark_bt2.CpG",2570,2135,435,2570
"10381","07_report/CpG_context_sampling_8080_381_trimmed_bismark_bt2.CpG",2623,2196,427,2623
"10382","07_report/CpG_context_sampling_8080_382_trimmed_bismark_bt2.CpG",2635,2220,415,2635
"10383","07_report/CpG_context_sampling_8080_383_trimmed_bismark_bt2.CpG",2636,2177,459,2636
"10384","07_report/CpG_context_sampling_8080_384_trimmed_bismark_bt2.CpG",2569,2157,412,2569
"10385","07_report/CpG_context_sampling_8080_385_trimmed_bismark_bt2.CpG",2581,2128,453,2581
"10386","07_report/CpG_context_sampling_8080_386_trimmed_bismark_bt2.CpG",2615,2192,423,2615
"10387","07_report/CpG_context_sampling_8080_387_trimmed_bismark_bt2.CpG",2625,2180,445,2625
"10388","07_report/CpG_context_sampling_8080_388_trimmed_bismark_bt2.CpG",2555,2127,428,2555
"10389","07_report/CpG_context_sampling_8080_389_trimmed_bismark_bt2.CpG",2607,2152,455,2607
"10390","07_report/CpG_context_sampling_8080_390_trimmed_bismark_bt2.CpG",2640,2185,455,2640
"10391","07_report/CpG_context_sampling_8080_391_trimmed_bismark_bt2.CpG",2653,2209,444,2653
"10392","07_report/CpG_context_sampling_8080_392_trimmed_bismark_bt2.CpG",2679,2230,449,2679
"10393","07_report/CpG_context_sampling_8080_393_trimmed_bismark_bt2.CpG",2590,2121,469,2590
"10394","07_report/CpG_context_sampling_8080_394_trimmed_bismark_bt2.CpG",2649,2200,449,2649
"10395","07_report/CpG_context_sampling_8080_395_trimmed_bismark_bt2.CpG",2584,2131,453,2584
"10396","07_report/CpG_context_sampling_8080_396_trimmed_bismark_bt2.CpG",2594,2174,420,2594
"10397","07_report/CpG_context_sampling_8080_397_trimmed_bismark_bt2.CpG",2619,2206,413,2619
"10398","07_report/CpG_context_sampling_8080_398_trimmed_bismark_bt2.CpG",2632,2195,437,2632
"10399","07_report/CpG_context_sampling_8080_399_trimmed_bismark_bt2.CpG",2674,2239,435,2674
"10400","07_report/CpG_context_sampling_8080_400_trimmed_bismark_bt2.CpG",2606,2188,418,2606
"10401","07_report/CpG_context_sampling_8080_401_trimmed_bismark_bt2.CpG",2580,2163,417,2580
"10402","07_report/CpG_context_sampling_8080_402_trimmed_bismark_bt2.CpG",2661,2203,458,2661
"10403","07_report/CpG_context_sampling_8080_403_trimmed_bismark_bt2.CpG",2691,2228,463,2691
"10404","07_report/CpG_context_sampling_8080_404_trimmed_bismark_bt2.CpG",2587,2137,450,2587
"10405","07_report/CpG_context_sampling_8080_405_trimmed_bismark_bt2.CpG",2630,2203,427,2630
"10406","07_report/CpG_context_sampling_8080_406_trimmed_bismark_bt2.CpG",2596,2138,458,2596
"10407","07_report/CpG_context_sampling_8080_407_trimmed_bismark_bt2.CpG",2609,2191,418,2609
"10408","07_report/CpG_context_sampling_8080_408_trimmed_bismark_bt2.CpG",2606,2157,449,2606
"10409","07_report/CpG_context_sampling_8080_409_trimmed_bismark_bt2.CpG",2605,2171,434,2605
"10410","07_report/CpG_context_sampling_8080_410_trimmed_bismark_bt2.CpG",2610,2195,415,2610
"10411","07_report/CpG_context_sampling_8080_411_trimmed_bismark_bt2.CpG",2629,2188,441,2629
"10412","07_report/CpG_context_sampling_8080_412_trimmed_bismark_bt2.CpG",2598,2165,433,2598
"10413","07_report/CpG_context_sampling_8080_413_trimmed_bismark_bt2.CpG",2683,2210,473,2683
"10414","07_report/CpG_context_sampling_8080_414_trimmed_bismark_bt2.CpG",2565,2163,402,2565
"10415","07_report/CpG_context_sampling_8080_415_trimmed_bismark_bt2.CpG",2645,2204,441,2645
"10416","07_report/CpG_context_sampling_8080_416_trimmed_bismark_bt2.CpG",2625,2167,458,2625
"10417","07_report/CpG_context_sampling_8080_417_trimmed_bismark_bt2.CpG",2620,2136,484,2620
"10418","07_report/CpG_context_sampling_8080_418_trimmed_bismark_bt2.CpG",2591,2161,430,2591
"10419","07_report/CpG_context_sampling_8080_419_trimmed_bismark_bt2.CpG",2616,2206,410,2616
"10420","07_report/CpG_context_sampling_8080_420_trimmed_bismark_bt2.CpG",2580,2132,448,2580
"10421","07_report/CpG_context_sampling_8080_421_trimmed_bismark_bt2.CpG",2611,2176,435,2611
"10422","07_report/CpG_context_sampling_8080_422_trimmed_bismark_bt2.CpG",2674,2245,429,2674
"10423","07_report/CpG_context_sampling_8080_423_trimmed_bismark_bt2.CpG",2620,2175,445,2620
"10424","07_report/CpG_context_sampling_8080_424_trimmed_bismark_bt2.CpG",2670,2234,436,2670
"10425","07_report/CpG_context_sampling_8080_425_trimmed_bismark_bt2.CpG",2657,2202,455,2657
"10426","07_report/CpG_context_sampling_8080_426_trimmed_bismark_bt2.CpG",2613,2149,464,2613
"10427","07_report/CpG_context_sampling_8080_427_trimmed_bismark_bt2.CpG",2659,2216,443,2659
"10428","07_report/CpG_context_sampling_8080_428_trimmed_bismark_bt2.CpG",2648,2178,470,2648
"10429","07_report/CpG_context_sampling_8080_429_trimmed_bismark_bt2.CpG",2632,2180,452,2632
"10430","07_report/CpG_context_sampling_8080_430_trimmed_bismark_bt2.CpG",2656,2226,430,2656
"10431","07_report/CpG_context_sampling_8080_431_trimmed_bismark_bt2.CpG",2592,2155,437,2592
"10432","07_report/CpG_context_sampling_8080_432_trimmed_bismark_bt2.CpG",2564,2155,409,2564
"10433","07_report/CpG_context_sampling_8080_433_trimmed_bismark_bt2.CpG",2612,2178,434,2612
"10434","07_report/CpG_context_sampling_8080_434_trimmed_bismark_bt2.CpG",2698,2246,452,2698
"10435","07_report/CpG_context_sampling_8080_435_trimmed_bismark_bt2.CpG",2622,2178,444,2622
"10436","07_report/CpG_context_sampling_8080_436_trimmed_bismark_bt2.CpG",2660,2193,467,2660
"10437","07_report/CpG_context_sampling_8080_437_trimmed_bismark_bt2.CpG",2683,2241,442,2683
"10438","07_report/CpG_context_sampling_8080_438_trimmed_bismark_bt2.CpG",2622,2173,449,2622
"10439","07_report/CpG_context_sampling_8080_439_trimmed_bismark_bt2.CpG",2549,2149,400,2549
"10440","07_report/CpG_context_sampling_8080_440_trimmed_bismark_bt2.CpG",2686,2231,455,2686
"10441","07_report/CpG_context_sampling_8080_441_trimmed_bismark_bt2.CpG",2564,2094,470,2564
"10442","07_report/CpG_context_sampling_8080_442_trimmed_bismark_bt2.CpG",2673,2254,419,2673
"10443","07_report/CpG_context_sampling_8080_443_trimmed_bismark_bt2.CpG",2577,2141,436,2577
"10444","07_report/CpG_context_sampling_8080_444_trimmed_bismark_bt2.CpG",2634,2193,441,2634
"10445","07_report/CpG_context_sampling_8080_445_trimmed_bismark_bt2.CpG",2566,2120,446,2566
"10446","07_report/CpG_context_sampling_8080_446_trimmed_bismark_bt2.CpG",2626,2199,427,2626
"10447","07_report/CpG_context_sampling_8080_447_trimmed_bismark_bt2.CpG",2610,2192,418,2610
"10448","07_report/CpG_context_sampling_8080_448_trimmed_bismark_bt2.CpG",2625,2168,457,2625
"10449","07_report/CpG_context_sampling_8080_449_trimmed_bismark_bt2.CpG",2613,2207,406,2613
"10450","07_report/CpG_context_sampling_8080_450_trimmed_bismark_bt2.CpG",2648,2205,443,2648
"10451","07_report/CpG_context_sampling_8080_451_trimmed_bismark_bt2.CpG",2608,2186,422,2608
"10452","07_report/CpG_context_sampling_8080_452_trimmed_bismark_bt2.CpG",2615,2132,483,2615
"10453","07_report/CpG_context_sampling_8080_453_trimmed_bismark_bt2.CpG",2531,2104,427,2531
"10454","07_report/CpG_context_sampling_8080_454_trimmed_bismark_bt2.CpG",2690,2261,429,2690
"10455","07_report/CpG_context_sampling_8080_455_trimmed_bismark_bt2.CpG",2698,2230,468,2698
"10456","07_report/CpG_context_sampling_8080_456_trimmed_bismark_bt2.CpG",2619,2150,469,2619
"10457","07_report/CpG_context_sampling_8080_457_trimmed_bismark_bt2.CpG",2527,2104,423,2527
"10458","07_report/CpG_context_sampling_8080_458_trimmed_bismark_bt2.CpG",2664,2191,473,2664
"10459","07_report/CpG_context_sampling_8080_459_trimmed_bismark_bt2.CpG",2571,2134,437,2571
"10460","07_report/CpG_context_sampling_8080_460_trimmed_bismark_bt2.CpG",2634,2197,437,2634
"10461","07_report/CpG_context_sampling_8080_461_trimmed_bismark_bt2.CpG",2669,2235,434,2669
"10462","07_report/CpG_context_sampling_8080_462_trimmed_bismark_bt2.CpG",2603,2164,439,2603
"10463","07_report/CpG_context_sampling_8080_463_trimmed_bismark_bt2.CpG",2634,2185,449,2634
"10464","07_report/CpG_context_sampling_8080_464_trimmed_bismark_bt2.CpG",2614,2148,466,2614
"10465","07_report/CpG_context_sampling_8080_465_trimmed_bismark_bt2.CpG",2634,2225,409,2634
"10466","07_report/CpG_context_sampling_8080_466_trimmed_bismark_bt2.CpG",2532,2113,419,2532
"10467","07_report/CpG_context_sampling_8080_467_trimmed_bismark_bt2.CpG",2650,2200,450,2650
"10468","07_report/CpG_context_sampling_8080_468_trimmed_bismark_bt2.CpG",2624,2188,436,2624
"10469","07_report/CpG_context_sampling_8080_469_trimmed_bismark_bt2.CpG",2588,2161,427,2588
"10470","07_report/CpG_context_sampling_8080_470_trimmed_bismark_bt2.CpG",2581,2158,423,2581
"10471","07_report/CpG_context_sampling_8080_471_trimmed_bismark_bt2.CpG",2624,2218,406,2624
"10472","07_report/CpG_context_sampling_8080_472_trimmed_bismark_bt2.CpG",2609,2124,485,2609
"10473","07_report/CpG_context_sampling_8080_473_trimmed_bismark_bt2.CpG",2559,2140,419,2559
"10474","07_report/CpG_context_sampling_8080_474_trimmed_bismark_bt2.CpG",2600,2168,432,2600
"10475","07_report/CpG_context_sampling_8080_475_trimmed_bismark_bt2.CpG",2659,2185,474,2659
"10476","07_report/CpG_context_sampling_8080_476_trimmed_bismark_bt2.CpG",2556,2141,415,2556
"10477","07_report/CpG_context_sampling_8080_477_trimmed_bismark_bt2.CpG",2657,2209,448,2657
"10478","07_report/CpG_context_sampling_8080_478_trimmed_bismark_bt2.CpG",2693,2235,458,2693
"10479","07_report/CpG_context_sampling_8080_479_trimmed_bismark_bt2.CpG",2718,2245,473,2718
"10480","07_report/CpG_context_sampling_8080_480_trimmed_bismark_bt2.CpG",2628,2198,430,2628
"10481","07_report/CpG_context_sampling_8080_481_trimmed_bismark_bt2.CpG",2609,2177,432,2609
"10482","07_report/CpG_context_sampling_8080_482_trimmed_bismark_bt2.CpG",2612,2182,430,2612
"10483","07_report/CpG_context_sampling_8080_483_trimmed_bismark_bt2.CpG",2573,2131,442,2573
"10484","07_report/CpG_context_sampling_8080_484_trimmed_bismark_bt2.CpG",2588,2160,428,2588
"10485","07_report/CpG_context_sampling_8080_485_trimmed_bismark_bt2.CpG",2616,2162,454,2616
"10486","07_report/CpG_context_sampling_8080_486_trimmed_bismark_bt2.CpG",2674,2211,463,2674
"10487","07_report/CpG_context_sampling_8080_487_trimmed_bismark_bt2.CpG",2599,2195,404,2599
"10488","07_report/CpG_context_sampling_8080_488_trimmed_bismark_bt2.CpG",2602,2156,446,2602
"10489","07_report/CpG_context_sampling_8080_489_trimmed_bismark_bt2.CpG",2561,2127,434,2561
"10490","07_report/CpG_context_sampling_8080_490_trimmed_bismark_bt2.CpG",2657,2245,412,2657
"10491","07_report/CpG_context_sampling_8080_491_trimmed_bismark_bt2.CpG",2569,2133,436,2569
"10492","07_report/CpG_context_sampling_8080_492_trimmed_bismark_bt2.CpG",2603,2202,401,2603
"10493","07_report/CpG_context_sampling_8080_493_trimmed_bismark_bt2.CpG",2684,2206,478,2684
"10494","07_report/CpG_context_sampling_8080_494_trimmed_bismark_bt2.CpG",2617,2181,436,2617
"10495","07_report/CpG_context_sampling_8080_495_trimmed_bismark_bt2.CpG",2606,2137,469,2606
"10496","07_report/CpG_context_sampling_8080_496_trimmed_bismark_bt2.CpG",2615,2171,444,2615
"10497","07_report/CpG_context_sampling_8080_497_trimmed_bismark_bt2.CpG",2610,2175,435,2610
"10498","07_report/CpG_context_sampling_8080_498_trimmed_bismark_bt2.CpG",2608,2210,398,2608
"10499","07_report/CpG_context_sampling_8080_499_trimmed_bismark_bt2.CpG",2608,2191,417,2608
"10500","07_report/CpG_context_sampling_8080_500_trimmed_bismark_bt2.CpG",2564,2138,426,2564
"10501","07_report/CpG_context_sampling_8080_501_trimmed_bismark_bt2.CpG",2628,2193,435,2628
"10502","07_report/CpG_context_sampling_8080_502_trimmed_bismark_bt2.CpG",2603,2162,441,2603
"10503","07_report/CpG_context_sampling_8080_503_trimmed_bismark_bt2.CpG",2654,2217,437,2654
"10504","07_report/CpG_context_sampling_8080_504_trimmed_bismark_bt2.CpG",2626,2174,452,2626
"10505","07_report/CpG_context_sampling_8080_505_trimmed_bismark_bt2.CpG",2599,2151,448,2599
"10506","07_report/CpG_context_sampling_8080_506_trimmed_bismark_bt2.CpG",2625,2160,465,2625
"10507","07_report/CpG_context_sampling_8080_507_trimmed_bismark_bt2.CpG",2664,2224,440,2664
"10508","07_report/CpG_context_sampling_8080_508_trimmed_bismark_bt2.CpG",2579,2143,436,2579
"10509","07_report/CpG_context_sampling_8080_509_trimmed_bismark_bt2.CpG",2655,2212,443,2655
"10510","07_report/CpG_context_sampling_8080_510_trimmed_bismark_bt2.CpG",2535,2083,452,2535
"10511","07_report/CpG_context_sampling_8080_511_trimmed_bismark_bt2.CpG",2589,2173,416,2589
"10512","07_report/CpG_context_sampling_8080_512_trimmed_bismark_bt2.CpG",2624,2136,488,2624
"10513","07_report/CpG_context_sampling_8080_513_trimmed_bismark_bt2.CpG",2625,2191,434,2625
"10514","07_report/CpG_context_sampling_8080_514_trimmed_bismark_bt2.CpG",2652,2190,462,2652
"10515","07_report/CpG_context_sampling_8080_515_trimmed_bismark_bt2.CpG",2627,2136,491,2627
"10516","07_report/CpG_context_sampling_8080_516_trimmed_bismark_bt2.CpG",2559,2101,458,2559
"10517","07_report/CpG_context_sampling_8080_517_trimmed_bismark_bt2.CpG",2578,2143,435,2578
"10518","07_report/CpG_context_sampling_8080_518_trimmed_bismark_bt2.CpG",2656,2220,436,2656
"10519","07_report/CpG_context_sampling_8080_519_trimmed_bismark_bt2.CpG",2544,2122,422,2544
"10520","07_report/CpG_context_sampling_8080_520_trimmed_bismark_bt2.CpG",2627,2194,433,2627
"10521","07_report/CpG_context_sampling_8080_521_trimmed_bismark_bt2.CpG",2593,2148,445,2593
"10522","07_report/CpG_context_sampling_8080_522_trimmed_bismark_bt2.CpG",2568,2085,483,2568
"10523","07_report/CpG_context_sampling_8080_523_trimmed_bismark_bt2.CpG",2633,2187,446,2633
"10524","07_report/CpG_context_sampling_8080_524_trimmed_bismark_bt2.CpG",2636,2194,442,2636
"10525","07_report/CpG_context_sampling_8080_525_trimmed_bismark_bt2.CpG",2604,2185,419,2604
"10526","07_report/CpG_context_sampling_8080_526_trimmed_bismark_bt2.CpG",2625,2192,433,2625
"10527","07_report/CpG_context_sampling_8080_527_trimmed_bismark_bt2.CpG",2616,2218,398,2616
"10528","07_report/CpG_context_sampling_8080_528_trimmed_bismark_bt2.CpG",2645,2184,461,2645
"10529","07_report/CpG_context_sampling_8080_529_trimmed_bismark_bt2.CpG",2606,2175,431,2606
"10530","07_report/CpG_context_sampling_8080_530_trimmed_bismark_bt2.CpG",2642,2196,446,2642
"10531","07_report/CpG_context_sampling_8080_531_trimmed_bismark_bt2.CpG",2537,2108,429,2537
"10532","07_report/CpG_context_sampling_8080_532_trimmed_bismark_bt2.CpG",2601,2170,431,2601
"10533","07_report/CpG_context_sampling_8080_533_trimmed_bismark_bt2.CpG",2644,2207,437,2644
"10534","07_report/CpG_context_sampling_8080_534_trimmed_bismark_bt2.CpG",2610,2172,438,2610
"10535","07_report/CpG_context_sampling_8080_535_trimmed_bismark_bt2.CpG",2549,2136,413,2549
"10536","07_report/CpG_context_sampling_8080_536_trimmed_bismark_bt2.CpG",2656,2182,474,2656
"10537","07_report/CpG_context_sampling_8080_537_trimmed_bismark_bt2.CpG",2713,2243,470,2713
"10538","07_report/CpG_context_sampling_8080_538_trimmed_bismark_bt2.CpG",2602,2141,461,2602
"10539","07_report/CpG_context_sampling_8080_539_trimmed_bismark_bt2.CpG",2634,2180,454,2634
"10540","07_report/CpG_context_sampling_8080_540_trimmed_bismark_bt2.CpG",2621,2124,497,2621
"10541","07_report/CpG_context_sampling_8080_541_trimmed_bismark_bt2.CpG",2573,2121,452,2573
"10542","07_report/CpG_context_sampling_8080_542_trimmed_bismark_bt2.CpG",2661,2240,421,2661
"10543","07_report/CpG_context_sampling_8080_543_trimmed_bismark_bt2.CpG",2623,2207,416,2623
"10544","07_report/CpG_context_sampling_8080_544_trimmed_bismark_bt2.CpG",2596,2132,464,2596
"10545","07_report/CpG_context_sampling_8080_545_trimmed_bismark_bt2.CpG",2654,2162,492,2654
"10546","07_report/CpG_context_sampling_8080_546_trimmed_bismark_bt2.CpG",2659,2231,428,2659
"10547","07_report/CpG_context_sampling_8080_547_trimmed_bismark_bt2.CpG",2675,2239,436,2675
"10548","07_report/CpG_context_sampling_8080_548_trimmed_bismark_bt2.CpG",2573,2125,448,2573
"10549","07_report/CpG_context_sampling_8080_549_trimmed_bismark_bt2.CpG",2647,2195,452,2647
"10550","07_report/CpG_context_sampling_8080_550_trimmed_bismark_bt2.CpG",2639,2206,433,2639
"10551","07_report/CpG_context_sampling_8080_551_trimmed_bismark_bt2.CpG",2551,2119,432,2551
"10552","07_report/CpG_context_sampling_8080_552_trimmed_bismark_bt2.CpG",2552,2116,436,2552
"10553","07_report/CpG_context_sampling_8080_553_trimmed_bismark_bt2.CpG",2584,2151,433,2584
"10554","07_report/CpG_context_sampling_8080_554_trimmed_bismark_bt2.CpG",2641,2181,460,2641
"10555","07_report/CpG_context_sampling_8080_555_trimmed_bismark_bt2.CpG",2707,2244,463,2707
"10556","07_report/CpG_context_sampling_8080_556_trimmed_bismark_bt2.CpG",2625,2186,439,2625
"10557","07_report/CpG_context_sampling_8080_557_trimmed_bismark_bt2.CpG",2636,2185,451,2636
"10558","07_report/CpG_context_sampling_8080_558_trimmed_bismark_bt2.CpG",2578,2120,458,2578
"10559","07_report/CpG_context_sampling_8080_559_trimmed_bismark_bt2.CpG",2631,2175,456,2631
"10560","07_report/CpG_context_sampling_8080_560_trimmed_bismark_bt2.CpG",2654,2212,442,2654
"10561","07_report/CpG_context_sampling_8080_561_trimmed_bismark_bt2.CpG",2660,2198,462,2660
"10562","07_report/CpG_context_sampling_8080_562_trimmed_bismark_bt2.CpG",2588,2136,452,2588
"10563","07_report/CpG_context_sampling_8080_563_trimmed_bismark_bt2.CpG",2603,2177,426,2603
"10564","07_report/CpG_context_sampling_8080_564_trimmed_bismark_bt2.CpG",2668,2236,432,2668
"10565","07_report/CpG_context_sampling_8080_565_trimmed_bismark_bt2.CpG",2652,2189,463,2652
"10566","07_report/CpG_context_sampling_8080_566_trimmed_bismark_bt2.CpG",2611,2172,439,2611
"10567","07_report/CpG_context_sampling_8080_567_trimmed_bismark_bt2.CpG",2580,2160,420,2580
"10568","07_report/CpG_context_sampling_8080_568_trimmed_bismark_bt2.CpG",2636,2183,453,2636
"10569","07_report/CpG_context_sampling_8080_569_trimmed_bismark_bt2.CpG",2608,2182,426,2608
"10570","07_report/CpG_context_sampling_8080_570_trimmed_bismark_bt2.CpG",2656,2203,453,2656
"10571","07_report/CpG_context_sampling_8080_571_trimmed_bismark_bt2.CpG",2602,2167,435,2602
"10572","07_report/CpG_context_sampling_8080_572_trimmed_bismark_bt2.CpG",2570,2128,442,2570
"10573","07_report/CpG_context_sampling_8080_573_trimmed_bismark_bt2.CpG",2626,2180,446,2626
"10574","07_report/CpG_context_sampling_8080_574_trimmed_bismark_bt2.CpG",2626,2212,414,2626
"10575","07_report/CpG_context_sampling_8080_575_trimmed_bismark_bt2.CpG",2585,2152,433,2585
"10576","07_report/CpG_context_sampling_8080_576_trimmed_bismark_bt2.CpG",2656,2204,452,2656
"10577","07_report/CpG_context_sampling_8080_577_trimmed_bismark_bt2.CpG",2641,2203,438,2641
"10578","07_report/CpG_context_sampling_8080_578_trimmed_bismark_bt2.CpG",2669,2244,425,2669
"10579","07_report/CpG_context_sampling_8080_579_trimmed_bismark_bt2.CpG",2590,2118,472,2590
"10580","07_report/CpG_context_sampling_8080_580_trimmed_bismark_bt2.CpG",2620,2197,423,2620
"10581","07_report/CpG_context_sampling_8080_581_trimmed_bismark_bt2.CpG",2564,2165,399,2564
"10582","07_report/CpG_context_sampling_8080_582_trimmed_bismark_bt2.CpG",2549,2149,400,2549
"10583","07_report/CpG_context_sampling_8080_583_trimmed_bismark_bt2.CpG",2557,2114,443,2557
"10584","07_report/CpG_context_sampling_8080_584_trimmed_bismark_bt2.CpG",2646,2206,440,2646
"10585","07_report/CpG_context_sampling_8080_585_trimmed_bismark_bt2.CpG",2636,2190,446,2636
"10586","07_report/CpG_context_sampling_8080_586_trimmed_bismark_bt2.CpG",2644,2215,429,2644
"10587","07_report/CpG_context_sampling_8080_587_trimmed_bismark_bt2.CpG",2578,2136,442,2578
"10588","07_report/CpG_context_sampling_8080_588_trimmed_bismark_bt2.CpG",2587,2118,469,2587
"10589","07_report/CpG_context_sampling_8080_589_trimmed_bismark_bt2.CpG",2535,2106,429,2535
"10590","07_report/CpG_context_sampling_8080_590_trimmed_bismark_bt2.CpG",2615,2148,467,2615
"10591","07_report/CpG_context_sampling_8080_591_trimmed_bismark_bt2.CpG",2578,2136,442,2578
"10592","07_report/CpG_context_sampling_8080_592_trimmed_bismark_bt2.CpG",2576,2158,418,2576
"10593","07_report/CpG_context_sampling_8080_593_trimmed_bismark_bt2.CpG",2506,2065,441,2506
"10594","07_report/CpG_context_sampling_8080_594_trimmed_bismark_bt2.CpG",2692,2242,450,2692
"10595","07_report/CpG_context_sampling_8080_595_trimmed_bismark_bt2.CpG",2670,2247,423,2670
"10596","07_report/CpG_context_sampling_8080_596_trimmed_bismark_bt2.CpG",2631,2169,462,2631
"10597","07_report/CpG_context_sampling_8080_597_trimmed_bismark_bt2.CpG",2629,2163,466,2629
"10598","07_report/CpG_context_sampling_8080_598_trimmed_bismark_bt2.CpG",2681,2235,446,2681
"10599","07_report/CpG_context_sampling_8080_599_trimmed_bismark_bt2.CpG",2605,2185,420,2605
"10600","07_report/CpG_context_sampling_8080_600_trimmed_bismark_bt2.CpG",2635,2178,457,2635
"10601","07_report/CpG_context_sampling_8080_601_trimmed_bismark_bt2.CpG",2630,2172,458,2630
"10602","07_report/CpG_context_sampling_8080_602_trimmed_bismark_bt2.CpG",2699,2239,460,2699
"10603","07_report/CpG_context_sampling_8080_603_trimmed_bismark_bt2.CpG",2630,2162,468,2630
"10604","07_report/CpG_context_sampling_8080_604_trimmed_bismark_bt2.CpG",2594,2180,414,2594
"10605","07_report/CpG_context_sampling_8080_605_trimmed_bismark_bt2.CpG",2635,2178,457,2635
"10606","07_report/CpG_context_sampling_8080_606_trimmed_bismark_bt2.CpG",2610,2134,476,2610
"10607","07_report/CpG_context_sampling_8080_607_trimmed_bismark_bt2.CpG",2573,2133,440,2573
"10608","07_report/CpG_context_sampling_8080_608_trimmed_bismark_bt2.CpG",2641,2211,430,2641
"10609","07_report/CpG_context_sampling_8080_609_trimmed_bismark_bt2.CpG",2670,2207,463,2670
"10610","07_report/CpG_context_sampling_8080_610_trimmed_bismark_bt2.CpG",2613,2196,417,2613
"10611","07_report/CpG_context_sampling_8080_611_trimmed_bismark_bt2.CpG",2556,2135,421,2556
"10612","07_report/CpG_context_sampling_8080_612_trimmed_bismark_bt2.CpG",2530,2122,408,2530
"10613","07_report/CpG_context_sampling_8080_613_trimmed_bismark_bt2.CpG",2551,2159,392,2551
"10614","07_report/CpG_context_sampling_8080_614_trimmed_bismark_bt2.CpG",2683,2224,459,2683
"10615","07_report/CpG_context_sampling_8080_615_trimmed_bismark_bt2.CpG",2612,2181,431,2612
"10616","07_report/CpG_context_sampling_8080_616_trimmed_bismark_bt2.CpG",2684,2244,440,2684
"10617","07_report/CpG_context_sampling_8080_617_trimmed_bismark_bt2.CpG",2634,2171,463,2634
"10618","07_report/CpG_context_sampling_8080_618_trimmed_bismark_bt2.CpG",2641,2210,431,2641
"10619","07_report/CpG_context_sampling_8080_619_trimmed_bismark_bt2.CpG",2694,2244,450,2694
"10620","07_report/CpG_context_sampling_8080_620_trimmed_bismark_bt2.CpG",2624,2186,438,2624
"10621","07_report/CpG_context_sampling_8080_621_trimmed_bismark_bt2.CpG",2594,2173,421,2594
"10622","07_report/CpG_context_sampling_8080_622_trimmed_bismark_bt2.CpG",2609,2175,434,2609
"10623","07_report/CpG_context_sampling_8080_623_trimmed_bismark_bt2.CpG",2637,2215,422,2637
"10624","07_report/CpG_context_sampling_8080_624_trimmed_bismark_bt2.CpG",2607,2177,430,2607
"10625","07_report/CpG_context_sampling_8080_625_trimmed_bismark_bt2.CpG",2548,2090,458,2548
"10626","07_report/CpG_context_sampling_8080_626_trimmed_bismark_bt2.CpG",2676,2224,452,2676
"10627","07_report/CpG_context_sampling_8080_627_trimmed_bismark_bt2.CpG",2693,2236,457,2693
"10628","07_report/CpG_context_sampling_8080_628_trimmed_bismark_bt2.CpG",2624,2197,427,2624
"10629","07_report/CpG_context_sampling_8080_629_trimmed_bismark_bt2.CpG",2656,2232,424,2656
"10630","07_report/CpG_context_sampling_8080_630_trimmed_bismark_bt2.CpG",2622,2193,429,2622
"10631","07_report/CpG_context_sampling_8080_631_trimmed_bismark_bt2.CpG",2619,2166,453,2619
"10632","07_report/CpG_context_sampling_8080_632_trimmed_bismark_bt2.CpG",2570,2112,458,2570
"10633","07_report/CpG_context_sampling_8080_633_trimmed_bismark_bt2.CpG",2587,2168,419,2587
"10634","07_report/CpG_context_sampling_8080_634_trimmed_bismark_bt2.CpG",2630,2186,444,2630
"10635","07_report/CpG_context_sampling_8080_635_trimmed_bismark_bt2.CpG",2660,2197,463,2660
"10636","07_report/CpG_context_sampling_8080_636_trimmed_bismark_bt2.CpG",2694,2234,460,2694
"10637","07_report/CpG_context_sampling_8080_637_trimmed_bismark_bt2.CpG",2604,2171,433,2604
"10638","07_report/CpG_context_sampling_8080_638_trimmed_bismark_bt2.CpG",2580,2148,432,2580
"10639","07_report/CpG_context_sampling_8080_639_trimmed_bismark_bt2.CpG",2650,2180,470,2650
"10640","07_report/CpG_context_sampling_8080_640_trimmed_bismark_bt2.CpG",2562,2155,407,2562
"10641","07_report/CpG_context_sampling_8080_641_trimmed_bismark_bt2.CpG",2601,2183,418,2601
"10642","07_report/CpG_context_sampling_8080_642_trimmed_bismark_bt2.CpG",2504,2083,421,2504
"10643","07_report/CpG_context_sampling_8080_643_trimmed_bismark_bt2.CpG",2637,2154,483,2637
"10644","07_report/CpG_context_sampling_8080_644_trimmed_bismark_bt2.CpG",2645,2180,465,2645
"10645","07_report/CpG_context_sampling_8080_645_trimmed_bismark_bt2.CpG",2567,2150,417,2567
"10646","07_report/CpG_context_sampling_8080_646_trimmed_bismark_bt2.CpG",2561,2146,415,2561
"10647","07_report/CpG_context_sampling_8080_647_trimmed_bismark_bt2.CpG",2644,2213,431,2644
"10648","07_report/CpG_context_sampling_8080_648_trimmed_bismark_bt2.CpG",2644,2175,469,2644
"10649","07_report/CpG_context_sampling_8080_649_trimmed_bismark_bt2.CpG",2515,2090,425,2515
"10650","07_report/CpG_context_sampling_8080_650_trimmed_bismark_bt2.CpG",2610,2167,443,2610
"10651","07_report/CpG_context_sampling_8080_651_trimmed_bismark_bt2.CpG",2662,2189,473,2662
"10652","07_report/CpG_context_sampling_8080_652_trimmed_bismark_bt2.CpG",2663,2215,448,2663
"10653","07_report/CpG_context_sampling_8080_653_trimmed_bismark_bt2.CpG",2733,2284,449,2733
"10654","07_report/CpG_context_sampling_8080_654_trimmed_bismark_bt2.CpG",2662,2188,474,2662
"10655","07_report/CpG_context_sampling_8080_655_trimmed_bismark_bt2.CpG",2667,2193,474,2667
"10656","07_report/CpG_context_sampling_8080_656_trimmed_bismark_bt2.CpG",2622,2194,428,2622
"10657","07_report/CpG_context_sampling_8080_657_trimmed_bismark_bt2.CpG",2677,2225,452,2677
"10658","07_report/CpG_context_sampling_8080_658_trimmed_bismark_bt2.CpG",2623,2180,443,2623
"10659","07_report/CpG_context_sampling_8080_659_trimmed_bismark_bt2.CpG",2639,2162,477,2639
"10660","07_report/CpG_context_sampling_8080_660_trimmed_bismark_bt2.CpG",2574,2141,433,2574
"10661","07_report/CpG_context_sampling_8080_661_trimmed_bismark_bt2.CpG",2608,2154,454,2608
"10662","07_report/CpG_context_sampling_8080_662_trimmed_bismark_bt2.CpG",2544,2117,427,2544
"10663","07_report/CpG_context_sampling_8080_663_trimmed_bismark_bt2.CpG",2667,2212,455,2667
"10664","07_report/CpG_context_sampling_8080_664_trimmed_bismark_bt2.CpG",2605,2162,443,2605
"10665","07_report/CpG_context_sampling_8080_665_trimmed_bismark_bt2.CpG",2546,2107,439,2546
"10666","07_report/CpG_context_sampling_8080_666_trimmed_bismark_bt2.CpG",2582,2160,422,2582
"10667","07_report/CpG_context_sampling_8080_667_trimmed_bismark_bt2.CpG",2641,2182,459,2641
"10668","07_report/CpG_context_sampling_8080_668_trimmed_bismark_bt2.CpG",2546,2128,418,2546
"10669","07_report/CpG_context_sampling_8080_669_trimmed_bismark_bt2.CpG",2633,2190,443,2633
"10670","07_report/CpG_context_sampling_8080_670_trimmed_bismark_bt2.CpG",2583,2154,429,2583
"10671","07_report/CpG_context_sampling_8080_671_trimmed_bismark_bt2.CpG",2652,2192,460,2652
"10672","07_report/CpG_context_sampling_8080_672_trimmed_bismark_bt2.CpG",2512,2065,447,2512
"10673","07_report/CpG_context_sampling_8080_673_trimmed_bismark_bt2.CpG",2625,2190,435,2625
"10674","07_report/CpG_context_sampling_8080_674_trimmed_bismark_bt2.CpG",2513,2059,454,2513
"10675","07_report/CpG_context_sampling_8080_675_trimmed_bismark_bt2.CpG",2611,2206,405,2611
"10676","07_report/CpG_context_sampling_8080_676_trimmed_bismark_bt2.CpG",2616,2162,454,2616
"10677","07_report/CpG_context_sampling_8080_677_trimmed_bismark_bt2.CpG",2589,2163,426,2589
"10678","07_report/CpG_context_sampling_8080_678_trimmed_bismark_bt2.CpG",2648,2179,469,2648
"10679","07_report/CpG_context_sampling_8080_679_trimmed_bismark_bt2.CpG",2673,2218,455,2673
"10680","07_report/CpG_context_sampling_8080_680_trimmed_bismark_bt2.CpG",2635,2185,450,2635
"10681","07_report/CpG_context_sampling_8080_681_trimmed_bismark_bt2.CpG",2615,2156,459,2615
"10682","07_report/CpG_context_sampling_8080_682_trimmed_bismark_bt2.CpG",2632,2203,429,2632
"10683","07_report/CpG_context_sampling_8080_683_trimmed_bismark_bt2.CpG",2625,2177,448,2625
"10684","07_report/CpG_context_sampling_8080_684_trimmed_bismark_bt2.CpG",2507,2098,409,2507
"10685","07_report/CpG_context_sampling_8080_685_trimmed_bismark_bt2.CpG",2642,2244,398,2642
"10686","07_report/CpG_context_sampling_8080_686_trimmed_bismark_bt2.CpG",2625,2179,446,2625
"10687","07_report/CpG_context_sampling_8080_687_trimmed_bismark_bt2.CpG",2639,2179,460,2639
"10688","07_report/CpG_context_sampling_8080_688_trimmed_bismark_bt2.CpG",2710,2236,474,2710
"10689","07_report/CpG_context_sampling_8080_689_trimmed_bismark_bt2.CpG",2593,2157,436,2593
"10690","07_report/CpG_context_sampling_8080_690_trimmed_bismark_bt2.CpG",2618,2191,427,2618
"10691","07_report/CpG_context_sampling_8080_691_trimmed_bismark_bt2.CpG",2562,2117,445,2562
"10692","07_report/CpG_context_sampling_8080_692_trimmed_bismark_bt2.CpG",2700,2239,461,2700
"10693","07_report/CpG_context_sampling_8080_693_trimmed_bismark_bt2.CpG",2623,2215,408,2623
"10694","07_report/CpG_context_sampling_8080_694_trimmed_bismark_bt2.CpG",2578,2127,451,2578
"10695","07_report/CpG_context_sampling_8080_695_trimmed_bismark_bt2.CpG",2645,2203,442,2645
"10696","07_report/CpG_context_sampling_8080_696_trimmed_bismark_bt2.CpG",2590,2152,438,2590
"10697","07_report/CpG_context_sampling_8080_697_trimmed_bismark_bt2.CpG",2564,2144,420,2564
"10698","07_report/CpG_context_sampling_8080_698_trimmed_bismark_bt2.CpG",2615,2183,432,2615
"10699","07_report/CpG_context_sampling_8080_699_trimmed_bismark_bt2.CpG",2627,2183,444,2627
"10700","07_report/CpG_context_sampling_8080_700_trimmed_bismark_bt2.CpG",2616,2174,442,2616
"10701","07_report/CpG_context_sampling_8080_701_trimmed_bismark_bt2.CpG",2550,2096,454,2550
"10702","07_report/CpG_context_sampling_8080_702_trimmed_bismark_bt2.CpG",2552,2160,392,2552
"10703","07_report/CpG_context_sampling_8080_703_trimmed_bismark_bt2.CpG",2632,2185,447,2632
"10704","07_report/CpG_context_sampling_8080_704_trimmed_bismark_bt2.CpG",2563,2136,427,2563
"10705","07_report/CpG_context_sampling_8080_705_trimmed_bismark_bt2.CpG",2624,2173,451,2624
"10706","07_report/CpG_context_sampling_8080_706_trimmed_bismark_bt2.CpG",2641,2208,433,2641
"10707","07_report/CpG_context_sampling_8080_707_trimmed_bismark_bt2.CpG",2621,2196,425,2621
"10708","07_report/CpG_context_sampling_8080_708_trimmed_bismark_bt2.CpG",2564,2117,447,2564
"10709","07_report/CpG_context_sampling_8080_709_trimmed_bismark_bt2.CpG",2652,2211,441,2652
"10710","07_report/CpG_context_sampling_8080_710_trimmed_bismark_bt2.CpG",2681,2216,465,2681
"10711","07_report/CpG_context_sampling_8080_711_trimmed_bismark_bt2.CpG",2568,2118,450,2568
"10712","07_report/CpG_context_sampling_8080_712_trimmed_bismark_bt2.CpG",2533,2109,424,2533
"10713","07_report/CpG_context_sampling_8080_713_trimmed_bismark_bt2.CpG",2568,2129,439,2568
"10714","07_report/CpG_context_sampling_8080_714_trimmed_bismark_bt2.CpG",2629,2177,452,2629
"10715","07_report/CpG_context_sampling_8080_715_trimmed_bismark_bt2.CpG",2560,2118,442,2560
"10716","07_report/CpG_context_sampling_8080_716_trimmed_bismark_bt2.CpG",2611,2166,445,2611
"10717","07_report/CpG_context_sampling_8080_717_trimmed_bismark_bt2.CpG",2652,2212,440,2652
"10718","07_report/CpG_context_sampling_8080_718_trimmed_bismark_bt2.CpG",2591,2156,435,2591
"10719","07_report/CpG_context_sampling_8080_719_trimmed_bismark_bt2.CpG",2678,2193,485,2678
"10720","07_report/CpG_context_sampling_8080_720_trimmed_bismark_bt2.CpG",2636,2193,443,2636
"10721","07_report/CpG_context_sampling_8080_721_trimmed_bismark_bt2.CpG",2588,2157,431,2588
"10722","07_report/CpG_context_sampling_8080_722_trimmed_bismark_bt2.CpG",2615,2164,451,2615
"10723","07_report/CpG_context_sampling_8080_723_trimmed_bismark_bt2.CpG",2590,2173,417,2590
"10724","07_report/CpG_context_sampling_8080_724_trimmed_bismark_bt2.CpG",2592,2150,442,2592
"10725","07_report/CpG_context_sampling_8080_725_trimmed_bismark_bt2.CpG",2605,2124,481,2605
"10726","07_report/CpG_context_sampling_8080_726_trimmed_bismark_bt2.CpG",2702,2229,473,2702
"10727","07_report/CpG_context_sampling_8080_727_trimmed_bismark_bt2.CpG",2616,2164,452,2616
"10728","07_report/CpG_context_sampling_8080_728_trimmed_bismark_bt2.CpG",2601,2175,426,2601
"10729","07_report/CpG_context_sampling_8080_729_trimmed_bismark_bt2.CpG",2620,2167,453,2620
"10730","07_report/CpG_context_sampling_8080_730_trimmed_bismark_bt2.CpG",2516,2084,432,2516
"10731","07_report/CpG_context_sampling_8080_731_trimmed_bismark_bt2.CpG",2594,2135,459,2594
"10732","07_report/CpG_context_sampling_8080_732_trimmed_bismark_bt2.CpG",2606,2187,419,2606
"10733","07_report/CpG_context_sampling_8080_733_trimmed_bismark_bt2.CpG",2686,2231,455,2686
"10734","07_report/CpG_context_sampling_8080_734_trimmed_bismark_bt2.CpG",2666,2207,459,2666
"10735","07_report/CpG_context_sampling_8080_735_trimmed_bismark_bt2.CpG",2609,2174,435,2609
"10736","07_report/CpG_context_sampling_8080_736_trimmed_bismark_bt2.CpG",2543,2121,422,2543
"10737","07_report/CpG_context_sampling_8080_737_trimmed_bismark_bt2.CpG",2581,2147,434,2581
"10738","07_report/CpG_context_sampling_8080_738_trimmed_bismark_bt2.CpG",2578,2138,440,2578
"10739","07_report/CpG_context_sampling_8080_739_trimmed_bismark_bt2.CpG",2511,2052,459,2511
"10740","07_report/CpG_context_sampling_8080_740_trimmed_bismark_bt2.CpG",2645,2180,465,2645
"10741","07_report/CpG_context_sampling_8080_741_trimmed_bismark_bt2.CpG",2653,2190,463,2653
"10742","07_report/CpG_context_sampling_8080_742_trimmed_bismark_bt2.CpG",2620,2176,444,2620
"10743","07_report/CpG_context_sampling_8080_743_trimmed_bismark_bt2.CpG",2624,2225,399,2624
"10744","07_report/CpG_context_sampling_8080_744_trimmed_bismark_bt2.CpG",2621,2182,439,2621
"10745","07_report/CpG_context_sampling_8080_745_trimmed_bismark_bt2.CpG",2593,2149,444,2593
"10746","07_report/CpG_context_sampling_8080_746_trimmed_bismark_bt2.CpG",2581,2155,426,2581
"10747","07_report/CpG_context_sampling_8080_747_trimmed_bismark_bt2.CpG",2669,2243,426,2669
"10748","07_report/CpG_context_sampling_8080_748_trimmed_bismark_bt2.CpG",2629,2196,433,2629
"10749","07_report/CpG_context_sampling_8080_749_trimmed_bismark_bt2.CpG",2580,2124,456,2580
"10750","07_report/CpG_context_sampling_8080_750_trimmed_bismark_bt2.CpG",2728,2255,473,2728
"10751","07_report/CpG_context_sampling_8080_751_trimmed_bismark_bt2.CpG",2681,2241,440,2681
"10752","07_report/CpG_context_sampling_8080_752_trimmed_bismark_bt2.CpG",2574,2138,436,2574
"10753","07_report/CpG_context_sampling_8080_753_trimmed_bismark_bt2.CpG",2604,2183,421,2604
"10754","07_report/CpG_context_sampling_8080_754_trimmed_bismark_bt2.CpG",2572,2123,449,2572
"10755","07_report/CpG_context_sampling_8080_755_trimmed_bismark_bt2.CpG",2690,2245,445,2690
"10756","07_report/CpG_context_sampling_8080_756_trimmed_bismark_bt2.CpG",2642,2207,435,2642
"10757","07_report/CpG_context_sampling_8080_757_trimmed_bismark_bt2.CpG",2562,2144,418,2562
"10758","07_report/CpG_context_sampling_8080_758_trimmed_bismark_bt2.CpG",2582,2141,441,2582
"10759","07_report/CpG_context_sampling_8080_759_trimmed_bismark_bt2.CpG",2594,2154,440,2594
"10760","07_report/CpG_context_sampling_8080_760_trimmed_bismark_bt2.CpG",2579,2145,434,2579
"10761","07_report/CpG_context_sampling_8080_761_trimmed_bismark_bt2.CpG",2649,2226,423,2649
"10762","07_report/CpG_context_sampling_8080_762_trimmed_bismark_bt2.CpG",2674,2227,447,2674
"10763","07_report/CpG_context_sampling_8080_763_trimmed_bismark_bt2.CpG",2610,2199,411,2610
"10764","07_report/CpG_context_sampling_8080_764_trimmed_bismark_bt2.CpG",2635,2176,459,2635
"10765","07_report/CpG_context_sampling_8080_765_trimmed_bismark_bt2.CpG",2603,2181,422,2603
"10766","07_report/CpG_context_sampling_8080_766_trimmed_bismark_bt2.CpG",2592,2121,471,2592
"10767","07_report/CpG_context_sampling_8080_767_trimmed_bismark_bt2.CpG",2558,2134,424,2558
"10768","07_report/CpG_context_sampling_8080_768_trimmed_bismark_bt2.CpG",2539,2097,442,2539
"10769","07_report/CpG_context_sampling_8080_769_trimmed_bismark_bt2.CpG",2548,2134,414,2548
"10770","07_report/CpG_context_sampling_8080_770_trimmed_bismark_bt2.CpG",2613,2172,441,2613
"10771","07_report/CpG_context_sampling_8080_771_trimmed_bismark_bt2.CpG",2687,2212,475,2687
"10772","07_report/CpG_context_sampling_8080_772_trimmed_bismark_bt2.CpG",2579,2142,437,2579
"10773","07_report/CpG_context_sampling_8080_773_trimmed_bismark_bt2.CpG",2636,2192,444,2636
"10774","07_report/CpG_context_sampling_8080_774_trimmed_bismark_bt2.CpG",2572,2112,460,2572
"10775","07_report/CpG_context_sampling_8080_775_trimmed_bismark_bt2.CpG",2578,2167,411,2578
"10776","07_report/CpG_context_sampling_8080_776_trimmed_bismark_bt2.CpG",2567,2144,423,2567
"10777","07_report/CpG_context_sampling_8080_777_trimmed_bismark_bt2.CpG",2633,2163,470,2633
"10778","07_report/CpG_context_sampling_8080_778_trimmed_bismark_bt2.CpG",2602,2171,431,2602
"10779","07_report/CpG_context_sampling_8080_779_trimmed_bismark_bt2.CpG",2573,2129,444,2573
"10780","07_report/CpG_context_sampling_8080_780_trimmed_bismark_bt2.CpG",2637,2202,435,2637
"10781","07_report/CpG_context_sampling_8080_781_trimmed_bismark_bt2.CpG",2613,2184,429,2613
"10782","07_report/CpG_context_sampling_8080_782_trimmed_bismark_bt2.CpG",2543,2115,428,2543
"10783","07_report/CpG_context_sampling_8080_783_trimmed_bismark_bt2.CpG",2575,2119,456,2575
"10784","07_report/CpG_context_sampling_8080_784_trimmed_bismark_bt2.CpG",2638,2185,453,2638
"10785","07_report/CpG_context_sampling_8080_785_trimmed_bismark_bt2.CpG",2657,2207,450,2657
"10786","07_report/CpG_context_sampling_8080_786_trimmed_bismark_bt2.CpG",2584,2146,438,2584
"10787","07_report/CpG_context_sampling_8080_787_trimmed_bismark_bt2.CpG",2623,2161,462,2623
"10788","07_report/CpG_context_sampling_8080_788_trimmed_bismark_bt2.CpG",2599,2172,427,2599
"10789","07_report/CpG_context_sampling_8080_789_trimmed_bismark_bt2.CpG",2633,2176,457,2633
"10790","07_report/CpG_context_sampling_8080_790_trimmed_bismark_bt2.CpG",2630,2221,409,2630
"10791","07_report/CpG_context_sampling_8080_791_trimmed_bismark_bt2.CpG",2575,2176,399,2575
"10792","07_report/CpG_context_sampling_8080_792_trimmed_bismark_bt2.CpG",2692,2226,466,2692
"10793","07_report/CpG_context_sampling_8080_793_trimmed_bismark_bt2.CpG",2603,2143,460,2603
"10794","07_report/CpG_context_sampling_8080_794_trimmed_bismark_bt2.CpG",2614,2176,438,2614
"10795","07_report/CpG_context_sampling_8080_795_trimmed_bismark_bt2.CpG",2581,2127,454,2581
"10796","07_report/CpG_context_sampling_8080_796_trimmed_bismark_bt2.CpG",2648,2197,451,2648
"10797","07_report/CpG_context_sampling_8080_797_trimmed_bismark_bt2.CpG",2622,2169,453,2622
"10798","07_report/CpG_context_sampling_8080_798_trimmed_bismark_bt2.CpG",2594,2146,448,2594
"10799","07_report/CpG_context_sampling_8080_799_trimmed_bismark_bt2.CpG",2544,2126,418,2544
"10800","07_report/CpG_context_sampling_8080_800_trimmed_bismark_bt2.CpG",2635,2211,424,2635
"10801","07_report/CpG_context_sampling_8080_801_trimmed_bismark_bt2.CpG",2581,2161,420,2581
"10802","07_report/CpG_context_sampling_8080_802_trimmed_bismark_bt2.CpG",2592,2142,450,2592
"10803","07_report/CpG_context_sampling_8080_803_trimmed_bismark_bt2.CpG",2623,2139,484,2623
"10804","07_report/CpG_context_sampling_8080_804_trimmed_bismark_bt2.CpG",2670,2214,456,2670
"10805","07_report/CpG_context_sampling_8080_805_trimmed_bismark_bt2.CpG",2648,2216,432,2648
"10806","07_report/CpG_context_sampling_8080_806_trimmed_bismark_bt2.CpG",2684,2269,415,2684
"10807","07_report/CpG_context_sampling_8080_807_trimmed_bismark_bt2.CpG",2593,2124,469,2593
"10808","07_report/CpG_context_sampling_8080_808_trimmed_bismark_bt2.CpG",2679,2202,477,2679
"10809","07_report/CpG_context_sampling_8080_809_trimmed_bismark_bt2.CpG",2630,2179,451,2630
"10810","07_report/CpG_context_sampling_8080_810_trimmed_bismark_bt2.CpG",2561,2140,421,2561
"10811","07_report/CpG_context_sampling_8080_811_trimmed_bismark_bt2.CpG",2626,2170,456,2626
"10812","07_report/CpG_context_sampling_8080_812_trimmed_bismark_bt2.CpG",2602,2156,446,2602
"10813","07_report/CpG_context_sampling_8080_813_trimmed_bismark_bt2.CpG",2621,2177,444,2621
"10814","07_report/CpG_context_sampling_8080_814_trimmed_bismark_bt2.CpG",2627,2184,443,2627
"10815","07_report/CpG_context_sampling_8080_815_trimmed_bismark_bt2.CpG",2505,2077,428,2505
"10816","07_report/CpG_context_sampling_8080_816_trimmed_bismark_bt2.CpG",2587,2151,436,2587
"10817","07_report/CpG_context_sampling_8080_817_trimmed_bismark_bt2.CpG",2632,2209,423,2632
"10818","07_report/CpG_context_sampling_8080_818_trimmed_bismark_bt2.CpG",2654,2219,435,2654
"10819","07_report/CpG_context_sampling_8080_819_trimmed_bismark_bt2.CpG",2632,2182,450,2632
"10820","07_report/CpG_context_sampling_8080_820_trimmed_bismark_bt2.CpG",2669,2213,456,2669
"10821","07_report/CpG_context_sampling_8080_821_trimmed_bismark_bt2.CpG",2711,2262,449,2711
"10822","07_report/CpG_context_sampling_8080_822_trimmed_bismark_bt2.CpG",2617,2176,441,2617
"10823","07_report/CpG_context_sampling_8080_823_trimmed_bismark_bt2.CpG",2597,2180,417,2597
"10824","07_report/CpG_context_sampling_8080_824_trimmed_bismark_bt2.CpG",2678,2237,441,2678
"10825","07_report/CpG_context_sampling_8080_825_trimmed_bismark_bt2.CpG",2559,2140,419,2559
"10826","07_report/CpG_context_sampling_8080_826_trimmed_bismark_bt2.CpG",2578,2139,439,2578
"10827","07_report/CpG_context_sampling_8080_827_trimmed_bismark_bt2.CpG",2640,2180,460,2640
"10828","07_report/CpG_context_sampling_8080_828_trimmed_bismark_bt2.CpG",2625,2169,456,2625
"10829","07_report/CpG_context_sampling_8080_829_trimmed_bismark_bt2.CpG",2607,2211,396,2607
"10830","07_report/CpG_context_sampling_8080_830_trimmed_bismark_bt2.CpG",2638,2180,458,2638
"10831","07_report/CpG_context_sampling_8080_831_trimmed_bismark_bt2.CpG",2603,2131,472,2603
"10832","07_report/CpG_context_sampling_8080_832_trimmed_bismark_bt2.CpG",2611,2169,442,2611
"10833","07_report/CpG_context_sampling_8080_833_trimmed_bismark_bt2.CpG",2644,2183,461,2644
"10834","07_report/CpG_context_sampling_8080_834_trimmed_bismark_bt2.CpG",2703,2200,503,2703
"10835","07_report/CpG_context_sampling_8080_835_trimmed_bismark_bt2.CpG",2519,2104,415,2519
"10836","07_report/CpG_context_sampling_8080_836_trimmed_bismark_bt2.CpG",2621,2187,434,2621
"10837","07_report/CpG_context_sampling_8080_837_trimmed_bismark_bt2.CpG",2657,2190,467,2657
"10838","07_report/CpG_context_sampling_8080_838_trimmed_bismark_bt2.CpG",2601,2163,438,2601
"10839","07_report/CpG_context_sampling_8080_839_trimmed_bismark_bt2.CpG",2588,2156,432,2588
"10840","07_report/CpG_context_sampling_8080_840_trimmed_bismark_bt2.CpG",2694,2266,428,2694
"10841","07_report/CpG_context_sampling_8080_841_trimmed_bismark_bt2.CpG",2636,2228,408,2636
"10842","07_report/CpG_context_sampling_8080_842_trimmed_bismark_bt2.CpG",2682,2229,453,2682
"10843","07_report/CpG_context_sampling_8080_843_trimmed_bismark_bt2.CpG",2585,2162,423,2585
"10844","07_report/CpG_context_sampling_8080_844_trimmed_bismark_bt2.CpG",2567,2136,431,2567
"10845","07_report/CpG_context_sampling_8080_845_trimmed_bismark_bt2.CpG",2609,2188,421,2609
"10846","07_report/CpG_context_sampling_8080_846_trimmed_bismark_bt2.CpG",2580,2120,460,2580
"10847","07_report/CpG_context_sampling_8080_847_trimmed_bismark_bt2.CpG",2657,2196,461,2657
"10848","07_report/CpG_context_sampling_8080_848_trimmed_bismark_bt2.CpG",2641,2155,486,2641
"10849","07_report/CpG_context_sampling_8080_849_trimmed_bismark_bt2.CpG",2621,2214,407,2621
"10850","07_report/CpG_context_sampling_8080_850_trimmed_bismark_bt2.CpG",2658,2216,442,2658
"10851","07_report/CpG_context_sampling_8080_851_trimmed_bismark_bt2.CpG",2622,2194,428,2622
"10852","07_report/CpG_context_sampling_8080_852_trimmed_bismark_bt2.CpG",2547,2135,412,2547
"10853","07_report/CpG_context_sampling_8080_853_trimmed_bismark_bt2.CpG",2621,2183,438,2621
"10854","07_report/CpG_context_sampling_8080_854_trimmed_bismark_bt2.CpG",2603,2188,415,2603
"10855","07_report/CpG_context_sampling_8080_855_trimmed_bismark_bt2.CpG",2564,2139,425,2564
"10856","07_report/CpG_context_sampling_8080_856_trimmed_bismark_bt2.CpG",2643,2213,430,2643
"10857","07_report/CpG_context_sampling_8080_857_trimmed_bismark_bt2.CpG",2648,2185,463,2648
"10858","07_report/CpG_context_sampling_8080_858_trimmed_bismark_bt2.CpG",2565,2135,430,2565
"10859","07_report/CpG_context_sampling_8080_859_trimmed_bismark_bt2.CpG",2597,2165,432,2597
"10860","07_report/CpG_context_sampling_8080_860_trimmed_bismark_bt2.CpG",2706,2227,479,2706
"10861","07_report/CpG_context_sampling_8080_861_trimmed_bismark_bt2.CpG",2613,2179,434,2613
"10862","07_report/CpG_context_sampling_8080_862_trimmed_bismark_bt2.CpG",2618,2165,453,2618
"10863","07_report/CpG_context_sampling_8080_863_trimmed_bismark_bt2.CpG",2593,2170,423,2593
"10864","07_report/CpG_context_sampling_8080_864_trimmed_bismark_bt2.CpG",2733,2245,488,2733
"10865","07_report/CpG_context_sampling_8080_865_trimmed_bismark_bt2.CpG",2596,2141,455,2596
"10866","07_report/CpG_context_sampling_8080_866_trimmed_bismark_bt2.CpG",2508,2098,410,2508
"10867","07_report/CpG_context_sampling_8080_867_trimmed_bismark_bt2.CpG",2533,2128,405,2533
"10868","07_report/CpG_context_sampling_8080_868_trimmed_bismark_bt2.CpG",2537,2102,435,2537
"10869","07_report/CpG_context_sampling_8080_869_trimmed_bismark_bt2.CpG",2620,2167,453,2620
"10870","07_report/CpG_context_sampling_8080_870_trimmed_bismark_bt2.CpG",2658,2205,453,2658
"10871","07_report/CpG_context_sampling_8080_871_trimmed_bismark_bt2.CpG",2608,2158,450,2608
"10872","07_report/CpG_context_sampling_8080_872_trimmed_bismark_bt2.CpG",2580,2140,440,2580
"10873","07_report/CpG_context_sampling_8080_873_trimmed_bismark_bt2.CpG",2588,2154,434,2588
"10874","07_report/CpG_context_sampling_8080_874_trimmed_bismark_bt2.CpG",2614,2206,408,2614
"10875","07_report/CpG_context_sampling_8080_875_trimmed_bismark_bt2.CpG",2621,2187,434,2621
"10876","07_report/CpG_context_sampling_8080_876_trimmed_bismark_bt2.CpG",2686,2231,455,2686
"10877","07_report/CpG_context_sampling_8080_877_trimmed_bismark_bt2.CpG",2621,2201,420,2621
"10878","07_report/CpG_context_sampling_8080_878_trimmed_bismark_bt2.CpG",2622,2193,429,2622
"10879","07_report/CpG_context_sampling_8080_879_trimmed_bismark_bt2.CpG",2567,2151,416,2567
"10880","07_report/CpG_context_sampling_8080_880_trimmed_bismark_bt2.CpG",2624,2157,467,2624
"10881","07_report/CpG_context_sampling_8080_881_trimmed_bismark_bt2.CpG",2638,2173,465,2638
"10882","07_report/CpG_context_sampling_8080_882_trimmed_bismark_bt2.CpG",2547,2097,450,2547
"10883","07_report/CpG_context_sampling_8080_883_trimmed_bismark_bt2.CpG",2637,2211,426,2637
"10884","07_report/CpG_context_sampling_8080_884_trimmed_bismark_bt2.CpG",2578,2148,430,2578
"10885","07_report/CpG_context_sampling_8080_885_trimmed_bismark_bt2.CpG",2567,2137,430,2567
"10886","07_report/CpG_context_sampling_8080_886_trimmed_bismark_bt2.CpG",2621,2188,433,2621
"10887","07_report/CpG_context_sampling_8080_887_trimmed_bismark_bt2.CpG",2653,2208,445,2653
"10888","07_report/CpG_context_sampling_8080_888_trimmed_bismark_bt2.CpG",2563,2106,457,2563
"10889","07_report/CpG_context_sampling_8080_889_trimmed_bismark_bt2.CpG",2624,2149,475,2624
"10890","07_report/CpG_context_sampling_8080_890_trimmed_bismark_bt2.CpG",2612,2178,434,2612
"10891","07_report/CpG_context_sampling_8080_891_trimmed_bismark_bt2.CpG",2606,2166,440,2606
"10892","07_report/CpG_context_sampling_8080_892_trimmed_bismark_bt2.CpG",2537,2116,421,2537
"10893","07_report/CpG_context_sampling_8080_893_trimmed_bismark_bt2.CpG",2620,2195,425,2620
"10894","07_report/CpG_context_sampling_8080_894_trimmed_bismark_bt2.CpG",2620,2191,429,2620
"10895","07_report/CpG_context_sampling_8080_895_trimmed_bismark_bt2.CpG",2664,2246,418,2664
"10896","07_report/CpG_context_sampling_8080_896_trimmed_bismark_bt2.CpG",2596,2167,429,2596
"10897","07_report/CpG_context_sampling_8080_897_trimmed_bismark_bt2.CpG",2630,2215,415,2630
"10898","07_report/CpG_context_sampling_8080_898_trimmed_bismark_bt2.CpG",2672,2222,450,2672
"10899","07_report/CpG_context_sampling_8080_899_trimmed_bismark_bt2.CpG",2542,2159,383,2542
"10900","07_report/CpG_context_sampling_8080_900_trimmed_bismark_bt2.CpG",2611,2160,451,2611
"10901","07_report/CpG_context_sampling_8080_901_trimmed_bismark_bt2.CpG",2663,2260,403,2663
"10902","07_report/CpG_context_sampling_8080_902_trimmed_bismark_bt2.CpG",2618,2165,453,2618
"10903","07_report/CpG_context_sampling_8080_903_trimmed_bismark_bt2.CpG",2602,2170,432,2602
"10904","07_report/CpG_context_sampling_8080_904_trimmed_bismark_bt2.CpG",2617,2157,460,2617
"10905","07_report/CpG_context_sampling_8080_905_trimmed_bismark_bt2.CpG",2683,2218,465,2683
"10906","07_report/CpG_context_sampling_8080_906_trimmed_bismark_bt2.CpG",2609,2142,467,2609
"10907","07_report/CpG_context_sampling_8080_907_trimmed_bismark_bt2.CpG",2515,2102,413,2515
"10908","07_report/CpG_context_sampling_8080_908_trimmed_bismark_bt2.CpG",2613,2162,451,2613
"10909","07_report/CpG_context_sampling_8080_909_trimmed_bismark_bt2.CpG",2581,2171,410,2581
"10910","07_report/CpG_context_sampling_8080_910_trimmed_bismark_bt2.CpG",2669,2231,438,2669
"10911","07_report/CpG_context_sampling_8080_911_trimmed_bismark_bt2.CpG",2609,2192,417,2609
"10912","07_report/CpG_context_sampling_8080_912_trimmed_bismark_bt2.CpG",2592,2167,425,2592
"10913","07_report/CpG_context_sampling_8080_913_trimmed_bismark_bt2.CpG",2528,2084,444,2528
"10914","07_report/CpG_context_sampling_8080_914_trimmed_bismark_bt2.CpG",2591,2161,430,2591
"10915","07_report/CpG_context_sampling_8080_915_trimmed_bismark_bt2.CpG",2629,2180,449,2629
"10916","07_report/CpG_context_sampling_8080_916_trimmed_bismark_bt2.CpG",2588,2111,477,2588
"10917","07_report/CpG_context_sampling_8080_917_trimmed_bismark_bt2.CpG",2651,2209,442,2651
"10918","07_report/CpG_context_sampling_8080_918_trimmed_bismark_bt2.CpG",2649,2211,438,2649
"10919","07_report/CpG_context_sampling_8080_919_trimmed_bismark_bt2.CpG",2683,2229,454,2683
"10920","07_report/CpG_context_sampling_8080_920_trimmed_bismark_bt2.CpG",2668,2189,479,2668
"10921","07_report/CpG_context_sampling_8080_921_trimmed_bismark_bt2.CpG",2596,2142,454,2596
"10922","07_report/CpG_context_sampling_8080_922_trimmed_bismark_bt2.CpG",2639,2199,440,2639
"10923","07_report/CpG_context_sampling_8080_923_trimmed_bismark_bt2.CpG",2556,2123,433,2556
"10924","07_report/CpG_context_sampling_8080_924_trimmed_bismark_bt2.CpG",2617,2164,453,2617
"10925","07_report/CpG_context_sampling_8080_925_trimmed_bismark_bt2.CpG",2515,2075,440,2515
"10926","07_report/CpG_context_sampling_8080_926_trimmed_bismark_bt2.CpG",2539,2057,482,2539
"10927","07_report/CpG_context_sampling_8080_927_trimmed_bismark_bt2.CpG",2605,2162,443,2605
"10928","07_report/CpG_context_sampling_8080_928_trimmed_bismark_bt2.CpG",2652,2181,471,2652
"10929","07_report/CpG_context_sampling_8080_929_trimmed_bismark_bt2.CpG",2593,2166,427,2593
"10930","07_report/CpG_context_sampling_8080_930_trimmed_bismark_bt2.CpG",2666,2234,432,2666
"10931","07_report/CpG_context_sampling_8080_931_trimmed_bismark_bt2.CpG",2683,2247,436,2683
"10932","07_report/CpG_context_sampling_8080_932_trimmed_bismark_bt2.CpG",2613,2188,425,2613
"10933","07_report/CpG_context_sampling_8080_933_trimmed_bismark_bt2.CpG",2674,2226,448,2674
"10934","07_report/CpG_context_sampling_8080_934_trimmed_bismark_bt2.CpG",2597,2141,456,2597
"10935","07_report/CpG_context_sampling_8080_935_trimmed_bismark_bt2.CpG",2591,2150,441,2591
"10936","07_report/CpG_context_sampling_8080_936_trimmed_bismark_bt2.CpG",2651,2197,454,2651
"10937","07_report/CpG_context_sampling_8080_937_trimmed_bismark_bt2.CpG",2664,2216,448,2664
"10938","07_report/CpG_context_sampling_8080_938_trimmed_bismark_bt2.CpG",2502,2046,456,2502
"10939","07_report/CpG_context_sampling_8080_939_trimmed_bismark_bt2.CpG",2628,2162,466,2628
"10940","07_report/CpG_context_sampling_8080_940_trimmed_bismark_bt2.CpG",2629,2201,428,2629
"10941","07_report/CpG_context_sampling_8080_941_trimmed_bismark_bt2.CpG",2613,2182,431,2613
"10942","07_report/CpG_context_sampling_8080_942_trimmed_bismark_bt2.CpG",2595,2170,425,2595
"10943","07_report/CpG_context_sampling_8080_943_trimmed_bismark_bt2.CpG",2514,2083,431,2514
"10944","07_report/CpG_context_sampling_8080_944_trimmed_bismark_bt2.CpG",2716,2242,474,2716
"10945","07_report/CpG_context_sampling_8080_945_trimmed_bismark_bt2.CpG",2664,2197,467,2664
"10946","07_report/CpG_context_sampling_8080_946_trimmed_bismark_bt2.CpG",2550,2154,396,2550
"10947","07_report/CpG_context_sampling_8080_947_trimmed_bismark_bt2.CpG",2563,2134,429,2563
"10948","07_report/CpG_context_sampling_8080_948_trimmed_bismark_bt2.CpG",2559,2135,424,2559
"10949","07_report/CpG_context_sampling_8080_949_trimmed_bismark_bt2.CpG",2657,2184,473,2657
"10950","07_report/CpG_context_sampling_8080_950_trimmed_bismark_bt2.CpG",2606,2174,432,2606
"10951","07_report/CpG_context_sampling_8080_951_trimmed_bismark_bt2.CpG",2690,2223,467,2690
"10952","07_report/CpG_context_sampling_8080_952_trimmed_bismark_bt2.CpG",2605,2174,431,2605
"10953","07_report/CpG_context_sampling_8080_953_trimmed_bismark_bt2.CpG",2669,2240,429,2669
"10954","07_report/CpG_context_sampling_8080_954_trimmed_bismark_bt2.CpG",2645,2252,393,2645
"10955","07_report/CpG_context_sampling_8080_955_trimmed_bismark_bt2.CpG",2654,2175,479,2654
"10956","07_report/CpG_context_sampling_8080_956_trimmed_bismark_bt2.CpG",2612,2188,424,2612
"10957","07_report/CpG_context_sampling_8080_957_trimmed_bismark_bt2.CpG",2529,2080,449,2529
"10958","07_report/CpG_context_sampling_8080_958_trimmed_bismark_bt2.CpG",2574,2118,456,2574
"10959","07_report/CpG_context_sampling_8080_959_trimmed_bismark_bt2.CpG",2625,2168,457,2625
"10960","07_report/CpG_context_sampling_8080_960_trimmed_bismark_bt2.CpG",2564,2094,470,2564
"10961","07_report/CpG_context_sampling_8080_961_trimmed_bismark_bt2.CpG",2600,2144,456,2600
"10962","07_report/CpG_context_sampling_8080_962_trimmed_bismark_bt2.CpG",2627,2193,434,2627
"10963","07_report/CpG_context_sampling_8080_963_trimmed_bismark_bt2.CpG",2610,2188,422,2610
"10964","07_report/CpG_context_sampling_8080_964_trimmed_bismark_bt2.CpG",2641,2171,470,2641
"10965","07_report/CpG_context_sampling_8080_965_trimmed_bismark_bt2.CpG",2624,2177,447,2624
"10966","07_report/CpG_context_sampling_8080_966_trimmed_bismark_bt2.CpG",2676,2243,433,2676
"10967","07_report/CpG_context_sampling_8080_967_trimmed_bismark_bt2.CpG",2549,2108,441,2549
"10968","07_report/CpG_context_sampling_8080_968_trimmed_bismark_bt2.CpG",2605,2168,437,2605
"10969","07_report/CpG_context_sampling_8080_969_trimmed_bismark_bt2.CpG",2657,2192,465,2657
"10970","07_report/CpG_context_sampling_8080_970_trimmed_bismark_bt2.CpG",2535,2071,464,2535
"10971","07_report/CpG_context_sampling_8080_971_trimmed_bismark_bt2.CpG",2577,2155,422,2577
"10972","07_report/CpG_context_sampling_8080_972_trimmed_bismark_bt2.CpG",2606,2151,455,2606
"10973","07_report/CpG_context_sampling_8080_973_trimmed_bismark_bt2.CpG",2652,2207,445,2652
"10974","07_report/CpG_context_sampling_8080_974_trimmed_bismark_bt2.CpG",2685,2232,453,2685
"10975","07_report/CpG_context_sampling_8080_975_trimmed_bismark_bt2.CpG",2589,2162,427,2589
"10976","07_report/CpG_context_sampling_8080_976_trimmed_bismark_bt2.CpG",2583,2161,422,2583
"10977","07_report/CpG_context_sampling_8080_977_trimmed_bismark_bt2.CpG",2625,2195,430,2625
"10978","07_report/CpG_context_sampling_8080_978_trimmed_bismark_bt2.CpG",2569,2139,430,2569
"10979","07_report/CpG_context_sampling_8080_979_trimmed_bismark_bt2.CpG",2617,2164,453,2617
"10980","07_report/CpG_context_sampling_8080_980_trimmed_bismark_bt2.CpG",2617,2178,439,2617
"10981","07_report/CpG_context_sampling_8080_981_trimmed_bismark_bt2.CpG",2681,2250,431,2681
"10982","07_report/CpG_context_sampling_8080_982_trimmed_bismark_bt2.CpG",2647,2230,417,2647
"10983","07_report/CpG_context_sampling_8080_983_trimmed_bismark_bt2.CpG",2603,2156,447,2603
"10984","07_report/CpG_context_sampling_8080_984_trimmed_bismark_bt2.CpG",2574,2140,434,2574
"10985","07_report/CpG_context_sampling_8080_985_trimmed_bismark_bt2.CpG",2555,2155,400,2555
"10986","07_report/CpG_context_sampling_8080_986_trimmed_bismark_bt2.CpG",2626,2195,431,2626
"10987","07_report/CpG_context_sampling_8080_987_trimmed_bismark_bt2.CpG",2589,2152,437,2589
"10988","07_report/CpG_context_sampling_8080_988_trimmed_bismark_bt2.CpG",2593,2182,411,2593
"10989","07_report/CpG_context_sampling_8080_989_trimmed_bismark_bt2.CpG",2646,2233,413,2646
"10990","07_report/CpG_context_sampling_8080_990_trimmed_bismark_bt2.CpG",2630,2161,469,2630
"10991","07_report/CpG_context_sampling_8080_991_trimmed_bismark_bt2.CpG",2548,2144,404,2548
"10992","07_report/CpG_context_sampling_8080_992_trimmed_bismark_bt2.CpG",2637,2181,456,2637
"10993","07_report/CpG_context_sampling_8080_993_trimmed_bismark_bt2.CpG",2644,2187,457,2644
"10994","07_report/CpG_context_sampling_8080_994_trimmed_bismark_bt2.CpG",2550,2134,416,2550
"10995","07_report/CpG_context_sampling_8080_995_trimmed_bismark_bt2.CpG",2641,2245,396,2641
"10996","07_report/CpG_context_sampling_8080_996_trimmed_bismark_bt2.CpG",2680,2234,446,2680
"10997","07_report/CpG_context_sampling_8080_997_trimmed_bismark_bt2.CpG",2557,2162,395,2557
"10998","07_report/CpG_context_sampling_8080_998_trimmed_bismark_bt2.CpG",2650,2211,439,2650
"10999","07_report/CpG_context_sampling_8080_999_trimmed_bismark_bt2.CpG",2660,2201,459,2660
"11000","07_report/CpG_context_sampling_8080_1000_trimmed_bismark_bt2.CpG",2607,2194,413,2607
"11001","07_report/CpG_context_sampling_10773_1_trimmed_bismark_bt2.CpG",3549,2945,604,3549
"11002","07_report/CpG_context_sampling_10773_2_trimmed_bismark_bt2.CpG",3531,2997,534,3531
"11003","07_report/CpG_context_sampling_10773_3_trimmed_bismark_bt2.CpG",3573,2989,584,3573
"11004","07_report/CpG_context_sampling_10773_4_trimmed_bismark_bt2.CpG",3521,2970,551,3521
"11005","07_report/CpG_context_sampling_10773_5_trimmed_bismark_bt2.CpG",3566,2943,623,3566
"11006","07_report/CpG_context_sampling_10773_6_trimmed_bismark_bt2.CpG",3455,2900,555,3455
"11007","07_report/CpG_context_sampling_10773_7_trimmed_bismark_bt2.CpG",3523,2966,557,3523
"11008","07_report/CpG_context_sampling_10773_8_trimmed_bismark_bt2.CpG",3489,2908,581,3489
"11009","07_report/CpG_context_sampling_10773_9_trimmed_bismark_bt2.CpG",3522,2915,607,3522
"11010","07_report/CpG_context_sampling_10773_10_trimmed_bismark_bt2.CpG",3510,2952,558,3510
"11011","07_report/CpG_context_sampling_10773_11_trimmed_bismark_bt2.CpG",3524,2914,610,3524
"11012","07_report/CpG_context_sampling_10773_12_trimmed_bismark_bt2.CpG",3509,2897,612,3509
"11013","07_report/CpG_context_sampling_10773_13_trimmed_bismark_bt2.CpG",3423,2852,571,3423
"11014","07_report/CpG_context_sampling_10773_14_trimmed_bismark_bt2.CpG",3576,2986,590,3576
"11015","07_report/CpG_context_sampling_10773_15_trimmed_bismark_bt2.CpG",3484,2901,583,3484
"11016","07_report/CpG_context_sampling_10773_16_trimmed_bismark_bt2.CpG",3459,2845,614,3459
"11017","07_report/CpG_context_sampling_10773_17_trimmed_bismark_bt2.CpG",3541,2924,617,3541
"11018","07_report/CpG_context_sampling_10773_18_trimmed_bismark_bt2.CpG",3508,2888,620,3508
"11019","07_report/CpG_context_sampling_10773_19_trimmed_bismark_bt2.CpG",3491,2891,600,3491
"11020","07_report/CpG_context_sampling_10773_20_trimmed_bismark_bt2.CpG",3499,2939,560,3499
"11021","07_report/CpG_context_sampling_10773_21_trimmed_bismark_bt2.CpG",3447,2843,604,3447
"11022","07_report/CpG_context_sampling_10773_22_trimmed_bismark_bt2.CpG",3507,2929,578,3507
"11023","07_report/CpG_context_sampling_10773_23_trimmed_bismark_bt2.CpG",3406,2817,589,3406
"11024","07_report/CpG_context_sampling_10773_24_trimmed_bismark_bt2.CpG",3388,2859,529,3388
"11025","07_report/CpG_context_sampling_10773_25_trimmed_bismark_bt2.CpG",3459,2870,589,3459
"11026","07_report/CpG_context_sampling_10773_26_trimmed_bismark_bt2.CpG",3519,2908,611,3519
"11027","07_report/CpG_context_sampling_10773_27_trimmed_bismark_bt2.CpG",3473,2886,587,3473
"11028","07_report/CpG_context_sampling_10773_28_trimmed_bismark_bt2.CpG",3444,2870,574,3444
"11029","07_report/CpG_context_sampling_10773_29_trimmed_bismark_bt2.CpG",3416,2864,552,3416
"11030","07_report/CpG_context_sampling_10773_30_trimmed_bismark_bt2.CpG",3471,2930,541,3471
"11031","07_report/CpG_context_sampling_10773_31_trimmed_bismark_bt2.CpG",3510,2937,573,3510
"11032","07_report/CpG_context_sampling_10773_32_trimmed_bismark_bt2.CpG",3503,2937,566,3503
"11033","07_report/CpG_context_sampling_10773_33_trimmed_bismark_bt2.CpG",3561,2957,604,3561
"11034","07_report/CpG_context_sampling_10773_34_trimmed_bismark_bt2.CpG",3443,2858,585,3443
"11035","07_report/CpG_context_sampling_10773_35_trimmed_bismark_bt2.CpG",3448,2875,573,3448
"11036","07_report/CpG_context_sampling_10773_36_trimmed_bismark_bt2.CpG",3542,2928,614,3542
"11037","07_report/CpG_context_sampling_10773_37_trimmed_bismark_bt2.CpG",3489,2880,609,3489
"11038","07_report/CpG_context_sampling_10773_38_trimmed_bismark_bt2.CpG",3505,2899,606,3505
"11039","07_report/CpG_context_sampling_10773_39_trimmed_bismark_bt2.CpG",3477,2890,587,3477
"11040","07_report/CpG_context_sampling_10773_40_trimmed_bismark_bt2.CpG",3515,2914,601,3515
"11041","07_report/CpG_context_sampling_10773_41_trimmed_bismark_bt2.CpG",3489,2880,609,3489
"11042","07_report/CpG_context_sampling_10773_42_trimmed_bismark_bt2.CpG",3516,2921,595,3516
"11043","07_report/CpG_context_sampling_10773_43_trimmed_bismark_bt2.CpG",3541,2969,572,3541
"11044","07_report/CpG_context_sampling_10773_44_trimmed_bismark_bt2.CpG",3461,2883,578,3461
"11045","07_report/CpG_context_sampling_10773_45_trimmed_bismark_bt2.CpG",3441,2884,557,3441
"11046","07_report/CpG_context_sampling_10773_46_trimmed_bismark_bt2.CpG",3478,2896,582,3478
"11047","07_report/CpG_context_sampling_10773_47_trimmed_bismark_bt2.CpG",3438,2883,555,3438
"11048","07_report/CpG_context_sampling_10773_48_trimmed_bismark_bt2.CpG",3498,2929,569,3498
"11049","07_report/CpG_context_sampling_10773_49_trimmed_bismark_bt2.CpG",3443,2825,618,3443
"11050","07_report/CpG_context_sampling_10773_50_trimmed_bismark_bt2.CpG",3398,2850,548,3398
"11051","07_report/CpG_context_sampling_10773_51_trimmed_bismark_bt2.CpG",3442,2839,603,3442
"11052","07_report/CpG_context_sampling_10773_52_trimmed_bismark_bt2.CpG",3536,2958,578,3536
"11053","07_report/CpG_context_sampling_10773_53_trimmed_bismark_bt2.CpG",3507,2906,601,3507
"11054","07_report/CpG_context_sampling_10773_54_trimmed_bismark_bt2.CpG",3454,2886,568,3454
"11055","07_report/CpG_context_sampling_10773_55_trimmed_bismark_bt2.CpG",3395,2828,567,3395
"11056","07_report/CpG_context_sampling_10773_56_trimmed_bismark_bt2.CpG",3586,2985,601,3586
"11057","07_report/CpG_context_sampling_10773_57_trimmed_bismark_bt2.CpG",3432,2841,591,3432
"11058","07_report/CpG_context_sampling_10773_58_trimmed_bismark_bt2.CpG",3434,2885,549,3434
"11059","07_report/CpG_context_sampling_10773_59_trimmed_bismark_bt2.CpG",3404,2851,553,3404
"11060","07_report/CpG_context_sampling_10773_60_trimmed_bismark_bt2.CpG",3458,2888,570,3458
"11061","07_report/CpG_context_sampling_10773_61_trimmed_bismark_bt2.CpG",3477,2888,589,3477
"11062","07_report/CpG_context_sampling_10773_62_trimmed_bismark_bt2.CpG",3437,2831,606,3437
"11063","07_report/CpG_context_sampling_10773_63_trimmed_bismark_bt2.CpG",3409,2815,594,3409
"11064","07_report/CpG_context_sampling_10773_64_trimmed_bismark_bt2.CpG",3523,2916,607,3523
"11065","07_report/CpG_context_sampling_10773_65_trimmed_bismark_bt2.CpG",3510,2889,621,3510
"11066","07_report/CpG_context_sampling_10773_66_trimmed_bismark_bt2.CpG",3442,2864,578,3442
"11067","07_report/CpG_context_sampling_10773_67_trimmed_bismark_bt2.CpG",3529,2895,634,3529
"11068","07_report/CpG_context_sampling_10773_68_trimmed_bismark_bt2.CpG",3526,2989,537,3526
"11069","07_report/CpG_context_sampling_10773_69_trimmed_bismark_bt2.CpG",3543,2966,577,3543
"11070","07_report/CpG_context_sampling_10773_70_trimmed_bismark_bt2.CpG",3439,2844,595,3439
"11071","07_report/CpG_context_sampling_10773_71_trimmed_bismark_bt2.CpG",3524,2948,576,3524
"11072","07_report/CpG_context_sampling_10773_72_trimmed_bismark_bt2.CpG",3430,2796,634,3430
"11073","07_report/CpG_context_sampling_10773_73_trimmed_bismark_bt2.CpG",3518,2935,583,3518
"11074","07_report/CpG_context_sampling_10773_74_trimmed_bismark_bt2.CpG",3442,2859,583,3442
"11075","07_report/CpG_context_sampling_10773_75_trimmed_bismark_bt2.CpG",3497,2921,576,3497
"11076","07_report/CpG_context_sampling_10773_76_trimmed_bismark_bt2.CpG",3556,2957,599,3556
"11077","07_report/CpG_context_sampling_10773_77_trimmed_bismark_bt2.CpG",3502,2882,620,3502
"11078","07_report/CpG_context_sampling_10773_78_trimmed_bismark_bt2.CpG",3488,2870,618,3488
"11079","07_report/CpG_context_sampling_10773_79_trimmed_bismark_bt2.CpG",3434,2858,576,3434
"11080","07_report/CpG_context_sampling_10773_80_trimmed_bismark_bt2.CpG",3472,2885,587,3472
"11081","07_report/CpG_context_sampling_10773_81_trimmed_bismark_bt2.CpG",3468,2925,543,3468
"11082","07_report/CpG_context_sampling_10773_82_trimmed_bismark_bt2.CpG",3437,2878,559,3437
"11083","07_report/CpG_context_sampling_10773_83_trimmed_bismark_bt2.CpG",3524,2908,616,3524
"11084","07_report/CpG_context_sampling_10773_84_trimmed_bismark_bt2.CpG",3530,2953,577,3530
"11085","07_report/CpG_context_sampling_10773_85_trimmed_bismark_bt2.CpG",3460,2890,570,3460
"11086","07_report/CpG_context_sampling_10773_86_trimmed_bismark_bt2.CpG",3584,2970,614,3584
"11087","07_report/CpG_context_sampling_10773_87_trimmed_bismark_bt2.CpG",3453,2863,590,3453
"11088","07_report/CpG_context_sampling_10773_88_trimmed_bismark_bt2.CpG",3448,2841,607,3448
"11089","07_report/CpG_context_sampling_10773_89_trimmed_bismark_bt2.CpG",3467,2871,596,3467
"11090","07_report/CpG_context_sampling_10773_90_trimmed_bismark_bt2.CpG",3520,2905,615,3520
"11091","07_report/CpG_context_sampling_10773_91_trimmed_bismark_bt2.CpG",3439,2841,598,3439
"11092","07_report/CpG_context_sampling_10773_92_trimmed_bismark_bt2.CpG",3556,3004,552,3556
"11093","07_report/CpG_context_sampling_10773_93_trimmed_bismark_bt2.CpG",3434,2829,605,3434
"11094","07_report/CpG_context_sampling_10773_94_trimmed_bismark_bt2.CpG",3387,2849,538,3387
"11095","07_report/CpG_context_sampling_10773_95_trimmed_bismark_bt2.CpG",3497,2898,599,3497
"11096","07_report/CpG_context_sampling_10773_96_trimmed_bismark_bt2.CpG",3567,2966,601,3567
"11097","07_report/CpG_context_sampling_10773_97_trimmed_bismark_bt2.CpG",3495,2917,578,3495
"11098","07_report/CpG_context_sampling_10773_98_trimmed_bismark_bt2.CpG",3507,2869,638,3507
"11099","07_report/CpG_context_sampling_10773_99_trimmed_bismark_bt2.CpG",3507,2895,612,3507
"11100","07_report/CpG_context_sampling_10773_100_trimmed_bismark_bt2.CpG",3466,2887,579,3466
"11101","07_report/CpG_context_sampling_10773_101_trimmed_bismark_bt2.CpG",3423,2886,537,3423
"11102","07_report/CpG_context_sampling_10773_102_trimmed_bismark_bt2.CpG",3441,2846,595,3441
"11103","07_report/CpG_context_sampling_10773_103_trimmed_bismark_bt2.CpG",3510,2920,590,3510
"11104","07_report/CpG_context_sampling_10773_104_trimmed_bismark_bt2.CpG",3455,2890,565,3455
"11105","07_report/CpG_context_sampling_10773_105_trimmed_bismark_bt2.CpG",3445,2881,564,3445
"11106","07_report/CpG_context_sampling_10773_106_trimmed_bismark_bt2.CpG",3451,2896,555,3451
"11107","07_report/CpG_context_sampling_10773_107_trimmed_bismark_bt2.CpG",3492,2906,586,3492
"11108","07_report/CpG_context_sampling_10773_108_trimmed_bismark_bt2.CpG",3516,2899,617,3516
"11109","07_report/CpG_context_sampling_10773_109_trimmed_bismark_bt2.CpG",3435,2866,569,3435
"11110","07_report/CpG_context_sampling_10773_110_trimmed_bismark_bt2.CpG",3437,2847,590,3437
"11111","07_report/CpG_context_sampling_10773_111_trimmed_bismark_bt2.CpG",3464,2916,548,3464
"11112","07_report/CpG_context_sampling_10773_112_trimmed_bismark_bt2.CpG",3462,2871,591,3462
"11113","07_report/CpG_context_sampling_10773_113_trimmed_bismark_bt2.CpG",3553,3013,540,3553
"11114","07_report/CpG_context_sampling_10773_114_trimmed_bismark_bt2.CpG",3645,3040,605,3645
"11115","07_report/CpG_context_sampling_10773_115_trimmed_bismark_bt2.CpG",3401,2850,551,3401
"11116","07_report/CpG_context_sampling_10773_116_trimmed_bismark_bt2.CpG",3497,2875,622,3497
"11117","07_report/CpG_context_sampling_10773_117_trimmed_bismark_bt2.CpG",3505,2952,553,3505
"11118","07_report/CpG_context_sampling_10773_118_trimmed_bismark_bt2.CpG",3494,2879,615,3494
"11119","07_report/CpG_context_sampling_10773_119_trimmed_bismark_bt2.CpG",3470,2878,592,3470
"11120","07_report/CpG_context_sampling_10773_120_trimmed_bismark_bt2.CpG",3509,2882,627,3509
"11121","07_report/CpG_context_sampling_10773_121_trimmed_bismark_bt2.CpG",3434,2863,571,3434
"11122","07_report/CpG_context_sampling_10773_122_trimmed_bismark_bt2.CpG",3532,2909,623,3532
"11123","07_report/CpG_context_sampling_10773_123_trimmed_bismark_bt2.CpG",3409,2799,610,3409
"11124","07_report/CpG_context_sampling_10773_124_trimmed_bismark_bt2.CpG",3438,2879,559,3438
"11125","07_report/CpG_context_sampling_10773_125_trimmed_bismark_bt2.CpG",3444,2894,550,3444
"11126","07_report/CpG_context_sampling_10773_126_trimmed_bismark_bt2.CpG",3425,2822,603,3425
"11127","07_report/CpG_context_sampling_10773_127_trimmed_bismark_bt2.CpG",3434,2866,568,3434
"11128","07_report/CpG_context_sampling_10773_128_trimmed_bismark_bt2.CpG",3437,2877,560,3437
"11129","07_report/CpG_context_sampling_10773_129_trimmed_bismark_bt2.CpG",3407,2830,577,3407
"11130","07_report/CpG_context_sampling_10773_130_trimmed_bismark_bt2.CpG",3527,2941,586,3527
"11131","07_report/CpG_context_sampling_10773_131_trimmed_bismark_bt2.CpG",3493,2901,592,3493
"11132","07_report/CpG_context_sampling_10773_132_trimmed_bismark_bt2.CpG",3469,2885,584,3469
"11133","07_report/CpG_context_sampling_10773_133_trimmed_bismark_bt2.CpG",3464,2896,568,3464
"11134","07_report/CpG_context_sampling_10773_134_trimmed_bismark_bt2.CpG",3484,2900,584,3484
"11135","07_report/CpG_context_sampling_10773_135_trimmed_bismark_bt2.CpG",3518,2909,609,3518
"11136","07_report/CpG_context_sampling_10773_136_trimmed_bismark_bt2.CpG",3402,2832,570,3402
"11137","07_report/CpG_context_sampling_10773_137_trimmed_bismark_bt2.CpG",3467,2882,585,3467
"11138","07_report/CpG_context_sampling_10773_138_trimmed_bismark_bt2.CpG",3434,2859,575,3434
"11139","07_report/CpG_context_sampling_10773_139_trimmed_bismark_bt2.CpG",3501,2889,612,3501
"11140","07_report/CpG_context_sampling_10773_140_trimmed_bismark_bt2.CpG",3454,2840,614,3454
"11141","07_report/CpG_context_sampling_10773_141_trimmed_bismark_bt2.CpG",3385,2809,576,3385
"11142","07_report/CpG_context_sampling_10773_142_trimmed_bismark_bt2.CpG",3460,2863,597,3460
"11143","07_report/CpG_context_sampling_10773_143_trimmed_bismark_bt2.CpG",3496,2908,588,3496
"11144","07_report/CpG_context_sampling_10773_144_trimmed_bismark_bt2.CpG",3539,2980,559,3539
"11145","07_report/CpG_context_sampling_10773_145_trimmed_bismark_bt2.CpG",3494,2933,561,3494
"11146","07_report/CpG_context_sampling_10773_146_trimmed_bismark_bt2.CpG",3485,2879,606,3485
"11147","07_report/CpG_context_sampling_10773_147_trimmed_bismark_bt2.CpG",3521,2924,597,3521
"11148","07_report/CpG_context_sampling_10773_148_trimmed_bismark_bt2.CpG",3513,2897,616,3513
"11149","07_report/CpG_context_sampling_10773_149_trimmed_bismark_bt2.CpG",3492,2889,603,3492
"11150","07_report/CpG_context_sampling_10773_150_trimmed_bismark_bt2.CpG",3418,2828,590,3418
"11151","07_report/CpG_context_sampling_10773_151_trimmed_bismark_bt2.CpG",3476,2899,577,3476
"11152","07_report/CpG_context_sampling_10773_152_trimmed_bismark_bt2.CpG",3465,2867,598,3465
"11153","07_report/CpG_context_sampling_10773_153_trimmed_bismark_bt2.CpG",3443,2893,550,3443
"11154","07_report/CpG_context_sampling_10773_154_trimmed_bismark_bt2.CpG",3429,2802,627,3429
"11155","07_report/CpG_context_sampling_10773_155_trimmed_bismark_bt2.CpG",3501,2895,606,3501
"11156","07_report/CpG_context_sampling_10773_156_trimmed_bismark_bt2.CpG",3549,2942,607,3549
"11157","07_report/CpG_context_sampling_10773_157_trimmed_bismark_bt2.CpG",3572,2996,576,3572
"11158","07_report/CpG_context_sampling_10773_158_trimmed_bismark_bt2.CpG",3486,2914,572,3486
"11159","07_report/CpG_context_sampling_10773_159_trimmed_bismark_bt2.CpG",3473,2918,555,3473
"11160","07_report/CpG_context_sampling_10773_160_trimmed_bismark_bt2.CpG",3482,2901,581,3482
"11161","07_report/CpG_context_sampling_10773_161_trimmed_bismark_bt2.CpG",3451,2888,563,3451
"11162","07_report/CpG_context_sampling_10773_162_trimmed_bismark_bt2.CpG",3520,2909,611,3520
"11163","07_report/CpG_context_sampling_10773_163_trimmed_bismark_bt2.CpG",3357,2769,588,3357
"11164","07_report/CpG_context_sampling_10773_164_trimmed_bismark_bt2.CpG",3444,2880,564,3444
"11165","07_report/CpG_context_sampling_10773_165_trimmed_bismark_bt2.CpG",3357,2806,551,3357
"11166","07_report/CpG_context_sampling_10773_166_trimmed_bismark_bt2.CpG",3518,2937,581,3518
"11167","07_report/CpG_context_sampling_10773_167_trimmed_bismark_bt2.CpG",3553,2987,566,3553
"11168","07_report/CpG_context_sampling_10773_168_trimmed_bismark_bt2.CpG",3478,2928,550,3478
"11169","07_report/CpG_context_sampling_10773_169_trimmed_bismark_bt2.CpG",3428,2871,557,3428
"11170","07_report/CpG_context_sampling_10773_170_trimmed_bismark_bt2.CpG",3441,2884,557,3441
"11171","07_report/CpG_context_sampling_10773_171_trimmed_bismark_bt2.CpG",3559,2951,608,3559
"11172","07_report/CpG_context_sampling_10773_172_trimmed_bismark_bt2.CpG",3520,2942,578,3520
"11173","07_report/CpG_context_sampling_10773_173_trimmed_bismark_bt2.CpG",3486,2887,599,3486
"11174","07_report/CpG_context_sampling_10773_174_trimmed_bismark_bt2.CpG",3481,2893,588,3481
"11175","07_report/CpG_context_sampling_10773_175_trimmed_bismark_bt2.CpG",3392,2826,566,3392
"11176","07_report/CpG_context_sampling_10773_176_trimmed_bismark_bt2.CpG",3506,2935,571,3506
"11177","07_report/CpG_context_sampling_10773_177_trimmed_bismark_bt2.CpG",3520,2930,590,3520
"11178","07_report/CpG_context_sampling_10773_178_trimmed_bismark_bt2.CpG",3459,2891,568,3459
"11179","07_report/CpG_context_sampling_10773_179_trimmed_bismark_bt2.CpG",3479,2870,609,3479
"11180","07_report/CpG_context_sampling_10773_180_trimmed_bismark_bt2.CpG",3476,2886,590,3476
"11181","07_report/CpG_context_sampling_10773_181_trimmed_bismark_bt2.CpG",3529,2883,646,3529
"11182","07_report/CpG_context_sampling_10773_182_trimmed_bismark_bt2.CpG",3548,2949,599,3548
"11183","07_report/CpG_context_sampling_10773_183_trimmed_bismark_bt2.CpG",3552,2954,598,3552
"11184","07_report/CpG_context_sampling_10773_184_trimmed_bismark_bt2.CpG",3481,2911,570,3481
"11185","07_report/CpG_context_sampling_10773_185_trimmed_bismark_bt2.CpG",3543,2946,597,3543
"11186","07_report/CpG_context_sampling_10773_186_trimmed_bismark_bt2.CpG",3452,2845,607,3452
"11187","07_report/CpG_context_sampling_10773_187_trimmed_bismark_bt2.CpG",3486,2896,590,3486
"11188","07_report/CpG_context_sampling_10773_188_trimmed_bismark_bt2.CpG",3478,2904,574,3478
"11189","07_report/CpG_context_sampling_10773_189_trimmed_bismark_bt2.CpG",3449,2874,575,3449
"11190","07_report/CpG_context_sampling_10773_190_trimmed_bismark_bt2.CpG",3434,2824,610,3434
"11191","07_report/CpG_context_sampling_10773_191_trimmed_bismark_bt2.CpG",3429,2830,599,3429
"11192","07_report/CpG_context_sampling_10773_192_trimmed_bismark_bt2.CpG",3461,2868,593,3461
"11193","07_report/CpG_context_sampling_10773_193_trimmed_bismark_bt2.CpG",3494,2914,580,3494
"11194","07_report/CpG_context_sampling_10773_194_trimmed_bismark_bt2.CpG",3543,2951,592,3543
"11195","07_report/CpG_context_sampling_10773_195_trimmed_bismark_bt2.CpG",3540,2920,620,3540
"11196","07_report/CpG_context_sampling_10773_196_trimmed_bismark_bt2.CpG",3491,2872,619,3491
"11197","07_report/CpG_context_sampling_10773_197_trimmed_bismark_bt2.CpG",3537,2959,578,3537
"11198","07_report/CpG_context_sampling_10773_198_trimmed_bismark_bt2.CpG",3506,2932,574,3506
"11199","07_report/CpG_context_sampling_10773_199_trimmed_bismark_bt2.CpG",3510,2876,634,3510
"11200","07_report/CpG_context_sampling_10773_200_trimmed_bismark_bt2.CpG",3551,2961,590,3551
"11201","07_report/CpG_context_sampling_10773_201_trimmed_bismark_bt2.CpG",3515,2941,574,3515
"11202","07_report/CpG_context_sampling_10773_202_trimmed_bismark_bt2.CpG",3455,2860,595,3455
"11203","07_report/CpG_context_sampling_10773_203_trimmed_bismark_bt2.CpG",3433,2845,588,3433
"11204","07_report/CpG_context_sampling_10773_204_trimmed_bismark_bt2.CpG",3506,2928,578,3506
"11205","07_report/CpG_context_sampling_10773_205_trimmed_bismark_bt2.CpG",3436,2854,582,3436
"11206","07_report/CpG_context_sampling_10773_206_trimmed_bismark_bt2.CpG",3455,2849,606,3455
"11207","07_report/CpG_context_sampling_10773_207_trimmed_bismark_bt2.CpG",3452,2825,627,3452
"11208","07_report/CpG_context_sampling_10773_208_trimmed_bismark_bt2.CpG",3452,2860,592,3452
"11209","07_report/CpG_context_sampling_10773_209_trimmed_bismark_bt2.CpG",3446,2876,570,3446
"11210","07_report/CpG_context_sampling_10773_210_trimmed_bismark_bt2.CpG",3494,2934,560,3494
"11211","07_report/CpG_context_sampling_10773_211_trimmed_bismark_bt2.CpG",3483,2861,622,3483
"11212","07_report/CpG_context_sampling_10773_212_trimmed_bismark_bt2.CpG",3481,2882,599,3481
"11213","07_report/CpG_context_sampling_10773_213_trimmed_bismark_bt2.CpG",3481,2881,600,3481
"11214","07_report/CpG_context_sampling_10773_214_trimmed_bismark_bt2.CpG",3437,2891,546,3437
"11215","07_report/CpG_context_sampling_10773_215_trimmed_bismark_bt2.CpG",3479,2909,570,3479
"11216","07_report/CpG_context_sampling_10773_216_trimmed_bismark_bt2.CpG",3489,2907,582,3489
"11217","07_report/CpG_context_sampling_10773_217_trimmed_bismark_bt2.CpG",3462,2904,558,3462
"11218","07_report/CpG_context_sampling_10773_218_trimmed_bismark_bt2.CpG",3475,2879,596,3475
"11219","07_report/CpG_context_sampling_10773_219_trimmed_bismark_bt2.CpG",3478,2936,542,3478
"11220","07_report/CpG_context_sampling_10773_220_trimmed_bismark_bt2.CpG",3435,2856,579,3435
"11221","07_report/CpG_context_sampling_10773_221_trimmed_bismark_bt2.CpG",3452,2853,599,3452
"11222","07_report/CpG_context_sampling_10773_222_trimmed_bismark_bt2.CpG",3520,2959,561,3520
"11223","07_report/CpG_context_sampling_10773_223_trimmed_bismark_bt2.CpG",3457,2879,578,3457
"11224","07_report/CpG_context_sampling_10773_224_trimmed_bismark_bt2.CpG",3380,2835,545,3380
"11225","07_report/CpG_context_sampling_10773_225_trimmed_bismark_bt2.CpG",3511,2910,601,3511
"11226","07_report/CpG_context_sampling_10773_226_trimmed_bismark_bt2.CpG",3552,2953,599,3552
"11227","07_report/CpG_context_sampling_10773_227_trimmed_bismark_bt2.CpG",3459,2921,538,3459
"11228","07_report/CpG_context_sampling_10773_228_trimmed_bismark_bt2.CpG",3464,2875,589,3464
"11229","07_report/CpG_context_sampling_10773_229_trimmed_bismark_bt2.CpG",3490,2893,597,3490
"11230","07_report/CpG_context_sampling_10773_230_trimmed_bismark_bt2.CpG",3531,2976,555,3531
"11231","07_report/CpG_context_sampling_10773_231_trimmed_bismark_bt2.CpG",3483,2904,579,3483
"11232","07_report/CpG_context_sampling_10773_232_trimmed_bismark_bt2.CpG",3473,2897,576,3473
"11233","07_report/CpG_context_sampling_10773_233_trimmed_bismark_bt2.CpG",3554,2916,638,3554
"11234","07_report/CpG_context_sampling_10773_234_trimmed_bismark_bt2.CpG",3453,2872,581,3453
"11235","07_report/CpG_context_sampling_10773_235_trimmed_bismark_bt2.CpG",3479,2871,608,3479
"11236","07_report/CpG_context_sampling_10773_236_trimmed_bismark_bt2.CpG",3527,2953,574,3527
"11237","07_report/CpG_context_sampling_10773_237_trimmed_bismark_bt2.CpG",3422,2851,571,3422
"11238","07_report/CpG_context_sampling_10773_238_trimmed_bismark_bt2.CpG",3464,2899,565,3464
"11239","07_report/CpG_context_sampling_10773_239_trimmed_bismark_bt2.CpG",3447,2859,588,3447
"11240","07_report/CpG_context_sampling_10773_240_trimmed_bismark_bt2.CpG",3480,2930,550,3480
"11241","07_report/CpG_context_sampling_10773_241_trimmed_bismark_bt2.CpG",3528,2897,631,3528
"11242","07_report/CpG_context_sampling_10773_242_trimmed_bismark_bt2.CpG",3469,2867,602,3469
"11243","07_report/CpG_context_sampling_10773_243_trimmed_bismark_bt2.CpG",3448,2880,568,3448
"11244","07_report/CpG_context_sampling_10773_244_trimmed_bismark_bt2.CpG",3502,2938,564,3502
"11245","07_report/CpG_context_sampling_10773_245_trimmed_bismark_bt2.CpG",3492,2889,603,3492
"11246","07_report/CpG_context_sampling_10773_246_trimmed_bismark_bt2.CpG",3384,2808,576,3384
"11247","07_report/CpG_context_sampling_10773_247_trimmed_bismark_bt2.CpG",3433,2850,583,3433
"11248","07_report/CpG_context_sampling_10773_248_trimmed_bismark_bt2.CpG",3593,2970,623,3593
"11249","07_report/CpG_context_sampling_10773_249_trimmed_bismark_bt2.CpG",3434,2820,614,3434
"11250","07_report/CpG_context_sampling_10773_250_trimmed_bismark_bt2.CpG",3456,2862,594,3456
"11251","07_report/CpG_context_sampling_10773_251_trimmed_bismark_bt2.CpG",3522,2939,583,3522
"11252","07_report/CpG_context_sampling_10773_252_trimmed_bismark_bt2.CpG",3402,2854,548,3402
"11253","07_report/CpG_context_sampling_10773_253_trimmed_bismark_bt2.CpG",3528,2957,571,3528
"11254","07_report/CpG_context_sampling_10773_254_trimmed_bismark_bt2.CpG",3469,2854,615,3469
"11255","07_report/CpG_context_sampling_10773_255_trimmed_bismark_bt2.CpG",3542,2903,639,3542
"11256","07_report/CpG_context_sampling_10773_256_trimmed_bismark_bt2.CpG",3397,2880,517,3397
"11257","07_report/CpG_context_sampling_10773_257_trimmed_bismark_bt2.CpG",3506,2900,606,3506
"11258","07_report/CpG_context_sampling_10773_258_trimmed_bismark_bt2.CpG",3376,2812,564,3376
"11259","07_report/CpG_context_sampling_10773_259_trimmed_bismark_bt2.CpG",3586,2964,622,3586
"11260","07_report/CpG_context_sampling_10773_260_trimmed_bismark_bt2.CpG",3476,2918,558,3476
"11261","07_report/CpG_context_sampling_10773_261_trimmed_bismark_bt2.CpG",3622,3044,578,3622
"11262","07_report/CpG_context_sampling_10773_262_trimmed_bismark_bt2.CpG",3511,2961,550,3511
"11263","07_report/CpG_context_sampling_10773_263_trimmed_bismark_bt2.CpG",3462,2863,599,3462
"11264","07_report/CpG_context_sampling_10773_264_trimmed_bismark_bt2.CpG",3541,2935,606,3541
"11265","07_report/CpG_context_sampling_10773_265_trimmed_bismark_bt2.CpG",3427,2823,604,3427
"11266","07_report/CpG_context_sampling_10773_266_trimmed_bismark_bt2.CpG",3530,2943,587,3530
"11267","07_report/CpG_context_sampling_10773_267_trimmed_bismark_bt2.CpG",3548,2952,596,3548
"11268","07_report/CpG_context_sampling_10773_268_trimmed_bismark_bt2.CpG",3499,2911,588,3499
"11269","07_report/CpG_context_sampling_10773_269_trimmed_bismark_bt2.CpG",3444,2849,595,3444
"11270","07_report/CpG_context_sampling_10773_270_trimmed_bismark_bt2.CpG",3446,2874,572,3446
"11271","07_report/CpG_context_sampling_10773_271_trimmed_bismark_bt2.CpG",3449,2864,585,3449
"11272","07_report/CpG_context_sampling_10773_272_trimmed_bismark_bt2.CpG",3480,2950,530,3480
"11273","07_report/CpG_context_sampling_10773_273_trimmed_bismark_bt2.CpG",3510,2896,614,3510
"11274","07_report/CpG_context_sampling_10773_274_trimmed_bismark_bt2.CpG",3479,2870,609,3479
"11275","07_report/CpG_context_sampling_10773_275_trimmed_bismark_bt2.CpG",3452,2907,545,3452
"11276","07_report/CpG_context_sampling_10773_276_trimmed_bismark_bt2.CpG",3496,2932,564,3496
"11277","07_report/CpG_context_sampling_10773_277_trimmed_bismark_bt2.CpG",3500,2923,577,3500
"11278","07_report/CpG_context_sampling_10773_278_trimmed_bismark_bt2.CpG",3452,2870,582,3452
"11279","07_report/CpG_context_sampling_10773_279_trimmed_bismark_bt2.CpG",3536,2958,578,3536
"11280","07_report/CpG_context_sampling_10773_280_trimmed_bismark_bt2.CpG",3434,2839,595,3434
"11281","07_report/CpG_context_sampling_10773_281_trimmed_bismark_bt2.CpG",3507,2937,570,3507
"11282","07_report/CpG_context_sampling_10773_282_trimmed_bismark_bt2.CpG",3455,2860,595,3455
"11283","07_report/CpG_context_sampling_10773_283_trimmed_bismark_bt2.CpG",3398,2846,552,3398
"11284","07_report/CpG_context_sampling_10773_284_trimmed_bismark_bt2.CpG",3453,2867,586,3453
"11285","07_report/CpG_context_sampling_10773_285_trimmed_bismark_bt2.CpG",3446,2906,540,3446
"11286","07_report/CpG_context_sampling_10773_286_trimmed_bismark_bt2.CpG",3444,2878,566,3444
"11287","07_report/CpG_context_sampling_10773_287_trimmed_bismark_bt2.CpG",3560,2976,584,3560
"11288","07_report/CpG_context_sampling_10773_288_trimmed_bismark_bt2.CpG",3483,2879,604,3483
"11289","07_report/CpG_context_sampling_10773_289_trimmed_bismark_bt2.CpG",3493,2881,612,3493
"11290","07_report/CpG_context_sampling_10773_290_trimmed_bismark_bt2.CpG",3441,2835,606,3441
"11291","07_report/CpG_context_sampling_10773_291_trimmed_bismark_bt2.CpG",3476,2910,566,3476
"11292","07_report/CpG_context_sampling_10773_292_trimmed_bismark_bt2.CpG",3382,2816,566,3382
"11293","07_report/CpG_context_sampling_10773_293_trimmed_bismark_bt2.CpG",3554,2946,608,3554
"11294","07_report/CpG_context_sampling_10773_294_trimmed_bismark_bt2.CpG",3463,2873,590,3463
"11295","07_report/CpG_context_sampling_10773_295_trimmed_bismark_bt2.CpG",3515,2941,574,3515
"11296","07_report/CpG_context_sampling_10773_296_trimmed_bismark_bt2.CpG",3436,2891,545,3436
"11297","07_report/CpG_context_sampling_10773_297_trimmed_bismark_bt2.CpG",3441,2870,571,3441
"11298","07_report/CpG_context_sampling_10773_298_trimmed_bismark_bt2.CpG",3535,2948,587,3535
"11299","07_report/CpG_context_sampling_10773_299_trimmed_bismark_bt2.CpG",3478,2899,579,3478
"11300","07_report/CpG_context_sampling_10773_300_trimmed_bismark_bt2.CpG",3488,2911,577,3488
"11301","07_report/CpG_context_sampling_10773_301_trimmed_bismark_bt2.CpG",3470,2856,614,3470
"11302","07_report/CpG_context_sampling_10773_302_trimmed_bismark_bt2.CpG",3532,2968,564,3532
"11303","07_report/CpG_context_sampling_10773_303_trimmed_bismark_bt2.CpG",3454,2862,592,3454
"11304","07_report/CpG_context_sampling_10773_304_trimmed_bismark_bt2.CpG",3538,2943,595,3538
"11305","07_report/CpG_context_sampling_10773_305_trimmed_bismark_bt2.CpG",3415,2863,552,3415
"11306","07_report/CpG_context_sampling_10773_306_trimmed_bismark_bt2.CpG",3522,2872,650,3522
"11307","07_report/CpG_context_sampling_10773_307_trimmed_bismark_bt2.CpG",3448,2864,584,3448
"11308","07_report/CpG_context_sampling_10773_308_trimmed_bismark_bt2.CpG",3417,2834,583,3417
"11309","07_report/CpG_context_sampling_10773_309_trimmed_bismark_bt2.CpG",3572,2978,594,3572
"11310","07_report/CpG_context_sampling_10773_310_trimmed_bismark_bt2.CpG",3569,2992,577,3569
"11311","07_report/CpG_context_sampling_10773_311_trimmed_bismark_bt2.CpG",3532,2961,571,3532
"11312","07_report/CpG_context_sampling_10773_312_trimmed_bismark_bt2.CpG",3503,2903,600,3503
"11313","07_report/CpG_context_sampling_10773_313_trimmed_bismark_bt2.CpG",3421,2804,617,3421
"11314","07_report/CpG_context_sampling_10773_314_trimmed_bismark_bt2.CpG",3454,2879,575,3454
"11315","07_report/CpG_context_sampling_10773_315_trimmed_bismark_bt2.CpG",3469,2913,556,3469
"11316","07_report/CpG_context_sampling_10773_316_trimmed_bismark_bt2.CpG",3471,2838,633,3471
"11317","07_report/CpG_context_sampling_10773_317_trimmed_bismark_bt2.CpG",3444,2870,574,3444
"11318","07_report/CpG_context_sampling_10773_318_trimmed_bismark_bt2.CpG",3373,2794,579,3373
"11319","07_report/CpG_context_sampling_10773_319_trimmed_bismark_bt2.CpG",3484,2886,598,3484
"11320","07_report/CpG_context_sampling_10773_320_trimmed_bismark_bt2.CpG",3438,2879,559,3438
"11321","07_report/CpG_context_sampling_10773_321_trimmed_bismark_bt2.CpG",3478,2902,576,3478
"11322","07_report/CpG_context_sampling_10773_322_trimmed_bismark_bt2.CpG",3569,2970,599,3569
"11323","07_report/CpG_context_sampling_10773_323_trimmed_bismark_bt2.CpG",3464,2918,546,3464
"11324","07_report/CpG_context_sampling_10773_324_trimmed_bismark_bt2.CpG",3379,2804,575,3379
"11325","07_report/CpG_context_sampling_10773_325_trimmed_bismark_bt2.CpG",3503,2872,631,3503
"11326","07_report/CpG_context_sampling_10773_326_trimmed_bismark_bt2.CpG",3483,2876,607,3483
"11327","07_report/CpG_context_sampling_10773_327_trimmed_bismark_bt2.CpG",3417,2859,558,3417
"11328","07_report/CpG_context_sampling_10773_328_trimmed_bismark_bt2.CpG",3452,2857,595,3452
"11329","07_report/CpG_context_sampling_10773_329_trimmed_bismark_bt2.CpG",3476,2924,552,3476
"11330","07_report/CpG_context_sampling_10773_330_trimmed_bismark_bt2.CpG",3542,2989,553,3542
"11331","07_report/CpG_context_sampling_10773_331_trimmed_bismark_bt2.CpG",3506,2892,614,3506
"11332","07_report/CpG_context_sampling_10773_332_trimmed_bismark_bt2.CpG",3457,2896,561,3457
"11333","07_report/CpG_context_sampling_10773_333_trimmed_bismark_bt2.CpG",3462,2856,606,3462
"11334","07_report/CpG_context_sampling_10773_334_trimmed_bismark_bt2.CpG",3577,2959,618,3577
"11335","07_report/CpG_context_sampling_10773_335_trimmed_bismark_bt2.CpG",3484,2842,642,3484
"11336","07_report/CpG_context_sampling_10773_336_trimmed_bismark_bt2.CpG",3531,2940,591,3531
"11337","07_report/CpG_context_sampling_10773_337_trimmed_bismark_bt2.CpG",3390,2826,564,3390
"11338","07_report/CpG_context_sampling_10773_338_trimmed_bismark_bt2.CpG",3588,2983,605,3588
"11339","07_report/CpG_context_sampling_10773_339_trimmed_bismark_bt2.CpG",3444,2834,610,3444
"11340","07_report/CpG_context_sampling_10773_340_trimmed_bismark_bt2.CpG",3421,2820,601,3421
"11341","07_report/CpG_context_sampling_10773_341_trimmed_bismark_bt2.CpG",3436,2811,625,3436
"11342","07_report/CpG_context_sampling_10773_342_trimmed_bismark_bt2.CpG",3512,2916,596,3512
"11343","07_report/CpG_context_sampling_10773_343_trimmed_bismark_bt2.CpG",3420,2849,571,3420
"11344","07_report/CpG_context_sampling_10773_344_trimmed_bismark_bt2.CpG",3476,2837,639,3476
"11345","07_report/CpG_context_sampling_10773_345_trimmed_bismark_bt2.CpG",3550,2975,575,3550
"11346","07_report/CpG_context_sampling_10773_346_trimmed_bismark_bt2.CpG",3476,2916,560,3476
"11347","07_report/CpG_context_sampling_10773_347_trimmed_bismark_bt2.CpG",3473,2861,612,3473
"11348","07_report/CpG_context_sampling_10773_348_trimmed_bismark_bt2.CpG",3582,2979,603,3582
"11349","07_report/CpG_context_sampling_10773_349_trimmed_bismark_bt2.CpG",3499,2891,608,3499
"11350","07_report/CpG_context_sampling_10773_350_trimmed_bismark_bt2.CpG",3574,2986,588,3574
"11351","07_report/CpG_context_sampling_10773_351_trimmed_bismark_bt2.CpG",3486,2868,618,3486
"11352","07_report/CpG_context_sampling_10773_352_trimmed_bismark_bt2.CpG",3525,2952,573,3525
"11353","07_report/CpG_context_sampling_10773_353_trimmed_bismark_bt2.CpG",3432,2875,557,3432
"11354","07_report/CpG_context_sampling_10773_354_trimmed_bismark_bt2.CpG",3439,2846,593,3439
"11355","07_report/CpG_context_sampling_10773_355_trimmed_bismark_bt2.CpG",3446,2822,624,3446
"11356","07_report/CpG_context_sampling_10773_356_trimmed_bismark_bt2.CpG",3467,2885,582,3467
"11357","07_report/CpG_context_sampling_10773_357_trimmed_bismark_bt2.CpG",3448,2899,549,3448
"11358","07_report/CpG_context_sampling_10773_358_trimmed_bismark_bt2.CpG",3422,2876,546,3422
"11359","07_report/CpG_context_sampling_10773_359_trimmed_bismark_bt2.CpG",3482,2861,621,3482
"11360","07_report/CpG_context_sampling_10773_360_trimmed_bismark_bt2.CpG",3550,2990,560,3550
"11361","07_report/CpG_context_sampling_10773_361_trimmed_bismark_bt2.CpG",3523,2925,598,3523
"11362","07_report/CpG_context_sampling_10773_362_trimmed_bismark_bt2.CpG",3560,2959,601,3560
"11363","07_report/CpG_context_sampling_10773_363_trimmed_bismark_bt2.CpG",3481,2895,586,3481
"11364","07_report/CpG_context_sampling_10773_364_trimmed_bismark_bt2.CpG",3467,2883,584,3467
"11365","07_report/CpG_context_sampling_10773_365_trimmed_bismark_bt2.CpG",3444,2858,586,3444
"11366","07_report/CpG_context_sampling_10773_366_trimmed_bismark_bt2.CpG",3478,2891,587,3478
"11367","07_report/CpG_context_sampling_10773_367_trimmed_bismark_bt2.CpG",3497,2907,590,3497
"11368","07_report/CpG_context_sampling_10773_368_trimmed_bismark_bt2.CpG",3586,2968,618,3586
"11369","07_report/CpG_context_sampling_10773_369_trimmed_bismark_bt2.CpG",3452,2885,567,3452
"11370","07_report/CpG_context_sampling_10773_370_trimmed_bismark_bt2.CpG",3469,2869,600,3469
"11371","07_report/CpG_context_sampling_10773_371_trimmed_bismark_bt2.CpG",3447,2894,553,3447
"11372","07_report/CpG_context_sampling_10773_372_trimmed_bismark_bt2.CpG",3395,2801,594,3395
"11373","07_report/CpG_context_sampling_10773_373_trimmed_bismark_bt2.CpG",3445,2853,592,3445
"11374","07_report/CpG_context_sampling_10773_374_trimmed_bismark_bt2.CpG",3405,2818,587,3405
"11375","07_report/CpG_context_sampling_10773_375_trimmed_bismark_bt2.CpG",3446,2906,540,3446
"11376","07_report/CpG_context_sampling_10773_376_trimmed_bismark_bt2.CpG",3453,2893,560,3453
"11377","07_report/CpG_context_sampling_10773_377_trimmed_bismark_bt2.CpG",3618,3010,608,3618
"11378","07_report/CpG_context_sampling_10773_378_trimmed_bismark_bt2.CpG",3496,2907,589,3496
"11379","07_report/CpG_context_sampling_10773_379_trimmed_bismark_bt2.CpG",3466,2880,586,3466
"11380","07_report/CpG_context_sampling_10773_380_trimmed_bismark_bt2.CpG",3438,2865,573,3438
"11381","07_report/CpG_context_sampling_10773_381_trimmed_bismark_bt2.CpG",3466,2888,578,3466
"11382","07_report/CpG_context_sampling_10773_382_trimmed_bismark_bt2.CpG",3427,2869,558,3427
"11383","07_report/CpG_context_sampling_10773_383_trimmed_bismark_bt2.CpG",3538,2955,583,3538
"11384","07_report/CpG_context_sampling_10773_384_trimmed_bismark_bt2.CpG",3464,2935,529,3464
"11385","07_report/CpG_context_sampling_10773_385_trimmed_bismark_bt2.CpG",3499,2945,554,3499
"11386","07_report/CpG_context_sampling_10773_386_trimmed_bismark_bt2.CpG",3505,2934,571,3505
"11387","07_report/CpG_context_sampling_10773_387_trimmed_bismark_bt2.CpG",3341,2813,528,3341
"11388","07_report/CpG_context_sampling_10773_388_trimmed_bismark_bt2.CpG",3558,2939,619,3558
"11389","07_report/CpG_context_sampling_10773_389_trimmed_bismark_bt2.CpG",3545,2922,623,3545
"11390","07_report/CpG_context_sampling_10773_390_trimmed_bismark_bt2.CpG",3443,2864,579,3443
"11391","07_report/CpG_context_sampling_10773_391_trimmed_bismark_bt2.CpG",3531,2945,586,3531
"11392","07_report/CpG_context_sampling_10773_392_trimmed_bismark_bt2.CpG",3487,2906,581,3487
"11393","07_report/CpG_context_sampling_10773_393_trimmed_bismark_bt2.CpG",3471,2864,607,3471
"11394","07_report/CpG_context_sampling_10773_394_trimmed_bismark_bt2.CpG",3572,2957,615,3572
"11395","07_report/CpG_context_sampling_10773_395_trimmed_bismark_bt2.CpG",3497,2901,596,3497
"11396","07_report/CpG_context_sampling_10773_396_trimmed_bismark_bt2.CpG",3438,2861,577,3438
"11397","07_report/CpG_context_sampling_10773_397_trimmed_bismark_bt2.CpG",3446,2859,587,3446
"11398","07_report/CpG_context_sampling_10773_398_trimmed_bismark_bt2.CpG",3502,2888,614,3502
"11399","07_report/CpG_context_sampling_10773_399_trimmed_bismark_bt2.CpG",3513,2901,612,3513
"11400","07_report/CpG_context_sampling_10773_400_trimmed_bismark_bt2.CpG",3474,2892,582,3474
"11401","07_report/CpG_context_sampling_10773_401_trimmed_bismark_bt2.CpG",3459,2875,584,3459
"11402","07_report/CpG_context_sampling_10773_402_trimmed_bismark_bt2.CpG",3489,2897,592,3489
"11403","07_report/CpG_context_sampling_10773_403_trimmed_bismark_bt2.CpG",3443,2874,569,3443
"11404","07_report/CpG_context_sampling_10773_404_trimmed_bismark_bt2.CpG",3517,2902,615,3517
"11405","07_report/CpG_context_sampling_10773_405_trimmed_bismark_bt2.CpG",3443,2876,567,3443
"11406","07_report/CpG_context_sampling_10773_406_trimmed_bismark_bt2.CpG",3478,2900,578,3478
"11407","07_report/CpG_context_sampling_10773_407_trimmed_bismark_bt2.CpG",3515,2914,601,3515
"11408","07_report/CpG_context_sampling_10773_408_trimmed_bismark_bt2.CpG",3583,2985,598,3583
"11409","07_report/CpG_context_sampling_10773_409_trimmed_bismark_bt2.CpG",3467,2876,591,3467
"11410","07_report/CpG_context_sampling_10773_410_trimmed_bismark_bt2.CpG",3505,2922,583,3505
"11411","07_report/CpG_context_sampling_10773_411_trimmed_bismark_bt2.CpG",3527,2933,594,3527
"11412","07_report/CpG_context_sampling_10773_412_trimmed_bismark_bt2.CpG",3458,2896,562,3458
"11413","07_report/CpG_context_sampling_10773_413_trimmed_bismark_bt2.CpG",3512,2941,571,3512
"11414","07_report/CpG_context_sampling_10773_414_trimmed_bismark_bt2.CpG",3454,2893,561,3454
"11415","07_report/CpG_context_sampling_10773_415_trimmed_bismark_bt2.CpG",3464,2881,583,3464
"11416","07_report/CpG_context_sampling_10773_416_trimmed_bismark_bt2.CpG",3481,2900,581,3481
"11417","07_report/CpG_context_sampling_10773_417_trimmed_bismark_bt2.CpG",3506,2921,585,3506
"11418","07_report/CpG_context_sampling_10773_418_trimmed_bismark_bt2.CpG",3446,2842,604,3446
"11419","07_report/CpG_context_sampling_10773_419_trimmed_bismark_bt2.CpG",3507,2957,550,3507
"11420","07_report/CpG_context_sampling_10773_420_trimmed_bismark_bt2.CpG",3464,2869,595,3464
"11421","07_report/CpG_context_sampling_10773_421_trimmed_bismark_bt2.CpG",3492,2905,587,3492
"11422","07_report/CpG_context_sampling_10773_422_trimmed_bismark_bt2.CpG",3552,2963,589,3552
"11423","07_report/CpG_context_sampling_10773_423_trimmed_bismark_bt2.CpG",3479,2898,581,3479
"11424","07_report/CpG_context_sampling_10773_424_trimmed_bismark_bt2.CpG",3519,2960,559,3519
"11425","07_report/CpG_context_sampling_10773_425_trimmed_bismark_bt2.CpG",3453,2891,562,3453
"11426","07_report/CpG_context_sampling_10773_426_trimmed_bismark_bt2.CpG",3481,2908,573,3481
"11427","07_report/CpG_context_sampling_10773_427_trimmed_bismark_bt2.CpG",3503,2917,586,3503
"11428","07_report/CpG_context_sampling_10773_428_trimmed_bismark_bt2.CpG",3460,2871,589,3460
"11429","07_report/CpG_context_sampling_10773_429_trimmed_bismark_bt2.CpG",3467,2896,571,3467
"11430","07_report/CpG_context_sampling_10773_430_trimmed_bismark_bt2.CpG",3468,2874,594,3468
"11431","07_report/CpG_context_sampling_10773_431_trimmed_bismark_bt2.CpG",3459,2876,583,3459
"11432","07_report/CpG_context_sampling_10773_432_trimmed_bismark_bt2.CpG",3481,2879,602,3481
"11433","07_report/CpG_context_sampling_10773_433_trimmed_bismark_bt2.CpG",3452,2853,599,3452
"11434","07_report/CpG_context_sampling_10773_434_trimmed_bismark_bt2.CpG",3483,2858,625,3483
"11435","07_report/CpG_context_sampling_10773_435_trimmed_bismark_bt2.CpG",3375,2814,561,3375
"11436","07_report/CpG_context_sampling_10773_436_trimmed_bismark_bt2.CpG",3420,2869,551,3420
"11437","07_report/CpG_context_sampling_10773_437_trimmed_bismark_bt2.CpG",3544,2937,607,3544
"11438","07_report/CpG_context_sampling_10773_438_trimmed_bismark_bt2.CpG",3491,2887,604,3491
"11439","07_report/CpG_context_sampling_10773_439_trimmed_bismark_bt2.CpG",3474,2904,570,3474
"11440","07_report/CpG_context_sampling_10773_440_trimmed_bismark_bt2.CpG",3523,2914,609,3523
"11441","07_report/CpG_context_sampling_10773_441_trimmed_bismark_bt2.CpG",3390,2846,544,3390
"11442","07_report/CpG_context_sampling_10773_442_trimmed_bismark_bt2.CpG",3464,2851,613,3464
"11443","07_report/CpG_context_sampling_10773_443_trimmed_bismark_bt2.CpG",3481,2890,591,3481
"11444","07_report/CpG_context_sampling_10773_444_trimmed_bismark_bt2.CpG",3504,2900,604,3504
"11445","07_report/CpG_context_sampling_10773_445_trimmed_bismark_bt2.CpG",3520,2937,583,3520
"11446","07_report/CpG_context_sampling_10773_446_trimmed_bismark_bt2.CpG",3471,2897,574,3471
"11447","07_report/CpG_context_sampling_10773_447_trimmed_bismark_bt2.CpG",3468,2881,587,3468
"11448","07_report/CpG_context_sampling_10773_448_trimmed_bismark_bt2.CpG",3455,2856,599,3455
"11449","07_report/CpG_context_sampling_10773_449_trimmed_bismark_bt2.CpG",3401,2805,596,3401
"11450","07_report/CpG_context_sampling_10773_450_trimmed_bismark_bt2.CpG",3469,2879,590,3469
"11451","07_report/CpG_context_sampling_10773_451_trimmed_bismark_bt2.CpG",3539,2918,621,3539
"11452","07_report/CpG_context_sampling_10773_452_trimmed_bismark_bt2.CpG",3469,2881,588,3469
"11453","07_report/CpG_context_sampling_10773_453_trimmed_bismark_bt2.CpG",3549,2951,598,3549
"11454","07_report/CpG_context_sampling_10773_454_trimmed_bismark_bt2.CpG",3547,2985,562,3547
"11455","07_report/CpG_context_sampling_10773_455_trimmed_bismark_bt2.CpG",3430,2850,580,3430
"11456","07_report/CpG_context_sampling_10773_456_trimmed_bismark_bt2.CpG",3560,2990,570,3560
"11457","07_report/CpG_context_sampling_10773_457_trimmed_bismark_bt2.CpG",3484,2914,570,3484
"11458","07_report/CpG_context_sampling_10773_458_trimmed_bismark_bt2.CpG",3467,2911,556,3467
"11459","07_report/CpG_context_sampling_10773_459_trimmed_bismark_bt2.CpG",3401,2803,598,3401
"11460","07_report/CpG_context_sampling_10773_460_trimmed_bismark_bt2.CpG",3391,2832,559,3391
"11461","07_report/CpG_context_sampling_10773_461_trimmed_bismark_bt2.CpG",3578,3019,559,3578
"11462","07_report/CpG_context_sampling_10773_462_trimmed_bismark_bt2.CpG",3502,2890,612,3502
"11463","07_report/CpG_context_sampling_10773_463_trimmed_bismark_bt2.CpG",3455,2865,590,3455
"11464","07_report/CpG_context_sampling_10773_464_trimmed_bismark_bt2.CpG",3542,2914,628,3542
"11465","07_report/CpG_context_sampling_10773_465_trimmed_bismark_bt2.CpG",3557,2947,610,3557
"11466","07_report/CpG_context_sampling_10773_466_trimmed_bismark_bt2.CpG",3547,2972,575,3547
"11467","07_report/CpG_context_sampling_10773_467_trimmed_bismark_bt2.CpG",3452,2841,611,3452
"11468","07_report/CpG_context_sampling_10773_468_trimmed_bismark_bt2.CpG",3382,2803,579,3382
"11469","07_report/CpG_context_sampling_10773_469_trimmed_bismark_bt2.CpG",3419,2859,560,3419
"11470","07_report/CpG_context_sampling_10773_470_trimmed_bismark_bt2.CpG",3406,2884,522,3406
"11471","07_report/CpG_context_sampling_10773_471_trimmed_bismark_bt2.CpG",3417,2825,592,3417
"11472","07_report/CpG_context_sampling_10773_472_trimmed_bismark_bt2.CpG",3538,2924,614,3538
"11473","07_report/CpG_context_sampling_10773_473_trimmed_bismark_bt2.CpG",3483,2862,621,3483
"11474","07_report/CpG_context_sampling_10773_474_trimmed_bismark_bt2.CpG",3463,2903,560,3463
"11475","07_report/CpG_context_sampling_10773_475_trimmed_bismark_bt2.CpG",3521,2950,571,3521
"11476","07_report/CpG_context_sampling_10773_476_trimmed_bismark_bt2.CpG",3470,2907,563,3470
"11477","07_report/CpG_context_sampling_10773_477_trimmed_bismark_bt2.CpG",3631,3011,620,3631
"11478","07_report/CpG_context_sampling_10773_478_trimmed_bismark_bt2.CpG",3431,2860,571,3431
"11479","07_report/CpG_context_sampling_10773_479_trimmed_bismark_bt2.CpG",3515,2942,573,3515
"11480","07_report/CpG_context_sampling_10773_480_trimmed_bismark_bt2.CpG",3488,2901,587,3488
"11481","07_report/CpG_context_sampling_10773_481_trimmed_bismark_bt2.CpG",3386,2813,573,3386
"11482","07_report/CpG_context_sampling_10773_482_trimmed_bismark_bt2.CpG",3512,2901,611,3512
"11483","07_report/CpG_context_sampling_10773_483_trimmed_bismark_bt2.CpG",3466,2883,583,3466
"11484","07_report/CpG_context_sampling_10773_484_trimmed_bismark_bt2.CpG",3508,2912,596,3508
"11485","07_report/CpG_context_sampling_10773_485_trimmed_bismark_bt2.CpG",3463,2870,593,3463
"11486","07_report/CpG_context_sampling_10773_486_trimmed_bismark_bt2.CpG",3476,2884,592,3476
"11487","07_report/CpG_context_sampling_10773_487_trimmed_bismark_bt2.CpG",3549,2910,639,3549
"11488","07_report/CpG_context_sampling_10773_488_trimmed_bismark_bt2.CpG",3417,2871,546,3417
"11489","07_report/CpG_context_sampling_10773_489_trimmed_bismark_bt2.CpG",3464,2915,549,3464
"11490","07_report/CpG_context_sampling_10773_490_trimmed_bismark_bt2.CpG",3476,2893,583,3476
"11491","07_report/CpG_context_sampling_10773_491_trimmed_bismark_bt2.CpG",3492,2925,567,3492
"11492","07_report/CpG_context_sampling_10773_492_trimmed_bismark_bt2.CpG",3490,2895,595,3490
"11493","07_report/CpG_context_sampling_10773_493_trimmed_bismark_bt2.CpG",3428,2909,519,3428
"11494","07_report/CpG_context_sampling_10773_494_trimmed_bismark_bt2.CpG",3445,2842,603,3445
"11495","07_report/CpG_context_sampling_10773_495_trimmed_bismark_bt2.CpG",3471,2880,591,3471
"11496","07_report/CpG_context_sampling_10773_496_trimmed_bismark_bt2.CpG",3467,2870,597,3467
"11497","07_report/CpG_context_sampling_10773_497_trimmed_bismark_bt2.CpG",3474,2930,544,3474
"11498","07_report/CpG_context_sampling_10773_498_trimmed_bismark_bt2.CpG",3483,2906,577,3483
"11499","07_report/CpG_context_sampling_10773_499_trimmed_bismark_bt2.CpG",3530,2917,613,3530
"11500","07_report/CpG_context_sampling_10773_500_trimmed_bismark_bt2.CpG",3456,2887,569,3456
"11501","07_report/CpG_context_sampling_10773_501_trimmed_bismark_bt2.CpG",3422,2854,568,3422
"11502","07_report/CpG_context_sampling_10773_502_trimmed_bismark_bt2.CpG",3612,3001,611,3612
"11503","07_report/CpG_context_sampling_10773_503_trimmed_bismark_bt2.CpG",3493,2913,580,3493
"11504","07_report/CpG_context_sampling_10773_504_trimmed_bismark_bt2.CpG",3448,2881,567,3448
"11505","07_report/CpG_context_sampling_10773_505_trimmed_bismark_bt2.CpG",3512,2930,582,3512
"11506","07_report/CpG_context_sampling_10773_506_trimmed_bismark_bt2.CpG",3484,2899,585,3484
"11507","07_report/CpG_context_sampling_10773_507_trimmed_bismark_bt2.CpG",3491,2887,604,3491
"11508","07_report/CpG_context_sampling_10773_508_trimmed_bismark_bt2.CpG",3544,2936,608,3544
"11509","07_report/CpG_context_sampling_10773_509_trimmed_bismark_bt2.CpG",3525,2938,587,3525
"11510","07_report/CpG_context_sampling_10773_510_trimmed_bismark_bt2.CpG",3443,2888,555,3443
"11511","07_report/CpG_context_sampling_10773_511_trimmed_bismark_bt2.CpG",3503,2879,624,3503
"11512","07_report/CpG_context_sampling_10773_512_trimmed_bismark_bt2.CpG",3495,2901,594,3495
"11513","07_report/CpG_context_sampling_10773_513_trimmed_bismark_bt2.CpG",3487,2889,598,3487
"11514","07_report/CpG_context_sampling_10773_514_trimmed_bismark_bt2.CpG",3552,2933,619,3552
"11515","07_report/CpG_context_sampling_10773_515_trimmed_bismark_bt2.CpG",3501,2889,612,3501
"11516","07_report/CpG_context_sampling_10773_516_trimmed_bismark_bt2.CpG",3516,2948,568,3516
"11517","07_report/CpG_context_sampling_10773_517_trimmed_bismark_bt2.CpG",3540,2969,571,3540
"11518","07_report/CpG_context_sampling_10773_518_trimmed_bismark_bt2.CpG",3523,2954,569,3523
"11519","07_report/CpG_context_sampling_10773_519_trimmed_bismark_bt2.CpG",3490,2869,621,3490
"11520","07_report/CpG_context_sampling_10773_520_trimmed_bismark_bt2.CpG",3505,2931,574,3505
"11521","07_report/CpG_context_sampling_10773_521_trimmed_bismark_bt2.CpG",3465,2886,579,3465
"11522","07_report/CpG_context_sampling_10773_522_trimmed_bismark_bt2.CpG",3364,2728,636,3364
"11523","07_report/CpG_context_sampling_10773_523_trimmed_bismark_bt2.CpG",3551,2956,595,3551
"11524","07_report/CpG_context_sampling_10773_524_trimmed_bismark_bt2.CpG",3492,2867,625,3492
"11525","07_report/CpG_context_sampling_10773_525_trimmed_bismark_bt2.CpG",3428,2855,573,3428
"11526","07_report/CpG_context_sampling_10773_526_trimmed_bismark_bt2.CpG",3533,2945,588,3533
"11527","07_report/CpG_context_sampling_10773_527_trimmed_bismark_bt2.CpG",3449,2870,579,3449
"11528","07_report/CpG_context_sampling_10773_528_trimmed_bismark_bt2.CpG",3461,2875,586,3461
"11529","07_report/CpG_context_sampling_10773_529_trimmed_bismark_bt2.CpG",3467,2873,594,3467
"11530","07_report/CpG_context_sampling_10773_530_trimmed_bismark_bt2.CpG",3502,2877,625,3502
"11531","07_report/CpG_context_sampling_10773_531_trimmed_bismark_bt2.CpG",3468,2832,636,3468
"11532","07_report/CpG_context_sampling_10773_532_trimmed_bismark_bt2.CpG",3478,2898,580,3478
"11533","07_report/CpG_context_sampling_10773_533_trimmed_bismark_bt2.CpG",3612,2975,637,3612
"11534","07_report/CpG_context_sampling_10773_534_trimmed_bismark_bt2.CpG",3481,2859,622,3481
"11535","07_report/CpG_context_sampling_10773_535_trimmed_bismark_bt2.CpG",3538,2974,564,3538
"11536","07_report/CpG_context_sampling_10773_536_trimmed_bismark_bt2.CpG",3443,2866,577,3443
"11537","07_report/CpG_context_sampling_10773_537_trimmed_bismark_bt2.CpG",3432,2869,563,3432
"11538","07_report/CpG_context_sampling_10773_538_trimmed_bismark_bt2.CpG",3371,2776,595,3371
"11539","07_report/CpG_context_sampling_10773_539_trimmed_bismark_bt2.CpG",3528,2918,610,3528
"11540","07_report/CpG_context_sampling_10773_540_trimmed_bismark_bt2.CpG",3498,2899,599,3498
"11541","07_report/CpG_context_sampling_10773_541_trimmed_bismark_bt2.CpG",3499,2943,556,3499
"11542","07_report/CpG_context_sampling_10773_542_trimmed_bismark_bt2.CpG",3501,2895,606,3501
"11543","07_report/CpG_context_sampling_10773_543_trimmed_bismark_bt2.CpG",3472,2892,580,3472
"11544","07_report/CpG_context_sampling_10773_544_trimmed_bismark_bt2.CpG",3464,2876,588,3464
"11545","07_report/CpG_context_sampling_10773_545_trimmed_bismark_bt2.CpG",3529,2881,648,3529
"11546","07_report/CpG_context_sampling_10773_546_trimmed_bismark_bt2.CpG",3418,2842,576,3418
"11547","07_report/CpG_context_sampling_10773_547_trimmed_bismark_bt2.CpG",3434,2856,578,3434
"11548","07_report/CpG_context_sampling_10773_548_trimmed_bismark_bt2.CpG",3456,2938,518,3456
"11549","07_report/CpG_context_sampling_10773_549_trimmed_bismark_bt2.CpG",3442,2862,580,3442
"11550","07_report/CpG_context_sampling_10773_550_trimmed_bismark_bt2.CpG",3521,2953,568,3521
"11551","07_report/CpG_context_sampling_10773_551_trimmed_bismark_bt2.CpG",3398,2809,589,3398
"11552","07_report/CpG_context_sampling_10773_552_trimmed_bismark_bt2.CpG",3490,2937,553,3490
"11553","07_report/CpG_context_sampling_10773_553_trimmed_bismark_bt2.CpG",3495,2909,586,3495
"11554","07_report/CpG_context_sampling_10773_554_trimmed_bismark_bt2.CpG",3474,2906,568,3474
"11555","07_report/CpG_context_sampling_10773_555_trimmed_bismark_bt2.CpG",3468,2906,562,3468
"11556","07_report/CpG_context_sampling_10773_556_trimmed_bismark_bt2.CpG",3480,2887,593,3480
"11557","07_report/CpG_context_sampling_10773_557_trimmed_bismark_bt2.CpG",3540,2948,592,3540
"11558","07_report/CpG_context_sampling_10773_558_trimmed_bismark_bt2.CpG",3430,2813,617,3430
"11559","07_report/CpG_context_sampling_10773_559_trimmed_bismark_bt2.CpG",3474,2869,605,3474
"11560","07_report/CpG_context_sampling_10773_560_trimmed_bismark_bt2.CpG",3427,2859,568,3427
"11561","07_report/CpG_context_sampling_10773_561_trimmed_bismark_bt2.CpG",3533,2935,598,3533
"11562","07_report/CpG_context_sampling_10773_562_trimmed_bismark_bt2.CpG",3538,2946,592,3538
"11563","07_report/CpG_context_sampling_10773_563_trimmed_bismark_bt2.CpG",3539,2951,588,3539
"11564","07_report/CpG_context_sampling_10773_564_trimmed_bismark_bt2.CpG",3494,2900,594,3494
"11565","07_report/CpG_context_sampling_10773_565_trimmed_bismark_bt2.CpG",3472,2912,560,3472
"11566","07_report/CpG_context_sampling_10773_566_trimmed_bismark_bt2.CpG",3466,2890,576,3466
"11567","07_report/CpG_context_sampling_10773_567_trimmed_bismark_bt2.CpG",3381,2833,548,3381
"11568","07_report/CpG_context_sampling_10773_568_trimmed_bismark_bt2.CpG",3444,2867,577,3444
"11569","07_report/CpG_context_sampling_10773_569_trimmed_bismark_bt2.CpG",3509,2910,599,3509
"11570","07_report/CpG_context_sampling_10773_570_trimmed_bismark_bt2.CpG",3436,2890,546,3436
"11571","07_report/CpG_context_sampling_10773_571_trimmed_bismark_bt2.CpG",3444,2887,557,3444
"11572","07_report/CpG_context_sampling_10773_572_trimmed_bismark_bt2.CpG",3502,2904,598,3502
"11573","07_report/CpG_context_sampling_10773_573_trimmed_bismark_bt2.CpG",3417,2809,608,3417
"11574","07_report/CpG_context_sampling_10773_574_trimmed_bismark_bt2.CpG",3562,2997,565,3562
"11575","07_report/CpG_context_sampling_10773_575_trimmed_bismark_bt2.CpG",3511,2903,608,3511
"11576","07_report/CpG_context_sampling_10773_576_trimmed_bismark_bt2.CpG",3520,2929,591,3520
"11577","07_report/CpG_context_sampling_10773_577_trimmed_bismark_bt2.CpG",3473,2890,583,3473
"11578","07_report/CpG_context_sampling_10773_578_trimmed_bismark_bt2.CpG",3496,2912,584,3496
"11579","07_report/CpG_context_sampling_10773_579_trimmed_bismark_bt2.CpG",3483,2875,608,3483
"11580","07_report/CpG_context_sampling_10773_580_trimmed_bismark_bt2.CpG",3409,2816,593,3409
"11581","07_report/CpG_context_sampling_10773_581_trimmed_bismark_bt2.CpG",3511,2921,590,3511
"11582","07_report/CpG_context_sampling_10773_582_trimmed_bismark_bt2.CpG",3456,2831,625,3456
"11583","07_report/CpG_context_sampling_10773_583_trimmed_bismark_bt2.CpG",3469,2885,584,3469
"11584","07_report/CpG_context_sampling_10773_584_trimmed_bismark_bt2.CpG",3508,2851,657,3508
"11585","07_report/CpG_context_sampling_10773_585_trimmed_bismark_bt2.CpG",3479,2889,590,3479
"11586","07_report/CpG_context_sampling_10773_586_trimmed_bismark_bt2.CpG",3533,2952,581,3533
"11587","07_report/CpG_context_sampling_10773_587_trimmed_bismark_bt2.CpG",3499,2943,556,3499
"11588","07_report/CpG_context_sampling_10773_588_trimmed_bismark_bt2.CpG",3497,2906,591,3497
"11589","07_report/CpG_context_sampling_10773_589_trimmed_bismark_bt2.CpG",3422,2863,559,3422
"11590","07_report/CpG_context_sampling_10773_590_trimmed_bismark_bt2.CpG",3450,2854,596,3450
"11591","07_report/CpG_context_sampling_10773_591_trimmed_bismark_bt2.CpG",3525,2956,569,3525
"11592","07_report/CpG_context_sampling_10773_592_trimmed_bismark_bt2.CpG",3512,2955,557,3512
"11593","07_report/CpG_context_sampling_10773_593_trimmed_bismark_bt2.CpG",3469,2884,585,3469
"11594","07_report/CpG_context_sampling_10773_594_trimmed_bismark_bt2.CpG",3496,2898,598,3496
"11595","07_report/CpG_context_sampling_10773_595_trimmed_bismark_bt2.CpG",3454,2838,616,3454
"11596","07_report/CpG_context_sampling_10773_596_trimmed_bismark_bt2.CpG",3445,2862,583,3445
"11597","07_report/CpG_context_sampling_10773_597_trimmed_bismark_bt2.CpG",3438,2859,579,3438
"11598","07_report/CpG_context_sampling_10773_598_trimmed_bismark_bt2.CpG",3501,2885,616,3501
"11599","07_report/CpG_context_sampling_10773_599_trimmed_bismark_bt2.CpG",3484,2952,532,3484
"11600","07_report/CpG_context_sampling_10773_600_trimmed_bismark_bt2.CpG",3498,2890,608,3498
"11601","07_report/CpG_context_sampling_10773_601_trimmed_bismark_bt2.CpG",3479,2902,577,3479
"11602","07_report/CpG_context_sampling_10773_602_trimmed_bismark_bt2.CpG",3452,2849,603,3452
"11603","07_report/CpG_context_sampling_10773_603_trimmed_bismark_bt2.CpG",3481,2897,584,3481
"11604","07_report/CpG_context_sampling_10773_604_trimmed_bismark_bt2.CpG",3371,2796,575,3371
"11605","07_report/CpG_context_sampling_10773_605_trimmed_bismark_bt2.CpG",3516,2935,581,3516
"11606","07_report/CpG_context_sampling_10773_606_trimmed_bismark_bt2.CpG",3381,2828,553,3381
"11607","07_report/CpG_context_sampling_10773_607_trimmed_bismark_bt2.CpG",3487,2840,647,3487
"11608","07_report/CpG_context_sampling_10773_608_trimmed_bismark_bt2.CpG",3537,2945,592,3537
"11609","07_report/CpG_context_sampling_10773_609_trimmed_bismark_bt2.CpG",3550,2970,580,3550
"11610","07_report/CpG_context_sampling_10773_610_trimmed_bismark_bt2.CpG",3492,2897,595,3492
"11611","07_report/CpG_context_sampling_10773_611_trimmed_bismark_bt2.CpG",3467,2903,564,3467
"11612","07_report/CpG_context_sampling_10773_612_trimmed_bismark_bt2.CpG",3469,2921,548,3469
"11613","07_report/CpG_context_sampling_10773_613_trimmed_bismark_bt2.CpG",3511,2948,563,3511
"11614","07_report/CpG_context_sampling_10773_614_trimmed_bismark_bt2.CpG",3476,2908,568,3476
"11615","07_report/CpG_context_sampling_10773_615_trimmed_bismark_bt2.CpG",3438,2854,584,3438
"11616","07_report/CpG_context_sampling_10773_616_trimmed_bismark_bt2.CpG",3410,2853,557,3410
"11617","07_report/CpG_context_sampling_10773_617_trimmed_bismark_bt2.CpG",3639,3046,593,3639
"11618","07_report/CpG_context_sampling_10773_618_trimmed_bismark_bt2.CpG",3514,2927,587,3514
"11619","07_report/CpG_context_sampling_10773_619_trimmed_bismark_bt2.CpG",3447,2863,584,3447
"11620","07_report/CpG_context_sampling_10773_620_trimmed_bismark_bt2.CpG",3492,2913,579,3492
"11621","07_report/CpG_context_sampling_10773_621_trimmed_bismark_bt2.CpG",3453,2841,612,3453
"11622","07_report/CpG_context_sampling_10773_622_trimmed_bismark_bt2.CpG",3502,2910,592,3502
"11623","07_report/CpG_context_sampling_10773_623_trimmed_bismark_bt2.CpG",3475,2882,593,3475
"11624","07_report/CpG_context_sampling_10773_624_trimmed_bismark_bt2.CpG",3408,2828,580,3408
"11625","07_report/CpG_context_sampling_10773_625_trimmed_bismark_bt2.CpG",3421,2875,546,3421
"11626","07_report/CpG_context_sampling_10773_626_trimmed_bismark_bt2.CpG",3486,2865,621,3486
"11627","07_report/CpG_context_sampling_10773_627_trimmed_bismark_bt2.CpG",3547,2995,552,3547
"11628","07_report/CpG_context_sampling_10773_628_trimmed_bismark_bt2.CpG",3527,2907,620,3527
"11629","07_report/CpG_context_sampling_10773_629_trimmed_bismark_bt2.CpG",3451,2830,621,3451
"11630","07_report/CpG_context_sampling_10773_630_trimmed_bismark_bt2.CpG",3551,2965,586,3551
"11631","07_report/CpG_context_sampling_10773_631_trimmed_bismark_bt2.CpG",3554,2982,572,3554
"11632","07_report/CpG_context_sampling_10773_632_trimmed_bismark_bt2.CpG",3452,2809,643,3452
"11633","07_report/CpG_context_sampling_10773_633_trimmed_bismark_bt2.CpG",3431,2827,604,3431
"11634","07_report/CpG_context_sampling_10773_634_trimmed_bismark_bt2.CpG",3489,2891,598,3489
"11635","07_report/CpG_context_sampling_10773_635_trimmed_bismark_bt2.CpG",3508,2888,620,3508
"11636","07_report/CpG_context_sampling_10773_636_trimmed_bismark_bt2.CpG",3545,2944,601,3545
"11637","07_report/CpG_context_sampling_10773_637_trimmed_bismark_bt2.CpG",3567,2977,590,3567
"11638","07_report/CpG_context_sampling_10773_638_trimmed_bismark_bt2.CpG",3488,2923,565,3488
"11639","07_report/CpG_context_sampling_10773_639_trimmed_bismark_bt2.CpG",3485,2921,564,3485
"11640","07_report/CpG_context_sampling_10773_640_trimmed_bismark_bt2.CpG",3424,2850,574,3424
"11641","07_report/CpG_context_sampling_10773_641_trimmed_bismark_bt2.CpG",3392,2806,586,3392
"11642","07_report/CpG_context_sampling_10773_642_trimmed_bismark_bt2.CpG",3467,2906,561,3467
"11643","07_report/CpG_context_sampling_10773_643_trimmed_bismark_bt2.CpG",3529,2937,592,3529
"11644","07_report/CpG_context_sampling_10773_644_trimmed_bismark_bt2.CpG",3572,2972,600,3572
"11645","07_report/CpG_context_sampling_10773_645_trimmed_bismark_bt2.CpG",3429,2891,538,3429
"11646","07_report/CpG_context_sampling_10773_646_trimmed_bismark_bt2.CpG",3409,2835,574,3409
"11647","07_report/CpG_context_sampling_10773_647_trimmed_bismark_bt2.CpG",3397,2831,566,3397
"11648","07_report/CpG_context_sampling_10773_648_trimmed_bismark_bt2.CpG",3508,2890,618,3508
"11649","07_report/CpG_context_sampling_10773_649_trimmed_bismark_bt2.CpG",3585,3028,557,3585
"11650","07_report/CpG_context_sampling_10773_650_trimmed_bismark_bt2.CpG",3456,2899,557,3456
"11651","07_report/CpG_context_sampling_10773_651_trimmed_bismark_bt2.CpG",3534,2943,591,3534
"11652","07_report/CpG_context_sampling_10773_652_trimmed_bismark_bt2.CpG",3473,2884,589,3473
"11653","07_report/CpG_context_sampling_10773_653_trimmed_bismark_bt2.CpG",3519,2952,567,3519
"11654","07_report/CpG_context_sampling_10773_654_trimmed_bismark_bt2.CpG",3531,2926,605,3531
"11655","07_report/CpG_context_sampling_10773_655_trimmed_bismark_bt2.CpG",3524,2925,599,3524
"11656","07_report/CpG_context_sampling_10773_656_trimmed_bismark_bt2.CpG",3555,2950,605,3555
"11657","07_report/CpG_context_sampling_10773_657_trimmed_bismark_bt2.CpG",3504,2901,603,3504
"11658","07_report/CpG_context_sampling_10773_658_trimmed_bismark_bt2.CpG",3444,2871,573,3444
"11659","07_report/CpG_context_sampling_10773_659_trimmed_bismark_bt2.CpG",3485,2891,594,3485
"11660","07_report/CpG_context_sampling_10773_660_trimmed_bismark_bt2.CpG",3563,2954,609,3563
"11661","07_report/CpG_context_sampling_10773_661_trimmed_bismark_bt2.CpG",3514,2945,569,3514
"11662","07_report/CpG_context_sampling_10773_662_trimmed_bismark_bt2.CpG",3388,2802,586,3388
"11663","07_report/CpG_context_sampling_10773_663_trimmed_bismark_bt2.CpG",3494,2906,588,3494
"11664","07_report/CpG_context_sampling_10773_664_trimmed_bismark_bt2.CpG",3526,2912,614,3526
"11665","07_report/CpG_context_sampling_10773_665_trimmed_bismark_bt2.CpG",3461,2895,566,3461
"11666","07_report/CpG_context_sampling_10773_666_trimmed_bismark_bt2.CpG",3407,2866,541,3407
"11667","07_report/CpG_context_sampling_10773_667_trimmed_bismark_bt2.CpG",3466,2867,599,3466
"11668","07_report/CpG_context_sampling_10773_668_trimmed_bismark_bt2.CpG",3485,2900,585,3485
"11669","07_report/CpG_context_sampling_10773_669_trimmed_bismark_bt2.CpG",3482,2878,604,3482
"11670","07_report/CpG_context_sampling_10773_670_trimmed_bismark_bt2.CpG",3496,2892,604,3496
"11671","07_report/CpG_context_sampling_10773_671_trimmed_bismark_bt2.CpG",3507,2940,567,3507
"11672","07_report/CpG_context_sampling_10773_672_trimmed_bismark_bt2.CpG",3527,2954,573,3527
"11673","07_report/CpG_context_sampling_10773_673_trimmed_bismark_bt2.CpG",3537,2998,539,3537
"11674","07_report/CpG_context_sampling_10773_674_trimmed_bismark_bt2.CpG",3384,2817,567,3384
"11675","07_report/CpG_context_sampling_10773_675_trimmed_bismark_bt2.CpG",3502,2928,574,3502
"11676","07_report/CpG_context_sampling_10773_676_trimmed_bismark_bt2.CpG",3521,2915,606,3521
"11677","07_report/CpG_context_sampling_10773_677_trimmed_bismark_bt2.CpG",3396,2859,537,3396
"11678","07_report/CpG_context_sampling_10773_678_trimmed_bismark_bt2.CpG",3509,2884,625,3509
"11679","07_report/CpG_context_sampling_10773_679_trimmed_bismark_bt2.CpG",3508,2913,595,3508
"11680","07_report/CpG_context_sampling_10773_680_trimmed_bismark_bt2.CpG",3465,2923,542,3465
"11681","07_report/CpG_context_sampling_10773_681_trimmed_bismark_bt2.CpG",3429,2841,588,3429
"11682","07_report/CpG_context_sampling_10773_682_trimmed_bismark_bt2.CpG",3508,2932,576,3508
"11683","07_report/CpG_context_sampling_10773_683_trimmed_bismark_bt2.CpG",3521,2909,612,3521
"11684","07_report/CpG_context_sampling_10773_684_trimmed_bismark_bt2.CpG",3469,2895,574,3469
"11685","07_report/CpG_context_sampling_10773_685_trimmed_bismark_bt2.CpG",3497,2878,619,3497
"11686","07_report/CpG_context_sampling_10773_686_trimmed_bismark_bt2.CpG",3490,2889,601,3490
"11687","07_report/CpG_context_sampling_10773_687_trimmed_bismark_bt2.CpG",3400,2785,615,3400
"11688","07_report/CpG_context_sampling_10773_688_trimmed_bismark_bt2.CpG",3461,2911,550,3461
"11689","07_report/CpG_context_sampling_10773_689_trimmed_bismark_bt2.CpG",3493,2888,605,3493
"11690","07_report/CpG_context_sampling_10773_690_trimmed_bismark_bt2.CpG",3429,2855,574,3429
"11691","07_report/CpG_context_sampling_10773_691_trimmed_bismark_bt2.CpG",3589,2975,614,3589
"11692","07_report/CpG_context_sampling_10773_692_trimmed_bismark_bt2.CpG",3481,2916,565,3481
"11693","07_report/CpG_context_sampling_10773_693_trimmed_bismark_bt2.CpG",3520,2939,581,3520
"11694","07_report/CpG_context_sampling_10773_694_trimmed_bismark_bt2.CpG",3475,2908,567,3475
"11695","07_report/CpG_context_sampling_10773_695_trimmed_bismark_bt2.CpG",3486,2930,556,3486
"11696","07_report/CpG_context_sampling_10773_696_trimmed_bismark_bt2.CpG",3479,2897,582,3479
"11697","07_report/CpG_context_sampling_10773_697_trimmed_bismark_bt2.CpG",3533,2953,580,3533
"11698","07_report/CpG_context_sampling_10773_698_trimmed_bismark_bt2.CpG",3478,2942,536,3478
"11699","07_report/CpG_context_sampling_10773_699_trimmed_bismark_bt2.CpG",3499,2893,606,3499
"11700","07_report/CpG_context_sampling_10773_700_trimmed_bismark_bt2.CpG",3568,2961,607,3568
"11701","07_report/CpG_context_sampling_10773_701_trimmed_bismark_bt2.CpG",3444,2879,565,3444
"11702","07_report/CpG_context_sampling_10773_702_trimmed_bismark_bt2.CpG",3457,2826,631,3457
"11703","07_report/CpG_context_sampling_10773_703_trimmed_bismark_bt2.CpG",3484,2891,593,3484
"11704","07_report/CpG_context_sampling_10773_704_trimmed_bismark_bt2.CpG",3407,2808,599,3407
"11705","07_report/CpG_context_sampling_10773_705_trimmed_bismark_bt2.CpG",3353,2792,561,3353
"11706","07_report/CpG_context_sampling_10773_706_trimmed_bismark_bt2.CpG",3526,2939,587,3526
"11707","07_report/CpG_context_sampling_10773_707_trimmed_bismark_bt2.CpG",3472,2854,618,3472
"11708","07_report/CpG_context_sampling_10773_708_trimmed_bismark_bt2.CpG",3359,2835,524,3359
"11709","07_report/CpG_context_sampling_10773_709_trimmed_bismark_bt2.CpG",3429,2877,552,3429
"11710","07_report/CpG_context_sampling_10773_710_trimmed_bismark_bt2.CpG",3502,2901,601,3502
"11711","07_report/CpG_context_sampling_10773_711_trimmed_bismark_bt2.CpG",3442,2869,573,3442
"11712","07_report/CpG_context_sampling_10773_712_trimmed_bismark_bt2.CpG",3532,2917,615,3532
"11713","07_report/CpG_context_sampling_10773_713_trimmed_bismark_bt2.CpG",3519,2920,599,3519
"11714","07_report/CpG_context_sampling_10773_714_trimmed_bismark_bt2.CpG",3475,2868,607,3475
"11715","07_report/CpG_context_sampling_10773_715_trimmed_bismark_bt2.CpG",3476,2902,574,3476
"11716","07_report/CpG_context_sampling_10773_716_trimmed_bismark_bt2.CpG",3512,2945,567,3512
"11717","07_report/CpG_context_sampling_10773_717_trimmed_bismark_bt2.CpG",3510,2911,599,3510
"11718","07_report/CpG_context_sampling_10773_718_trimmed_bismark_bt2.CpG",3547,2956,591,3547
"11719","07_report/CpG_context_sampling_10773_719_trimmed_bismark_bt2.CpG",3524,2924,600,3524
"11720","07_report/CpG_context_sampling_10773_720_trimmed_bismark_bt2.CpG",3530,2970,560,3530
"11721","07_report/CpG_context_sampling_10773_721_trimmed_bismark_bt2.CpG",3476,2898,578,3476
"11722","07_report/CpG_context_sampling_10773_722_trimmed_bismark_bt2.CpG",3421,2833,588,3421
"11723","07_report/CpG_context_sampling_10773_723_trimmed_bismark_bt2.CpG",3552,2922,630,3552
"11724","07_report/CpG_context_sampling_10773_724_trimmed_bismark_bt2.CpG",3535,2956,579,3535
"11725","07_report/CpG_context_sampling_10773_725_trimmed_bismark_bt2.CpG",3519,2912,607,3519
"11726","07_report/CpG_context_sampling_10773_726_trimmed_bismark_bt2.CpG",3460,2887,573,3460
"11727","07_report/CpG_context_sampling_10773_727_trimmed_bismark_bt2.CpG",3569,2951,618,3569
"11728","07_report/CpG_context_sampling_10773_728_trimmed_bismark_bt2.CpG",3527,2935,592,3527
"11729","07_report/CpG_context_sampling_10773_729_trimmed_bismark_bt2.CpG",3465,2875,590,3465
"11730","07_report/CpG_context_sampling_10773_730_trimmed_bismark_bt2.CpG",3439,2850,589,3439
"11731","07_report/CpG_context_sampling_10773_731_trimmed_bismark_bt2.CpG",3442,2868,574,3442
"11732","07_report/CpG_context_sampling_10773_732_trimmed_bismark_bt2.CpG",3516,2940,576,3516
"11733","07_report/CpG_context_sampling_10773_733_trimmed_bismark_bt2.CpG",3491,2855,636,3491
"11734","07_report/CpG_context_sampling_10773_734_trimmed_bismark_bt2.CpG",3449,2842,607,3449
"11735","07_report/CpG_context_sampling_10773_735_trimmed_bismark_bt2.CpG",3447,2866,581,3447
"11736","07_report/CpG_context_sampling_10773_736_trimmed_bismark_bt2.CpG",3526,2894,632,3526
"11737","07_report/CpG_context_sampling_10773_737_trimmed_bismark_bt2.CpG",3523,2926,597,3523
"11738","07_report/CpG_context_sampling_10773_738_trimmed_bismark_bt2.CpG",3487,2918,569,3487
"11739","07_report/CpG_context_sampling_10773_739_trimmed_bismark_bt2.CpG",3547,2948,599,3547
"11740","07_report/CpG_context_sampling_10773_740_trimmed_bismark_bt2.CpG",3500,2942,558,3500
"11741","07_report/CpG_context_sampling_10773_741_trimmed_bismark_bt2.CpG",3495,2920,575,3495
"11742","07_report/CpG_context_sampling_10773_742_trimmed_bismark_bt2.CpG",3433,2843,590,3433
"11743","07_report/CpG_context_sampling_10773_743_trimmed_bismark_bt2.CpG",3457,2869,588,3457
"11744","07_report/CpG_context_sampling_10773_744_trimmed_bismark_bt2.CpG",3471,2881,590,3471
"11745","07_report/CpG_context_sampling_10773_745_trimmed_bismark_bt2.CpG",3485,2886,599,3485
"11746","07_report/CpG_context_sampling_10773_746_trimmed_bismark_bt2.CpG",3502,2872,630,3502
"11747","07_report/CpG_context_sampling_10773_747_trimmed_bismark_bt2.CpG",3478,2902,576,3478
"11748","07_report/CpG_context_sampling_10773_748_trimmed_bismark_bt2.CpG",3491,2906,585,3491
"11749","07_report/CpG_context_sampling_10773_749_trimmed_bismark_bt2.CpG",3448,2842,606,3448
"11750","07_report/CpG_context_sampling_10773_750_trimmed_bismark_bt2.CpG",3421,2836,585,3421
"11751","07_report/CpG_context_sampling_10773_751_trimmed_bismark_bt2.CpG",3502,2901,601,3502
"11752","07_report/CpG_context_sampling_10773_752_trimmed_bismark_bt2.CpG",3486,2915,571,3486
"11753","07_report/CpG_context_sampling_10773_753_trimmed_bismark_bt2.CpG",3473,2883,590,3473
"11754","07_report/CpG_context_sampling_10773_754_trimmed_bismark_bt2.CpG",3443,2878,565,3443
"11755","07_report/CpG_context_sampling_10773_755_trimmed_bismark_bt2.CpG",3514,2940,574,3514
"11756","07_report/CpG_context_sampling_10773_756_trimmed_bismark_bt2.CpG",3603,3016,587,3603
"11757","07_report/CpG_context_sampling_10773_757_trimmed_bismark_bt2.CpG",3517,2937,580,3517
"11758","07_report/CpG_context_sampling_10773_758_trimmed_bismark_bt2.CpG",3369,2789,580,3369
"11759","07_report/CpG_context_sampling_10773_759_trimmed_bismark_bt2.CpG",3400,2862,538,3400
"11760","07_report/CpG_context_sampling_10773_760_trimmed_bismark_bt2.CpG",3477,2905,572,3477
"11761","07_report/CpG_context_sampling_10773_761_trimmed_bismark_bt2.CpG",3452,2847,605,3452
"11762","07_report/CpG_context_sampling_10773_762_trimmed_bismark_bt2.CpG",3549,2986,563,3549
"11763","07_report/CpG_context_sampling_10773_763_trimmed_bismark_bt2.CpG",3523,2906,617,3523
"11764","07_report/CpG_context_sampling_10773_764_trimmed_bismark_bt2.CpG",3521,2902,619,3521
"11765","07_report/CpG_context_sampling_10773_765_trimmed_bismark_bt2.CpG",3498,2902,596,3498
"11766","07_report/CpG_context_sampling_10773_766_trimmed_bismark_bt2.CpG",3484,2938,546,3484
"11767","07_report/CpG_context_sampling_10773_767_trimmed_bismark_bt2.CpG",3431,2869,562,3431
"11768","07_report/CpG_context_sampling_10773_768_trimmed_bismark_bt2.CpG",3495,2922,573,3495
"11769","07_report/CpG_context_sampling_10773_769_trimmed_bismark_bt2.CpG",3431,2906,525,3431
"11770","07_report/CpG_context_sampling_10773_770_trimmed_bismark_bt2.CpG",3483,2923,560,3483
"11771","07_report/CpG_context_sampling_10773_771_trimmed_bismark_bt2.CpG",3564,2958,606,3564
"11772","07_report/CpG_context_sampling_10773_772_trimmed_bismark_bt2.CpG",3457,2850,607,3457
"11773","07_report/CpG_context_sampling_10773_773_trimmed_bismark_bt2.CpG",3439,2897,542,3439
"11774","07_report/CpG_context_sampling_10773_774_trimmed_bismark_bt2.CpG",3457,2886,571,3457
"11775","07_report/CpG_context_sampling_10773_775_trimmed_bismark_bt2.CpG",3480,2872,608,3480
"11776","07_report/CpG_context_sampling_10773_776_trimmed_bismark_bt2.CpG",3486,2918,568,3486
"11777","07_report/CpG_context_sampling_10773_777_trimmed_bismark_bt2.CpG",3498,2940,558,3498
"11778","07_report/CpG_context_sampling_10773_778_trimmed_bismark_bt2.CpG",3497,2961,536,3497
"11779","07_report/CpG_context_sampling_10773_779_trimmed_bismark_bt2.CpG",3450,2867,583,3450
"11780","07_report/CpG_context_sampling_10773_780_trimmed_bismark_bt2.CpG",3514,2922,592,3514
"11781","07_report/CpG_context_sampling_10773_781_trimmed_bismark_bt2.CpG",3570,2952,618,3570
"11782","07_report/CpG_context_sampling_10773_782_trimmed_bismark_bt2.CpG",3486,2863,623,3486
"11783","07_report/CpG_context_sampling_10773_783_trimmed_bismark_bt2.CpG",3535,2926,609,3535
"11784","07_report/CpG_context_sampling_10773_784_trimmed_bismark_bt2.CpG",3512,2917,595,3512
"11785","07_report/CpG_context_sampling_10773_785_trimmed_bismark_bt2.CpG",3504,2906,598,3504
"11786","07_report/CpG_context_sampling_10773_786_trimmed_bismark_bt2.CpG",3407,2857,550,3407
"11787","07_report/CpG_context_sampling_10773_787_trimmed_bismark_bt2.CpG",3414,2820,594,3414
"11788","07_report/CpG_context_sampling_10773_788_trimmed_bismark_bt2.CpG",3446,2905,541,3446
"11789","07_report/CpG_context_sampling_10773_789_trimmed_bismark_bt2.CpG",3390,2790,600,3390
"11790","07_report/CpG_context_sampling_10773_790_trimmed_bismark_bt2.CpG",3411,2833,578,3411
"11791","07_report/CpG_context_sampling_10773_791_trimmed_bismark_bt2.CpG",3424,2852,572,3424
"11792","07_report/CpG_context_sampling_10773_792_trimmed_bismark_bt2.CpG",3454,2870,584,3454
"11793","07_report/CpG_context_sampling_10773_793_trimmed_bismark_bt2.CpG",3446,2889,557,3446
"11794","07_report/CpG_context_sampling_10773_794_trimmed_bismark_bt2.CpG",3389,2826,563,3389
"11795","07_report/CpG_context_sampling_10773_795_trimmed_bismark_bt2.CpG",3551,2984,567,3551
"11796","07_report/CpG_context_sampling_10773_796_trimmed_bismark_bt2.CpG",3487,2876,611,3487
"11797","07_report/CpG_context_sampling_10773_797_trimmed_bismark_bt2.CpG",3492,2916,576,3492
"11798","07_report/CpG_context_sampling_10773_798_trimmed_bismark_bt2.CpG",3449,2859,590,3449
"11799","07_report/CpG_context_sampling_10773_799_trimmed_bismark_bt2.CpG",3558,2941,617,3558
"11800","07_report/CpG_context_sampling_10773_800_trimmed_bismark_bt2.CpG",3425,2855,570,3425
"11801","07_report/CpG_context_sampling_10773_801_trimmed_bismark_bt2.CpG",3458,2881,577,3458
"11802","07_report/CpG_context_sampling_10773_802_trimmed_bismark_bt2.CpG",3466,2934,532,3466
"11803","07_report/CpG_context_sampling_10773_803_trimmed_bismark_bt2.CpG",3441,2880,561,3441
"11804","07_report/CpG_context_sampling_10773_804_trimmed_bismark_bt2.CpG",3449,2844,605,3449
"11805","07_report/CpG_context_sampling_10773_805_trimmed_bismark_bt2.CpG",3513,2890,623,3513
"11806","07_report/CpG_context_sampling_10773_806_trimmed_bismark_bt2.CpG",3414,2848,566,3414
"11807","07_report/CpG_context_sampling_10773_807_trimmed_bismark_bt2.CpG",3520,2942,578,3520
"11808","07_report/CpG_context_sampling_10773_808_trimmed_bismark_bt2.CpG",3476,2899,577,3476
"11809","07_report/CpG_context_sampling_10773_809_trimmed_bismark_bt2.CpG",3436,2823,613,3436
"11810","07_report/CpG_context_sampling_10773_810_trimmed_bismark_bt2.CpG",3401,2813,588,3401
"11811","07_report/CpG_context_sampling_10773_811_trimmed_bismark_bt2.CpG",3568,3025,543,3568
"11812","07_report/CpG_context_sampling_10773_812_trimmed_bismark_bt2.CpG",3556,2970,586,3556
"11813","07_report/CpG_context_sampling_10773_813_trimmed_bismark_bt2.CpG",3427,2846,581,3427
"11814","07_report/CpG_context_sampling_10773_814_trimmed_bismark_bt2.CpG",3495,2909,586,3495
"11815","07_report/CpG_context_sampling_10773_815_trimmed_bismark_bt2.CpG",3523,2916,607,3523
"11816","07_report/CpG_context_sampling_10773_816_trimmed_bismark_bt2.CpG",3503,2917,586,3503
"11817","07_report/CpG_context_sampling_10773_817_trimmed_bismark_bt2.CpG",3516,2940,576,3516
"11818","07_report/CpG_context_sampling_10773_818_trimmed_bismark_bt2.CpG",3384,2799,585,3384
"11819","07_report/CpG_context_sampling_10773_819_trimmed_bismark_bt2.CpG",3571,2986,585,3571
"11820","07_report/CpG_context_sampling_10773_820_trimmed_bismark_bt2.CpG",3518,2930,588,3518
"11821","07_report/CpG_context_sampling_10773_821_trimmed_bismark_bt2.CpG",3389,2830,559,3389
"11822","07_report/CpG_context_sampling_10773_822_trimmed_bismark_bt2.CpG",3418,2883,535,3418
"11823","07_report/CpG_context_sampling_10773_823_trimmed_bismark_bt2.CpG",3501,2891,610,3501
"11824","07_report/CpG_context_sampling_10773_824_trimmed_bismark_bt2.CpG",3540,2964,576,3540
"11825","07_report/CpG_context_sampling_10773_825_trimmed_bismark_bt2.CpG",3484,2866,618,3484
"11826","07_report/CpG_context_sampling_10773_826_trimmed_bismark_bt2.CpG",3490,2916,574,3490
"11827","07_report/CpG_context_sampling_10773_827_trimmed_bismark_bt2.CpG",3448,2848,600,3448
"11828","07_report/CpG_context_sampling_10773_828_trimmed_bismark_bt2.CpG",3521,2926,595,3521
"11829","07_report/CpG_context_sampling_10773_829_trimmed_bismark_bt2.CpG",3516,2944,572,3516
"11830","07_report/CpG_context_sampling_10773_830_trimmed_bismark_bt2.CpG",3446,2829,617,3446
"11831","07_report/CpG_context_sampling_10773_831_trimmed_bismark_bt2.CpG",3479,2914,565,3479
"11832","07_report/CpG_context_sampling_10773_832_trimmed_bismark_bt2.CpG",3530,2916,614,3530
"11833","07_report/CpG_context_sampling_10773_833_trimmed_bismark_bt2.CpG",3485,2866,619,3485
"11834","07_report/CpG_context_sampling_10773_834_trimmed_bismark_bt2.CpG",3425,2889,536,3425
"11835","07_report/CpG_context_sampling_10773_835_trimmed_bismark_bt2.CpG",3472,2868,604,3472
"11836","07_report/CpG_context_sampling_10773_836_trimmed_bismark_bt2.CpG",3436,2858,578,3436
"11837","07_report/CpG_context_sampling_10773_837_trimmed_bismark_bt2.CpG",3553,2972,581,3553
"11838","07_report/CpG_context_sampling_10773_838_trimmed_bismark_bt2.CpG",3518,2901,617,3518
"11839","07_report/CpG_context_sampling_10773_839_trimmed_bismark_bt2.CpG",3477,2919,558,3477
"11840","07_report/CpG_context_sampling_10773_840_trimmed_bismark_bt2.CpG",3463,2887,576,3463
"11841","07_report/CpG_context_sampling_10773_841_trimmed_bismark_bt2.CpG",3526,2925,601,3526
"11842","07_report/CpG_context_sampling_10773_842_trimmed_bismark_bt2.CpG",3501,2917,584,3501
"11843","07_report/CpG_context_sampling_10773_843_trimmed_bismark_bt2.CpG",3450,2842,608,3450
"11844","07_report/CpG_context_sampling_10773_844_trimmed_bismark_bt2.CpG",3494,2907,587,3494
"11845","07_report/CpG_context_sampling_10773_845_trimmed_bismark_bt2.CpG",3434,2852,582,3434
"11846","07_report/CpG_context_sampling_10773_846_trimmed_bismark_bt2.CpG",3478,2860,618,3478
"11847","07_report/CpG_context_sampling_10773_847_trimmed_bismark_bt2.CpG",3532,2934,598,3532
"11848","07_report/CpG_context_sampling_10773_848_trimmed_bismark_bt2.CpG",3520,2895,625,3520
"11849","07_report/CpG_context_sampling_10773_849_trimmed_bismark_bt2.CpG",3483,2871,612,3483
"11850","07_report/CpG_context_sampling_10773_850_trimmed_bismark_bt2.CpG",3548,2958,590,3548
"11851","07_report/CpG_context_sampling_10773_851_trimmed_bismark_bt2.CpG",3495,2889,606,3495
"11852","07_report/CpG_context_sampling_10773_852_trimmed_bismark_bt2.CpG",3430,2786,644,3430
"11853","07_report/CpG_context_sampling_10773_853_trimmed_bismark_bt2.CpG",3515,2917,598,3515
"11854","07_report/CpG_context_sampling_10773_854_trimmed_bismark_bt2.CpG",3509,2944,565,3509
"11855","07_report/CpG_context_sampling_10773_855_trimmed_bismark_bt2.CpG",3525,2925,600,3525
"11856","07_report/CpG_context_sampling_10773_856_trimmed_bismark_bt2.CpG",3465,2878,587,3465
"11857","07_report/CpG_context_sampling_10773_857_trimmed_bismark_bt2.CpG",3504,2917,587,3504
"11858","07_report/CpG_context_sampling_10773_858_trimmed_bismark_bt2.CpG",3573,2935,638,3573
"11859","07_report/CpG_context_sampling_10773_859_trimmed_bismark_bt2.CpG",3536,2960,576,3536
"11860","07_report/CpG_context_sampling_10773_860_trimmed_bismark_bt2.CpG",3433,2828,605,3433
"11861","07_report/CpG_context_sampling_10773_861_trimmed_bismark_bt2.CpG",3412,2844,568,3412
"11862","07_report/CpG_context_sampling_10773_862_trimmed_bismark_bt2.CpG",3474,2889,585,3474
"11863","07_report/CpG_context_sampling_10773_863_trimmed_bismark_bt2.CpG",3426,2864,562,3426
"11864","07_report/CpG_context_sampling_10773_864_trimmed_bismark_bt2.CpG",3534,2956,578,3534
"11865","07_report/CpG_context_sampling_10773_865_trimmed_bismark_bt2.CpG",3436,2913,523,3436
"11866","07_report/CpG_context_sampling_10773_866_trimmed_bismark_bt2.CpG",3444,2871,573,3444
"11867","07_report/CpG_context_sampling_10773_867_trimmed_bismark_bt2.CpG",3412,2852,560,3412
"11868","07_report/CpG_context_sampling_10773_868_trimmed_bismark_bt2.CpG",3553,2982,571,3553
"11869","07_report/CpG_context_sampling_10773_869_trimmed_bismark_bt2.CpG",3539,2935,604,3539
"11870","07_report/CpG_context_sampling_10773_870_trimmed_bismark_bt2.CpG",3404,2828,576,3404
"11871","07_report/CpG_context_sampling_10773_871_trimmed_bismark_bt2.CpG",3546,2961,585,3546
"11872","07_report/CpG_context_sampling_10773_872_trimmed_bismark_bt2.CpG",3559,2939,620,3559
"11873","07_report/CpG_context_sampling_10773_873_trimmed_bismark_bt2.CpG",3460,2871,589,3460
"11874","07_report/CpG_context_sampling_10773_874_trimmed_bismark_bt2.CpG",3521,2887,634,3521
"11875","07_report/CpG_context_sampling_10773_875_trimmed_bismark_bt2.CpG",3442,2844,598,3442
"11876","07_report/CpG_context_sampling_10773_876_trimmed_bismark_bt2.CpG",3507,2909,598,3507
"11877","07_report/CpG_context_sampling_10773_877_trimmed_bismark_bt2.CpG",3517,2914,603,3517
"11878","07_report/CpG_context_sampling_10773_878_trimmed_bismark_bt2.CpG",3440,2858,582,3440
"11879","07_report/CpG_context_sampling_10773_879_trimmed_bismark_bt2.CpG",3508,2900,608,3508
"11880","07_report/CpG_context_sampling_10773_880_trimmed_bismark_bt2.CpG",3439,2837,602,3439
"11881","07_report/CpG_context_sampling_10773_881_trimmed_bismark_bt2.CpG",3484,2894,590,3484
"11882","07_report/CpG_context_sampling_10773_882_trimmed_bismark_bt2.CpG",3507,2922,585,3507
"11883","07_report/CpG_context_sampling_10773_883_trimmed_bismark_bt2.CpG",3528,2910,618,3528
"11884","07_report/CpG_context_sampling_10773_884_trimmed_bismark_bt2.CpG",3454,2856,598,3454
"11885","07_report/CpG_context_sampling_10773_885_trimmed_bismark_bt2.CpG",3513,2936,577,3513
"11886","07_report/CpG_context_sampling_10773_886_trimmed_bismark_bt2.CpG",3479,2874,605,3479
"11887","07_report/CpG_context_sampling_10773_887_trimmed_bismark_bt2.CpG",3464,2885,579,3464
"11888","07_report/CpG_context_sampling_10773_888_trimmed_bismark_bt2.CpG",3521,2925,596,3521
"11889","07_report/CpG_context_sampling_10773_889_trimmed_bismark_bt2.CpG",3457,2864,593,3457
"11890","07_report/CpG_context_sampling_10773_890_trimmed_bismark_bt2.CpG",3431,2846,585,3431
"11891","07_report/CpG_context_sampling_10773_891_trimmed_bismark_bt2.CpG",3533,2922,611,3533
"11892","07_report/CpG_context_sampling_10773_892_trimmed_bismark_bt2.CpG",3432,2864,568,3432
"11893","07_report/CpG_context_sampling_10773_893_trimmed_bismark_bt2.CpG",3529,2955,574,3529
"11894","07_report/CpG_context_sampling_10773_894_trimmed_bismark_bt2.CpG",3417,2809,608,3417
"11895","07_report/CpG_context_sampling_10773_895_trimmed_bismark_bt2.CpG",3480,2914,566,3480
"11896","07_report/CpG_context_sampling_10773_896_trimmed_bismark_bt2.CpG",3397,2823,574,3397
"11897","07_report/CpG_context_sampling_10773_897_trimmed_bismark_bt2.CpG",3516,2914,602,3516
"11898","07_report/CpG_context_sampling_10773_898_trimmed_bismark_bt2.CpG",3505,2900,605,3505
"11899","07_report/CpG_context_sampling_10773_899_trimmed_bismark_bt2.CpG",3518,2945,573,3518
"11900","07_report/CpG_context_sampling_10773_900_trimmed_bismark_bt2.CpG",3380,2794,586,3380
"11901","07_report/CpG_context_sampling_10773_901_trimmed_bismark_bt2.CpG",3496,2938,558,3496
"11902","07_report/CpG_context_sampling_10773_902_trimmed_bismark_bt2.CpG",3499,2892,607,3499
"11903","07_report/CpG_context_sampling_10773_903_trimmed_bismark_bt2.CpG",3555,2985,570,3555
"11904","07_report/CpG_context_sampling_10773_904_trimmed_bismark_bt2.CpG",3545,2966,579,3545
"11905","07_report/CpG_context_sampling_10773_905_trimmed_bismark_bt2.CpG",3577,3005,572,3577
"11906","07_report/CpG_context_sampling_10773_906_trimmed_bismark_bt2.CpG",3396,2838,558,3396
"11907","07_report/CpG_context_sampling_10773_907_trimmed_bismark_bt2.CpG",3472,2901,571,3472
"11908","07_report/CpG_context_sampling_10773_908_trimmed_bismark_bt2.CpG",3556,2982,574,3556
"11909","07_report/CpG_context_sampling_10773_909_trimmed_bismark_bt2.CpG",3452,2843,609,3452
"11910","07_report/CpG_context_sampling_10773_910_trimmed_bismark_bt2.CpG",3475,2889,586,3475
"11911","07_report/CpG_context_sampling_10773_911_trimmed_bismark_bt2.CpG",3564,2998,566,3564
"11912","07_report/CpG_context_sampling_10773_912_trimmed_bismark_bt2.CpG",3484,2896,588,3484
"11913","07_report/CpG_context_sampling_10773_913_trimmed_bismark_bt2.CpG",3488,2887,601,3488
"11914","07_report/CpG_context_sampling_10773_914_trimmed_bismark_bt2.CpG",3430,2808,622,3430
"11915","07_report/CpG_context_sampling_10773_915_trimmed_bismark_bt2.CpG",3506,2915,591,3506
"11916","07_report/CpG_context_sampling_10773_916_trimmed_bismark_bt2.CpG",3466,2852,614,3466
"11917","07_report/CpG_context_sampling_10773_917_trimmed_bismark_bt2.CpG",3443,2874,569,3443
"11918","07_report/CpG_context_sampling_10773_918_trimmed_bismark_bt2.CpG",3489,2906,583,3489
"11919","07_report/CpG_context_sampling_10773_919_trimmed_bismark_bt2.CpG",3540,2903,637,3540
"11920","07_report/CpG_context_sampling_10773_920_trimmed_bismark_bt2.CpG",3464,2873,591,3464
"11921","07_report/CpG_context_sampling_10773_921_trimmed_bismark_bt2.CpG",3515,2910,605,3515
"11922","07_report/CpG_context_sampling_10773_922_trimmed_bismark_bt2.CpG",3397,2823,574,3397
"11923","07_report/CpG_context_sampling_10773_923_trimmed_bismark_bt2.CpG",3472,2864,608,3472
"11924","07_report/CpG_context_sampling_10773_924_trimmed_bismark_bt2.CpG",3583,2928,655,3583
"11925","07_report/CpG_context_sampling_10773_925_trimmed_bismark_bt2.CpG",3448,2887,561,3448
"11926","07_report/CpG_context_sampling_10773_926_trimmed_bismark_bt2.CpG",3508,2924,584,3508
"11927","07_report/CpG_context_sampling_10773_927_trimmed_bismark_bt2.CpG",3490,2879,611,3490
"11928","07_report/CpG_context_sampling_10773_928_trimmed_bismark_bt2.CpG",3462,2836,626,3462
"11929","07_report/CpG_context_sampling_10773_929_trimmed_bismark_bt2.CpG",3486,2889,597,3486
"11930","07_report/CpG_context_sampling_10773_930_trimmed_bismark_bt2.CpG",3469,2872,597,3469
"11931","07_report/CpG_context_sampling_10773_931_trimmed_bismark_bt2.CpG",3480,2892,588,3480
"11932","07_report/CpG_context_sampling_10773_932_trimmed_bismark_bt2.CpG",3551,2944,607,3551
"11933","07_report/CpG_context_sampling_10773_933_trimmed_bismark_bt2.CpG",3464,2913,551,3464
"11934","07_report/CpG_context_sampling_10773_934_trimmed_bismark_bt2.CpG",3393,2816,577,3393
"11935","07_report/CpG_context_sampling_10773_935_trimmed_bismark_bt2.CpG",3489,2932,557,3489
"11936","07_report/CpG_context_sampling_10773_936_trimmed_bismark_bt2.CpG",3488,2919,569,3488
"11937","07_report/CpG_context_sampling_10773_937_trimmed_bismark_bt2.CpG",3498,2884,614,3498
"11938","07_report/CpG_context_sampling_10773_938_trimmed_bismark_bt2.CpG",3543,2956,587,3543
"11939","07_report/CpG_context_sampling_10773_939_trimmed_bismark_bt2.CpG",3476,2869,607,3476
"11940","07_report/CpG_context_sampling_10773_940_trimmed_bismark_bt2.CpG",3404,2821,583,3404
"11941","07_report/CpG_context_sampling_10773_941_trimmed_bismark_bt2.CpG",3479,2895,584,3479
"11942","07_report/CpG_context_sampling_10773_942_trimmed_bismark_bt2.CpG",3489,2890,599,3489
"11943","07_report/CpG_context_sampling_10773_943_trimmed_bismark_bt2.CpG",3376,2816,560,3376
"11944","07_report/CpG_context_sampling_10773_944_trimmed_bismark_bt2.CpG",3474,2901,573,3474
"11945","07_report/CpG_context_sampling_10773_945_trimmed_bismark_bt2.CpG",3549,2922,627,3549
"11946","07_report/CpG_context_sampling_10773_946_trimmed_bismark_bt2.CpG",3450,2856,594,3450
"11947","07_report/CpG_context_sampling_10773_947_trimmed_bismark_bt2.CpG",3412,2821,591,3412
"11948","07_report/CpG_context_sampling_10773_948_trimmed_bismark_bt2.CpG",3531,2917,614,3531
"11949","07_report/CpG_context_sampling_10773_949_trimmed_bismark_bt2.CpG",3518,2918,600,3518
"11950","07_report/CpG_context_sampling_10773_950_trimmed_bismark_bt2.CpG",3540,2922,618,3540
"11951","07_report/CpG_context_sampling_10773_951_trimmed_bismark_bt2.CpG",3514,2925,589,3514
"11952","07_report/CpG_context_sampling_10773_952_trimmed_bismark_bt2.CpG",3434,2866,568,3434
"11953","07_report/CpG_context_sampling_10773_953_trimmed_bismark_bt2.CpG",3540,2933,607,3540
"11954","07_report/CpG_context_sampling_10773_954_trimmed_bismark_bt2.CpG",3457,2874,583,3457
"11955","07_report/CpG_context_sampling_10773_955_trimmed_bismark_bt2.CpG",3490,2870,620,3490
"11956","07_report/CpG_context_sampling_10773_956_trimmed_bismark_bt2.CpG",3477,2924,553,3477
"11957","07_report/CpG_context_sampling_10773_957_trimmed_bismark_bt2.CpG",3443,2885,558,3443
"11958","07_report/CpG_context_sampling_10773_958_trimmed_bismark_bt2.CpG",3443,2881,562,3443
"11959","07_report/CpG_context_sampling_10773_959_trimmed_bismark_bt2.CpG",3427,2853,574,3427
"11960","07_report/CpG_context_sampling_10773_960_trimmed_bismark_bt2.CpG",3564,2991,573,3564
"11961","07_report/CpG_context_sampling_10773_961_trimmed_bismark_bt2.CpG",3461,2888,573,3461
"11962","07_report/CpG_context_sampling_10773_962_trimmed_bismark_bt2.CpG",3505,2874,631,3505
"11963","07_report/CpG_context_sampling_10773_963_trimmed_bismark_bt2.CpG",3500,2914,586,3500
"11964","07_report/CpG_context_sampling_10773_964_trimmed_bismark_bt2.CpG",3507,2919,588,3507
"11965","07_report/CpG_context_sampling_10773_965_trimmed_bismark_bt2.CpG",3556,2943,613,3556
"11966","07_report/CpG_context_sampling_10773_966_trimmed_bismark_bt2.CpG",3430,2841,589,3430
"11967","07_report/CpG_context_sampling_10773_967_trimmed_bismark_bt2.CpG",3455,2880,575,3455
"11968","07_report/CpG_context_sampling_10773_968_trimmed_bismark_bt2.CpG",3419,2816,603,3419
"11969","07_report/CpG_context_sampling_10773_969_trimmed_bismark_bt2.CpG",3456,2883,573,3456
"11970","07_report/CpG_context_sampling_10773_970_trimmed_bismark_bt2.CpG",3492,2903,589,3492
"11971","07_report/CpG_context_sampling_10773_971_trimmed_bismark_bt2.CpG",3446,2861,585,3446
"11972","07_report/CpG_context_sampling_10773_972_trimmed_bismark_bt2.CpG",3490,2923,567,3490
"11973","07_report/CpG_context_sampling_10773_973_trimmed_bismark_bt2.CpG",3440,2846,594,3440
"11974","07_report/CpG_context_sampling_10773_974_trimmed_bismark_bt2.CpG",3420,2846,574,3420
"11975","07_report/CpG_context_sampling_10773_975_trimmed_bismark_bt2.CpG",3449,2862,587,3449
"11976","07_report/CpG_context_sampling_10773_976_trimmed_bismark_bt2.CpG",3559,2947,612,3559
"11977","07_report/CpG_context_sampling_10773_977_trimmed_bismark_bt2.CpG",3535,2946,589,3535
"11978","07_report/CpG_context_sampling_10773_978_trimmed_bismark_bt2.CpG",3459,2868,591,3459
"11979","07_report/CpG_context_sampling_10773_979_trimmed_bismark_bt2.CpG",3444,2866,578,3444
"11980","07_report/CpG_context_sampling_10773_980_trimmed_bismark_bt2.CpG",3475,2887,588,3475
"11981","07_report/CpG_context_sampling_10773_981_trimmed_bismark_bt2.CpG",3389,2852,537,3389
"11982","07_report/CpG_context_sampling_10773_982_trimmed_bismark_bt2.CpG",3475,2902,573,3475
"11983","07_report/CpG_context_sampling_10773_983_trimmed_bismark_bt2.CpG",3570,2996,574,3570
"11984","07_report/CpG_context_sampling_10773_984_trimmed_bismark_bt2.CpG",3526,2930,596,3526
"11985","07_report/CpG_context_sampling_10773_985_trimmed_bismark_bt2.CpG",3526,2961,565,3526
"11986","07_report/CpG_context_sampling_10773_986_trimmed_bismark_bt2.CpG",3476,2892,584,3476
"11987","07_report/CpG_context_sampling_10773_987_trimmed_bismark_bt2.CpG",3463,2907,556,3463
"11988","07_report/CpG_context_sampling_10773_988_trimmed_bismark_bt2.CpG",3482,2883,599,3482
"11989","07_report/CpG_context_sampling_10773_989_trimmed_bismark_bt2.CpG",3519,2916,603,3519
"11990","07_report/CpG_context_sampling_10773_990_trimmed_bismark_bt2.CpG",3487,2943,544,3487
"11991","07_report/CpG_context_sampling_10773_991_trimmed_bismark_bt2.CpG",3497,2872,625,3497
"11992","07_report/CpG_context_sampling_10773_992_trimmed_bismark_bt2.CpG",3462,2915,547,3462
"11993","07_report/CpG_context_sampling_10773_993_trimmed_bismark_bt2.CpG",3368,2793,575,3368
"11994","07_report/CpG_context_sampling_10773_994_trimmed_bismark_bt2.CpG",3522,2944,578,3522
"11995","07_report/CpG_context_sampling_10773_995_trimmed_bismark_bt2.CpG",3576,2984,592,3576
"11996","07_report/CpG_context_sampling_10773_996_trimmed_bismark_bt2.CpG",3559,2958,601,3559
"11997","07_report/CpG_context_sampling_10773_997_trimmed_bismark_bt2.CpG",3425,2856,569,3425
"11998","07_report/CpG_context_sampling_10773_998_trimmed_bismark_bt2.CpG",3490,2911,579,3490
"11999","07_report/CpG_context_sampling_10773_999_trimmed_bismark_bt2.CpG",3435,2826,609,3435
"12000","07_report/CpG_context_sampling_10773_1000_trimmed_bismark_bt2.CpG",3436,2865,571,3436
"12001","07_report/CpG_context_sampling_13466_1_trimmed_bismark_bt2.CpG",4368,3599,769,4368
"12002","07_report/CpG_context_sampling_13466_2_trimmed_bismark_bt2.CpG",4417,3689,728,4417
"12003","07_report/CpG_context_sampling_13466_3_trimmed_bismark_bt2.CpG",4469,3735,734,4469
"12004","07_report/CpG_context_sampling_13466_4_trimmed_bismark_bt2.CpG",4390,3655,735,4390
"12005","07_report/CpG_context_sampling_13466_5_trimmed_bismark_bt2.CpG",4349,3660,689,4349
"12006","07_report/CpG_context_sampling_13466_6_trimmed_bismark_bt2.CpG",4398,3640,758,4398
"12007","07_report/CpG_context_sampling_13466_7_trimmed_bismark_bt2.CpG",4302,3579,723,4302
"12008","07_report/CpG_context_sampling_13466_8_trimmed_bismark_bt2.CpG",4464,3727,737,4464
"12009","07_report/CpG_context_sampling_13466_9_trimmed_bismark_bt2.CpG",4329,3611,718,4329
"12010","07_report/CpG_context_sampling_13466_10_trimmed_bismark_bt2.CpG",4305,3558,747,4305
"12011","07_report/CpG_context_sampling_13466_11_trimmed_bismark_bt2.CpG",4336,3596,740,4336
"12012","07_report/CpG_context_sampling_13466_12_trimmed_bismark_bt2.CpG",4260,3555,705,4260
"12013","07_report/CpG_context_sampling_13466_13_trimmed_bismark_bt2.CpG",4383,3665,718,4383
"12014","07_report/CpG_context_sampling_13466_14_trimmed_bismark_bt2.CpG",4311,3554,757,4311
"12015","07_report/CpG_context_sampling_13466_15_trimmed_bismark_bt2.CpG",4278,3546,732,4278
"12016","07_report/CpG_context_sampling_13466_16_trimmed_bismark_bt2.CpG",4445,3748,697,4445
"12017","07_report/CpG_context_sampling_13466_17_trimmed_bismark_bt2.CpG",4366,3632,734,4366
"12018","07_report/CpG_context_sampling_13466_18_trimmed_bismark_bt2.CpG",4303,3626,677,4303
"12019","07_report/CpG_context_sampling_13466_19_trimmed_bismark_bt2.CpG",4274,3567,707,4274
"12020","07_report/CpG_context_sampling_13466_20_trimmed_bismark_bt2.CpG",4307,3620,687,4307
"12021","07_report/CpG_context_sampling_13466_21_trimmed_bismark_bt2.CpG",4323,3558,765,4323
"12022","07_report/CpG_context_sampling_13466_22_trimmed_bismark_bt2.CpG",4365,3622,743,4365
"12023","07_report/CpG_context_sampling_13466_23_trimmed_bismark_bt2.CpG",4316,3592,724,4316
"12024","07_report/CpG_context_sampling_13466_24_trimmed_bismark_bt2.CpG",4429,3692,737,4429
"12025","07_report/CpG_context_sampling_13466_25_trimmed_bismark_bt2.CpG",4397,3683,714,4397
"12026","07_report/CpG_context_sampling_13466_26_trimmed_bismark_bt2.CpG",4475,3684,791,4475
"12027","07_report/CpG_context_sampling_13466_27_trimmed_bismark_bt2.CpG",4338,3629,709,4338
"12028","07_report/CpG_context_sampling_13466_28_trimmed_bismark_bt2.CpG",4325,3601,724,4325
"12029","07_report/CpG_context_sampling_13466_29_trimmed_bismark_bt2.CpG",4414,3674,740,4414
"12030","07_report/CpG_context_sampling_13466_30_trimmed_bismark_bt2.CpG",4230,3533,697,4230
"12031","07_report/CpG_context_sampling_13466_31_trimmed_bismark_bt2.CpG",4388,3613,775,4388
"12032","07_report/CpG_context_sampling_13466_32_trimmed_bismark_bt2.CpG",4201,3497,704,4201
"12033","07_report/CpG_context_sampling_13466_33_trimmed_bismark_bt2.CpG",4378,3655,723,4378
"12034","07_report/CpG_context_sampling_13466_34_trimmed_bismark_bt2.CpG",4281,3561,720,4281
"12035","07_report/CpG_context_sampling_13466_35_trimmed_bismark_bt2.CpG",4402,3663,739,4402
"12036","07_report/CpG_context_sampling_13466_36_trimmed_bismark_bt2.CpG",4440,3707,733,4440
"12037","07_report/CpG_context_sampling_13466_37_trimmed_bismark_bt2.CpG",4335,3557,778,4335
"12038","07_report/CpG_context_sampling_13466_38_trimmed_bismark_bt2.CpG",4400,3631,769,4400
"12039","07_report/CpG_context_sampling_13466_39_trimmed_bismark_bt2.CpG",4338,3569,769,4338
"12040","07_report/CpG_context_sampling_13466_40_trimmed_bismark_bt2.CpG",4424,3618,806,4424
"12041","07_report/CpG_context_sampling_13466_41_trimmed_bismark_bt2.CpG",4389,3619,770,4389
"12042","07_report/CpG_context_sampling_13466_42_trimmed_bismark_bt2.CpG",4343,3653,690,4343
"12043","07_report/CpG_context_sampling_13466_43_trimmed_bismark_bt2.CpG",4433,3639,794,4433
"12044","07_report/CpG_context_sampling_13466_44_trimmed_bismark_bt2.CpG",4474,3726,748,4474
"12045","07_report/CpG_context_sampling_13466_45_trimmed_bismark_bt2.CpG",4385,3649,736,4385
"12046","07_report/CpG_context_sampling_13466_46_trimmed_bismark_bt2.CpG",4404,3652,752,4404
"12047","07_report/CpG_context_sampling_13466_47_trimmed_bismark_bt2.CpG",4302,3639,663,4302
"12048","07_report/CpG_context_sampling_13466_48_trimmed_bismark_bt2.CpG",4407,3703,704,4407
"12049","07_report/CpG_context_sampling_13466_49_trimmed_bismark_bt2.CpG",4336,3588,748,4336
"12050","07_report/CpG_context_sampling_13466_50_trimmed_bismark_bt2.CpG",4419,3677,742,4419
"12051","07_report/CpG_context_sampling_13466_51_trimmed_bismark_bt2.CpG",4358,3614,744,4358
"12052","07_report/CpG_context_sampling_13466_52_trimmed_bismark_bt2.CpG",4376,3591,785,4376
"12053","07_report/CpG_context_sampling_13466_53_trimmed_bismark_bt2.CpG",4325,3595,730,4325
"12054","07_report/CpG_context_sampling_13466_54_trimmed_bismark_bt2.CpG",4401,3673,728,4401
"12055","07_report/CpG_context_sampling_13466_55_trimmed_bismark_bt2.CpG",4354,3648,706,4354
"12056","07_report/CpG_context_sampling_13466_56_trimmed_bismark_bt2.CpG",4335,3581,754,4335
"12057","07_report/CpG_context_sampling_13466_57_trimmed_bismark_bt2.CpG",4400,3660,740,4400
"12058","07_report/CpG_context_sampling_13466_58_trimmed_bismark_bt2.CpG",4318,3581,737,4318
"12059","07_report/CpG_context_sampling_13466_59_trimmed_bismark_bt2.CpG",4343,3647,696,4343
"12060","07_report/CpG_context_sampling_13466_60_trimmed_bismark_bt2.CpG",4365,3617,748,4365
"12061","07_report/CpG_context_sampling_13466_61_trimmed_bismark_bt2.CpG",4340,3590,750,4340
"12062","07_report/CpG_context_sampling_13466_62_trimmed_bismark_bt2.CpG",4268,3555,713,4268
"12063","07_report/CpG_context_sampling_13466_63_trimmed_bismark_bt2.CpG",4309,3557,752,4309
"12064","07_report/CpG_context_sampling_13466_64_trimmed_bismark_bt2.CpG",4393,3667,726,4393
"12065","07_report/CpG_context_sampling_13466_65_trimmed_bismark_bt2.CpG",4375,3606,769,4375
"12066","07_report/CpG_context_sampling_13466_66_trimmed_bismark_bt2.CpG",4293,3556,737,4293
"12067","07_report/CpG_context_sampling_13466_67_trimmed_bismark_bt2.CpG",4318,3569,749,4318
"12068","07_report/CpG_context_sampling_13466_68_trimmed_bismark_bt2.CpG",4460,3642,818,4460
"12069","07_report/CpG_context_sampling_13466_69_trimmed_bismark_bt2.CpG",4380,3660,720,4380
"12070","07_report/CpG_context_sampling_13466_70_trimmed_bismark_bt2.CpG",4433,3720,713,4433
"12071","07_report/CpG_context_sampling_13466_71_trimmed_bismark_bt2.CpG",4356,3622,734,4356
"12072","07_report/CpG_context_sampling_13466_72_trimmed_bismark_bt2.CpG",4393,3638,755,4393
"12073","07_report/CpG_context_sampling_13466_73_trimmed_bismark_bt2.CpG",4310,3579,731,4310
"12074","07_report/CpG_context_sampling_13466_74_trimmed_bismark_bt2.CpG",4364,3629,735,4364
"12075","07_report/CpG_context_sampling_13466_75_trimmed_bismark_bt2.CpG",4387,3626,761,4387
"12076","07_report/CpG_context_sampling_13466_76_trimmed_bismark_bt2.CpG",4340,3625,715,4340
"12077","07_report/CpG_context_sampling_13466_77_trimmed_bismark_bt2.CpG",4385,3626,759,4385
"12078","07_report/CpG_context_sampling_13466_78_trimmed_bismark_bt2.CpG",4337,3629,708,4337
"12079","07_report/CpG_context_sampling_13466_79_trimmed_bismark_bt2.CpG",4425,3664,761,4425
"12080","07_report/CpG_context_sampling_13466_80_trimmed_bismark_bt2.CpG",4378,3656,722,4378
"12081","07_report/CpG_context_sampling_13466_81_trimmed_bismark_bt2.CpG",4291,3564,727,4291
"12082","07_report/CpG_context_sampling_13466_82_trimmed_bismark_bt2.CpG",4279,3568,711,4279
"12083","07_report/CpG_context_sampling_13466_83_trimmed_bismark_bt2.CpG",4447,3735,712,4447
"12084","07_report/CpG_context_sampling_13466_84_trimmed_bismark_bt2.CpG",4314,3580,734,4314
"12085","07_report/CpG_context_sampling_13466_85_trimmed_bismark_bt2.CpG",4419,3652,767,4419
"12086","07_report/CpG_context_sampling_13466_86_trimmed_bismark_bt2.CpG",4357,3612,745,4357
"12087","07_report/CpG_context_sampling_13466_87_trimmed_bismark_bt2.CpG",4328,3614,714,4328
"12088","07_report/CpG_context_sampling_13466_88_trimmed_bismark_bt2.CpG",4317,3559,758,4317
"12089","07_report/CpG_context_sampling_13466_89_trimmed_bismark_bt2.CpG",4312,3626,686,4312
"12090","07_report/CpG_context_sampling_13466_90_trimmed_bismark_bt2.CpG",4293,3557,736,4293
"12091","07_report/CpG_context_sampling_13466_91_trimmed_bismark_bt2.CpG",4350,3622,728,4350
"12092","07_report/CpG_context_sampling_13466_92_trimmed_bismark_bt2.CpG",4318,3566,752,4318
"12093","07_report/CpG_context_sampling_13466_93_trimmed_bismark_bt2.CpG",4364,3645,719,4364
"12094","07_report/CpG_context_sampling_13466_94_trimmed_bismark_bt2.CpG",4289,3588,701,4289
"12095","07_report/CpG_context_sampling_13466_95_trimmed_bismark_bt2.CpG",4446,3697,749,4446
"12096","07_report/CpG_context_sampling_13466_96_trimmed_bismark_bt2.CpG",4406,3665,741,4406
"12097","07_report/CpG_context_sampling_13466_97_trimmed_bismark_bt2.CpG",4435,3738,697,4435
"12098","07_report/CpG_context_sampling_13466_98_trimmed_bismark_bt2.CpG",4314,3532,782,4314
"12099","07_report/CpG_context_sampling_13466_99_trimmed_bismark_bt2.CpG",4364,3636,728,4364
"12100","07_report/CpG_context_sampling_13466_100_trimmed_bismark_bt2.CpG",4354,3612,742,4354
"12101","07_report/CpG_context_sampling_13466_101_trimmed_bismark_bt2.CpG",4284,3581,703,4284
"12102","07_report/CpG_context_sampling_13466_102_trimmed_bismark_bt2.CpG",4340,3648,692,4340
"12103","07_report/CpG_context_sampling_13466_103_trimmed_bismark_bt2.CpG",4397,3660,737,4397
"12104","07_report/CpG_context_sampling_13466_104_trimmed_bismark_bt2.CpG",4414,3680,734,4414
"12105","07_report/CpG_context_sampling_13466_105_trimmed_bismark_bt2.CpG",4313,3553,760,4313
"12106","07_report/CpG_context_sampling_13466_106_trimmed_bismark_bt2.CpG",4418,3701,717,4418
"12107","07_report/CpG_context_sampling_13466_107_trimmed_bismark_bt2.CpG",4363,3599,764,4363
"12108","07_report/CpG_context_sampling_13466_108_trimmed_bismark_bt2.CpG",4351,3608,743,4351
"12109","07_report/CpG_context_sampling_13466_109_trimmed_bismark_bt2.CpG",4365,3618,747,4365
"12110","07_report/CpG_context_sampling_13466_110_trimmed_bismark_bt2.CpG",4304,3580,724,4304
"12111","07_report/CpG_context_sampling_13466_111_trimmed_bismark_bt2.CpG",4202,3446,756,4202
"12112","07_report/CpG_context_sampling_13466_112_trimmed_bismark_bt2.CpG",4303,3582,721,4303
"12113","07_report/CpG_context_sampling_13466_113_trimmed_bismark_bt2.CpG",4305,3572,733,4305
"12114","07_report/CpG_context_sampling_13466_114_trimmed_bismark_bt2.CpG",4328,3584,744,4328
"12115","07_report/CpG_context_sampling_13466_115_trimmed_bismark_bt2.CpG",4355,3607,748,4355
"12116","07_report/CpG_context_sampling_13466_116_trimmed_bismark_bt2.CpG",4419,3679,740,4419
"12117","07_report/CpG_context_sampling_13466_117_trimmed_bismark_bt2.CpG",4180,3493,687,4180
"12118","07_report/CpG_context_sampling_13466_118_trimmed_bismark_bt2.CpG",4398,3703,695,4398
"12119","07_report/CpG_context_sampling_13466_119_trimmed_bismark_bt2.CpG",4325,3610,715,4325
"12120","07_report/CpG_context_sampling_13466_120_trimmed_bismark_bt2.CpG",4374,3635,739,4374
"12121","07_report/CpG_context_sampling_13466_121_trimmed_bismark_bt2.CpG",4320,3573,747,4320
"12122","07_report/CpG_context_sampling_13466_122_trimmed_bismark_bt2.CpG",4291,3552,739,4291
"12123","07_report/CpG_context_sampling_13466_123_trimmed_bismark_bt2.CpG",4314,3606,708,4314
"12124","07_report/CpG_context_sampling_13466_124_trimmed_bismark_bt2.CpG",4363,3567,796,4363
"12125","07_report/CpG_context_sampling_13466_125_trimmed_bismark_bt2.CpG",4429,3706,723,4429
"12126","07_report/CpG_context_sampling_13466_126_trimmed_bismark_bt2.CpG",4320,3613,707,4320
"12127","07_report/CpG_context_sampling_13466_127_trimmed_bismark_bt2.CpG",4272,3557,715,4272
"12128","07_report/CpG_context_sampling_13466_128_trimmed_bismark_bt2.CpG",4328,3598,730,4328
"12129","07_report/CpG_context_sampling_13466_129_trimmed_bismark_bt2.CpG",4362,3645,717,4362
"12130","07_report/CpG_context_sampling_13466_130_trimmed_bismark_bt2.CpG",4313,3528,785,4313
"12131","07_report/CpG_context_sampling_13466_131_trimmed_bismark_bt2.CpG",4319,3598,721,4319
"12132","07_report/CpG_context_sampling_13466_132_trimmed_bismark_bt2.CpG",4311,3614,697,4311
"12133","07_report/CpG_context_sampling_13466_133_trimmed_bismark_bt2.CpG",4325,3587,738,4325
"12134","07_report/CpG_context_sampling_13466_134_trimmed_bismark_bt2.CpG",4437,3696,741,4437
"12135","07_report/CpG_context_sampling_13466_135_trimmed_bismark_bt2.CpG",4451,3684,767,4451
"12136","07_report/CpG_context_sampling_13466_136_trimmed_bismark_bt2.CpG",4324,3569,755,4324
"12137","07_report/CpG_context_sampling_13466_137_trimmed_bismark_bt2.CpG",4364,3640,724,4364
"12138","07_report/CpG_context_sampling_13466_138_trimmed_bismark_bt2.CpG",4403,3682,721,4403
"12139","07_report/CpG_context_sampling_13466_139_trimmed_bismark_bt2.CpG",4320,3603,717,4320
"12140","07_report/CpG_context_sampling_13466_140_trimmed_bismark_bt2.CpG",4418,3670,748,4418
"12141","07_report/CpG_context_sampling_13466_141_trimmed_bismark_bt2.CpG",4356,3619,737,4356
"12142","07_report/CpG_context_sampling_13466_142_trimmed_bismark_bt2.CpG",4318,3618,700,4318
"12143","07_report/CpG_context_sampling_13466_143_trimmed_bismark_bt2.CpG",4344,3640,704,4344
"12144","07_report/CpG_context_sampling_13466_144_trimmed_bismark_bt2.CpG",4358,3620,738,4358
"12145","07_report/CpG_context_sampling_13466_145_trimmed_bismark_bt2.CpG",4336,3639,697,4336
"12146","07_report/CpG_context_sampling_13466_146_trimmed_bismark_bt2.CpG",4377,3612,765,4377
"12147","07_report/CpG_context_sampling_13466_147_trimmed_bismark_bt2.CpG",4419,3693,726,4419
"12148","07_report/CpG_context_sampling_13466_148_trimmed_bismark_bt2.CpG",4298,3589,709,4298
"12149","07_report/CpG_context_sampling_13466_149_trimmed_bismark_bt2.CpG",4308,3556,752,4308
"12150","07_report/CpG_context_sampling_13466_150_trimmed_bismark_bt2.CpG",4332,3624,708,4332
"12151","07_report/CpG_context_sampling_13466_151_trimmed_bismark_bt2.CpG",4380,3639,741,4380
"12152","07_report/CpG_context_sampling_13466_152_trimmed_bismark_bt2.CpG",4323,3588,735,4323
"12153","07_report/CpG_context_sampling_13466_153_trimmed_bismark_bt2.CpG",4328,3613,715,4328
"12154","07_report/CpG_context_sampling_13466_154_trimmed_bismark_bt2.CpG",4299,3582,717,4299
"12155","07_report/CpG_context_sampling_13466_155_trimmed_bismark_bt2.CpG",4418,3591,827,4418
"12156","07_report/CpG_context_sampling_13466_156_trimmed_bismark_bt2.CpG",4283,3490,793,4283
"12157","07_report/CpG_context_sampling_13466_157_trimmed_bismark_bt2.CpG",4316,3598,718,4316
"12158","07_report/CpG_context_sampling_13466_158_trimmed_bismark_bt2.CpG",4339,3608,731,4339
"12159","07_report/CpG_context_sampling_13466_159_trimmed_bismark_bt2.CpG",4320,3622,698,4320
"12160","07_report/CpG_context_sampling_13466_160_trimmed_bismark_bt2.CpG",4296,3580,716,4296
"12161","07_report/CpG_context_sampling_13466_161_trimmed_bismark_bt2.CpG",4423,3687,736,4423
"12162","07_report/CpG_context_sampling_13466_162_trimmed_bismark_bt2.CpG",4237,3499,738,4237
"12163","07_report/CpG_context_sampling_13466_163_trimmed_bismark_bt2.CpG",4418,3688,730,4418
"12164","07_report/CpG_context_sampling_13466_164_trimmed_bismark_bt2.CpG",4315,3614,701,4315
"12165","07_report/CpG_context_sampling_13466_165_trimmed_bismark_bt2.CpG",4342,3584,758,4342
"12166","07_report/CpG_context_sampling_13466_166_trimmed_bismark_bt2.CpG",4362,3639,723,4362
"12167","07_report/CpG_context_sampling_13466_167_trimmed_bismark_bt2.CpG",4403,3675,728,4403
"12168","07_report/CpG_context_sampling_13466_168_trimmed_bismark_bt2.CpG",4357,3638,719,4357
"12169","07_report/CpG_context_sampling_13466_169_trimmed_bismark_bt2.CpG",4327,3592,735,4327
"12170","07_report/CpG_context_sampling_13466_170_trimmed_bismark_bt2.CpG",4356,3653,703,4356
"12171","07_report/CpG_context_sampling_13466_171_trimmed_bismark_bt2.CpG",4250,3571,679,4250
"12172","07_report/CpG_context_sampling_13466_172_trimmed_bismark_bt2.CpG",4335,3595,740,4335
"12173","07_report/CpG_context_sampling_13466_173_trimmed_bismark_bt2.CpG",4352,3616,736,4352
"12174","07_report/CpG_context_sampling_13466_174_trimmed_bismark_bt2.CpG",4335,3623,712,4335
"12175","07_report/CpG_context_sampling_13466_175_trimmed_bismark_bt2.CpG",4267,3531,736,4267
"12176","07_report/CpG_context_sampling_13466_176_trimmed_bismark_bt2.CpG",4280,3568,712,4280
"12177","07_report/CpG_context_sampling_13466_177_trimmed_bismark_bt2.CpG",4339,3632,707,4339
"12178","07_report/CpG_context_sampling_13466_178_trimmed_bismark_bt2.CpG",4236,3525,711,4236
"12179","07_report/CpG_context_sampling_13466_179_trimmed_bismark_bt2.CpG",4379,3658,721,4379
"12180","07_report/CpG_context_sampling_13466_180_trimmed_bismark_bt2.CpG",4265,3549,716,4265
"12181","07_report/CpG_context_sampling_13466_181_trimmed_bismark_bt2.CpG",4351,3640,711,4351
"12182","07_report/CpG_context_sampling_13466_182_trimmed_bismark_bt2.CpG",4411,3661,750,4411
"12183","07_report/CpG_context_sampling_13466_183_trimmed_bismark_bt2.CpG",4338,3593,745,4338
"12184","07_report/CpG_context_sampling_13466_184_trimmed_bismark_bt2.CpG",4427,3707,720,4427
"12185","07_report/CpG_context_sampling_13466_185_trimmed_bismark_bt2.CpG",4364,3620,744,4364
"12186","07_report/CpG_context_sampling_13466_186_trimmed_bismark_bt2.CpG",4331,3623,708,4331
"12187","07_report/CpG_context_sampling_13466_187_trimmed_bismark_bt2.CpG",4256,3518,738,4256
"12188","07_report/CpG_context_sampling_13466_188_trimmed_bismark_bt2.CpG",4426,3643,783,4426
"12189","07_report/CpG_context_sampling_13466_189_trimmed_bismark_bt2.CpG",4305,3583,722,4305
"12190","07_report/CpG_context_sampling_13466_190_trimmed_bismark_bt2.CpG",4435,3705,730,4435
"12191","07_report/CpG_context_sampling_13466_191_trimmed_bismark_bt2.CpG",4355,3627,728,4355
"12192","07_report/CpG_context_sampling_13466_192_trimmed_bismark_bt2.CpG",4409,3672,737,4409
"12193","07_report/CpG_context_sampling_13466_193_trimmed_bismark_bt2.CpG",4378,3595,783,4378
"12194","07_report/CpG_context_sampling_13466_194_trimmed_bismark_bt2.CpG",4421,3671,750,4421
"12195","07_report/CpG_context_sampling_13466_195_trimmed_bismark_bt2.CpG",4310,3588,722,4310
"12196","07_report/CpG_context_sampling_13466_196_trimmed_bismark_bt2.CpG",4380,3686,694,4380
"12197","07_report/CpG_context_sampling_13466_197_trimmed_bismark_bt2.CpG",4468,3660,808,4468
"12198","07_report/CpG_context_sampling_13466_198_trimmed_bismark_bt2.CpG",4460,3674,786,4460
"12199","07_report/CpG_context_sampling_13466_199_trimmed_bismark_bt2.CpG",4359,3634,725,4359
"12200","07_report/CpG_context_sampling_13466_200_trimmed_bismark_bt2.CpG",4359,3605,754,4359
"12201","07_report/CpG_context_sampling_13466_201_trimmed_bismark_bt2.CpG",4368,3632,736,4368
"12202","07_report/CpG_context_sampling_13466_202_trimmed_bismark_bt2.CpG",4321,3606,715,4321
"12203","07_report/CpG_context_sampling_13466_203_trimmed_bismark_bt2.CpG",4334,3581,753,4334
"12204","07_report/CpG_context_sampling_13466_204_trimmed_bismark_bt2.CpG",4396,3651,745,4396
"12205","07_report/CpG_context_sampling_13466_205_trimmed_bismark_bt2.CpG",4335,3640,695,4335
"12206","07_report/CpG_context_sampling_13466_206_trimmed_bismark_bt2.CpG",4363,3665,698,4363
"12207","07_report/CpG_context_sampling_13466_207_trimmed_bismark_bt2.CpG",4370,3626,744,4370
"12208","07_report/CpG_context_sampling_13466_208_trimmed_bismark_bt2.CpG",4341,3564,777,4341
"12209","07_report/CpG_context_sampling_13466_209_trimmed_bismark_bt2.CpG",4348,3626,722,4348
"12210","07_report/CpG_context_sampling_13466_210_trimmed_bismark_bt2.CpG",4366,3638,728,4366
"12211","07_report/CpG_context_sampling_13466_211_trimmed_bismark_bt2.CpG",4307,3574,733,4307
"12212","07_report/CpG_context_sampling_13466_212_trimmed_bismark_bt2.CpG",4306,3567,739,4306
"12213","07_report/CpG_context_sampling_13466_213_trimmed_bismark_bt2.CpG",4352,3656,696,4352
"12214","07_report/CpG_context_sampling_13466_214_trimmed_bismark_bt2.CpG",4375,3643,732,4375
"12215","07_report/CpG_context_sampling_13466_215_trimmed_bismark_bt2.CpG",4258,3519,739,4258
"12216","07_report/CpG_context_sampling_13466_216_trimmed_bismark_bt2.CpG",4429,3684,745,4429
"12217","07_report/CpG_context_sampling_13466_217_trimmed_bismark_bt2.CpG",4342,3646,696,4342
"12218","07_report/CpG_context_sampling_13466_218_trimmed_bismark_bt2.CpG",4410,3680,730,4410
"12219","07_report/CpG_context_sampling_13466_219_trimmed_bismark_bt2.CpG",4257,3527,730,4257
"12220","07_report/CpG_context_sampling_13466_220_trimmed_bismark_bt2.CpG",4352,3619,733,4352
"12221","07_report/CpG_context_sampling_13466_221_trimmed_bismark_bt2.CpG",4372,3678,694,4372
"12222","07_report/CpG_context_sampling_13466_222_trimmed_bismark_bt2.CpG",4254,3556,698,4254
"12223","07_report/CpG_context_sampling_13466_223_trimmed_bismark_bt2.CpG",4359,3633,726,4359
"12224","07_report/CpG_context_sampling_13466_224_trimmed_bismark_bt2.CpG",4291,3594,697,4291
"12225","07_report/CpG_context_sampling_13466_225_trimmed_bismark_bt2.CpG",4345,3555,790,4345
"12226","07_report/CpG_context_sampling_13466_226_trimmed_bismark_bt2.CpG",4353,3603,750,4353
"12227","07_report/CpG_context_sampling_13466_227_trimmed_bismark_bt2.CpG",4316,3576,740,4316
"12228","07_report/CpG_context_sampling_13466_228_trimmed_bismark_bt2.CpG",4368,3601,767,4368
"12229","07_report/CpG_context_sampling_13466_229_trimmed_bismark_bt2.CpG",4442,3687,755,4442
"12230","07_report/CpG_context_sampling_13466_230_trimmed_bismark_bt2.CpG",4401,3688,713,4401
"12231","07_report/CpG_context_sampling_13466_231_trimmed_bismark_bt2.CpG",4338,3614,724,4338
"12232","07_report/CpG_context_sampling_13466_232_trimmed_bismark_bt2.CpG",4326,3605,721,4326
"12233","07_report/CpG_context_sampling_13466_233_trimmed_bismark_bt2.CpG",4307,3588,719,4307
"12234","07_report/CpG_context_sampling_13466_234_trimmed_bismark_bt2.CpG",4379,3633,746,4379
"12235","07_report/CpG_context_sampling_13466_235_trimmed_bismark_bt2.CpG",4314,3553,761,4314
"12236","07_report/CpG_context_sampling_13466_236_trimmed_bismark_bt2.CpG",4401,3634,767,4401
"12237","07_report/CpG_context_sampling_13466_237_trimmed_bismark_bt2.CpG",4372,3633,739,4372
"12238","07_report/CpG_context_sampling_13466_238_trimmed_bismark_bt2.CpG",4361,3655,706,4361
"12239","07_report/CpG_context_sampling_13466_239_trimmed_bismark_bt2.CpG",4399,3692,707,4399
"12240","07_report/CpG_context_sampling_13466_240_trimmed_bismark_bt2.CpG",4365,3609,756,4365
"12241","07_report/CpG_context_sampling_13466_241_trimmed_bismark_bt2.CpG",4405,3648,757,4405
"12242","07_report/CpG_context_sampling_13466_242_trimmed_bismark_bt2.CpG",4388,3668,720,4388
"12243","07_report/CpG_context_sampling_13466_243_trimmed_bismark_bt2.CpG",4340,3584,756,4340
"12244","07_report/CpG_context_sampling_13466_244_trimmed_bismark_bt2.CpG",4317,3620,697,4317
"12245","07_report/CpG_context_sampling_13466_245_trimmed_bismark_bt2.CpG",4246,3503,743,4246
"12246","07_report/CpG_context_sampling_13466_246_trimmed_bismark_bt2.CpG",4343,3609,734,4343
"12247","07_report/CpG_context_sampling_13466_247_trimmed_bismark_bt2.CpG",4251,3574,677,4251
"12248","07_report/CpG_context_sampling_13466_248_trimmed_bismark_bt2.CpG",4369,3583,786,4369
"12249","07_report/CpG_context_sampling_13466_249_trimmed_bismark_bt2.CpG",4365,3622,743,4365
"12250","07_report/CpG_context_sampling_13466_250_trimmed_bismark_bt2.CpG",4297,3593,704,4297
"12251","07_report/CpG_context_sampling_13466_251_trimmed_bismark_bt2.CpG",4386,3620,766,4386
"12252","07_report/CpG_context_sampling_13466_252_trimmed_bismark_bt2.CpG",4396,3658,738,4396
"12253","07_report/CpG_context_sampling_13466_253_trimmed_bismark_bt2.CpG",4350,3612,738,4350
"12254","07_report/CpG_context_sampling_13466_254_trimmed_bismark_bt2.CpG",4343,3571,772,4343
"12255","07_report/CpG_context_sampling_13466_255_trimmed_bismark_bt2.CpG",4268,3564,704,4268
"12256","07_report/CpG_context_sampling_13466_256_trimmed_bismark_bt2.CpG",4420,3687,733,4420
"12257","07_report/CpG_context_sampling_13466_257_trimmed_bismark_bt2.CpG",4221,3563,658,4221
"12258","07_report/CpG_context_sampling_13466_258_trimmed_bismark_bt2.CpG",4276,3575,701,4276
"12259","07_report/CpG_context_sampling_13466_259_trimmed_bismark_bt2.CpG",4386,3657,729,4386
"12260","07_report/CpG_context_sampling_13466_260_trimmed_bismark_bt2.CpG",4334,3616,718,4334
"12261","07_report/CpG_context_sampling_13466_261_trimmed_bismark_bt2.CpG",4332,3584,748,4332
"12262","07_report/CpG_context_sampling_13466_262_trimmed_bismark_bt2.CpG",4291,3568,723,4291
"12263","07_report/CpG_context_sampling_13466_263_trimmed_bismark_bt2.CpG",4343,3635,708,4343
"12264","07_report/CpG_context_sampling_13466_264_trimmed_bismark_bt2.CpG",4435,3708,727,4435
"12265","07_report/CpG_context_sampling_13466_265_trimmed_bismark_bt2.CpG",4290,3534,756,4290
"12266","07_report/CpG_context_sampling_13466_266_trimmed_bismark_bt2.CpG",4362,3652,710,4362
"12267","07_report/CpG_context_sampling_13466_267_trimmed_bismark_bt2.CpG",4299,3600,699,4299
"12268","07_report/CpG_context_sampling_13466_268_trimmed_bismark_bt2.CpG",4354,3592,762,4354
"12269","07_report/CpG_context_sampling_13466_269_trimmed_bismark_bt2.CpG",4456,3679,777,4456
"12270","07_report/CpG_context_sampling_13466_270_trimmed_bismark_bt2.CpG",4350,3607,743,4350
"12271","07_report/CpG_context_sampling_13466_271_trimmed_bismark_bt2.CpG",4317,3594,723,4317
"12272","07_report/CpG_context_sampling_13466_272_trimmed_bismark_bt2.CpG",4428,3651,777,4428
"12273","07_report/CpG_context_sampling_13466_273_trimmed_bismark_bt2.CpG",4447,3659,788,4447
"12274","07_report/CpG_context_sampling_13466_274_trimmed_bismark_bt2.CpG",4448,3680,768,4448
"12275","07_report/CpG_context_sampling_13466_275_trimmed_bismark_bt2.CpG",4368,3605,763,4368
"12276","07_report/CpG_context_sampling_13466_276_trimmed_bismark_bt2.CpG",4348,3612,736,4348
"12277","07_report/CpG_context_sampling_13466_277_trimmed_bismark_bt2.CpG",4287,3566,721,4287
"12278","07_report/CpG_context_sampling_13466_278_trimmed_bismark_bt2.CpG",4418,3626,792,4418
"12279","07_report/CpG_context_sampling_13466_279_trimmed_bismark_bt2.CpG",4344,3624,720,4344
"12280","07_report/CpG_context_sampling_13466_280_trimmed_bismark_bt2.CpG",4323,3588,735,4323
"12281","07_report/CpG_context_sampling_13466_281_trimmed_bismark_bt2.CpG",4276,3595,681,4276
"12282","07_report/CpG_context_sampling_13466_282_trimmed_bismark_bt2.CpG",4388,3677,711,4388
"12283","07_report/CpG_context_sampling_13466_283_trimmed_bismark_bt2.CpG",4352,3613,739,4352
"12284","07_report/CpG_context_sampling_13466_284_trimmed_bismark_bt2.CpG",4396,3615,781,4396
"12285","07_report/CpG_context_sampling_13466_285_trimmed_bismark_bt2.CpG",4466,3699,767,4466
"12286","07_report/CpG_context_sampling_13466_286_trimmed_bismark_bt2.CpG",4347,3603,744,4347
"12287","07_report/CpG_context_sampling_13466_287_trimmed_bismark_bt2.CpG",4391,3681,710,4391
"12288","07_report/CpG_context_sampling_13466_288_trimmed_bismark_bt2.CpG",4319,3621,698,4319
"12289","07_report/CpG_context_sampling_13466_289_trimmed_bismark_bt2.CpG",4322,3619,703,4322
"12290","07_report/CpG_context_sampling_13466_290_trimmed_bismark_bt2.CpG",4335,3632,703,4335
"12291","07_report/CpG_context_sampling_13466_291_trimmed_bismark_bt2.CpG",4367,3605,762,4367
"12292","07_report/CpG_context_sampling_13466_292_trimmed_bismark_bt2.CpG",4315,3574,741,4315
"12293","07_report/CpG_context_sampling_13466_293_trimmed_bismark_bt2.CpG",4384,3590,794,4384
"12294","07_report/CpG_context_sampling_13466_294_trimmed_bismark_bt2.CpG",4417,3665,752,4417
"12295","07_report/CpG_context_sampling_13466_295_trimmed_bismark_bt2.CpG",4428,3737,691,4428
"12296","07_report/CpG_context_sampling_13466_296_trimmed_bismark_bt2.CpG",4347,3624,723,4347
"12297","07_report/CpG_context_sampling_13466_297_trimmed_bismark_bt2.CpG",4357,3649,708,4357
"12298","07_report/CpG_context_sampling_13466_298_trimmed_bismark_bt2.CpG",4383,3637,746,4383
"12299","07_report/CpG_context_sampling_13466_299_trimmed_bismark_bt2.CpG",4336,3647,689,4336
"12300","07_report/CpG_context_sampling_13466_300_trimmed_bismark_bt2.CpG",4318,3614,704,4318
"12301","07_report/CpG_context_sampling_13466_301_trimmed_bismark_bt2.CpG",4391,3631,760,4391
"12302","07_report/CpG_context_sampling_13466_302_trimmed_bismark_bt2.CpG",4355,3551,804,4355
"12303","07_report/CpG_context_sampling_13466_303_trimmed_bismark_bt2.CpG",4320,3575,745,4320
"12304","07_report/CpG_context_sampling_13466_304_trimmed_bismark_bt2.CpG",4361,3643,718,4361
"12305","07_report/CpG_context_sampling_13466_305_trimmed_bismark_bt2.CpG",4337,3593,744,4337
"12306","07_report/CpG_context_sampling_13466_306_trimmed_bismark_bt2.CpG",4353,3618,735,4353
"12307","07_report/CpG_context_sampling_13466_307_trimmed_bismark_bt2.CpG",4393,3697,696,4393
"12308","07_report/CpG_context_sampling_13466_308_trimmed_bismark_bt2.CpG",4378,3623,755,4378
"12309","07_report/CpG_context_sampling_13466_309_trimmed_bismark_bt2.CpG",4286,3583,703,4286
"12310","07_report/CpG_context_sampling_13466_310_trimmed_bismark_bt2.CpG",4318,3583,735,4318
"12311","07_report/CpG_context_sampling_13466_311_trimmed_bismark_bt2.CpG",4297,3598,699,4297
"12312","07_report/CpG_context_sampling_13466_312_trimmed_bismark_bt2.CpG",4440,3717,723,4440
"12313","07_report/CpG_context_sampling_13466_313_trimmed_bismark_bt2.CpG",4382,3634,748,4382
"12314","07_report/CpG_context_sampling_13466_314_trimmed_bismark_bt2.CpG",4418,3687,731,4418
"12315","07_report/CpG_context_sampling_13466_315_trimmed_bismark_bt2.CpG",4284,3561,723,4284
"12316","07_report/CpG_context_sampling_13466_316_trimmed_bismark_bt2.CpG",4372,3625,747,4372
"12317","07_report/CpG_context_sampling_13466_317_trimmed_bismark_bt2.CpG",4408,3681,727,4408
"12318","07_report/CpG_context_sampling_13466_318_trimmed_bismark_bt2.CpG",4420,3687,733,4420
"12319","07_report/CpG_context_sampling_13466_319_trimmed_bismark_bt2.CpG",4268,3554,714,4268
"12320","07_report/CpG_context_sampling_13466_320_trimmed_bismark_bt2.CpG",4282,3572,710,4282
"12321","07_report/CpG_context_sampling_13466_321_trimmed_bismark_bt2.CpG",4326,3564,762,4326
"12322","07_report/CpG_context_sampling_13466_322_trimmed_bismark_bt2.CpG",4333,3612,721,4333
"12323","07_report/CpG_context_sampling_13466_323_trimmed_bismark_bt2.CpG",4308,3555,753,4308
"12324","07_report/CpG_context_sampling_13466_324_trimmed_bismark_bt2.CpG",4332,3573,759,4332
"12325","07_report/CpG_context_sampling_13466_325_trimmed_bismark_bt2.CpG",4462,3690,772,4462
"12326","07_report/CpG_context_sampling_13466_326_trimmed_bismark_bt2.CpG",4354,3612,742,4354
"12327","07_report/CpG_context_sampling_13466_327_trimmed_bismark_bt2.CpG",4445,3715,730,4445
"12328","07_report/CpG_context_sampling_13466_328_trimmed_bismark_bt2.CpG",4411,3667,744,4411
"12329","07_report/CpG_context_sampling_13466_329_trimmed_bismark_bt2.CpG",4352,3632,720,4352
"12330","07_report/CpG_context_sampling_13466_330_trimmed_bismark_bt2.CpG",4427,3704,723,4427
"12331","07_report/CpG_context_sampling_13466_331_trimmed_bismark_bt2.CpG",4315,3586,729,4315
"12332","07_report/CpG_context_sampling_13466_332_trimmed_bismark_bt2.CpG",4456,3679,777,4456
"12333","07_report/CpG_context_sampling_13466_333_trimmed_bismark_bt2.CpG",4353,3615,738,4353
"12334","07_report/CpG_context_sampling_13466_334_trimmed_bismark_bt2.CpG",4325,3620,705,4325
"12335","07_report/CpG_context_sampling_13466_335_trimmed_bismark_bt2.CpG",4253,3556,697,4253
"12336","07_report/CpG_context_sampling_13466_336_trimmed_bismark_bt2.CpG",4283,3578,705,4283
"12337","07_report/CpG_context_sampling_13466_337_trimmed_bismark_bt2.CpG",4282,3552,730,4282
"12338","07_report/CpG_context_sampling_13466_338_trimmed_bismark_bt2.CpG",4414,3650,764,4414
"12339","07_report/CpG_context_sampling_13466_339_trimmed_bismark_bt2.CpG",4394,3670,724,4394
"12340","07_report/CpG_context_sampling_13466_340_trimmed_bismark_bt2.CpG",4421,3666,755,4421
"12341","07_report/CpG_context_sampling_13466_341_trimmed_bismark_bt2.CpG",4334,3613,721,4334
"12342","07_report/CpG_context_sampling_13466_342_trimmed_bismark_bt2.CpG",4310,3547,763,4310
"12343","07_report/CpG_context_sampling_13466_343_trimmed_bismark_bt2.CpG",4337,3613,724,4337
"12344","07_report/CpG_context_sampling_13466_344_trimmed_bismark_bt2.CpG",4362,3646,716,4362
"12345","07_report/CpG_context_sampling_13466_345_trimmed_bismark_bt2.CpG",4342,3584,758,4342
"12346","07_report/CpG_context_sampling_13466_346_trimmed_bismark_bt2.CpG",4338,3586,752,4338
"12347","07_report/CpG_context_sampling_13466_347_trimmed_bismark_bt2.CpG",4434,3720,714,4434
"12348","07_report/CpG_context_sampling_13466_348_trimmed_bismark_bt2.CpG",4326,3585,741,4326
"12349","07_report/CpG_context_sampling_13466_349_trimmed_bismark_bt2.CpG",4288,3560,728,4288
"12350","07_report/CpG_context_sampling_13466_350_trimmed_bismark_bt2.CpG",4362,3612,750,4362
"12351","07_report/CpG_context_sampling_13466_351_trimmed_bismark_bt2.CpG",4348,3621,727,4348
"12352","07_report/CpG_context_sampling_13466_352_trimmed_bismark_bt2.CpG",4249,3557,692,4249
"12353","07_report/CpG_context_sampling_13466_353_trimmed_bismark_bt2.CpG",4332,3589,743,4332
"12354","07_report/CpG_context_sampling_13466_354_trimmed_bismark_bt2.CpG",4374,3625,749,4374
"12355","07_report/CpG_context_sampling_13466_355_trimmed_bismark_bt2.CpG",4357,3621,736,4357
"12356","07_report/CpG_context_sampling_13466_356_trimmed_bismark_bt2.CpG",4388,3653,735,4388
"12357","07_report/CpG_context_sampling_13466_357_trimmed_bismark_bt2.CpG",4299,3593,706,4299
"12358","07_report/CpG_context_sampling_13466_358_trimmed_bismark_bt2.CpG",4393,3620,773,4393
"12359","07_report/CpG_context_sampling_13466_359_trimmed_bismark_bt2.CpG",4456,3763,693,4456
"12360","07_report/CpG_context_sampling_13466_360_trimmed_bismark_bt2.CpG",4351,3578,773,4351
"12361","07_report/CpG_context_sampling_13466_361_trimmed_bismark_bt2.CpG",4354,3581,773,4354
"12362","07_report/CpG_context_sampling_13466_362_trimmed_bismark_bt2.CpG",4395,3707,688,4395
"12363","07_report/CpG_context_sampling_13466_363_trimmed_bismark_bt2.CpG",4367,3621,746,4367
"12364","07_report/CpG_context_sampling_13466_364_trimmed_bismark_bt2.CpG",4345,3612,733,4345
"12365","07_report/CpG_context_sampling_13466_365_trimmed_bismark_bt2.CpG",4305,3569,736,4305
"12366","07_report/CpG_context_sampling_13466_366_trimmed_bismark_bt2.CpG",4392,3647,745,4392
"12367","07_report/CpG_context_sampling_13466_367_trimmed_bismark_bt2.CpG",4295,3630,665,4295
"12368","07_report/CpG_context_sampling_13466_368_trimmed_bismark_bt2.CpG",4343,3630,713,4343
"12369","07_report/CpG_context_sampling_13466_369_trimmed_bismark_bt2.CpG",4337,3612,725,4337
"12370","07_report/CpG_context_sampling_13466_370_trimmed_bismark_bt2.CpG",4321,3606,715,4321
"12371","07_report/CpG_context_sampling_13466_371_trimmed_bismark_bt2.CpG",4415,3717,698,4415
"12372","07_report/CpG_context_sampling_13466_372_trimmed_bismark_bt2.CpG",4330,3571,759,4330
"12373","07_report/CpG_context_sampling_13466_373_trimmed_bismark_bt2.CpG",4425,3698,727,4425
"12374","07_report/CpG_context_sampling_13466_374_trimmed_bismark_bt2.CpG",4324,3596,728,4324
"12375","07_report/CpG_context_sampling_13466_375_trimmed_bismark_bt2.CpG",4395,3679,716,4395
"12376","07_report/CpG_context_sampling_13466_376_trimmed_bismark_bt2.CpG",4464,3726,738,4464
"12377","07_report/CpG_context_sampling_13466_377_trimmed_bismark_bt2.CpG",4275,3600,675,4275
"12378","07_report/CpG_context_sampling_13466_378_trimmed_bismark_bt2.CpG",4322,3614,708,4322
"12379","07_report/CpG_context_sampling_13466_379_trimmed_bismark_bt2.CpG",4286,3526,760,4286
"12380","07_report/CpG_context_sampling_13466_380_trimmed_bismark_bt2.CpG",4262,3600,662,4262
"12381","07_report/CpG_context_sampling_13466_381_trimmed_bismark_bt2.CpG",4372,3643,729,4372
"12382","07_report/CpG_context_sampling_13466_382_trimmed_bismark_bt2.CpG",4351,3646,705,4351
"12383","07_report/CpG_context_sampling_13466_383_trimmed_bismark_bt2.CpG",4366,3615,751,4366
"12384","07_report/CpG_context_sampling_13466_384_trimmed_bismark_bt2.CpG",4314,3579,735,4314
"12385","07_report/CpG_context_sampling_13466_385_trimmed_bismark_bt2.CpG",4288,3581,707,4288
"12386","07_report/CpG_context_sampling_13466_386_trimmed_bismark_bt2.CpG",4330,3587,743,4330
"12387","07_report/CpG_context_sampling_13466_387_trimmed_bismark_bt2.CpG",4416,3631,785,4416
"12388","07_report/CpG_context_sampling_13466_388_trimmed_bismark_bt2.CpG",4264,3497,767,4264
"12389","07_report/CpG_context_sampling_13466_389_trimmed_bismark_bt2.CpG",4378,3695,683,4378
"12390","07_report/CpG_context_sampling_13466_390_trimmed_bismark_bt2.CpG",4269,3563,706,4269
"12391","07_report/CpG_context_sampling_13466_391_trimmed_bismark_bt2.CpG",4361,3624,737,4361
"12392","07_report/CpG_context_sampling_13466_392_trimmed_bismark_bt2.CpG",4385,3670,715,4385
"12393","07_report/CpG_context_sampling_13466_393_trimmed_bismark_bt2.CpG",4387,3625,762,4387
"12394","07_report/CpG_context_sampling_13466_394_trimmed_bismark_bt2.CpG",4288,3503,785,4288
"12395","07_report/CpG_context_sampling_13466_395_trimmed_bismark_bt2.CpG",4366,3624,742,4366
"12396","07_report/CpG_context_sampling_13466_396_trimmed_bismark_bt2.CpG",4315,3588,727,4315
"12397","07_report/CpG_context_sampling_13466_397_trimmed_bismark_bt2.CpG",4300,3611,689,4300
"12398","07_report/CpG_context_sampling_13466_398_trimmed_bismark_bt2.CpG",4420,3687,733,4420
"12399","07_report/CpG_context_sampling_13466_399_trimmed_bismark_bt2.CpG",4329,3633,696,4329
"12400","07_report/CpG_context_sampling_13466_400_trimmed_bismark_bt2.CpG",4344,3603,741,4344
"12401","07_report/CpG_context_sampling_13466_401_trimmed_bismark_bt2.CpG",4336,3579,757,4336
"12402","07_report/CpG_context_sampling_13466_402_trimmed_bismark_bt2.CpG",4479,3671,808,4479
"12403","07_report/CpG_context_sampling_13466_403_trimmed_bismark_bt2.CpG",4413,3635,778,4413
"12404","07_report/CpG_context_sampling_13466_404_trimmed_bismark_bt2.CpG",4334,3609,725,4334
"12405","07_report/CpG_context_sampling_13466_405_trimmed_bismark_bt2.CpG",4428,3706,722,4428
"12406","07_report/CpG_context_sampling_13466_406_trimmed_bismark_bt2.CpG",4336,3596,740,4336
"12407","07_report/CpG_context_sampling_13466_407_trimmed_bismark_bt2.CpG",4306,3588,718,4306
"12408","07_report/CpG_context_sampling_13466_408_trimmed_bismark_bt2.CpG",4368,3673,695,4368
"12409","07_report/CpG_context_sampling_13466_409_trimmed_bismark_bt2.CpG",4462,3686,776,4462
"12410","07_report/CpG_context_sampling_13466_410_trimmed_bismark_bt2.CpG",4341,3613,728,4341
"12411","07_report/CpG_context_sampling_13466_411_trimmed_bismark_bt2.CpG",4380,3642,738,4380
"12412","07_report/CpG_context_sampling_13466_412_trimmed_bismark_bt2.CpG",4379,3676,703,4379
"12413","07_report/CpG_context_sampling_13466_413_trimmed_bismark_bt2.CpG",4313,3580,733,4313
"12414","07_report/CpG_context_sampling_13466_414_trimmed_bismark_bt2.CpG",4378,3604,774,4378
"12415","07_report/CpG_context_sampling_13466_415_trimmed_bismark_bt2.CpG",4314,3595,719,4314
"12416","07_report/CpG_context_sampling_13466_416_trimmed_bismark_bt2.CpG",4312,3599,713,4312
"12417","07_report/CpG_context_sampling_13466_417_trimmed_bismark_bt2.CpG",4309,3543,766,4309
"12418","07_report/CpG_context_sampling_13466_418_trimmed_bismark_bt2.CpG",4263,3535,728,4263
"12419","07_report/CpG_context_sampling_13466_419_trimmed_bismark_bt2.CpG",4310,3564,746,4310
"12420","07_report/CpG_context_sampling_13466_420_trimmed_bismark_bt2.CpG",4262,3512,750,4262
"12421","07_report/CpG_context_sampling_13466_421_trimmed_bismark_bt2.CpG",4339,3646,693,4339
"12422","07_report/CpG_context_sampling_13466_422_trimmed_bismark_bt2.CpG",4516,3754,762,4516
"12423","07_report/CpG_context_sampling_13466_423_trimmed_bismark_bt2.CpG",4320,3559,761,4320
"12424","07_report/CpG_context_sampling_13466_424_trimmed_bismark_bt2.CpG",4383,3642,741,4383
"12425","07_report/CpG_context_sampling_13466_425_trimmed_bismark_bt2.CpG",4370,3620,750,4370
"12426","07_report/CpG_context_sampling_13466_426_trimmed_bismark_bt2.CpG",4380,3673,707,4380
"12427","07_report/CpG_context_sampling_13466_427_trimmed_bismark_bt2.CpG",4334,3583,751,4334
"12428","07_report/CpG_context_sampling_13466_428_trimmed_bismark_bt2.CpG",4396,3603,793,4396
"12429","07_report/CpG_context_sampling_13466_429_trimmed_bismark_bt2.CpG",4423,3664,759,4423
"12430","07_report/CpG_context_sampling_13466_430_trimmed_bismark_bt2.CpG",4446,3680,766,4446
"12431","07_report/CpG_context_sampling_13466_431_trimmed_bismark_bt2.CpG",4365,3659,706,4365
"12432","07_report/CpG_context_sampling_13466_432_trimmed_bismark_bt2.CpG",4328,3581,747,4328
"12433","07_report/CpG_context_sampling_13466_433_trimmed_bismark_bt2.CpG",4430,3692,738,4430
"12434","07_report/CpG_context_sampling_13466_434_trimmed_bismark_bt2.CpG",4293,3545,748,4293
"12435","07_report/CpG_context_sampling_13466_435_trimmed_bismark_bt2.CpG",4308,3585,723,4308
"12436","07_report/CpG_context_sampling_13466_436_trimmed_bismark_bt2.CpG",4437,3708,729,4437
"12437","07_report/CpG_context_sampling_13466_437_trimmed_bismark_bt2.CpG",4295,3564,731,4295
"12438","07_report/CpG_context_sampling_13466_438_trimmed_bismark_bt2.CpG",4501,3760,741,4501
"12439","07_report/CpG_context_sampling_13466_439_trimmed_bismark_bt2.CpG",4393,3618,775,4393
"12440","07_report/CpG_context_sampling_13466_440_trimmed_bismark_bt2.CpG",4367,3653,714,4367
"12441","07_report/CpG_context_sampling_13466_441_trimmed_bismark_bt2.CpG",4359,3614,745,4359
"12442","07_report/CpG_context_sampling_13466_442_trimmed_bismark_bt2.CpG",4447,3716,731,4447
"12443","07_report/CpG_context_sampling_13466_443_trimmed_bismark_bt2.CpG",4312,3604,708,4312
"12444","07_report/CpG_context_sampling_13466_444_trimmed_bismark_bt2.CpG",4341,3607,734,4341
"12445","07_report/CpG_context_sampling_13466_445_trimmed_bismark_bt2.CpG",4320,3580,740,4320
"12446","07_report/CpG_context_sampling_13466_446_trimmed_bismark_bt2.CpG",4346,3588,758,4346
"12447","07_report/CpG_context_sampling_13466_447_trimmed_bismark_bt2.CpG",4388,3655,733,4388
"12448","07_report/CpG_context_sampling_13466_448_trimmed_bismark_bt2.CpG",4458,3672,786,4458
"12449","07_report/CpG_context_sampling_13466_449_trimmed_bismark_bt2.CpG",4286,3559,727,4286
"12450","07_report/CpG_context_sampling_13466_450_trimmed_bismark_bt2.CpG",4324,3585,739,4324
"12451","07_report/CpG_context_sampling_13466_451_trimmed_bismark_bt2.CpG",4407,3659,748,4407
"12452","07_report/CpG_context_sampling_13466_452_trimmed_bismark_bt2.CpG",4483,3702,781,4483
"12453","07_report/CpG_context_sampling_13466_453_trimmed_bismark_bt2.CpG",4253,3509,744,4253
"12454","07_report/CpG_context_sampling_13466_454_trimmed_bismark_bt2.CpG",4339,3672,667,4339
"12455","07_report/CpG_context_sampling_13466_455_trimmed_bismark_bt2.CpG",4361,3604,757,4361
"12456","07_report/CpG_context_sampling_13466_456_trimmed_bismark_bt2.CpG",4319,3579,740,4319
"12457","07_report/CpG_context_sampling_13466_457_trimmed_bismark_bt2.CpG",4429,3693,736,4429
"12458","07_report/CpG_context_sampling_13466_458_trimmed_bismark_bt2.CpG",4396,3652,744,4396
"12459","07_report/CpG_context_sampling_13466_459_trimmed_bismark_bt2.CpG",4288,3555,733,4288
"12460","07_report/CpG_context_sampling_13466_460_trimmed_bismark_bt2.CpG",4409,3671,738,4409
"12461","07_report/CpG_context_sampling_13466_461_trimmed_bismark_bt2.CpG",4364,3584,780,4364
"12462","07_report/CpG_context_sampling_13466_462_trimmed_bismark_bt2.CpG",4340,3593,747,4340
"12463","07_report/CpG_context_sampling_13466_463_trimmed_bismark_bt2.CpG",4312,3625,687,4312
"12464","07_report/CpG_context_sampling_13466_464_trimmed_bismark_bt2.CpG",4347,3611,736,4347
"12465","07_report/CpG_context_sampling_13466_465_trimmed_bismark_bt2.CpG",4371,3625,746,4371
"12466","07_report/CpG_context_sampling_13466_466_trimmed_bismark_bt2.CpG",4331,3617,714,4331
"12467","07_report/CpG_context_sampling_13466_467_trimmed_bismark_bt2.CpG",4397,3683,714,4397
"12468","07_report/CpG_context_sampling_13466_468_trimmed_bismark_bt2.CpG",4418,3649,769,4418
"12469","07_report/CpG_context_sampling_13466_469_trimmed_bismark_bt2.CpG",4437,3685,752,4437
"12470","07_report/CpG_context_sampling_13466_470_trimmed_bismark_bt2.CpG",4417,3707,710,4417
"12471","07_report/CpG_context_sampling_13466_471_trimmed_bismark_bt2.CpG",4284,3514,770,4284
"12472","07_report/CpG_context_sampling_13466_472_trimmed_bismark_bt2.CpG",4317,3577,740,4317
"12473","07_report/CpG_context_sampling_13466_473_trimmed_bismark_bt2.CpG",4247,3481,766,4247
"12474","07_report/CpG_context_sampling_13466_474_trimmed_bismark_bt2.CpG",4334,3557,777,4334
"12475","07_report/CpG_context_sampling_13466_475_trimmed_bismark_bt2.CpG",4350,3640,710,4350
"12476","07_report/CpG_context_sampling_13466_476_trimmed_bismark_bt2.CpG",4415,3704,711,4415
"12477","07_report/CpG_context_sampling_13466_477_trimmed_bismark_bt2.CpG",4375,3637,738,4375
"12478","07_report/CpG_context_sampling_13466_478_trimmed_bismark_bt2.CpG",4416,3690,726,4416
"12479","07_report/CpG_context_sampling_13466_479_trimmed_bismark_bt2.CpG",4463,3705,758,4463
"12480","07_report/CpG_context_sampling_13466_480_trimmed_bismark_bt2.CpG",4416,3705,711,4416
"12481","07_report/CpG_context_sampling_13466_481_trimmed_bismark_bt2.CpG",4367,3620,747,4367
"12482","07_report/CpG_context_sampling_13466_482_trimmed_bismark_bt2.CpG",4314,3580,734,4314
"12483","07_report/CpG_context_sampling_13466_483_trimmed_bismark_bt2.CpG",4421,3652,769,4421
"12484","07_report/CpG_context_sampling_13466_484_trimmed_bismark_bt2.CpG",4315,3658,657,4315
"12485","07_report/CpG_context_sampling_13466_485_trimmed_bismark_bt2.CpG",4373,3657,716,4373
"12486","07_report/CpG_context_sampling_13466_486_trimmed_bismark_bt2.CpG",4412,3695,717,4412
"12487","07_report/CpG_context_sampling_13466_487_trimmed_bismark_bt2.CpG",4383,3683,700,4383
"12488","07_report/CpG_context_sampling_13466_488_trimmed_bismark_bt2.CpG",4346,3626,720,4346
"12489","07_report/CpG_context_sampling_13466_489_trimmed_bismark_bt2.CpG",4380,3646,734,4380
"12490","07_report/CpG_context_sampling_13466_490_trimmed_bismark_bt2.CpG",4329,3585,744,4329
"12491","07_report/CpG_context_sampling_13466_491_trimmed_bismark_bt2.CpG",4384,3642,742,4384
"12492","07_report/CpG_context_sampling_13466_492_trimmed_bismark_bt2.CpG",4411,3621,790,4411
"12493","07_report/CpG_context_sampling_13466_493_trimmed_bismark_bt2.CpG",4271,3534,737,4271
"12494","07_report/CpG_context_sampling_13466_494_trimmed_bismark_bt2.CpG",4478,3777,701,4478
"12495","07_report/CpG_context_sampling_13466_495_trimmed_bismark_bt2.CpG",4383,3687,696,4383
"12496","07_report/CpG_context_sampling_13466_496_trimmed_bismark_bt2.CpG",4428,3695,733,4428
"12497","07_report/CpG_context_sampling_13466_497_trimmed_bismark_bt2.CpG",4272,3565,707,4272
"12498","07_report/CpG_context_sampling_13466_498_trimmed_bismark_bt2.CpG",4343,3605,738,4343
"12499","07_report/CpG_context_sampling_13466_499_trimmed_bismark_bt2.CpG",4342,3612,730,4342
"12500","07_report/CpG_context_sampling_13466_500_trimmed_bismark_bt2.CpG",4318,3614,704,4318
"12501","07_report/CpG_context_sampling_13466_501_trimmed_bismark_bt2.CpG",4267,3536,731,4267
"12502","07_report/CpG_context_sampling_13466_502_trimmed_bismark_bt2.CpG",4275,3514,761,4275
"12503","07_report/CpG_context_sampling_13466_503_trimmed_bismark_bt2.CpG",4365,3628,737,4365
"12504","07_report/CpG_context_sampling_13466_504_trimmed_bismark_bt2.CpG",4386,3652,734,4386
"12505","07_report/CpG_context_sampling_13466_505_trimmed_bismark_bt2.CpG",4363,3627,736,4363
"12506","07_report/CpG_context_sampling_13466_506_trimmed_bismark_bt2.CpG",4270,3510,760,4270
"12507","07_report/CpG_context_sampling_13466_507_trimmed_bismark_bt2.CpG",4355,3629,726,4355
"12508","07_report/CpG_context_sampling_13466_508_trimmed_bismark_bt2.CpG",4379,3610,769,4379
"12509","07_report/CpG_context_sampling_13466_509_trimmed_bismark_bt2.CpG",4289,3577,712,4289
"12510","07_report/CpG_context_sampling_13466_510_trimmed_bismark_bt2.CpG",4379,3665,714,4379
"12511","07_report/CpG_context_sampling_13466_511_trimmed_bismark_bt2.CpG",4310,3584,726,4310
"12512","07_report/CpG_context_sampling_13466_512_trimmed_bismark_bt2.CpG",4365,3597,768,4365
"12513","07_report/CpG_context_sampling_13466_513_trimmed_bismark_bt2.CpG",4323,3622,701,4323
"12514","07_report/CpG_context_sampling_13466_514_trimmed_bismark_bt2.CpG",4391,3641,750,4391
"12515","07_report/CpG_context_sampling_13466_515_trimmed_bismark_bt2.CpG",4252,3546,706,4252
"12516","07_report/CpG_context_sampling_13466_516_trimmed_bismark_bt2.CpG",4359,3606,753,4359
"12517","07_report/CpG_context_sampling_13466_517_trimmed_bismark_bt2.CpG",4392,3674,718,4392
"12518","07_report/CpG_context_sampling_13466_518_trimmed_bismark_bt2.CpG",4307,3578,729,4307
"12519","07_report/CpG_context_sampling_13466_519_trimmed_bismark_bt2.CpG",4409,3593,816,4409
"12520","07_report/CpG_context_sampling_13466_520_trimmed_bismark_bt2.CpG",4399,3675,724,4399
"12521","07_report/CpG_context_sampling_13466_521_trimmed_bismark_bt2.CpG",4339,3625,714,4339
"12522","07_report/CpG_context_sampling_13466_522_trimmed_bismark_bt2.CpG",4322,3616,706,4322
"12523","07_report/CpG_context_sampling_13466_523_trimmed_bismark_bt2.CpG",4295,3535,760,4295
"12524","07_report/CpG_context_sampling_13466_524_trimmed_bismark_bt2.CpG",4343,3642,701,4343
"12525","07_report/CpG_context_sampling_13466_525_trimmed_bismark_bt2.CpG",4398,3648,750,4398
"12526","07_report/CpG_context_sampling_13466_526_trimmed_bismark_bt2.CpG",4421,3672,749,4421
"12527","07_report/CpG_context_sampling_13466_527_trimmed_bismark_bt2.CpG",4412,3660,752,4412
"12528","07_report/CpG_context_sampling_13466_528_trimmed_bismark_bt2.CpG",4359,3653,706,4359
"12529","07_report/CpG_context_sampling_13466_529_trimmed_bismark_bt2.CpG",4303,3576,727,4303
"12530","07_report/CpG_context_sampling_13466_530_trimmed_bismark_bt2.CpG",4304,3594,710,4304
"12531","07_report/CpG_context_sampling_13466_531_trimmed_bismark_bt2.CpG",4463,3764,699,4463
"12532","07_report/CpG_context_sampling_13466_532_trimmed_bismark_bt2.CpG",4288,3571,717,4288
"12533","07_report/CpG_context_sampling_13466_533_trimmed_bismark_bt2.CpG",4448,3707,741,4448
"12534","07_report/CpG_context_sampling_13466_534_trimmed_bismark_bt2.CpG",4379,3679,700,4379
"12535","07_report/CpG_context_sampling_13466_535_trimmed_bismark_bt2.CpG",4325,3556,769,4325
"12536","07_report/CpG_context_sampling_13466_536_trimmed_bismark_bt2.CpG",4371,3637,734,4371
"12537","07_report/CpG_context_sampling_13466_537_trimmed_bismark_bt2.CpG",4321,3573,748,4321
"12538","07_report/CpG_context_sampling_13466_538_trimmed_bismark_bt2.CpG",4376,3638,738,4376
"12539","07_report/CpG_context_sampling_13466_539_trimmed_bismark_bt2.CpG",4379,3612,767,4379
"12540","07_report/CpG_context_sampling_13466_540_trimmed_bismark_bt2.CpG",4380,3653,727,4380
"12541","07_report/CpG_context_sampling_13466_541_trimmed_bismark_bt2.CpG",4294,3561,733,4294
"12542","07_report/CpG_context_sampling_13466_542_trimmed_bismark_bt2.CpG",4361,3584,777,4361
"12543","07_report/CpG_context_sampling_13466_543_trimmed_bismark_bt2.CpG",4276,3595,681,4276
"12544","07_report/CpG_context_sampling_13466_544_trimmed_bismark_bt2.CpG",4359,3649,710,4359
"12545","07_report/CpG_context_sampling_13466_545_trimmed_bismark_bt2.CpG",4397,3645,752,4397
"12546","07_report/CpG_context_sampling_13466_546_trimmed_bismark_bt2.CpG",4320,3628,692,4320
"12547","07_report/CpG_context_sampling_13466_547_trimmed_bismark_bt2.CpG",4405,3618,787,4405
"12548","07_report/CpG_context_sampling_13466_548_trimmed_bismark_bt2.CpG",4343,3559,784,4343
"12549","07_report/CpG_context_sampling_13466_549_trimmed_bismark_bt2.CpG",4306,3557,749,4306
"12550","07_report/CpG_context_sampling_13466_550_trimmed_bismark_bt2.CpG",4312,3599,713,4312
"12551","07_report/CpG_context_sampling_13466_551_trimmed_bismark_bt2.CpG",4338,3630,708,4338
"12552","07_report/CpG_context_sampling_13466_552_trimmed_bismark_bt2.CpG",4289,3567,722,4289
"12553","07_report/CpG_context_sampling_13466_553_trimmed_bismark_bt2.CpG",4401,3652,749,4401
"12554","07_report/CpG_context_sampling_13466_554_trimmed_bismark_bt2.CpG",4446,3714,732,4446
"12555","07_report/CpG_context_sampling_13466_555_trimmed_bismark_bt2.CpG",4328,3575,753,4328
"12556","07_report/CpG_context_sampling_13466_556_trimmed_bismark_bt2.CpG",4247,3532,715,4247
"12557","07_report/CpG_context_sampling_13466_557_trimmed_bismark_bt2.CpG",4394,3697,697,4394
"12558","07_report/CpG_context_sampling_13466_558_trimmed_bismark_bt2.CpG",4358,3582,776,4358
"12559","07_report/CpG_context_sampling_13466_559_trimmed_bismark_bt2.CpG",4374,3617,757,4374
"12560","07_report/CpG_context_sampling_13466_560_trimmed_bismark_bt2.CpG",4420,3681,739,4420
"12561","07_report/CpG_context_sampling_13466_561_trimmed_bismark_bt2.CpG",4431,3706,725,4431
"12562","07_report/CpG_context_sampling_13466_562_trimmed_bismark_bt2.CpG",4419,3647,772,4419
"12563","07_report/CpG_context_sampling_13466_563_trimmed_bismark_bt2.CpG",4366,3626,740,4366
"12564","07_report/CpG_context_sampling_13466_564_trimmed_bismark_bt2.CpG",4294,3581,713,4294
"12565","07_report/CpG_context_sampling_13466_565_trimmed_bismark_bt2.CpG",4417,3707,710,4417
"12566","07_report/CpG_context_sampling_13466_566_trimmed_bismark_bt2.CpG",4368,3594,774,4368
"12567","07_report/CpG_context_sampling_13466_567_trimmed_bismark_bt2.CpG",4381,3682,699,4381
"12568","07_report/CpG_context_sampling_13466_568_trimmed_bismark_bt2.CpG",4482,3693,789,4482
"12569","07_report/CpG_context_sampling_13466_569_trimmed_bismark_bt2.CpG",4327,3605,722,4327
"12570","07_report/CpG_context_sampling_13466_570_trimmed_bismark_bt2.CpG",4401,3665,736,4401
"12571","07_report/CpG_context_sampling_13466_571_trimmed_bismark_bt2.CpG",4321,3542,779,4321
"12572","07_report/CpG_context_sampling_13466_572_trimmed_bismark_bt2.CpG",4367,3669,698,4367
"12573","07_report/CpG_context_sampling_13466_573_trimmed_bismark_bt2.CpG",4419,3683,736,4419
"12574","07_report/CpG_context_sampling_13466_574_trimmed_bismark_bt2.CpG",4279,3502,777,4279
"12575","07_report/CpG_context_sampling_13466_575_trimmed_bismark_bt2.CpG",4405,3666,739,4405
"12576","07_report/CpG_context_sampling_13466_576_trimmed_bismark_bt2.CpG",4434,3635,799,4434
"12577","07_report/CpG_context_sampling_13466_577_trimmed_bismark_bt2.CpG",4413,3647,766,4413
"12578","07_report/CpG_context_sampling_13466_578_trimmed_bismark_bt2.CpG",4396,3642,754,4396
"12579","07_report/CpG_context_sampling_13466_579_trimmed_bismark_bt2.CpG",4478,3698,780,4478
"12580","07_report/CpG_context_sampling_13466_580_trimmed_bismark_bt2.CpG",4364,3579,785,4364
"12581","07_report/CpG_context_sampling_13466_581_trimmed_bismark_bt2.CpG",4356,3595,761,4356
"12582","07_report/CpG_context_sampling_13466_582_trimmed_bismark_bt2.CpG",4300,3603,697,4300
"12583","07_report/CpG_context_sampling_13466_583_trimmed_bismark_bt2.CpG",4255,3549,706,4255
"12584","07_report/CpG_context_sampling_13466_584_trimmed_bismark_bt2.CpG",4379,3657,722,4379
"12585","07_report/CpG_context_sampling_13466_585_trimmed_bismark_bt2.CpG",4341,3605,736,4341
"12586","07_report/CpG_context_sampling_13466_586_trimmed_bismark_bt2.CpG",4333,3538,795,4333
"12587","07_report/CpG_context_sampling_13466_587_trimmed_bismark_bt2.CpG",4430,3682,748,4430
"12588","07_report/CpG_context_sampling_13466_588_trimmed_bismark_bt2.CpG",4335,3607,728,4335
"12589","07_report/CpG_context_sampling_13466_589_trimmed_bismark_bt2.CpG",4341,3617,724,4341
"12590","07_report/CpG_context_sampling_13466_590_trimmed_bismark_bt2.CpG",4303,3595,708,4303
"12591","07_report/CpG_context_sampling_13466_591_trimmed_bismark_bt2.CpG",4379,3637,742,4379
"12592","07_report/CpG_context_sampling_13466_592_trimmed_bismark_bt2.CpG",4424,3648,776,4424
"12593","07_report/CpG_context_sampling_13466_593_trimmed_bismark_bt2.CpG",4268,3601,667,4268
"12594","07_report/CpG_context_sampling_13466_594_trimmed_bismark_bt2.CpG",4319,3598,721,4319
"12595","07_report/CpG_context_sampling_13466_595_trimmed_bismark_bt2.CpG",4459,3730,729,4459
"12596","07_report/CpG_context_sampling_13466_596_trimmed_bismark_bt2.CpG",4336,3598,738,4336
"12597","07_report/CpG_context_sampling_13466_597_trimmed_bismark_bt2.CpG",4310,3569,741,4310
"12598","07_report/CpG_context_sampling_13466_598_trimmed_bismark_bt2.CpG",4451,3688,763,4451
"12599","07_report/CpG_context_sampling_13466_599_trimmed_bismark_bt2.CpG",4273,3604,669,4273
"12600","07_report/CpG_context_sampling_13466_600_trimmed_bismark_bt2.CpG",4410,3667,743,4410
"12601","07_report/CpG_context_sampling_13466_601_trimmed_bismark_bt2.CpG",4215,3459,756,4215
"12602","07_report/CpG_context_sampling_13466_602_trimmed_bismark_bt2.CpG",4436,3678,758,4436
"12603","07_report/CpG_context_sampling_13466_603_trimmed_bismark_bt2.CpG",4369,3655,714,4369
"12604","07_report/CpG_context_sampling_13466_604_trimmed_bismark_bt2.CpG",4473,3734,739,4473
"12605","07_report/CpG_context_sampling_13466_605_trimmed_bismark_bt2.CpG",4270,3552,718,4270
"12606","07_report/CpG_context_sampling_13466_606_trimmed_bismark_bt2.CpG",4235,3510,725,4235
"12607","07_report/CpG_context_sampling_13466_607_trimmed_bismark_bt2.CpG",4365,3588,777,4365
"12608","07_report/CpG_context_sampling_13466_608_trimmed_bismark_bt2.CpG",4327,3637,690,4327
"12609","07_report/CpG_context_sampling_13466_609_trimmed_bismark_bt2.CpG",4337,3641,696,4337
"12610","07_report/CpG_context_sampling_13466_610_trimmed_bismark_bt2.CpG",4385,3686,699,4385
"12611","07_report/CpG_context_sampling_13466_611_trimmed_bismark_bt2.CpG",4312,3586,726,4312
"12612","07_report/CpG_context_sampling_13466_612_trimmed_bismark_bt2.CpG",4285,3527,758,4285
"12613","07_report/CpG_context_sampling_13466_613_trimmed_bismark_bt2.CpG",4451,3668,783,4451
"12614","07_report/CpG_context_sampling_13466_614_trimmed_bismark_bt2.CpG",4312,3590,722,4312
"12615","07_report/CpG_context_sampling_13466_615_trimmed_bismark_bt2.CpG",4458,3703,755,4458
"12616","07_report/CpG_context_sampling_13466_616_trimmed_bismark_bt2.CpG",4299,3553,746,4299
"12617","07_report/CpG_context_sampling_13466_617_trimmed_bismark_bt2.CpG",4270,3575,695,4270
"12618","07_report/CpG_context_sampling_13466_618_trimmed_bismark_bt2.CpG",4332,3631,701,4332
"12619","07_report/CpG_context_sampling_13466_619_trimmed_bismark_bt2.CpG",4317,3607,710,4317
"12620","07_report/CpG_context_sampling_13466_620_trimmed_bismark_bt2.CpG",4388,3671,717,4388
"12621","07_report/CpG_context_sampling_13466_621_trimmed_bismark_bt2.CpG",4303,3576,727,4303
"12622","07_report/CpG_context_sampling_13466_622_trimmed_bismark_bt2.CpG",4350,3622,728,4350
"12623","07_report/CpG_context_sampling_13466_623_trimmed_bismark_bt2.CpG",4315,3567,748,4315
"12624","07_report/CpG_context_sampling_13466_624_trimmed_bismark_bt2.CpG",4413,3699,714,4413
"12625","07_report/CpG_context_sampling_13466_625_trimmed_bismark_bt2.CpG",4331,3576,755,4331
"12626","07_report/CpG_context_sampling_13466_626_trimmed_bismark_bt2.CpG",4325,3579,746,4325
"12627","07_report/CpG_context_sampling_13466_627_trimmed_bismark_bt2.CpG",4498,3703,795,4498
"12628","07_report/CpG_context_sampling_13466_628_trimmed_bismark_bt2.CpG",4413,3700,713,4413
"12629","07_report/CpG_context_sampling_13466_629_trimmed_bismark_bt2.CpG",4463,3701,762,4463
"12630","07_report/CpG_context_sampling_13466_630_trimmed_bismark_bt2.CpG",4331,3608,723,4331
"12631","07_report/CpG_context_sampling_13466_631_trimmed_bismark_bt2.CpG",4347,3638,709,4347
"12632","07_report/CpG_context_sampling_13466_632_trimmed_bismark_bt2.CpG",4416,3705,711,4416
"12633","07_report/CpG_context_sampling_13466_633_trimmed_bismark_bt2.CpG",4342,3614,728,4342
"12634","07_report/CpG_context_sampling_13466_634_trimmed_bismark_bt2.CpG",4336,3632,704,4336
"12635","07_report/CpG_context_sampling_13466_635_trimmed_bismark_bt2.CpG",4355,3645,710,4355
"12636","07_report/CpG_context_sampling_13466_636_trimmed_bismark_bt2.CpG",4329,3560,769,4329
"12637","07_report/CpG_context_sampling_13466_637_trimmed_bismark_bt2.CpG",4329,3598,731,4329
"12638","07_report/CpG_context_sampling_13466_638_trimmed_bismark_bt2.CpG",4393,3690,703,4393
"12639","07_report/CpG_context_sampling_13466_639_trimmed_bismark_bt2.CpG",4318,3633,685,4318
"12640","07_report/CpG_context_sampling_13466_640_trimmed_bismark_bt2.CpG",4361,3636,725,4361
"12641","07_report/CpG_context_sampling_13466_641_trimmed_bismark_bt2.CpG",4302,3583,719,4302
"12642","07_report/CpG_context_sampling_13466_642_trimmed_bismark_bt2.CpG",4390,3665,725,4390
"12643","07_report/CpG_context_sampling_13466_643_trimmed_bismark_bt2.CpG",4268,3537,731,4268
"12644","07_report/CpG_context_sampling_13466_644_trimmed_bismark_bt2.CpG",4313,3566,747,4313
"12645","07_report/CpG_context_sampling_13466_645_trimmed_bismark_bt2.CpG",4382,3643,739,4382
"12646","07_report/CpG_context_sampling_13466_646_trimmed_bismark_bt2.CpG",4336,3578,758,4336
"12647","07_report/CpG_context_sampling_13466_647_trimmed_bismark_bt2.CpG",4407,3666,741,4407
"12648","07_report/CpG_context_sampling_13466_648_trimmed_bismark_bt2.CpG",4321,3596,725,4321
"12649","07_report/CpG_context_sampling_13466_649_trimmed_bismark_bt2.CpG",4323,3574,749,4323
"12650","07_report/CpG_context_sampling_13466_650_trimmed_bismark_bt2.CpG",4342,3678,664,4342
"12651","07_report/CpG_context_sampling_13466_651_trimmed_bismark_bt2.CpG",4472,3702,770,4472
"12652","07_report/CpG_context_sampling_13466_652_trimmed_bismark_bt2.CpG",4308,3591,717,4308
"12653","07_report/CpG_context_sampling_13466_653_trimmed_bismark_bt2.CpG",4415,3674,741,4415
"12654","07_report/CpG_context_sampling_13466_654_trimmed_bismark_bt2.CpG",4431,3684,747,4431
"12655","07_report/CpG_context_sampling_13466_655_trimmed_bismark_bt2.CpG",4331,3591,740,4331
"12656","07_report/CpG_context_sampling_13466_656_trimmed_bismark_bt2.CpG",4342,3601,741,4342
"12657","07_report/CpG_context_sampling_13466_657_trimmed_bismark_bt2.CpG",4414,3673,741,4414
"12658","07_report/CpG_context_sampling_13466_658_trimmed_bismark_bt2.CpG",4343,3639,704,4343
"12659","07_report/CpG_context_sampling_13466_659_trimmed_bismark_bt2.CpG",4241,3512,729,4241
"12660","07_report/CpG_context_sampling_13466_660_trimmed_bismark_bt2.CpG",4334,3601,733,4334
"12661","07_report/CpG_context_sampling_13466_661_trimmed_bismark_bt2.CpG",4380,3645,735,4380
"12662","07_report/CpG_context_sampling_13466_662_trimmed_bismark_bt2.CpG",4370,3663,707,4370
"12663","07_report/CpG_context_sampling_13466_663_trimmed_bismark_bt2.CpG",4403,3648,755,4403
"12664","07_report/CpG_context_sampling_13466_664_trimmed_bismark_bt2.CpG",4311,3608,703,4311
"12665","07_report/CpG_context_sampling_13466_665_trimmed_bismark_bt2.CpG",4312,3593,719,4312
"12666","07_report/CpG_context_sampling_13466_666_trimmed_bismark_bt2.CpG",4440,3709,731,4440
"12667","07_report/CpG_context_sampling_13466_667_trimmed_bismark_bt2.CpG",4384,3675,709,4384
"12668","07_report/CpG_context_sampling_13466_668_trimmed_bismark_bt2.CpG",4321,3561,760,4321
"12669","07_report/CpG_context_sampling_13466_669_trimmed_bismark_bt2.CpG",4336,3626,710,4336
"12670","07_report/CpG_context_sampling_13466_670_trimmed_bismark_bt2.CpG",4239,3541,698,4239
"12671","07_report/CpG_context_sampling_13466_671_trimmed_bismark_bt2.CpG",4386,3637,749,4386
"12672","07_report/CpG_context_sampling_13466_672_trimmed_bismark_bt2.CpG",4421,3673,748,4421
"12673","07_report/CpG_context_sampling_13466_673_trimmed_bismark_bt2.CpG",4416,3670,746,4416
"12674","07_report/CpG_context_sampling_13466_674_trimmed_bismark_bt2.CpG",4340,3589,751,4340
"12675","07_report/CpG_context_sampling_13466_675_trimmed_bismark_bt2.CpG",4397,3654,743,4397
"12676","07_report/CpG_context_sampling_13466_676_trimmed_bismark_bt2.CpG",4292,3575,717,4292
"12677","07_report/CpG_context_sampling_13466_677_trimmed_bismark_bt2.CpG",4363,3624,739,4363
"12678","07_report/CpG_context_sampling_13466_678_trimmed_bismark_bt2.CpG",4405,3669,736,4405
"12679","07_report/CpG_context_sampling_13466_679_trimmed_bismark_bt2.CpG",4347,3633,714,4347
"12680","07_report/CpG_context_sampling_13466_680_trimmed_bismark_bt2.CpG",4317,3592,725,4317
"12681","07_report/CpG_context_sampling_13466_681_trimmed_bismark_bt2.CpG",4381,3655,726,4381
"12682","07_report/CpG_context_sampling_13466_682_trimmed_bismark_bt2.CpG",4248,3523,725,4248
"12683","07_report/CpG_context_sampling_13466_683_trimmed_bismark_bt2.CpG",4369,3584,785,4369
"12684","07_report/CpG_context_sampling_13466_684_trimmed_bismark_bt2.CpG",4325,3637,688,4325
"12685","07_report/CpG_context_sampling_13466_685_trimmed_bismark_bt2.CpG",4334,3599,735,4334
"12686","07_report/CpG_context_sampling_13466_686_trimmed_bismark_bt2.CpG",4429,3730,699,4429
"12687","07_report/CpG_context_sampling_13466_687_trimmed_bismark_bt2.CpG",4338,3614,724,4338
"12688","07_report/CpG_context_sampling_13466_688_trimmed_bismark_bt2.CpG",4472,3714,758,4472
"12689","07_report/CpG_context_sampling_13466_689_trimmed_bismark_bt2.CpG",4436,3689,747,4436
"12690","07_report/CpG_context_sampling_13466_690_trimmed_bismark_bt2.CpG",4407,3697,710,4407
"12691","07_report/CpG_context_sampling_13466_691_trimmed_bismark_bt2.CpG",4429,3699,730,4429
"12692","07_report/CpG_context_sampling_13466_692_trimmed_bismark_bt2.CpG",4383,3660,723,4383
"12693","07_report/CpG_context_sampling_13466_693_trimmed_bismark_bt2.CpG",4357,3594,763,4357
"12694","07_report/CpG_context_sampling_13466_694_trimmed_bismark_bt2.CpG",4319,3577,742,4319
"12695","07_report/CpG_context_sampling_13466_695_trimmed_bismark_bt2.CpG",4348,3649,699,4348
"12696","07_report/CpG_context_sampling_13466_696_trimmed_bismark_bt2.CpG",4370,3611,759,4370
"12697","07_report/CpG_context_sampling_13466_697_trimmed_bismark_bt2.CpG",4444,3683,761,4444
"12698","07_report/CpG_context_sampling_13466_698_trimmed_bismark_bt2.CpG",4424,3710,714,4424
"12699","07_report/CpG_context_sampling_13466_699_trimmed_bismark_bt2.CpG",4204,3494,710,4204
"12700","07_report/CpG_context_sampling_13466_700_trimmed_bismark_bt2.CpG",4385,3650,735,4385
"12701","07_report/CpG_context_sampling_13466_701_trimmed_bismark_bt2.CpG",4325,3596,729,4325
"12702","07_report/CpG_context_sampling_13466_702_trimmed_bismark_bt2.CpG",4360,3639,721,4360
"12703","07_report/CpG_context_sampling_13466_703_trimmed_bismark_bt2.CpG",4276,3555,721,4276
"12704","07_report/CpG_context_sampling_13466_704_trimmed_bismark_bt2.CpG",4307,3577,730,4307
"12705","07_report/CpG_context_sampling_13466_705_trimmed_bismark_bt2.CpG",4456,3726,730,4456
"12706","07_report/CpG_context_sampling_13466_706_trimmed_bismark_bt2.CpG",4305,3587,718,4305
"12707","07_report/CpG_context_sampling_13466_707_trimmed_bismark_bt2.CpG",4423,3636,787,4423
"12708","07_report/CpG_context_sampling_13466_708_trimmed_bismark_bt2.CpG",4522,3760,762,4522
"12709","07_report/CpG_context_sampling_13466_709_trimmed_bismark_bt2.CpG",4357,3627,730,4357
"12710","07_report/CpG_context_sampling_13466_710_trimmed_bismark_bt2.CpG",4345,3581,764,4345
"12711","07_report/CpG_context_sampling_13466_711_trimmed_bismark_bt2.CpG",4328,3641,687,4328
"12712","07_report/CpG_context_sampling_13466_712_trimmed_bismark_bt2.CpG",4363,3635,728,4363
"12713","07_report/CpG_context_sampling_13466_713_trimmed_bismark_bt2.CpG",4328,3607,721,4328
"12714","07_report/CpG_context_sampling_13466_714_trimmed_bismark_bt2.CpG",4466,3728,738,4466
"12715","07_report/CpG_context_sampling_13466_715_trimmed_bismark_bt2.CpG",4407,3604,803,4407
"12716","07_report/CpG_context_sampling_13466_716_trimmed_bismark_bt2.CpG",4352,3631,721,4352
"12717","07_report/CpG_context_sampling_13466_717_trimmed_bismark_bt2.CpG",4335,3596,739,4335
"12718","07_report/CpG_context_sampling_13466_718_trimmed_bismark_bt2.CpG",4328,3567,761,4328
"12719","07_report/CpG_context_sampling_13466_719_trimmed_bismark_bt2.CpG",4376,3576,800,4376
"12720","07_report/CpG_context_sampling_13466_720_trimmed_bismark_bt2.CpG",4315,3569,746,4315
"12721","07_report/CpG_context_sampling_13466_721_trimmed_bismark_bt2.CpG",4446,3660,786,4446
"12722","07_report/CpG_context_sampling_13466_722_trimmed_bismark_bt2.CpG",4312,3529,783,4312
"12723","07_report/CpG_context_sampling_13466_723_trimmed_bismark_bt2.CpG",4300,3586,714,4300
"12724","07_report/CpG_context_sampling_13466_724_trimmed_bismark_bt2.CpG",4349,3618,731,4349
"12725","07_report/CpG_context_sampling_13466_725_trimmed_bismark_bt2.CpG",4379,3642,737,4379
"12726","07_report/CpG_context_sampling_13466_726_trimmed_bismark_bt2.CpG",4375,3707,668,4375
"12727","07_report/CpG_context_sampling_13466_727_trimmed_bismark_bt2.CpG",4360,3649,711,4360
"12728","07_report/CpG_context_sampling_13466_728_trimmed_bismark_bt2.CpG",4331,3614,717,4331
"12729","07_report/CpG_context_sampling_13466_729_trimmed_bismark_bt2.CpG",4375,3625,750,4375
"12730","07_report/CpG_context_sampling_13466_730_trimmed_bismark_bt2.CpG",4370,3630,740,4370
"12731","07_report/CpG_context_sampling_13466_731_trimmed_bismark_bt2.CpG",4334,3576,758,4334
"12732","07_report/CpG_context_sampling_13466_732_trimmed_bismark_bt2.CpG",4302,3605,697,4302
"12733","07_report/CpG_context_sampling_13466_733_trimmed_bismark_bt2.CpG",4346,3611,735,4346
"12734","07_report/CpG_context_sampling_13466_734_trimmed_bismark_bt2.CpG",4370,3565,805,4370
"12735","07_report/CpG_context_sampling_13466_735_trimmed_bismark_bt2.CpG",4326,3598,728,4326
"12736","07_report/CpG_context_sampling_13466_736_trimmed_bismark_bt2.CpG",4361,3636,725,4361
"12737","07_report/CpG_context_sampling_13466_737_trimmed_bismark_bt2.CpG",4399,3653,746,4399
"12738","07_report/CpG_context_sampling_13466_738_trimmed_bismark_bt2.CpG",4317,3603,714,4317
"12739","07_report/CpG_context_sampling_13466_739_trimmed_bismark_bt2.CpG",4454,3703,751,4454
"12740","07_report/CpG_context_sampling_13466_740_trimmed_bismark_bt2.CpG",4427,3688,739,4427
"12741","07_report/CpG_context_sampling_13466_741_trimmed_bismark_bt2.CpG",4350,3626,724,4350
"12742","07_report/CpG_context_sampling_13466_742_trimmed_bismark_bt2.CpG",4471,3690,781,4471
"12743","07_report/CpG_context_sampling_13466_743_trimmed_bismark_bt2.CpG",4507,3748,759,4507
"12744","07_report/CpG_context_sampling_13466_744_trimmed_bismark_bt2.CpG",4342,3582,760,4342
"12745","07_report/CpG_context_sampling_13466_745_trimmed_bismark_bt2.CpG",4324,3654,670,4324
"12746","07_report/CpG_context_sampling_13466_746_trimmed_bismark_bt2.CpG",4358,3634,724,4358
"12747","07_report/CpG_context_sampling_13466_747_trimmed_bismark_bt2.CpG",4340,3621,719,4340
"12748","07_report/CpG_context_sampling_13466_748_trimmed_bismark_bt2.CpG",4401,3652,749,4401
"12749","07_report/CpG_context_sampling_13466_749_trimmed_bismark_bt2.CpG",4366,3608,758,4366
"12750","07_report/CpG_context_sampling_13466_750_trimmed_bismark_bt2.CpG",4453,3657,796,4453
"12751","07_report/CpG_context_sampling_13466_751_trimmed_bismark_bt2.CpG",4371,3632,739,4371
"12752","07_report/CpG_context_sampling_13466_752_trimmed_bismark_bt2.CpG",4311,3581,730,4311
"12753","07_report/CpG_context_sampling_13466_753_trimmed_bismark_bt2.CpG",4332,3574,758,4332
"12754","07_report/CpG_context_sampling_13466_754_trimmed_bismark_bt2.CpG",4295,3531,764,4295
"12755","07_report/CpG_context_sampling_13466_755_trimmed_bismark_bt2.CpG",4407,3611,796,4407
"12756","07_report/CpG_context_sampling_13466_756_trimmed_bismark_bt2.CpG",4384,3599,785,4384
"12757","07_report/CpG_context_sampling_13466_757_trimmed_bismark_bt2.CpG",4317,3571,746,4317
"12758","07_report/CpG_context_sampling_13466_758_trimmed_bismark_bt2.CpG",4427,3638,789,4427
"12759","07_report/CpG_context_sampling_13466_759_trimmed_bismark_bt2.CpG",4370,3617,753,4370
"12760","07_report/CpG_context_sampling_13466_760_trimmed_bismark_bt2.CpG",4324,3600,724,4324
"12761","07_report/CpG_context_sampling_13466_761_trimmed_bismark_bt2.CpG",4344,3665,679,4344
"12762","07_report/CpG_context_sampling_13466_762_trimmed_bismark_bt2.CpG",4428,3693,735,4428
"12763","07_report/CpG_context_sampling_13466_763_trimmed_bismark_bt2.CpG",4391,3659,732,4391
"12764","07_report/CpG_context_sampling_13466_764_trimmed_bismark_bt2.CpG",4264,3555,709,4264
"12765","07_report/CpG_context_sampling_13466_765_trimmed_bismark_bt2.CpG",4352,3598,754,4352
"12766","07_report/CpG_context_sampling_13466_766_trimmed_bismark_bt2.CpG",4313,3616,697,4313
"12767","07_report/CpG_context_sampling_13466_767_trimmed_bismark_bt2.CpG",4362,3633,729,4362
"12768","07_report/CpG_context_sampling_13466_768_trimmed_bismark_bt2.CpG",4281,3601,680,4281
"12769","07_report/CpG_context_sampling_13466_769_trimmed_bismark_bt2.CpG",4410,3698,712,4410
"12770","07_report/CpG_context_sampling_13466_770_trimmed_bismark_bt2.CpG",4266,3554,712,4266
"12771","07_report/CpG_context_sampling_13466_771_trimmed_bismark_bt2.CpG",4317,3576,741,4317
"12772","07_report/CpG_context_sampling_13466_772_trimmed_bismark_bt2.CpG",4344,3629,715,4344
"12773","07_report/CpG_context_sampling_13466_773_trimmed_bismark_bt2.CpG",4390,3575,815,4390
"12774","07_report/CpG_context_sampling_13466_774_trimmed_bismark_bt2.CpG",4315,3604,711,4315
"12775","07_report/CpG_context_sampling_13466_775_trimmed_bismark_bt2.CpG",4351,3611,740,4351
"12776","07_report/CpG_context_sampling_13466_776_trimmed_bismark_bt2.CpG",4325,3602,723,4325
"12777","07_report/CpG_context_sampling_13466_777_trimmed_bismark_bt2.CpG",4456,3702,754,4456
"12778","07_report/CpG_context_sampling_13466_778_trimmed_bismark_bt2.CpG",4258,3540,718,4258
"12779","07_report/CpG_context_sampling_13466_779_trimmed_bismark_bt2.CpG",4366,3640,726,4366
"12780","07_report/CpG_context_sampling_13466_780_trimmed_bismark_bt2.CpG",4435,3701,734,4435
"12781","07_report/CpG_context_sampling_13466_781_trimmed_bismark_bt2.CpG",4357,3605,752,4357
"12782","07_report/CpG_context_sampling_13466_782_trimmed_bismark_bt2.CpG",4309,3532,777,4309
"12783","07_report/CpG_context_sampling_13466_783_trimmed_bismark_bt2.CpG",4311,3593,718,4311
"12784","07_report/CpG_context_sampling_13466_784_trimmed_bismark_bt2.CpG",4334,3608,726,4334
"12785","07_report/CpG_context_sampling_13466_785_trimmed_bismark_bt2.CpG",4357,3621,736,4357
"12786","07_report/CpG_context_sampling_13466_786_trimmed_bismark_bt2.CpG",4380,3588,792,4380
"12787","07_report/CpG_context_sampling_13466_787_trimmed_bismark_bt2.CpG",4470,3732,738,4470
"12788","07_report/CpG_context_sampling_13466_788_trimmed_bismark_bt2.CpG",4488,3721,767,4488
"12789","07_report/CpG_context_sampling_13466_789_trimmed_bismark_bt2.CpG",4330,3567,763,4330
"12790","07_report/CpG_context_sampling_13466_790_trimmed_bismark_bt2.CpG",4293,3644,649,4293
"12791","07_report/CpG_context_sampling_13466_791_trimmed_bismark_bt2.CpG",4265,3514,751,4265
"12792","07_report/CpG_context_sampling_13466_792_trimmed_bismark_bt2.CpG",4322,3589,733,4322
"12793","07_report/CpG_context_sampling_13466_793_trimmed_bismark_bt2.CpG",4368,3630,738,4368
"12794","07_report/CpG_context_sampling_13466_794_trimmed_bismark_bt2.CpG",4376,3656,720,4376
"12795","07_report/CpG_context_sampling_13466_795_trimmed_bismark_bt2.CpG",4403,3662,741,4403
"12796","07_report/CpG_context_sampling_13466_796_trimmed_bismark_bt2.CpG",4366,3599,767,4366
"12797","07_report/CpG_context_sampling_13466_797_trimmed_bismark_bt2.CpG",4403,3677,726,4403
"12798","07_report/CpG_context_sampling_13466_798_trimmed_bismark_bt2.CpG",4321,3590,731,4321
"12799","07_report/CpG_context_sampling_13466_799_trimmed_bismark_bt2.CpG",4371,3665,706,4371
"12800","07_report/CpG_context_sampling_13466_800_trimmed_bismark_bt2.CpG",4366,3661,705,4366
"12801","07_report/CpG_context_sampling_13466_801_trimmed_bismark_bt2.CpG",4343,3619,724,4343
"12802","07_report/CpG_context_sampling_13466_802_trimmed_bismark_bt2.CpG",4447,3694,753,4447
"12803","07_report/CpG_context_sampling_13466_803_trimmed_bismark_bt2.CpG",4313,3574,739,4313
"12804","07_report/CpG_context_sampling_13466_804_trimmed_bismark_bt2.CpG",4382,3578,804,4382
"12805","07_report/CpG_context_sampling_13466_805_trimmed_bismark_bt2.CpG",4418,3650,768,4418
"12806","07_report/CpG_context_sampling_13466_806_trimmed_bismark_bt2.CpG",4375,3611,764,4375
"12807","07_report/CpG_context_sampling_13466_807_trimmed_bismark_bt2.CpG",4401,3708,693,4401
"12808","07_report/CpG_context_sampling_13466_808_trimmed_bismark_bt2.CpG",4367,3621,746,4367
"12809","07_report/CpG_context_sampling_13466_809_trimmed_bismark_bt2.CpG",4359,3634,725,4359
"12810","07_report/CpG_context_sampling_13466_810_trimmed_bismark_bt2.CpG",4247,3559,688,4247
"12811","07_report/CpG_context_sampling_13466_811_trimmed_bismark_bt2.CpG",4434,3673,761,4434
"12812","07_report/CpG_context_sampling_13466_812_trimmed_bismark_bt2.CpG",4378,3655,723,4378
"12813","07_report/CpG_context_sampling_13466_813_trimmed_bismark_bt2.CpG",4425,3616,809,4425
"12814","07_report/CpG_context_sampling_13466_814_trimmed_bismark_bt2.CpG",4326,3573,753,4326
"12815","07_report/CpG_context_sampling_13466_815_trimmed_bismark_bt2.CpG",4362,3607,755,4362
"12816","07_report/CpG_context_sampling_13466_816_trimmed_bismark_bt2.CpG",4283,3550,733,4283
"12817","07_report/CpG_context_sampling_13466_817_trimmed_bismark_bt2.CpG",4413,3709,704,4413
"12818","07_report/CpG_context_sampling_13466_818_trimmed_bismark_bt2.CpG",4415,3653,762,4415
"12819","07_report/CpG_context_sampling_13466_819_trimmed_bismark_bt2.CpG",4406,3655,751,4406
"12820","07_report/CpG_context_sampling_13466_820_trimmed_bismark_bt2.CpG",4382,3611,771,4382
"12821","07_report/CpG_context_sampling_13466_821_trimmed_bismark_bt2.CpG",4416,3677,739,4416
"12822","07_report/CpG_context_sampling_13466_822_trimmed_bismark_bt2.CpG",4326,3621,705,4326
"12823","07_report/CpG_context_sampling_13466_823_trimmed_bismark_bt2.CpG",4354,3599,755,4354
"12824","07_report/CpG_context_sampling_13466_824_trimmed_bismark_bt2.CpG",4274,3567,707,4274
"12825","07_report/CpG_context_sampling_13466_825_trimmed_bismark_bt2.CpG",4221,3496,725,4221
"12826","07_report/CpG_context_sampling_13466_826_trimmed_bismark_bt2.CpG",4265,3486,779,4265
"12827","07_report/CpG_context_sampling_13466_827_trimmed_bismark_bt2.CpG",4263,3542,721,4263
"12828","07_report/CpG_context_sampling_13466_828_trimmed_bismark_bt2.CpG",4304,3570,734,4304
"12829","07_report/CpG_context_sampling_13466_829_trimmed_bismark_bt2.CpG",4420,3668,752,4420
"12830","07_report/CpG_context_sampling_13466_830_trimmed_bismark_bt2.CpG",4360,3643,717,4360
"12831","07_report/CpG_context_sampling_13466_831_trimmed_bismark_bt2.CpG",4267,3546,721,4267
"12832","07_report/CpG_context_sampling_13466_832_trimmed_bismark_bt2.CpG",4365,3675,690,4365
"12833","07_report/CpG_context_sampling_13466_833_trimmed_bismark_bt2.CpG",4348,3607,741,4348
"12834","07_report/CpG_context_sampling_13466_834_trimmed_bismark_bt2.CpG",4330,3662,668,4330
"12835","07_report/CpG_context_sampling_13466_835_trimmed_bismark_bt2.CpG",4381,3662,719,4381
"12836","07_report/CpG_context_sampling_13466_836_trimmed_bismark_bt2.CpG",4413,3697,716,4413
"12837","07_report/CpG_context_sampling_13466_837_trimmed_bismark_bt2.CpG",4344,3615,729,4344
"12838","07_report/CpG_context_sampling_13466_838_trimmed_bismark_bt2.CpG",4398,3645,753,4398
"12839","07_report/CpG_context_sampling_13466_839_trimmed_bismark_bt2.CpG",4369,3616,753,4369
"12840","07_report/CpG_context_sampling_13466_840_trimmed_bismark_bt2.CpG",4393,3650,743,4393
"12841","07_report/CpG_context_sampling_13466_841_trimmed_bismark_bt2.CpG",4307,3596,711,4307
"12842","07_report/CpG_context_sampling_13466_842_trimmed_bismark_bt2.CpG",4384,3620,764,4384
"12843","07_report/CpG_context_sampling_13466_843_trimmed_bismark_bt2.CpG",4330,3606,724,4330
"12844","07_report/CpG_context_sampling_13466_844_trimmed_bismark_bt2.CpG",4295,3566,729,4295
"12845","07_report/CpG_context_sampling_13466_845_trimmed_bismark_bt2.CpG",4324,3598,726,4324
"12846","07_report/CpG_context_sampling_13466_846_trimmed_bismark_bt2.CpG",4360,3619,741,4360
"12847","07_report/CpG_context_sampling_13466_847_trimmed_bismark_bt2.CpG",4346,3593,753,4346
"12848","07_report/CpG_context_sampling_13466_848_trimmed_bismark_bt2.CpG",4357,3637,720,4357
"12849","07_report/CpG_context_sampling_13466_849_trimmed_bismark_bt2.CpG",4428,3686,742,4428
"12850","07_report/CpG_context_sampling_13466_850_trimmed_bismark_bt2.CpG",4307,3541,766,4307
"12851","07_report/CpG_context_sampling_13466_851_trimmed_bismark_bt2.CpG",4369,3632,737,4369
"12852","07_report/CpG_context_sampling_13466_852_trimmed_bismark_bt2.CpG",4401,3673,728,4401
"12853","07_report/CpG_context_sampling_13466_853_trimmed_bismark_bt2.CpG",4359,3613,746,4359
"12854","07_report/CpG_context_sampling_13466_854_trimmed_bismark_bt2.CpG",4327,3580,747,4327
"12855","07_report/CpG_context_sampling_13466_855_trimmed_bismark_bt2.CpG",4382,3654,728,4382
"12856","07_report/CpG_context_sampling_13466_856_trimmed_bismark_bt2.CpG",4323,3565,758,4323
"12857","07_report/CpG_context_sampling_13466_857_trimmed_bismark_bt2.CpG",4466,3717,749,4466
"12858","07_report/CpG_context_sampling_13466_858_trimmed_bismark_bt2.CpG",4417,3668,749,4417
"12859","07_report/CpG_context_sampling_13466_859_trimmed_bismark_bt2.CpG",4373,3668,705,4373
"12860","07_report/CpG_context_sampling_13466_860_trimmed_bismark_bt2.CpG",4339,3588,751,4339
"12861","07_report/CpG_context_sampling_13466_861_trimmed_bismark_bt2.CpG",4385,3559,826,4385
"12862","07_report/CpG_context_sampling_13466_862_trimmed_bismark_bt2.CpG",4299,3585,714,4299
"12863","07_report/CpG_context_sampling_13466_863_trimmed_bismark_bt2.CpG",4355,3650,705,4355
"12864","07_report/CpG_context_sampling_13466_864_trimmed_bismark_bt2.CpG",4432,3727,705,4432
"12865","07_report/CpG_context_sampling_13466_865_trimmed_bismark_bt2.CpG",4306,3561,745,4306
"12866","07_report/CpG_context_sampling_13466_866_trimmed_bismark_bt2.CpG",4386,3641,745,4386
"12867","07_report/CpG_context_sampling_13466_867_trimmed_bismark_bt2.CpG",4486,3723,763,4486
"12868","07_report/CpG_context_sampling_13466_868_trimmed_bismark_bt2.CpG",4344,3649,695,4344
"12869","07_report/CpG_context_sampling_13466_869_trimmed_bismark_bt2.CpG",4310,3618,692,4310
"12870","07_report/CpG_context_sampling_13466_870_trimmed_bismark_bt2.CpG",4332,3602,730,4332
"12871","07_report/CpG_context_sampling_13466_871_trimmed_bismark_bt2.CpG",4400,3653,747,4400
"12872","07_report/CpG_context_sampling_13466_872_trimmed_bismark_bt2.CpG",4371,3668,703,4371
"12873","07_report/CpG_context_sampling_13466_873_trimmed_bismark_bt2.CpG",4281,3564,717,4281
"12874","07_report/CpG_context_sampling_13466_874_trimmed_bismark_bt2.CpG",4415,3688,727,4415
"12875","07_report/CpG_context_sampling_13466_875_trimmed_bismark_bt2.CpG",4427,3666,761,4427
"12876","07_report/CpG_context_sampling_13466_876_trimmed_bismark_bt2.CpG",4462,3718,744,4462
"12877","07_report/CpG_context_sampling_13466_877_trimmed_bismark_bt2.CpG",4364,3657,707,4364
"12878","07_report/CpG_context_sampling_13466_878_trimmed_bismark_bt2.CpG",4315,3566,749,4315
"12879","07_report/CpG_context_sampling_13466_879_trimmed_bismark_bt2.CpG",4404,3644,760,4404
"12880","07_report/CpG_context_sampling_13466_880_trimmed_bismark_bt2.CpG",4391,3649,742,4391
"12881","07_report/CpG_context_sampling_13466_881_trimmed_bismark_bt2.CpG",4258,3546,712,4258
"12882","07_report/CpG_context_sampling_13466_882_trimmed_bismark_bt2.CpG",4433,3715,718,4433
"12883","07_report/CpG_context_sampling_13466_883_trimmed_bismark_bt2.CpG",4351,3634,717,4351
"12884","07_report/CpG_context_sampling_13466_884_trimmed_bismark_bt2.CpG",4390,3635,755,4390
"12885","07_report/CpG_context_sampling_13466_885_trimmed_bismark_bt2.CpG",4464,3729,735,4464
"12886","07_report/CpG_context_sampling_13466_886_trimmed_bismark_bt2.CpG",4435,3718,717,4435
"12887","07_report/CpG_context_sampling_13466_887_trimmed_bismark_bt2.CpG",4366,3602,764,4366
"12888","07_report/CpG_context_sampling_13466_888_trimmed_bismark_bt2.CpG",4334,3579,755,4334
"12889","07_report/CpG_context_sampling_13466_889_trimmed_bismark_bt2.CpG",4342,3625,717,4342
"12890","07_report/CpG_context_sampling_13466_890_trimmed_bismark_bt2.CpG",4390,3658,732,4390
"12891","07_report/CpG_context_sampling_13466_891_trimmed_bismark_bt2.CpG",4346,3610,736,4346
"12892","07_report/CpG_context_sampling_13466_892_trimmed_bismark_bt2.CpG",4474,3742,732,4474
"12893","07_report/CpG_context_sampling_13466_893_trimmed_bismark_bt2.CpG",4332,3641,691,4332
"12894","07_report/CpG_context_sampling_13466_894_trimmed_bismark_bt2.CpG",4372,3630,742,4372
"12895","07_report/CpG_context_sampling_13466_895_trimmed_bismark_bt2.CpG",4358,3612,746,4358
"12896","07_report/CpG_context_sampling_13466_896_trimmed_bismark_bt2.CpG",4374,3636,738,4374
"12897","07_report/CpG_context_sampling_13466_897_trimmed_bismark_bt2.CpG",4377,3601,776,4377
"12898","07_report/CpG_context_sampling_13466_898_trimmed_bismark_bt2.CpG",4278,3532,746,4278
"12899","07_report/CpG_context_sampling_13466_899_trimmed_bismark_bt2.CpG",4331,3575,756,4331
"12900","07_report/CpG_context_sampling_13466_900_trimmed_bismark_bt2.CpG",4457,3740,717,4457
"12901","07_report/CpG_context_sampling_13466_901_trimmed_bismark_bt2.CpG",4276,3566,710,4276
"12902","07_report/CpG_context_sampling_13466_902_trimmed_bismark_bt2.CpG",4385,3640,745,4385
"12903","07_report/CpG_context_sampling_13466_903_trimmed_bismark_bt2.CpG",4312,3573,739,4312
"12904","07_report/CpG_context_sampling_13466_904_trimmed_bismark_bt2.CpG",4310,3597,713,4310
"12905","07_report/CpG_context_sampling_13466_905_trimmed_bismark_bt2.CpG",4342,3611,731,4342
"12906","07_report/CpG_context_sampling_13466_906_trimmed_bismark_bt2.CpG",4359,3619,740,4359
"12907","07_report/CpG_context_sampling_13466_907_trimmed_bismark_bt2.CpG",4319,3574,745,4319
"12908","07_report/CpG_context_sampling_13466_908_trimmed_bismark_bt2.CpG",4343,3633,710,4343
"12909","07_report/CpG_context_sampling_13466_909_trimmed_bismark_bt2.CpG",4391,3663,728,4391
"12910","07_report/CpG_context_sampling_13466_910_trimmed_bismark_bt2.CpG",4388,3631,757,4388
"12911","07_report/CpG_context_sampling_13466_911_trimmed_bismark_bt2.CpG",4412,3689,723,4412
"12912","07_report/CpG_context_sampling_13466_912_trimmed_bismark_bt2.CpG",4452,3695,757,4452
"12913","07_report/CpG_context_sampling_13466_913_trimmed_bismark_bt2.CpG",4331,3584,747,4331
"12914","07_report/CpG_context_sampling_13466_914_trimmed_bismark_bt2.CpG",4283,3558,725,4283
"12915","07_report/CpG_context_sampling_13466_915_trimmed_bismark_bt2.CpG",4371,3652,719,4371
"12916","07_report/CpG_context_sampling_13466_916_trimmed_bismark_bt2.CpG",4427,3658,769,4427
"12917","07_report/CpG_context_sampling_13466_917_trimmed_bismark_bt2.CpG",4284,3574,710,4284
"12918","07_report/CpG_context_sampling_13466_918_trimmed_bismark_bt2.CpG",4365,3663,702,4365
"12919","07_report/CpG_context_sampling_13466_919_trimmed_bismark_bt2.CpG",4242,3540,702,4242
"12920","07_report/CpG_context_sampling_13466_920_trimmed_bismark_bt2.CpG",4424,3678,746,4424
"12921","07_report/CpG_context_sampling_13466_921_trimmed_bismark_bt2.CpG",4359,3664,695,4359
"12922","07_report/CpG_context_sampling_13466_922_trimmed_bismark_bt2.CpG",4405,3678,727,4405
"12923","07_report/CpG_context_sampling_13466_923_trimmed_bismark_bt2.CpG",4343,3619,724,4343
"12924","07_report/CpG_context_sampling_13466_924_trimmed_bismark_bt2.CpG",4346,3585,761,4346
"12925","07_report/CpG_context_sampling_13466_925_trimmed_bismark_bt2.CpG",4471,3699,772,4471
"12926","07_report/CpG_context_sampling_13466_926_trimmed_bismark_bt2.CpG",4267,3597,670,4267
"12927","07_report/CpG_context_sampling_13466_927_trimmed_bismark_bt2.CpG",4286,3593,693,4286
"12928","07_report/CpG_context_sampling_13466_928_trimmed_bismark_bt2.CpG",4381,3614,767,4381
"12929","07_report/CpG_context_sampling_13466_929_trimmed_bismark_bt2.CpG",4300,3565,735,4300
"12930","07_report/CpG_context_sampling_13466_930_trimmed_bismark_bt2.CpG",4380,3606,774,4380
"12931","07_report/CpG_context_sampling_13466_931_trimmed_bismark_bt2.CpG",4360,3613,747,4360
"12932","07_report/CpG_context_sampling_13466_932_trimmed_bismark_bt2.CpG",4351,3616,735,4351
"12933","07_report/CpG_context_sampling_13466_933_trimmed_bismark_bt2.CpG",4302,3581,721,4302
"12934","07_report/CpG_context_sampling_13466_934_trimmed_bismark_bt2.CpG",4356,3597,759,4356
"12935","07_report/CpG_context_sampling_13466_935_trimmed_bismark_bt2.CpG",4421,3717,704,4421
"12936","07_report/CpG_context_sampling_13466_936_trimmed_bismark_bt2.CpG",4368,3679,689,4368
"12937","07_report/CpG_context_sampling_13466_937_trimmed_bismark_bt2.CpG",4273,3538,735,4273
"12938","07_report/CpG_context_sampling_13466_938_trimmed_bismark_bt2.CpG",4394,3628,766,4394
"12939","07_report/CpG_context_sampling_13466_939_trimmed_bismark_bt2.CpG",4336,3644,692,4336
"12940","07_report/CpG_context_sampling_13466_940_trimmed_bismark_bt2.CpG",4410,3695,715,4410
"12941","07_report/CpG_context_sampling_13466_941_trimmed_bismark_bt2.CpG",4357,3594,763,4357
"12942","07_report/CpG_context_sampling_13466_942_trimmed_bismark_bt2.CpG",4374,3637,737,4374
"12943","07_report/CpG_context_sampling_13466_943_trimmed_bismark_bt2.CpG",4333,3586,747,4333
"12944","07_report/CpG_context_sampling_13466_944_trimmed_bismark_bt2.CpG",4198,3485,713,4198
"12945","07_report/CpG_context_sampling_13466_945_trimmed_bismark_bt2.CpG",4408,3697,711,4408
"12946","07_report/CpG_context_sampling_13466_946_trimmed_bismark_bt2.CpG",4343,3609,734,4343
"12947","07_report/CpG_context_sampling_13466_947_trimmed_bismark_bt2.CpG",4326,3599,727,4326
"12948","07_report/CpG_context_sampling_13466_948_trimmed_bismark_bt2.CpG",4341,3653,688,4341
"12949","07_report/CpG_context_sampling_13466_949_trimmed_bismark_bt2.CpG",4398,3682,716,4398
"12950","07_report/CpG_context_sampling_13466_950_trimmed_bismark_bt2.CpG",4410,3670,740,4410
"12951","07_report/CpG_context_sampling_13466_951_trimmed_bismark_bt2.CpG",4391,3648,743,4391
"12952","07_report/CpG_context_sampling_13466_952_trimmed_bismark_bt2.CpG",4294,3546,748,4294
"12953","07_report/CpG_context_sampling_13466_953_trimmed_bismark_bt2.CpG",4351,3614,737,4351
"12954","07_report/CpG_context_sampling_13466_954_trimmed_bismark_bt2.CpG",4395,3675,720,4395
"12955","07_report/CpG_context_sampling_13466_955_trimmed_bismark_bt2.CpG",4280,3564,716,4280
"12956","07_report/CpG_context_sampling_13466_956_trimmed_bismark_bt2.CpG",4310,3635,675,4310
"12957","07_report/CpG_context_sampling_13466_957_trimmed_bismark_bt2.CpG",4412,3643,769,4412
"12958","07_report/CpG_context_sampling_13466_958_trimmed_bismark_bt2.CpG",4489,3731,758,4489
"12959","07_report/CpG_context_sampling_13466_959_trimmed_bismark_bt2.CpG",4314,3620,694,4314
"12960","07_report/CpG_context_sampling_13466_960_trimmed_bismark_bt2.CpG",4317,3547,770,4317
"12961","07_report/CpG_context_sampling_13466_961_trimmed_bismark_bt2.CpG",4366,3605,761,4366
"12962","07_report/CpG_context_sampling_13466_962_trimmed_bismark_bt2.CpG",4476,3727,749,4476
"12963","07_report/CpG_context_sampling_13466_963_trimmed_bismark_bt2.CpG",4345,3621,724,4345
"12964","07_report/CpG_context_sampling_13466_964_trimmed_bismark_bt2.CpG",4270,3558,712,4270
"12965","07_report/CpG_context_sampling_13466_965_trimmed_bismark_bt2.CpG",4345,3647,698,4345
"12966","07_report/CpG_context_sampling_13466_966_trimmed_bismark_bt2.CpG",4354,3582,772,4354
"12967","07_report/CpG_context_sampling_13466_967_trimmed_bismark_bt2.CpG",4402,3691,711,4402
"12968","07_report/CpG_context_sampling_13466_968_trimmed_bismark_bt2.CpG",4425,3696,729,4425
"12969","07_report/CpG_context_sampling_13466_969_trimmed_bismark_bt2.CpG",4355,3651,704,4355
"12970","07_report/CpG_context_sampling_13466_970_trimmed_bismark_bt2.CpG",4339,3594,745,4339
"12971","07_report/CpG_context_sampling_13466_971_trimmed_bismark_bt2.CpG",4451,3694,757,4451
"12972","07_report/CpG_context_sampling_13466_972_trimmed_bismark_bt2.CpG",4363,3587,776,4363
"12973","07_report/CpG_context_sampling_13466_973_trimmed_bismark_bt2.CpG",4391,3622,769,4391
"12974","07_report/CpG_context_sampling_13466_974_trimmed_bismark_bt2.CpG",4292,3557,735,4292
"12975","07_report/CpG_context_sampling_13466_975_trimmed_bismark_bt2.CpG",4397,3627,770,4397
"12976","07_report/CpG_context_sampling_13466_976_trimmed_bismark_bt2.CpG",4264,3604,660,4264
"12977","07_report/CpG_context_sampling_13466_977_trimmed_bismark_bt2.CpG",4327,3597,730,4327
"12978","07_report/CpG_context_sampling_13466_978_trimmed_bismark_bt2.CpG",4390,3672,718,4390
"12979","07_report/CpG_context_sampling_13466_979_trimmed_bismark_bt2.CpG",4343,3590,753,4343
"12980","07_report/CpG_context_sampling_13466_980_trimmed_bismark_bt2.CpG",4332,3585,747,4332
"12981","07_report/CpG_context_sampling_13466_981_trimmed_bismark_bt2.CpG",4330,3581,749,4330
"12982","07_report/CpG_context_sampling_13466_982_trimmed_bismark_bt2.CpG",4376,3629,747,4376
"12983","07_report/CpG_context_sampling_13466_983_trimmed_bismark_bt2.CpG",4360,3642,718,4360
"12984","07_report/CpG_context_sampling_13466_984_trimmed_bismark_bt2.CpG",4260,3534,726,4260
"12985","07_report/CpG_context_sampling_13466_985_trimmed_bismark_bt2.CpG",4315,3564,751,4315
"12986","07_report/CpG_context_sampling_13466_986_trimmed_bismark_bt2.CpG",4384,3664,720,4384
"12987","07_report/CpG_context_sampling_13466_987_trimmed_bismark_bt2.CpG",4306,3576,730,4306
"12988","07_report/CpG_context_sampling_13466_988_trimmed_bismark_bt2.CpG",4392,3651,741,4392
"12989","07_report/CpG_context_sampling_13466_989_trimmed_bismark_bt2.CpG",4381,3629,752,4381
"12990","07_report/CpG_context_sampling_13466_990_trimmed_bismark_bt2.CpG",4313,3601,712,4313
"12991","07_report/CpG_context_sampling_13466_991_trimmed_bismark_bt2.CpG",4304,3553,751,4304
"12992","07_report/CpG_context_sampling_13466_992_trimmed_bismark_bt2.CpG",4268,3497,771,4268
"12993","07_report/CpG_context_sampling_13466_993_trimmed_bismark_bt2.CpG",4306,3601,705,4306
"12994","07_report/CpG_context_sampling_13466_994_trimmed_bismark_bt2.CpG",4323,3634,689,4323
"12995","07_report/CpG_context_sampling_13466_995_trimmed_bismark_bt2.CpG",4405,3625,780,4405
"12996","07_report/CpG_context_sampling_13466_996_trimmed_bismark_bt2.CpG",4368,3625,743,4368
"12997","07_report/CpG_context_sampling_13466_997_trimmed_bismark_bt2.CpG",4380,3652,728,4380
"12998","07_report/CpG_context_sampling_13466_998_trimmed_bismark_bt2.CpG",4285,3538,747,4285
"12999","07_report/CpG_context_sampling_13466_999_trimmed_bismark_bt2.CpG",4305,3573,732,4305
"13000","07_report/CpG_context_sampling_13466_1000_trimmed_bismark_bt2.CpG",4388,3628,760,4388
"13001","07_report/CpG_context_sampling_16833_1_trimmed_bismark_bt2.CpG",5390,4479,911,5390
"13002","07_report/CpG_context_sampling_16833_2_trimmed_bismark_bt2.CpG",5471,4515,956,5471
"13003","07_report/CpG_context_sampling_16833_3_trimmed_bismark_bt2.CpG",5482,4525,957,5482
"13004","07_report/CpG_context_sampling_16833_4_trimmed_bismark_bt2.CpG",5466,4557,909,5466
"13005","07_report/CpG_context_sampling_16833_5_trimmed_bismark_bt2.CpG",5461,4517,944,5461
"13006","07_report/CpG_context_sampling_16833_6_trimmed_bismark_bt2.CpG",5349,4428,921,5349
"13007","07_report/CpG_context_sampling_16833_7_trimmed_bismark_bt2.CpG",5456,4561,895,5456
"13008","07_report/CpG_context_sampling_16833_8_trimmed_bismark_bt2.CpG",5359,4454,905,5359
"13009","07_report/CpG_context_sampling_16833_9_trimmed_bismark_bt2.CpG",5489,4549,940,5489
"13010","07_report/CpG_context_sampling_16833_10_trimmed_bismark_bt2.CpG",5456,4522,934,5456
"13011","07_report/CpG_context_sampling_16833_11_trimmed_bismark_bt2.CpG",5512,4565,947,5512
"13012","07_report/CpG_context_sampling_16833_12_trimmed_bismark_bt2.CpG",5401,4472,929,5401
"13013","07_report/CpG_context_sampling_16833_13_trimmed_bismark_bt2.CpG",5493,4582,911,5493
"13014","07_report/CpG_context_sampling_16833_14_trimmed_bismark_bt2.CpG",5488,4556,932,5488
"13015","07_report/CpG_context_sampling_16833_15_trimmed_bismark_bt2.CpG",5534,4568,966,5534
"13016","07_report/CpG_context_sampling_16833_16_trimmed_bismark_bt2.CpG",5479,4570,909,5479
"13017","07_report/CpG_context_sampling_16833_17_trimmed_bismark_bt2.CpG",5477,4503,974,5477
"13018","07_report/CpG_context_sampling_16833_18_trimmed_bismark_bt2.CpG",5578,4644,934,5578
"13019","07_report/CpG_context_sampling_16833_19_trimmed_bismark_bt2.CpG",5454,4517,937,5454
"13020","07_report/CpG_context_sampling_16833_20_trimmed_bismark_bt2.CpG",5496,4536,960,5496
"13021","07_report/CpG_context_sampling_16833_21_trimmed_bismark_bt2.CpG",5413,4476,937,5413
"13022","07_report/CpG_context_sampling_16833_22_trimmed_bismark_bt2.CpG",5453,4534,919,5453
"13023","07_report/CpG_context_sampling_16833_23_trimmed_bismark_bt2.CpG",5453,4508,945,5453
"13024","07_report/CpG_context_sampling_16833_24_trimmed_bismark_bt2.CpG",5549,4634,915,5549
"13025","07_report/CpG_context_sampling_16833_25_trimmed_bismark_bt2.CpG",5384,4511,873,5384
"13026","07_report/CpG_context_sampling_16833_26_trimmed_bismark_bt2.CpG",5529,4614,915,5529
"13027","07_report/CpG_context_sampling_16833_27_trimmed_bismark_bt2.CpG",5391,4443,948,5391
"13028","07_report/CpG_context_sampling_16833_28_trimmed_bismark_bt2.CpG",5409,4502,907,5409
"13029","07_report/CpG_context_sampling_16833_29_trimmed_bismark_bt2.CpG",5463,4534,929,5463
"13030","07_report/CpG_context_sampling_16833_30_trimmed_bismark_bt2.CpG",5500,4570,930,5500
"13031","07_report/CpG_context_sampling_16833_31_trimmed_bismark_bt2.CpG",5458,4552,906,5458
"13032","07_report/CpG_context_sampling_16833_32_trimmed_bismark_bt2.CpG",5360,4445,915,5360
"13033","07_report/CpG_context_sampling_16833_33_trimmed_bismark_bt2.CpG",5462,4530,932,5462
"13034","07_report/CpG_context_sampling_16833_34_trimmed_bismark_bt2.CpG",5445,4533,912,5445
"13035","07_report/CpG_context_sampling_16833_35_trimmed_bismark_bt2.CpG",5465,4527,938,5465
"13036","07_report/CpG_context_sampling_16833_36_trimmed_bismark_bt2.CpG",5443,4533,910,5443
"13037","07_report/CpG_context_sampling_16833_37_trimmed_bismark_bt2.CpG",5469,4498,971,5469
"13038","07_report/CpG_context_sampling_16833_38_trimmed_bismark_bt2.CpG",5417,4461,956,5417
"13039","07_report/CpG_context_sampling_16833_39_trimmed_bismark_bt2.CpG",5370,4478,892,5370
"13040","07_report/CpG_context_sampling_16833_40_trimmed_bismark_bt2.CpG",5398,4506,892,5398
"13041","07_report/CpG_context_sampling_16833_41_trimmed_bismark_bt2.CpG",5528,4624,904,5528
"13042","07_report/CpG_context_sampling_16833_42_trimmed_bismark_bt2.CpG",5439,4575,864,5439
"13043","07_report/CpG_context_sampling_16833_43_trimmed_bismark_bt2.CpG",5577,4662,915,5577
"13044","07_report/CpG_context_sampling_16833_44_trimmed_bismark_bt2.CpG",5513,4554,959,5513
"13045","07_report/CpG_context_sampling_16833_45_trimmed_bismark_bt2.CpG",5462,4518,944,5462
"13046","07_report/CpG_context_sampling_16833_46_trimmed_bismark_bt2.CpG",5435,4500,935,5435
"13047","07_report/CpG_context_sampling_16833_47_trimmed_bismark_bt2.CpG",5386,4506,880,5386
"13048","07_report/CpG_context_sampling_16833_48_trimmed_bismark_bt2.CpG",5405,4451,954,5405
"13049","07_report/CpG_context_sampling_16833_49_trimmed_bismark_bt2.CpG",5466,4543,923,5466
"13050","07_report/CpG_context_sampling_16833_50_trimmed_bismark_bt2.CpG",5419,4551,868,5419
"13051","07_report/CpG_context_sampling_16833_51_trimmed_bismark_bt2.CpG",5396,4462,934,5396
"13052","07_report/CpG_context_sampling_16833_52_trimmed_bismark_bt2.CpG",5453,4542,911,5453
"13053","07_report/CpG_context_sampling_16833_53_trimmed_bismark_bt2.CpG",5409,4440,969,5409
"13054","07_report/CpG_context_sampling_16833_54_trimmed_bismark_bt2.CpG",5472,4593,879,5472
"13055","07_report/CpG_context_sampling_16833_55_trimmed_bismark_bt2.CpG",5407,4478,929,5407
"13056","07_report/CpG_context_sampling_16833_56_trimmed_bismark_bt2.CpG",5442,4481,961,5442
"13057","07_report/CpG_context_sampling_16833_57_trimmed_bismark_bt2.CpG",5447,4520,927,5447
"13058","07_report/CpG_context_sampling_16833_58_trimmed_bismark_bt2.CpG",5384,4471,913,5384
"13059","07_report/CpG_context_sampling_16833_59_trimmed_bismark_bt2.CpG",5430,4538,892,5430
"13060","07_report/CpG_context_sampling_16833_60_trimmed_bismark_bt2.CpG",5425,4559,866,5425
"13061","07_report/CpG_context_sampling_16833_61_trimmed_bismark_bt2.CpG",5383,4497,886,5383
"13062","07_report/CpG_context_sampling_16833_62_trimmed_bismark_bt2.CpG",5448,4562,886,5448
"13063","07_report/CpG_context_sampling_16833_63_trimmed_bismark_bt2.CpG",5450,4550,900,5450
"13064","07_report/CpG_context_sampling_16833_64_trimmed_bismark_bt2.CpG",5461,4514,947,5461
"13065","07_report/CpG_context_sampling_16833_65_trimmed_bismark_bt2.CpG",5548,4587,961,5548
"13066","07_report/CpG_context_sampling_16833_66_trimmed_bismark_bt2.CpG",5396,4487,909,5396
"13067","07_report/CpG_context_sampling_16833_67_trimmed_bismark_bt2.CpG",5479,4554,925,5479
"13068","07_report/CpG_context_sampling_16833_68_trimmed_bismark_bt2.CpG",5455,4568,887,5455
"13069","07_report/CpG_context_sampling_16833_69_trimmed_bismark_bt2.CpG",5407,4479,928,5407
"13070","07_report/CpG_context_sampling_16833_70_trimmed_bismark_bt2.CpG",5439,4513,926,5439
"13071","07_report/CpG_context_sampling_16833_71_trimmed_bismark_bt2.CpG",5481,4563,918,5481
"13072","07_report/CpG_context_sampling_16833_72_trimmed_bismark_bt2.CpG",5451,4500,951,5451
"13073","07_report/CpG_context_sampling_16833_73_trimmed_bismark_bt2.CpG",5558,4613,945,5558
"13074","07_report/CpG_context_sampling_16833_74_trimmed_bismark_bt2.CpG",5457,4574,883,5457
"13075","07_report/CpG_context_sampling_16833_75_trimmed_bismark_bt2.CpG",5391,4468,923,5391
"13076","07_report/CpG_context_sampling_16833_76_trimmed_bismark_bt2.CpG",5511,4584,927,5511
"13077","07_report/CpG_context_sampling_16833_77_trimmed_bismark_bt2.CpG",5533,4609,924,5533
"13078","07_report/CpG_context_sampling_16833_78_trimmed_bismark_bt2.CpG",5447,4580,867,5447
"13079","07_report/CpG_context_sampling_16833_79_trimmed_bismark_bt2.CpG",5400,4524,876,5400
"13080","07_report/CpG_context_sampling_16833_80_trimmed_bismark_bt2.CpG",5455,4542,913,5455
"13081","07_report/CpG_context_sampling_16833_81_trimmed_bismark_bt2.CpG",5388,4461,927,5388
"13082","07_report/CpG_context_sampling_16833_82_trimmed_bismark_bt2.CpG",5494,4608,886,5494
"13083","07_report/CpG_context_sampling_16833_83_trimmed_bismark_bt2.CpG",5477,4558,919,5477
"13084","07_report/CpG_context_sampling_16833_84_trimmed_bismark_bt2.CpG",5489,4544,945,5489
"13085","07_report/CpG_context_sampling_16833_85_trimmed_bismark_bt2.CpG",5548,4645,903,5548
"13086","07_report/CpG_context_sampling_16833_86_trimmed_bismark_bt2.CpG",5372,4431,941,5372
"13087","07_report/CpG_context_sampling_16833_87_trimmed_bismark_bt2.CpG",5417,4523,894,5417
"13088","07_report/CpG_context_sampling_16833_88_trimmed_bismark_bt2.CpG",5510,4579,931,5510
"13089","07_report/CpG_context_sampling_16833_89_trimmed_bismark_bt2.CpG",5491,4583,908,5491
"13090","07_report/CpG_context_sampling_16833_90_trimmed_bismark_bt2.CpG",5561,4589,972,5561
"13091","07_report/CpG_context_sampling_16833_91_trimmed_bismark_bt2.CpG",5414,4491,923,5414
"13092","07_report/CpG_context_sampling_16833_92_trimmed_bismark_bt2.CpG",5404,4486,918,5404
"13093","07_report/CpG_context_sampling_16833_93_trimmed_bismark_bt2.CpG",5340,4431,909,5340
"13094","07_report/CpG_context_sampling_16833_94_trimmed_bismark_bt2.CpG",5423,4525,898,5423
"13095","07_report/CpG_context_sampling_16833_95_trimmed_bismark_bt2.CpG",5494,4615,879,5494
"13096","07_report/CpG_context_sampling_16833_96_trimmed_bismark_bt2.CpG",5486,4554,932,5486
"13097","07_report/CpG_context_sampling_16833_97_trimmed_bismark_bt2.CpG",5438,4497,941,5438
"13098","07_report/CpG_context_sampling_16833_98_trimmed_bismark_bt2.CpG",5458,4548,910,5458
"13099","07_report/CpG_context_sampling_16833_99_trimmed_bismark_bt2.CpG",5499,4622,877,5499
"13100","07_report/CpG_context_sampling_16833_100_trimmed_bismark_bt2.CpG",5492,4539,953,5492
"13101","07_report/CpG_context_sampling_16833_101_trimmed_bismark_bt2.CpG",5528,4601,927,5528
"13102","07_report/CpG_context_sampling_16833_102_trimmed_bismark_bt2.CpG",5470,4603,867,5470
"13103","07_report/CpG_context_sampling_16833_103_trimmed_bismark_bt2.CpG",5471,4549,922,5471
"13104","07_report/CpG_context_sampling_16833_104_trimmed_bismark_bt2.CpG",5448,4515,933,5448
"13105","07_report/CpG_context_sampling_16833_105_trimmed_bismark_bt2.CpG",5497,4616,881,5497
"13106","07_report/CpG_context_sampling_16833_106_trimmed_bismark_bt2.CpG",5378,4454,924,5378
"13107","07_report/CpG_context_sampling_16833_107_trimmed_bismark_bt2.CpG",5420,4509,911,5420
"13108","07_report/CpG_context_sampling_16833_108_trimmed_bismark_bt2.CpG",5453,4532,921,5453
"13109","07_report/CpG_context_sampling_16833_109_trimmed_bismark_bt2.CpG",5413,4472,941,5413
"13110","07_report/CpG_context_sampling_16833_110_trimmed_bismark_bt2.CpG",5517,4576,941,5517
"13111","07_report/CpG_context_sampling_16833_111_trimmed_bismark_bt2.CpG",5358,4455,903,5358
"13112","07_report/CpG_context_sampling_16833_112_trimmed_bismark_bt2.CpG",5496,4582,914,5496
"13113","07_report/CpG_context_sampling_16833_113_trimmed_bismark_bt2.CpG",5410,4498,912,5410
"13114","07_report/CpG_context_sampling_16833_114_trimmed_bismark_bt2.CpG",5416,4535,881,5416
"13115","07_report/CpG_context_sampling_16833_115_trimmed_bismark_bt2.CpG",5508,4596,912,5508
"13116","07_report/CpG_context_sampling_16833_116_trimmed_bismark_bt2.CpG",5323,4395,928,5323
"13117","07_report/CpG_context_sampling_16833_117_trimmed_bismark_bt2.CpG",5514,4584,930,5514
"13118","07_report/CpG_context_sampling_16833_118_trimmed_bismark_bt2.CpG",5343,4416,927,5343
"13119","07_report/CpG_context_sampling_16833_119_trimmed_bismark_bt2.CpG",5476,4535,941,5476
"13120","07_report/CpG_context_sampling_16833_120_trimmed_bismark_bt2.CpG",5467,4556,911,5467
"13121","07_report/CpG_context_sampling_16833_121_trimmed_bismark_bt2.CpG",5533,4605,928,5533
"13122","07_report/CpG_context_sampling_16833_122_trimmed_bismark_bt2.CpG",5483,4576,907,5483
"13123","07_report/CpG_context_sampling_16833_123_trimmed_bismark_bt2.CpG",5407,4540,867,5407
"13124","07_report/CpG_context_sampling_16833_124_trimmed_bismark_bt2.CpG",5529,4611,918,5529
"13125","07_report/CpG_context_sampling_16833_125_trimmed_bismark_bt2.CpG",5394,4440,954,5394
"13126","07_report/CpG_context_sampling_16833_126_trimmed_bismark_bt2.CpG",5365,4494,871,5365
"13127","07_report/CpG_context_sampling_16833_127_trimmed_bismark_bt2.CpG",5444,4483,961,5444
"13128","07_report/CpG_context_sampling_16833_128_trimmed_bismark_bt2.CpG",5406,4498,908,5406
"13129","07_report/CpG_context_sampling_16833_129_trimmed_bismark_bt2.CpG",5484,4577,907,5484
"13130","07_report/CpG_context_sampling_16833_130_trimmed_bismark_bt2.CpG",5503,4557,946,5503
"13131","07_report/CpG_context_sampling_16833_131_trimmed_bismark_bt2.CpG",5398,4491,907,5398
"13132","07_report/CpG_context_sampling_16833_132_trimmed_bismark_bt2.CpG",5445,4561,884,5445
"13133","07_report/CpG_context_sampling_16833_133_trimmed_bismark_bt2.CpG",5473,4569,904,5473
"13134","07_report/CpG_context_sampling_16833_134_trimmed_bismark_bt2.CpG",5383,4424,959,5383
"13135","07_report/CpG_context_sampling_16833_135_trimmed_bismark_bt2.CpG",5576,4631,945,5576
"13136","07_report/CpG_context_sampling_16833_136_trimmed_bismark_bt2.CpG",5497,4599,898,5497
"13137","07_report/CpG_context_sampling_16833_137_trimmed_bismark_bt2.CpG",5416,4566,850,5416
"13138","07_report/CpG_context_sampling_16833_138_trimmed_bismark_bt2.CpG",5382,4486,896,5382
"13139","07_report/CpG_context_sampling_16833_139_trimmed_bismark_bt2.CpG",5320,4370,950,5320
"13140","07_report/CpG_context_sampling_16833_140_trimmed_bismark_bt2.CpG",5480,4571,909,5480
"13141","07_report/CpG_context_sampling_16833_141_trimmed_bismark_bt2.CpG",5458,4557,901,5458
"13142","07_report/CpG_context_sampling_16833_142_trimmed_bismark_bt2.CpG",5441,4552,889,5441
"13143","07_report/CpG_context_sampling_16833_143_trimmed_bismark_bt2.CpG",5518,4587,931,5518
"13144","07_report/CpG_context_sampling_16833_144_trimmed_bismark_bt2.CpG",5440,4547,893,5440
"13145","07_report/CpG_context_sampling_16833_145_trimmed_bismark_bt2.CpG",5438,4491,947,5438
"13146","07_report/CpG_context_sampling_16833_146_trimmed_bismark_bt2.CpG",5374,4467,907,5374
"13147","07_report/CpG_context_sampling_16833_147_trimmed_bismark_bt2.CpG",5443,4514,929,5443
"13148","07_report/CpG_context_sampling_16833_148_trimmed_bismark_bt2.CpG",5527,4594,933,5527
"13149","07_report/CpG_context_sampling_16833_149_trimmed_bismark_bt2.CpG",5327,4452,875,5327
"13150","07_report/CpG_context_sampling_16833_150_trimmed_bismark_bt2.CpG",5390,4464,926,5390
"13151","07_report/CpG_context_sampling_16833_151_trimmed_bismark_bt2.CpG",5498,4576,922,5498
"13152","07_report/CpG_context_sampling_16833_152_trimmed_bismark_bt2.CpG",5442,4551,891,5442
"13153","07_report/CpG_context_sampling_16833_153_trimmed_bismark_bt2.CpG",5565,4637,928,5565
"13154","07_report/CpG_context_sampling_16833_154_trimmed_bismark_bt2.CpG",5425,4493,932,5425
"13155","07_report/CpG_context_sampling_16833_155_trimmed_bismark_bt2.CpG",5360,4463,897,5360
"13156","07_report/CpG_context_sampling_16833_156_trimmed_bismark_bt2.CpG",5541,4559,982,5541
"13157","07_report/CpG_context_sampling_16833_157_trimmed_bismark_bt2.CpG",5347,4482,865,5347
"13158","07_report/CpG_context_sampling_16833_158_trimmed_bismark_bt2.CpG",5498,4538,960,5498
"13159","07_report/CpG_context_sampling_16833_159_trimmed_bismark_bt2.CpG",5442,4574,868,5442
"13160","07_report/CpG_context_sampling_16833_160_trimmed_bismark_bt2.CpG",5469,4528,941,5469
"13161","07_report/CpG_context_sampling_16833_161_trimmed_bismark_bt2.CpG",5457,4569,888,5457
"13162","07_report/CpG_context_sampling_16833_162_trimmed_bismark_bt2.CpG",5456,4547,909,5456
"13163","07_report/CpG_context_sampling_16833_163_trimmed_bismark_bt2.CpG",5315,4431,884,5315
"13164","07_report/CpG_context_sampling_16833_164_trimmed_bismark_bt2.CpG",5461,4498,963,5461
"13165","07_report/CpG_context_sampling_16833_165_trimmed_bismark_bt2.CpG",5434,4481,953,5434
"13166","07_report/CpG_context_sampling_16833_166_trimmed_bismark_bt2.CpG",5368,4432,936,5368
"13167","07_report/CpG_context_sampling_16833_167_trimmed_bismark_bt2.CpG",5537,4580,957,5537
"13168","07_report/CpG_context_sampling_16833_168_trimmed_bismark_bt2.CpG",5422,4528,894,5422
"13169","07_report/CpG_context_sampling_16833_169_trimmed_bismark_bt2.CpG",5347,4460,887,5347
"13170","07_report/CpG_context_sampling_16833_170_trimmed_bismark_bt2.CpG",5378,4521,857,5378
"13171","07_report/CpG_context_sampling_16833_171_trimmed_bismark_bt2.CpG",5482,4600,882,5482
"13172","07_report/CpG_context_sampling_16833_172_trimmed_bismark_bt2.CpG",5422,4515,907,5422
"13173","07_report/CpG_context_sampling_16833_173_trimmed_bismark_bt2.CpG",5460,4568,892,5460
"13174","07_report/CpG_context_sampling_16833_174_trimmed_bismark_bt2.CpG",5492,4562,930,5492
"13175","07_report/CpG_context_sampling_16833_175_trimmed_bismark_bt2.CpG",5447,4503,944,5447
"13176","07_report/CpG_context_sampling_16833_176_trimmed_bismark_bt2.CpG",5421,4529,892,5421
"13177","07_report/CpG_context_sampling_16833_177_trimmed_bismark_bt2.CpG",5505,4544,961,5505
"13178","07_report/CpG_context_sampling_16833_178_trimmed_bismark_bt2.CpG",5374,4542,832,5374
"13179","07_report/CpG_context_sampling_16833_179_trimmed_bismark_bt2.CpG",5495,4621,874,5495
"13180","07_report/CpG_context_sampling_16833_180_trimmed_bismark_bt2.CpG",5515,4585,930,5515
"13181","07_report/CpG_context_sampling_16833_181_trimmed_bismark_bt2.CpG",5384,4432,952,5384
"13182","07_report/CpG_context_sampling_16833_182_trimmed_bismark_bt2.CpG",5429,4517,912,5429
"13183","07_report/CpG_context_sampling_16833_183_trimmed_bismark_bt2.CpG",5334,4479,855,5334
"13184","07_report/CpG_context_sampling_16833_184_trimmed_bismark_bt2.CpG",5552,4611,941,5552
"13185","07_report/CpG_context_sampling_16833_185_trimmed_bismark_bt2.CpG",5442,4553,889,5442
"13186","07_report/CpG_context_sampling_16833_186_trimmed_bismark_bt2.CpG",5454,4545,909,5454
"13187","07_report/CpG_context_sampling_16833_187_trimmed_bismark_bt2.CpG",5482,4546,936,5482
"13188","07_report/CpG_context_sampling_16833_188_trimmed_bismark_bt2.CpG",5524,4581,943,5524
"13189","07_report/CpG_context_sampling_16833_189_trimmed_bismark_bt2.CpG",5428,4532,896,5428
"13190","07_report/CpG_context_sampling_16833_190_trimmed_bismark_bt2.CpG",5458,4530,928,5458
"13191","07_report/CpG_context_sampling_16833_191_trimmed_bismark_bt2.CpG",5444,4522,922,5444
"13192","07_report/CpG_context_sampling_16833_192_trimmed_bismark_bt2.CpG",5466,4539,927,5466
"13193","07_report/CpG_context_sampling_16833_193_trimmed_bismark_bt2.CpG",5478,4581,897,5478
"13194","07_report/CpG_context_sampling_16833_194_trimmed_bismark_bt2.CpG",5358,4460,898,5358
"13195","07_report/CpG_context_sampling_16833_195_trimmed_bismark_bt2.CpG",5427,4453,974,5427
"13196","07_report/CpG_context_sampling_16833_196_trimmed_bismark_bt2.CpG",5450,4526,924,5450
"13197","07_report/CpG_context_sampling_16833_197_trimmed_bismark_bt2.CpG",5479,4532,947,5479
"13198","07_report/CpG_context_sampling_16833_198_trimmed_bismark_bt2.CpG",5496,4563,933,5496
"13199","07_report/CpG_context_sampling_16833_199_trimmed_bismark_bt2.CpG",5466,4521,945,5466
"13200","07_report/CpG_context_sampling_16833_200_trimmed_bismark_bt2.CpG",5535,4635,900,5535
"13201","07_report/CpG_context_sampling_16833_201_trimmed_bismark_bt2.CpG",5520,4623,897,5520
"13202","07_report/CpG_context_sampling_16833_202_trimmed_bismark_bt2.CpG",5402,4469,933,5402
"13203","07_report/CpG_context_sampling_16833_203_trimmed_bismark_bt2.CpG",5408,4495,913,5408
"13204","07_report/CpG_context_sampling_16833_204_trimmed_bismark_bt2.CpG",5417,4520,897,5417
"13205","07_report/CpG_context_sampling_16833_205_trimmed_bismark_bt2.CpG",5464,4524,940,5464
"13206","07_report/CpG_context_sampling_16833_206_trimmed_bismark_bt2.CpG",5440,4533,907,5440
"13207","07_report/CpG_context_sampling_16833_207_trimmed_bismark_bt2.CpG",5480,4570,910,5480
"13208","07_report/CpG_context_sampling_16833_208_trimmed_bismark_bt2.CpG",5475,4544,931,5475
"13209","07_report/CpG_context_sampling_16833_209_trimmed_bismark_bt2.CpG",5449,4526,923,5449
"13210","07_report/CpG_context_sampling_16833_210_trimmed_bismark_bt2.CpG",5460,4518,942,5460
"13211","07_report/CpG_context_sampling_16833_211_trimmed_bismark_bt2.CpG",5353,4440,913,5353
"13212","07_report/CpG_context_sampling_16833_212_trimmed_bismark_bt2.CpG",5497,4626,871,5497
"13213","07_report/CpG_context_sampling_16833_213_trimmed_bismark_bt2.CpG",5481,4520,961,5481
"13214","07_report/CpG_context_sampling_16833_214_trimmed_bismark_bt2.CpG",5433,4501,932,5433
"13215","07_report/CpG_context_sampling_16833_215_trimmed_bismark_bt2.CpG",5495,4561,934,5495
"13216","07_report/CpG_context_sampling_16833_216_trimmed_bismark_bt2.CpG",5454,4522,932,5454
"13217","07_report/CpG_context_sampling_16833_217_trimmed_bismark_bt2.CpG",5383,4523,860,5383
"13218","07_report/CpG_context_sampling_16833_218_trimmed_bismark_bt2.CpG",5384,4458,926,5384
"13219","07_report/CpG_context_sampling_16833_219_trimmed_bismark_bt2.CpG",5441,4503,938,5441
"13220","07_report/CpG_context_sampling_16833_220_trimmed_bismark_bt2.CpG",5460,4549,911,5460
"13221","07_report/CpG_context_sampling_16833_221_trimmed_bismark_bt2.CpG",5477,4536,941,5477
"13222","07_report/CpG_context_sampling_16833_222_trimmed_bismark_bt2.CpG",5421,4498,923,5421
"13223","07_report/CpG_context_sampling_16833_223_trimmed_bismark_bt2.CpG",5499,4570,929,5499
"13224","07_report/CpG_context_sampling_16833_224_trimmed_bismark_bt2.CpG",5407,4525,882,5407
"13225","07_report/CpG_context_sampling_16833_225_trimmed_bismark_bt2.CpG",5418,4471,947,5418
"13226","07_report/CpG_context_sampling_16833_226_trimmed_bismark_bt2.CpG",5461,4514,947,5461
"13227","07_report/CpG_context_sampling_16833_227_trimmed_bismark_bt2.CpG",5462,4514,948,5462
"13228","07_report/CpG_context_sampling_16833_228_trimmed_bismark_bt2.CpG",5429,4542,887,5429
"13229","07_report/CpG_context_sampling_16833_229_trimmed_bismark_bt2.CpG",5573,4662,911,5573
"13230","07_report/CpG_context_sampling_16833_230_trimmed_bismark_bt2.CpG",5368,4503,865,5368
"13231","07_report/CpG_context_sampling_16833_231_trimmed_bismark_bt2.CpG",5403,4500,903,5403
"13232","07_report/CpG_context_sampling_16833_232_trimmed_bismark_bt2.CpG",5414,4496,918,5414
"13233","07_report/CpG_context_sampling_16833_233_trimmed_bismark_bt2.CpG",5451,4526,925,5451
"13234","07_report/CpG_context_sampling_16833_234_trimmed_bismark_bt2.CpG",5371,4455,916,5371
"13235","07_report/CpG_context_sampling_16833_235_trimmed_bismark_bt2.CpG",5559,4605,954,5559
"13236","07_report/CpG_context_sampling_16833_236_trimmed_bismark_bt2.CpG",5515,4600,915,5515
"13237","07_report/CpG_context_sampling_16833_237_trimmed_bismark_bt2.CpG",5452,4493,959,5452
"13238","07_report/CpG_context_sampling_16833_238_trimmed_bismark_bt2.CpG",5486,4592,894,5486
"13239","07_report/CpG_context_sampling_16833_239_trimmed_bismark_bt2.CpG",5388,4448,940,5388
"13240","07_report/CpG_context_sampling_16833_240_trimmed_bismark_bt2.CpG",5443,4546,897,5443
"13241","07_report/CpG_context_sampling_16833_241_trimmed_bismark_bt2.CpG",5461,4561,900,5461
"13242","07_report/CpG_context_sampling_16833_242_trimmed_bismark_bt2.CpG",5283,4391,892,5283
"13243","07_report/CpG_context_sampling_16833_243_trimmed_bismark_bt2.CpG",5390,4504,886,5390
"13244","07_report/CpG_context_sampling_16833_244_trimmed_bismark_bt2.CpG",5440,4505,935,5440
"13245","07_report/CpG_context_sampling_16833_245_trimmed_bismark_bt2.CpG",5426,4574,852,5426
"13246","07_report/CpG_context_sampling_16833_246_trimmed_bismark_bt2.CpG",5446,4519,927,5446
"13247","07_report/CpG_context_sampling_16833_247_trimmed_bismark_bt2.CpG",5436,4523,913,5436
"13248","07_report/CpG_context_sampling_16833_248_trimmed_bismark_bt2.CpG",5389,4546,843,5389
"13249","07_report/CpG_context_sampling_16833_249_trimmed_bismark_bt2.CpG",5465,4547,918,5465
"13250","07_report/CpG_context_sampling_16833_250_trimmed_bismark_bt2.CpG",5469,4592,877,5469
"13251","07_report/CpG_context_sampling_16833_251_trimmed_bismark_bt2.CpG",5482,4542,940,5482
"13252","07_report/CpG_context_sampling_16833_252_trimmed_bismark_bt2.CpG",5341,4441,900,5341
"13253","07_report/CpG_context_sampling_16833_253_trimmed_bismark_bt2.CpG",5426,4493,933,5426
"13254","07_report/CpG_context_sampling_16833_254_trimmed_bismark_bt2.CpG",5432,4486,946,5432
"13255","07_report/CpG_context_sampling_16833_255_trimmed_bismark_bt2.CpG",5513,4563,950,5513
"13256","07_report/CpG_context_sampling_16833_256_trimmed_bismark_bt2.CpG",5340,4463,877,5340
"13257","07_report/CpG_context_sampling_16833_257_trimmed_bismark_bt2.CpG",5424,4507,917,5424
"13258","07_report/CpG_context_sampling_16833_258_trimmed_bismark_bt2.CpG",5426,4496,930,5426
"13259","07_report/CpG_context_sampling_16833_259_trimmed_bismark_bt2.CpG",5411,4507,904,5411
"13260","07_report/CpG_context_sampling_16833_260_trimmed_bismark_bt2.CpG",5402,4471,931,5402
"13261","07_report/CpG_context_sampling_16833_261_trimmed_bismark_bt2.CpG",5426,4544,882,5426
"13262","07_report/CpG_context_sampling_16833_262_trimmed_bismark_bt2.CpG",5502,4540,962,5502
"13263","07_report/CpG_context_sampling_16833_263_trimmed_bismark_bt2.CpG",5408,4500,908,5408
"13264","07_report/CpG_context_sampling_16833_264_trimmed_bismark_bt2.CpG",5437,4495,942,5437
"13265","07_report/CpG_context_sampling_16833_265_trimmed_bismark_bt2.CpG",5430,4567,863,5430
"13266","07_report/CpG_context_sampling_16833_266_trimmed_bismark_bt2.CpG",5392,4505,887,5392
"13267","07_report/CpG_context_sampling_16833_267_trimmed_bismark_bt2.CpG",5457,4554,903,5457
"13268","07_report/CpG_context_sampling_16833_268_trimmed_bismark_bt2.CpG",5497,4570,927,5497
"13269","07_report/CpG_context_sampling_16833_269_trimmed_bismark_bt2.CpG",5450,4501,949,5450
"13270","07_report/CpG_context_sampling_16833_270_trimmed_bismark_bt2.CpG",5511,4535,976,5511
"13271","07_report/CpG_context_sampling_16833_271_trimmed_bismark_bt2.CpG",5472,4525,947,5472
"13272","07_report/CpG_context_sampling_16833_272_trimmed_bismark_bt2.CpG",5495,4613,882,5495
"13273","07_report/CpG_context_sampling_16833_273_trimmed_bismark_bt2.CpG",5403,4487,916,5403
"13274","07_report/CpG_context_sampling_16833_274_trimmed_bismark_bt2.CpG",5408,4511,897,5408
"13275","07_report/CpG_context_sampling_16833_275_trimmed_bismark_bt2.CpG",5499,4559,940,5499
"13276","07_report/CpG_context_sampling_16833_276_trimmed_bismark_bt2.CpG",5302,4410,892,5302
"13277","07_report/CpG_context_sampling_16833_277_trimmed_bismark_bt2.CpG",5342,4406,936,5342
"13278","07_report/CpG_context_sampling_16833_278_trimmed_bismark_bt2.CpG",5313,4389,924,5313
"13279","07_report/CpG_context_sampling_16833_279_trimmed_bismark_bt2.CpG",5433,4514,919,5433
"13280","07_report/CpG_context_sampling_16833_280_trimmed_bismark_bt2.CpG",5464,4503,961,5464
"13281","07_report/CpG_context_sampling_16833_281_trimmed_bismark_bt2.CpG",5530,4582,948,5530
"13282","07_report/CpG_context_sampling_16833_282_trimmed_bismark_bt2.CpG",5533,4601,932,5533
"13283","07_report/CpG_context_sampling_16833_283_trimmed_bismark_bt2.CpG",5340,4419,921,5340
"13284","07_report/CpG_context_sampling_16833_284_trimmed_bismark_bt2.CpG",5507,4586,921,5507
"13285","07_report/CpG_context_sampling_16833_285_trimmed_bismark_bt2.CpG",5474,4536,938,5474
"13286","07_report/CpG_context_sampling_16833_286_trimmed_bismark_bt2.CpG",5395,4539,856,5395
"13287","07_report/CpG_context_sampling_16833_287_trimmed_bismark_bt2.CpG",5443,4525,918,5443
"13288","07_report/CpG_context_sampling_16833_288_trimmed_bismark_bt2.CpG",5468,4535,933,5468
"13289","07_report/CpG_context_sampling_16833_289_trimmed_bismark_bt2.CpG",5392,4452,940,5392
"13290","07_report/CpG_context_sampling_16833_290_trimmed_bismark_bt2.CpG",5440,4509,931,5440
"13291","07_report/CpG_context_sampling_16833_291_trimmed_bismark_bt2.CpG",5547,4649,898,5547
"13292","07_report/CpG_context_sampling_16833_292_trimmed_bismark_bt2.CpG",5399,4478,921,5399
"13293","07_report/CpG_context_sampling_16833_293_trimmed_bismark_bt2.CpG",5489,4611,878,5489
"13294","07_report/CpG_context_sampling_16833_294_trimmed_bismark_bt2.CpG",5399,4491,908,5399
"13295","07_report/CpG_context_sampling_16833_295_trimmed_bismark_bt2.CpG",5364,4463,901,5364
"13296","07_report/CpG_context_sampling_16833_296_trimmed_bismark_bt2.CpG",5440,4496,944,5440
"13297","07_report/CpG_context_sampling_16833_297_trimmed_bismark_bt2.CpG",5380,4463,917,5380
"13298","07_report/CpG_context_sampling_16833_298_trimmed_bismark_bt2.CpG",5395,4515,880,5395
"13299","07_report/CpG_context_sampling_16833_299_trimmed_bismark_bt2.CpG",5470,4570,900,5470
"13300","07_report/CpG_context_sampling_16833_300_trimmed_bismark_bt2.CpG",5493,4554,939,5493
"13301","07_report/CpG_context_sampling_16833_301_trimmed_bismark_bt2.CpG",5505,4581,924,5505
"13302","07_report/CpG_context_sampling_16833_302_trimmed_bismark_bt2.CpG",5452,4516,936,5452
"13303","07_report/CpG_context_sampling_16833_303_trimmed_bismark_bt2.CpG",5441,4555,886,5441
"13304","07_report/CpG_context_sampling_16833_304_trimmed_bismark_bt2.CpG",5381,4431,950,5381
"13305","07_report/CpG_context_sampling_16833_305_trimmed_bismark_bt2.CpG",5523,4620,903,5523
"13306","07_report/CpG_context_sampling_16833_306_trimmed_bismark_bt2.CpG",5496,4540,956,5496
"13307","07_report/CpG_context_sampling_16833_307_trimmed_bismark_bt2.CpG",5307,4396,911,5307
"13308","07_report/CpG_context_sampling_16833_308_trimmed_bismark_bt2.CpG",5378,4466,912,5378
"13309","07_report/CpG_context_sampling_16833_309_trimmed_bismark_bt2.CpG",5416,4447,969,5416
"13310","07_report/CpG_context_sampling_16833_310_trimmed_bismark_bt2.CpG",5455,4528,927,5455
"13311","07_report/CpG_context_sampling_16833_311_trimmed_bismark_bt2.CpG",5485,4560,925,5485
"13312","07_report/CpG_context_sampling_16833_312_trimmed_bismark_bt2.CpG",5422,4540,882,5422
"13313","07_report/CpG_context_sampling_16833_313_trimmed_bismark_bt2.CpG",5508,4591,917,5508
"13314","07_report/CpG_context_sampling_16833_314_trimmed_bismark_bt2.CpG",5516,4580,936,5516
"13315","07_report/CpG_context_sampling_16833_315_trimmed_bismark_bt2.CpG",5512,4653,859,5512
"13316","07_report/CpG_context_sampling_16833_316_trimmed_bismark_bt2.CpG",5384,4509,875,5384
"13317","07_report/CpG_context_sampling_16833_317_trimmed_bismark_bt2.CpG",5340,4439,901,5340
"13318","07_report/CpG_context_sampling_16833_318_trimmed_bismark_bt2.CpG",5417,4495,922,5417
"13319","07_report/CpG_context_sampling_16833_319_trimmed_bismark_bt2.CpG",5418,4498,920,5418
"13320","07_report/CpG_context_sampling_16833_320_trimmed_bismark_bt2.CpG",5442,4529,913,5442
"13321","07_report/CpG_context_sampling_16833_321_trimmed_bismark_bt2.CpG",5416,4493,923,5416
"13322","07_report/CpG_context_sampling_16833_322_trimmed_bismark_bt2.CpG",5426,4514,912,5426
"13323","07_report/CpG_context_sampling_16833_323_trimmed_bismark_bt2.CpG",5507,4597,910,5507
"13324","07_report/CpG_context_sampling_16833_324_trimmed_bismark_bt2.CpG",5448,4533,915,5448
"13325","07_report/CpG_context_sampling_16833_325_trimmed_bismark_bt2.CpG",5404,4474,930,5404
"13326","07_report/CpG_context_sampling_16833_326_trimmed_bismark_bt2.CpG",5449,4538,911,5449
"13327","07_report/CpG_context_sampling_16833_327_trimmed_bismark_bt2.CpG",5563,4601,962,5563
"13328","07_report/CpG_context_sampling_16833_328_trimmed_bismark_bt2.CpG",5556,4630,926,5556
"13329","07_report/CpG_context_sampling_16833_329_trimmed_bismark_bt2.CpG",5422,4514,908,5422
"13330","07_report/CpG_context_sampling_16833_330_trimmed_bismark_bt2.CpG",5403,4482,921,5403
"13331","07_report/CpG_context_sampling_16833_331_trimmed_bismark_bt2.CpG",5490,4572,918,5490
"13332","07_report/CpG_context_sampling_16833_332_trimmed_bismark_bt2.CpG",5235,4361,874,5235
"13333","07_report/CpG_context_sampling_16833_333_trimmed_bismark_bt2.CpG",5496,4619,877,5496
"13334","07_report/CpG_context_sampling_16833_334_trimmed_bismark_bt2.CpG",5491,4546,945,5491
"13335","07_report/CpG_context_sampling_16833_335_trimmed_bismark_bt2.CpG",5439,4503,936,5439
"13336","07_report/CpG_context_sampling_16833_336_trimmed_bismark_bt2.CpG",5432,4593,839,5432
"13337","07_report/CpG_context_sampling_16833_337_trimmed_bismark_bt2.CpG",5463,4530,933,5463
"13338","07_report/CpG_context_sampling_16833_338_trimmed_bismark_bt2.CpG",5481,4562,919,5481
"13339","07_report/CpG_context_sampling_16833_339_trimmed_bismark_bt2.CpG",5516,4556,960,5516
"13340","07_report/CpG_context_sampling_16833_340_trimmed_bismark_bt2.CpG",5400,4477,923,5400
"13341","07_report/CpG_context_sampling_16833_341_trimmed_bismark_bt2.CpG",5342,4488,854,5342
"13342","07_report/CpG_context_sampling_16833_342_trimmed_bismark_bt2.CpG",5477,4544,933,5477
"13343","07_report/CpG_context_sampling_16833_343_trimmed_bismark_bt2.CpG",5381,4456,925,5381
"13344","07_report/CpG_context_sampling_16833_344_trimmed_bismark_bt2.CpG",5525,4614,911,5525
"13345","07_report/CpG_context_sampling_16833_345_trimmed_bismark_bt2.CpG",5340,4433,907,5340
"13346","07_report/CpG_context_sampling_16833_346_trimmed_bismark_bt2.CpG",5439,4562,877,5439
"13347","07_report/CpG_context_sampling_16833_347_trimmed_bismark_bt2.CpG",5506,4566,940,5506
"13348","07_report/CpG_context_sampling_16833_348_trimmed_bismark_bt2.CpG",5594,4631,963,5594
"13349","07_report/CpG_context_sampling_16833_349_trimmed_bismark_bt2.CpG",5442,4517,925,5442
"13350","07_report/CpG_context_sampling_16833_350_trimmed_bismark_bt2.CpG",5390,4456,934,5390
"13351","07_report/CpG_context_sampling_16833_351_trimmed_bismark_bt2.CpG",5368,4418,950,5368
"13352","07_report/CpG_context_sampling_16833_352_trimmed_bismark_bt2.CpG",5391,4498,893,5391
"13353","07_report/CpG_context_sampling_16833_353_trimmed_bismark_bt2.CpG",5364,4434,930,5364
"13354","07_report/CpG_context_sampling_16833_354_trimmed_bismark_bt2.CpG",5406,4504,902,5406
"13355","07_report/CpG_context_sampling_16833_355_trimmed_bismark_bt2.CpG",5416,4522,894,5416
"13356","07_report/CpG_context_sampling_16833_356_trimmed_bismark_bt2.CpG",5326,4474,852,5326
"13357","07_report/CpG_context_sampling_16833_357_trimmed_bismark_bt2.CpG",5448,4493,955,5448
"13358","07_report/CpG_context_sampling_16833_358_trimmed_bismark_bt2.CpG",5387,4492,895,5387
"13359","07_report/CpG_context_sampling_16833_359_trimmed_bismark_bt2.CpG",5418,4507,911,5418
"13360","07_report/CpG_context_sampling_16833_360_trimmed_bismark_bt2.CpG",5396,4484,912,5396
"13361","07_report/CpG_context_sampling_16833_361_trimmed_bismark_bt2.CpG",5471,4584,887,5471
"13362","07_report/CpG_context_sampling_16833_362_trimmed_bismark_bt2.CpG",5442,4497,945,5442
"13363","07_report/CpG_context_sampling_16833_363_trimmed_bismark_bt2.CpG",5373,4496,877,5373
"13364","07_report/CpG_context_sampling_16833_364_trimmed_bismark_bt2.CpG",5402,4507,895,5402
"13365","07_report/CpG_context_sampling_16833_365_trimmed_bismark_bt2.CpG",5550,4638,912,5550
"13366","07_report/CpG_context_sampling_16833_366_trimmed_bismark_bt2.CpG",5445,4546,899,5445
"13367","07_report/CpG_context_sampling_16833_367_trimmed_bismark_bt2.CpG",5388,4476,912,5388
"13368","07_report/CpG_context_sampling_16833_368_trimmed_bismark_bt2.CpG",5427,4526,901,5427
"13369","07_report/CpG_context_sampling_16833_369_trimmed_bismark_bt2.CpG",5467,4546,921,5467
"13370","07_report/CpG_context_sampling_16833_370_trimmed_bismark_bt2.CpG",5437,4476,961,5437
"13371","07_report/CpG_context_sampling_16833_371_trimmed_bismark_bt2.CpG",5442,4534,908,5442
"13372","07_report/CpG_context_sampling_16833_372_trimmed_bismark_bt2.CpG",5587,4708,879,5587
"13373","07_report/CpG_context_sampling_16833_373_trimmed_bismark_bt2.CpG",5480,4580,900,5480
"13374","07_report/CpG_context_sampling_16833_374_trimmed_bismark_bt2.CpG",5284,4365,919,5284
"13375","07_report/CpG_context_sampling_16833_375_trimmed_bismark_bt2.CpG",5448,4496,952,5448
"13376","07_report/CpG_context_sampling_16833_376_trimmed_bismark_bt2.CpG",5447,4495,952,5447
"13377","07_report/CpG_context_sampling_16833_377_trimmed_bismark_bt2.CpG",5504,4600,904,5504
"13378","07_report/CpG_context_sampling_16833_378_trimmed_bismark_bt2.CpG",5449,4530,919,5449
"13379","07_report/CpG_context_sampling_16833_379_trimmed_bismark_bt2.CpG",5398,4421,977,5398
"13380","07_report/CpG_context_sampling_16833_380_trimmed_bismark_bt2.CpG",5431,4482,949,5431
"13381","07_report/CpG_context_sampling_16833_381_trimmed_bismark_bt2.CpG",5504,4572,932,5504
"13382","07_report/CpG_context_sampling_16833_382_trimmed_bismark_bt2.CpG",5502,4591,911,5502
"13383","07_report/CpG_context_sampling_16833_383_trimmed_bismark_bt2.CpG",5448,4513,935,5448
"13384","07_report/CpG_context_sampling_16833_384_trimmed_bismark_bt2.CpG",5454,4576,878,5454
"13385","07_report/CpG_context_sampling_16833_385_trimmed_bismark_bt2.CpG",5428,4495,933,5428
"13386","07_report/CpG_context_sampling_16833_386_trimmed_bismark_bt2.CpG",5687,4719,968,5687
"13387","07_report/CpG_context_sampling_16833_387_trimmed_bismark_bt2.CpG",5379,4433,946,5379
"13388","07_report/CpG_context_sampling_16833_388_trimmed_bismark_bt2.CpG",5422,4489,933,5422
"13389","07_report/CpG_context_sampling_16833_389_trimmed_bismark_bt2.CpG",5486,4565,921,5486
"13390","07_report/CpG_context_sampling_16833_390_trimmed_bismark_bt2.CpG",5486,4557,929,5486
"13391","07_report/CpG_context_sampling_16833_391_trimmed_bismark_bt2.CpG",5386,4506,880,5386
"13392","07_report/CpG_context_sampling_16833_392_trimmed_bismark_bt2.CpG",5546,4606,940,5546
"13393","07_report/CpG_context_sampling_16833_393_trimmed_bismark_bt2.CpG",5510,4604,906,5510
"13394","07_report/CpG_context_sampling_16833_394_trimmed_bismark_bt2.CpG",5533,4564,969,5533
"13395","07_report/CpG_context_sampling_16833_395_trimmed_bismark_bt2.CpG",5410,4459,951,5410
"13396","07_report/CpG_context_sampling_16833_396_trimmed_bismark_bt2.CpG",5491,4491,1000,5491
"13397","07_report/CpG_context_sampling_16833_397_trimmed_bismark_bt2.CpG",5452,4544,908,5452
"13398","07_report/CpG_context_sampling_16833_398_trimmed_bismark_bt2.CpG",5423,4549,874,5423
"13399","07_report/CpG_context_sampling_16833_399_trimmed_bismark_bt2.CpG",5507,4554,953,5507
"13400","07_report/CpG_context_sampling_16833_400_trimmed_bismark_bt2.CpG",5417,4489,928,5417
"13401","07_report/CpG_context_sampling_16833_401_trimmed_bismark_bt2.CpG",5429,4585,844,5429
"13402","07_report/CpG_context_sampling_16833_402_trimmed_bismark_bt2.CpG",5305,4389,916,5305
"13403","07_report/CpG_context_sampling_16833_403_trimmed_bismark_bt2.CpG",5525,4597,928,5525
"13404","07_report/CpG_context_sampling_16833_404_trimmed_bismark_bt2.CpG",5477,4538,939,5477
"13405","07_report/CpG_context_sampling_16833_405_trimmed_bismark_bt2.CpG",5415,4486,929,5415
"13406","07_report/CpG_context_sampling_16833_406_trimmed_bismark_bt2.CpG",5491,4567,924,5491
"13407","07_report/CpG_context_sampling_16833_407_trimmed_bismark_bt2.CpG",5417,4503,914,5417
"13408","07_report/CpG_context_sampling_16833_408_trimmed_bismark_bt2.CpG",5435,4535,900,5435
"13409","07_report/CpG_context_sampling_16833_409_trimmed_bismark_bt2.CpG",5464,4530,934,5464
"13410","07_report/CpG_context_sampling_16833_410_trimmed_bismark_bt2.CpG",5458,4539,919,5458
"13411","07_report/CpG_context_sampling_16833_411_trimmed_bismark_bt2.CpG",5429,4499,930,5429
"13412","07_report/CpG_context_sampling_16833_412_trimmed_bismark_bt2.CpG",5466,4531,935,5466
"13413","07_report/CpG_context_sampling_16833_413_trimmed_bismark_bt2.CpG",5531,4602,929,5531
"13414","07_report/CpG_context_sampling_16833_414_trimmed_bismark_bt2.CpG",5464,4546,918,5464
"13415","07_report/CpG_context_sampling_16833_415_trimmed_bismark_bt2.CpG",5386,4472,914,5386
"13416","07_report/CpG_context_sampling_16833_416_trimmed_bismark_bt2.CpG",5371,4523,848,5371
"13417","07_report/CpG_context_sampling_16833_417_trimmed_bismark_bt2.CpG",5528,4575,953,5528
"13418","07_report/CpG_context_sampling_16833_418_trimmed_bismark_bt2.CpG",5425,4532,893,5425
"13419","07_report/CpG_context_sampling_16833_419_trimmed_bismark_bt2.CpG",5442,4504,938,5442
"13420","07_report/CpG_context_sampling_16833_420_trimmed_bismark_bt2.CpG",5433,4473,960,5433
"13421","07_report/CpG_context_sampling_16833_421_trimmed_bismark_bt2.CpG",5498,4628,870,5498
"13422","07_report/CpG_context_sampling_16833_422_trimmed_bismark_bt2.CpG",5461,4568,893,5461
"13423","07_report/CpG_context_sampling_16833_423_trimmed_bismark_bt2.CpG",5545,4637,908,5545
"13424","07_report/CpG_context_sampling_16833_424_trimmed_bismark_bt2.CpG",5421,4481,940,5421
"13425","07_report/CpG_context_sampling_16833_425_trimmed_bismark_bt2.CpG",5520,4625,895,5520
"13426","07_report/CpG_context_sampling_16833_426_trimmed_bismark_bt2.CpG",5410,4478,932,5410
"13427","07_report/CpG_context_sampling_16833_427_trimmed_bismark_bt2.CpG",5464,4510,954,5464
"13428","07_report/CpG_context_sampling_16833_428_trimmed_bismark_bt2.CpG",5432,4538,894,5432
"13429","07_report/CpG_context_sampling_16833_429_trimmed_bismark_bt2.CpG",5321,4416,905,5321
"13430","07_report/CpG_context_sampling_16833_430_trimmed_bismark_bt2.CpG",5406,4465,941,5406
"13431","07_report/CpG_context_sampling_16833_431_trimmed_bismark_bt2.CpG",5557,4640,917,5557
"13432","07_report/CpG_context_sampling_16833_432_trimmed_bismark_bt2.CpG",5443,4559,884,5443
"13433","07_report/CpG_context_sampling_16833_433_trimmed_bismark_bt2.CpG",5431,4531,900,5431
"13434","07_report/CpG_context_sampling_16833_434_trimmed_bismark_bt2.CpG",5451,4504,947,5451
"13435","07_report/CpG_context_sampling_16833_435_trimmed_bismark_bt2.CpG",5436,4512,924,5436
"13436","07_report/CpG_context_sampling_16833_436_trimmed_bismark_bt2.CpG",5418,4493,925,5418
"13437","07_report/CpG_context_sampling_16833_437_trimmed_bismark_bt2.CpG",5376,4450,926,5376
"13438","07_report/CpG_context_sampling_16833_438_trimmed_bismark_bt2.CpG",5432,4480,952,5432
"13439","07_report/CpG_context_sampling_16833_439_trimmed_bismark_bt2.CpG",5409,4507,902,5409
"13440","07_report/CpG_context_sampling_16833_440_trimmed_bismark_bt2.CpG",5469,4516,953,5469
"13441","07_report/CpG_context_sampling_16833_441_trimmed_bismark_bt2.CpG",5391,4495,896,5391
"13442","07_report/CpG_context_sampling_16833_442_trimmed_bismark_bt2.CpG",5518,4565,953,5518
"13443","07_report/CpG_context_sampling_16833_443_trimmed_bismark_bt2.CpG",5386,4481,905,5386
"13444","07_report/CpG_context_sampling_16833_444_trimmed_bismark_bt2.CpG",5387,4492,895,5387
"13445","07_report/CpG_context_sampling_16833_445_trimmed_bismark_bt2.CpG",5532,4574,958,5532
"13446","07_report/CpG_context_sampling_16833_446_trimmed_bismark_bt2.CpG",5498,4598,900,5498
"13447","07_report/CpG_context_sampling_16833_447_trimmed_bismark_bt2.CpG",5533,4603,930,5533
"13448","07_report/CpG_context_sampling_16833_448_trimmed_bismark_bt2.CpG",5387,4495,892,5387
"13449","07_report/CpG_context_sampling_16833_449_trimmed_bismark_bt2.CpG",5419,4466,953,5419
"13450","07_report/CpG_context_sampling_16833_450_trimmed_bismark_bt2.CpG",5378,4496,882,5378
"13451","07_report/CpG_context_sampling_16833_451_trimmed_bismark_bt2.CpG",5446,4516,930,5446
"13452","07_report/CpG_context_sampling_16833_452_trimmed_bismark_bt2.CpG",5545,4619,926,5545
"13453","07_report/CpG_context_sampling_16833_453_trimmed_bismark_bt2.CpG",5493,4538,955,5493
"13454","07_report/CpG_context_sampling_16833_454_trimmed_bismark_bt2.CpG",5379,4471,908,5379
"13455","07_report/CpG_context_sampling_16833_455_trimmed_bismark_bt2.CpG",5512,4644,868,5512
"13456","07_report/CpG_context_sampling_16833_456_trimmed_bismark_bt2.CpG",5409,4485,924,5409
"13457","07_report/CpG_context_sampling_16833_457_trimmed_bismark_bt2.CpG",5510,4589,921,5510
"13458","07_report/CpG_context_sampling_16833_458_trimmed_bismark_bt2.CpG",5407,4519,888,5407
"13459","07_report/CpG_context_sampling_16833_459_trimmed_bismark_bt2.CpG",5482,4542,940,5482
"13460","07_report/CpG_context_sampling_16833_460_trimmed_bismark_bt2.CpG",5450,4534,916,5450
"13461","07_report/CpG_context_sampling_16833_461_trimmed_bismark_bt2.CpG",5389,4504,885,5389
"13462","07_report/CpG_context_sampling_16833_462_trimmed_bismark_bt2.CpG",5500,4563,937,5500
"13463","07_report/CpG_context_sampling_16833_463_trimmed_bismark_bt2.CpG",5440,4500,940,5440
"13464","07_report/CpG_context_sampling_16833_464_trimmed_bismark_bt2.CpG",5508,4599,909,5508
"13465","07_report/CpG_context_sampling_16833_465_trimmed_bismark_bt2.CpG",5406,4540,866,5406
"13466","07_report/CpG_context_sampling_16833_466_trimmed_bismark_bt2.CpG",5382,4444,938,5382
"13467","07_report/CpG_context_sampling_16833_467_trimmed_bismark_bt2.CpG",5454,4557,897,5454
"13468","07_report/CpG_context_sampling_16833_468_trimmed_bismark_bt2.CpG",5316,4369,947,5316
"13469","07_report/CpG_context_sampling_16833_469_trimmed_bismark_bt2.CpG",5496,4560,936,5496
"13470","07_report/CpG_context_sampling_16833_470_trimmed_bismark_bt2.CpG",5414,4475,939,5414
"13471","07_report/CpG_context_sampling_16833_471_trimmed_bismark_bt2.CpG",5436,4565,871,5436
"13472","07_report/CpG_context_sampling_16833_472_trimmed_bismark_bt2.CpG",5469,4548,921,5469
"13473","07_report/CpG_context_sampling_16833_473_trimmed_bismark_bt2.CpG",5407,4534,873,5407
"13474","07_report/CpG_context_sampling_16833_474_trimmed_bismark_bt2.CpG",5473,4634,839,5473
"13475","07_report/CpG_context_sampling_16833_475_trimmed_bismark_bt2.CpG",5507,4590,917,5507
"13476","07_report/CpG_context_sampling_16833_476_trimmed_bismark_bt2.CpG",5345,4504,841,5345
"13477","07_report/CpG_context_sampling_16833_477_trimmed_bismark_bt2.CpG",5431,4489,942,5431
"13478","07_report/CpG_context_sampling_16833_478_trimmed_bismark_bt2.CpG",5451,4522,929,5451
"13479","07_report/CpG_context_sampling_16833_479_trimmed_bismark_bt2.CpG",5319,4427,892,5319
"13480","07_report/CpG_context_sampling_16833_480_trimmed_bismark_bt2.CpG",5331,4406,925,5331
"13481","07_report/CpG_context_sampling_16833_481_trimmed_bismark_bt2.CpG",5435,4520,915,5435
"13482","07_report/CpG_context_sampling_16833_482_trimmed_bismark_bt2.CpG",5519,4606,913,5519
"13483","07_report/CpG_context_sampling_16833_483_trimmed_bismark_bt2.CpG",5405,4486,919,5405
"13484","07_report/CpG_context_sampling_16833_484_trimmed_bismark_bt2.CpG",5483,4584,899,5483
"13485","07_report/CpG_context_sampling_16833_485_trimmed_bismark_bt2.CpG",5484,4556,928,5484
"13486","07_report/CpG_context_sampling_16833_486_trimmed_bismark_bt2.CpG",5480,4630,850,5480
"13487","07_report/CpG_context_sampling_16833_487_trimmed_bismark_bt2.CpG",5480,4503,977,5480
"13488","07_report/CpG_context_sampling_16833_488_trimmed_bismark_bt2.CpG",5364,4370,994,5364
"13489","07_report/CpG_context_sampling_16833_489_trimmed_bismark_bt2.CpG",5523,4576,947,5523
"13490","07_report/CpG_context_sampling_16833_490_trimmed_bismark_bt2.CpG",5414,4502,912,5414
"13491","07_report/CpG_context_sampling_16833_491_trimmed_bismark_bt2.CpG",5407,4482,925,5407
"13492","07_report/CpG_context_sampling_16833_492_trimmed_bismark_bt2.CpG",5453,4485,968,5453
"13493","07_report/CpG_context_sampling_16833_493_trimmed_bismark_bt2.CpG",5524,4625,899,5524
"13494","07_report/CpG_context_sampling_16833_494_trimmed_bismark_bt2.CpG",5341,4494,847,5341
"13495","07_report/CpG_context_sampling_16833_495_trimmed_bismark_bt2.CpG",5521,4607,914,5521
"13496","07_report/CpG_context_sampling_16833_496_trimmed_bismark_bt2.CpG",5426,4535,891,5426
"13497","07_report/CpG_context_sampling_16833_497_trimmed_bismark_bt2.CpG",5539,4601,938,5539
"13498","07_report/CpG_context_sampling_16833_498_trimmed_bismark_bt2.CpG",5304,4396,908,5304
"13499","07_report/CpG_context_sampling_16833_499_trimmed_bismark_bt2.CpG",5336,4456,880,5336
"13500","07_report/CpG_context_sampling_16833_500_trimmed_bismark_bt2.CpG",5500,4589,911,5500
"13501","07_report/CpG_context_sampling_16833_501_trimmed_bismark_bt2.CpG",5438,4512,926,5438
"13502","07_report/CpG_context_sampling_16833_502_trimmed_bismark_bt2.CpG",5470,4581,889,5470
"13503","07_report/CpG_context_sampling_16833_503_trimmed_bismark_bt2.CpG",5496,4549,947,5496
"13504","07_report/CpG_context_sampling_16833_504_trimmed_bismark_bt2.CpG",5517,4570,947,5517
"13505","07_report/CpG_context_sampling_16833_505_trimmed_bismark_bt2.CpG",5579,4633,946,5579
"13506","07_report/CpG_context_sampling_16833_506_trimmed_bismark_bt2.CpG",5474,4542,932,5474
"13507","07_report/CpG_context_sampling_16833_507_trimmed_bismark_bt2.CpG",5382,4446,936,5382
"13508","07_report/CpG_context_sampling_16833_508_trimmed_bismark_bt2.CpG",5344,4463,881,5344
"13509","07_report/CpG_context_sampling_16833_509_trimmed_bismark_bt2.CpG",5431,4520,911,5431
"13510","07_report/CpG_context_sampling_16833_510_trimmed_bismark_bt2.CpG",5439,4573,866,5439
"13511","07_report/CpG_context_sampling_16833_511_trimmed_bismark_bt2.CpG",5417,4495,922,5417
"13512","07_report/CpG_context_sampling_16833_512_trimmed_bismark_bt2.CpG",5363,4454,909,5363
"13513","07_report/CpG_context_sampling_16833_513_trimmed_bismark_bt2.CpG",5354,4427,927,5354
"13514","07_report/CpG_context_sampling_16833_514_trimmed_bismark_bt2.CpG",5367,4428,939,5367
"13515","07_report/CpG_context_sampling_16833_515_trimmed_bismark_bt2.CpG",5445,4595,850,5445
"13516","07_report/CpG_context_sampling_16833_516_trimmed_bismark_bt2.CpG",5468,4595,873,5468
"13517","07_report/CpG_context_sampling_16833_517_trimmed_bismark_bt2.CpG",5515,4627,888,5515
"13518","07_report/CpG_context_sampling_16833_518_trimmed_bismark_bt2.CpG",5406,4492,914,5406
"13519","07_report/CpG_context_sampling_16833_519_trimmed_bismark_bt2.CpG",5349,4420,929,5349
"13520","07_report/CpG_context_sampling_16833_520_trimmed_bismark_bt2.CpG",5422,4528,894,5422
"13521","07_report/CpG_context_sampling_16833_521_trimmed_bismark_bt2.CpG",5393,4482,911,5393
"13522","07_report/CpG_context_sampling_16833_522_trimmed_bismark_bt2.CpG",5434,4544,890,5434
"13523","07_report/CpG_context_sampling_16833_523_trimmed_bismark_bt2.CpG",5428,4494,934,5428
"13524","07_report/CpG_context_sampling_16833_524_trimmed_bismark_bt2.CpG",5466,4597,869,5466
"13525","07_report/CpG_context_sampling_16833_525_trimmed_bismark_bt2.CpG",5418,4509,909,5418
"13526","07_report/CpG_context_sampling_16833_526_trimmed_bismark_bt2.CpG",5439,4512,927,5439
"13527","07_report/CpG_context_sampling_16833_527_trimmed_bismark_bt2.CpG",5422,4551,871,5422
"13528","07_report/CpG_context_sampling_16833_528_trimmed_bismark_bt2.CpG",5553,4611,942,5553
"13529","07_report/CpG_context_sampling_16833_529_trimmed_bismark_bt2.CpG",5409,4495,914,5409
"13530","07_report/CpG_context_sampling_16833_530_trimmed_bismark_bt2.CpG",5446,4529,917,5446
"13531","07_report/CpG_context_sampling_16833_531_trimmed_bismark_bt2.CpG",5506,4593,913,5506
"13532","07_report/CpG_context_sampling_16833_532_trimmed_bismark_bt2.CpG",5501,4599,902,5501
"13533","07_report/CpG_context_sampling_16833_533_trimmed_bismark_bt2.CpG",5505,4544,961,5505
"13534","07_report/CpG_context_sampling_16833_534_trimmed_bismark_bt2.CpG",5437,4481,956,5437
"13535","07_report/CpG_context_sampling_16833_535_trimmed_bismark_bt2.CpG",5478,4589,889,5478
"13536","07_report/CpG_context_sampling_16833_536_trimmed_bismark_bt2.CpG",5513,4549,964,5513
"13537","07_report/CpG_context_sampling_16833_537_trimmed_bismark_bt2.CpG",5514,4601,913,5514
"13538","07_report/CpG_context_sampling_16833_538_trimmed_bismark_bt2.CpG",5508,4610,898,5508
"13539","07_report/CpG_context_sampling_16833_539_trimmed_bismark_bt2.CpG",5324,4419,905,5324
"13540","07_report/CpG_context_sampling_16833_540_trimmed_bismark_bt2.CpG",5518,4566,952,5518
"13541","07_report/CpG_context_sampling_16833_541_trimmed_bismark_bt2.CpG",5423,4495,928,5423
"13542","07_report/CpG_context_sampling_16833_542_trimmed_bismark_bt2.CpG",5434,4561,873,5434
"13543","07_report/CpG_context_sampling_16833_543_trimmed_bismark_bt2.CpG",5394,4485,909,5394
"13544","07_report/CpG_context_sampling_16833_544_trimmed_bismark_bt2.CpG",5410,4493,917,5410
"13545","07_report/CpG_context_sampling_16833_545_trimmed_bismark_bt2.CpG",5452,4533,919,5452
"13546","07_report/CpG_context_sampling_16833_546_trimmed_bismark_bt2.CpG",5348,4427,921,5348
"13547","07_report/CpG_context_sampling_16833_547_trimmed_bismark_bt2.CpG",5431,4514,917,5431
"13548","07_report/CpG_context_sampling_16833_548_trimmed_bismark_bt2.CpG",5458,4470,988,5458
"13549","07_report/CpG_context_sampling_16833_549_trimmed_bismark_bt2.CpG",5378,4467,911,5378
"13550","07_report/CpG_context_sampling_16833_550_trimmed_bismark_bt2.CpG",5436,4502,934,5436
"13551","07_report/CpG_context_sampling_16833_551_trimmed_bismark_bt2.CpG",5431,4467,964,5431
"13552","07_report/CpG_context_sampling_16833_552_trimmed_bismark_bt2.CpG",5463,4501,962,5463
"13553","07_report/CpG_context_sampling_16833_553_trimmed_bismark_bt2.CpG",5451,4521,930,5451
"13554","07_report/CpG_context_sampling_16833_554_trimmed_bismark_bt2.CpG",5465,4554,911,5465
"13555","07_report/CpG_context_sampling_16833_555_trimmed_bismark_bt2.CpG",5353,4417,936,5353
"13556","07_report/CpG_context_sampling_16833_556_trimmed_bismark_bt2.CpG",5535,4630,905,5535
"13557","07_report/CpG_context_sampling_16833_557_trimmed_bismark_bt2.CpG",5476,4518,958,5476
"13558","07_report/CpG_context_sampling_16833_558_trimmed_bismark_bt2.CpG",5465,4483,982,5465
"13559","07_report/CpG_context_sampling_16833_559_trimmed_bismark_bt2.CpG",5419,4534,885,5419
"13560","07_report/CpG_context_sampling_16833_560_trimmed_bismark_bt2.CpG",5399,4469,930,5399
"13561","07_report/CpG_context_sampling_16833_561_trimmed_bismark_bt2.CpG",5460,4579,881,5460
"13562","07_report/CpG_context_sampling_16833_562_trimmed_bismark_bt2.CpG",5524,4568,956,5524
"13563","07_report/CpG_context_sampling_16833_563_trimmed_bismark_bt2.CpG",5361,4518,843,5361
"13564","07_report/CpG_context_sampling_16833_564_trimmed_bismark_bt2.CpG",5502,4596,906,5502
"13565","07_report/CpG_context_sampling_16833_565_trimmed_bismark_bt2.CpG",5541,4634,907,5541
"13566","07_report/CpG_context_sampling_16833_566_trimmed_bismark_bt2.CpG",5440,4494,946,5440
"13567","07_report/CpG_context_sampling_16833_567_trimmed_bismark_bt2.CpG",5379,4493,886,5379
"13568","07_report/CpG_context_sampling_16833_568_trimmed_bismark_bt2.CpG",5484,4632,852,5484
"13569","07_report/CpG_context_sampling_16833_569_trimmed_bismark_bt2.CpG",5450,4623,827,5450
"13570","07_report/CpG_context_sampling_16833_570_trimmed_bismark_bt2.CpG",5436,4524,912,5436
"13571","07_report/CpG_context_sampling_16833_571_trimmed_bismark_bt2.CpG",5462,4496,966,5462
"13572","07_report/CpG_context_sampling_16833_572_trimmed_bismark_bt2.CpG",5441,4518,923,5441
"13573","07_report/CpG_context_sampling_16833_573_trimmed_bismark_bt2.CpG",5427,4497,930,5427
"13574","07_report/CpG_context_sampling_16833_574_trimmed_bismark_bt2.CpG",5318,4391,927,5318
"13575","07_report/CpG_context_sampling_16833_575_trimmed_bismark_bt2.CpG",5413,4520,893,5413
"13576","07_report/CpG_context_sampling_16833_576_trimmed_bismark_bt2.CpG",5440,4498,942,5440
"13577","07_report/CpG_context_sampling_16833_577_trimmed_bismark_bt2.CpG",5484,4637,847,5484
"13578","07_report/CpG_context_sampling_16833_578_trimmed_bismark_bt2.CpG",5486,4620,866,5486
"13579","07_report/CpG_context_sampling_16833_579_trimmed_bismark_bt2.CpG",5382,4463,919,5382
"13580","07_report/CpG_context_sampling_16833_580_trimmed_bismark_bt2.CpG",5370,4493,877,5370
"13581","07_report/CpG_context_sampling_16833_581_trimmed_bismark_bt2.CpG",5401,4475,926,5401
"13582","07_report/CpG_context_sampling_16833_582_trimmed_bismark_bt2.CpG",5532,4602,930,5532
"13583","07_report/CpG_context_sampling_16833_583_trimmed_bismark_bt2.CpG",5364,4460,904,5364
"13584","07_report/CpG_context_sampling_16833_584_trimmed_bismark_bt2.CpG",5418,4518,900,5418
"13585","07_report/CpG_context_sampling_16833_585_trimmed_bismark_bt2.CpG",5456,4527,929,5456
"13586","07_report/CpG_context_sampling_16833_586_trimmed_bismark_bt2.CpG",5530,4563,967,5530
"13587","07_report/CpG_context_sampling_16833_587_trimmed_bismark_bt2.CpG",5435,4527,908,5435
"13588","07_report/CpG_context_sampling_16833_588_trimmed_bismark_bt2.CpG",5489,4574,915,5489
"13589","07_report/CpG_context_sampling_16833_589_trimmed_bismark_bt2.CpG",5452,4461,991,5452
"13590","07_report/CpG_context_sampling_16833_590_trimmed_bismark_bt2.CpG",5329,4466,863,5329
"13591","07_report/CpG_context_sampling_16833_591_trimmed_bismark_bt2.CpG",5348,4426,922,5348
"13592","07_report/CpG_context_sampling_16833_592_trimmed_bismark_bt2.CpG",5430,4523,907,5430
"13593","07_report/CpG_context_sampling_16833_593_trimmed_bismark_bt2.CpG",5440,4527,913,5440
"13594","07_report/CpG_context_sampling_16833_594_trimmed_bismark_bt2.CpG",5428,4521,907,5428
"13595","07_report/CpG_context_sampling_16833_595_trimmed_bismark_bt2.CpG",5406,4479,927,5406
"13596","07_report/CpG_context_sampling_16833_596_trimmed_bismark_bt2.CpG",5440,4500,940,5440
"13597","07_report/CpG_context_sampling_16833_597_trimmed_bismark_bt2.CpG",5348,4442,906,5348
"13598","07_report/CpG_context_sampling_16833_598_trimmed_bismark_bt2.CpG",5342,4445,897,5342
"13599","07_report/CpG_context_sampling_16833_599_trimmed_bismark_bt2.CpG",5406,4481,925,5406
"13600","07_report/CpG_context_sampling_16833_600_trimmed_bismark_bt2.CpG",5505,4541,964,5505
"13601","07_report/CpG_context_sampling_16833_601_trimmed_bismark_bt2.CpG",5489,4574,915,5489
"13602","07_report/CpG_context_sampling_16833_602_trimmed_bismark_bt2.CpG",5464,4487,977,5464
"13603","07_report/CpG_context_sampling_16833_603_trimmed_bismark_bt2.CpG",5486,4561,925,5486
"13604","07_report/CpG_context_sampling_16833_604_trimmed_bismark_bt2.CpG",5598,4642,956,5598
"13605","07_report/CpG_context_sampling_16833_605_trimmed_bismark_bt2.CpG",5365,4425,940,5365
"13606","07_report/CpG_context_sampling_16833_606_trimmed_bismark_bt2.CpG",5439,4538,901,5439
"13607","07_report/CpG_context_sampling_16833_607_trimmed_bismark_bt2.CpG",5469,4536,933,5469
"13608","07_report/CpG_context_sampling_16833_608_trimmed_bismark_bt2.CpG",5404,4457,947,5404
"13609","07_report/CpG_context_sampling_16833_609_trimmed_bismark_bt2.CpG",5469,4565,904,5469
"13610","07_report/CpG_context_sampling_16833_610_trimmed_bismark_bt2.CpG",5609,4634,975,5609
"13611","07_report/CpG_context_sampling_16833_611_trimmed_bismark_bt2.CpG",5504,4595,909,5504
"13612","07_report/CpG_context_sampling_16833_612_trimmed_bismark_bt2.CpG",5514,4566,948,5514
"13613","07_report/CpG_context_sampling_16833_613_trimmed_bismark_bt2.CpG",5422,4539,883,5422
"13614","07_report/CpG_context_sampling_16833_614_trimmed_bismark_bt2.CpG",5468,4580,888,5468
"13615","07_report/CpG_context_sampling_16833_615_trimmed_bismark_bt2.CpG",5436,4515,921,5436
"13616","07_report/CpG_context_sampling_16833_616_trimmed_bismark_bt2.CpG",5338,4440,898,5338
"13617","07_report/CpG_context_sampling_16833_617_trimmed_bismark_bt2.CpG",5472,4544,928,5472
"13618","07_report/CpG_context_sampling_16833_618_trimmed_bismark_bt2.CpG",5406,4518,888,5406
"13619","07_report/CpG_context_sampling_16833_619_trimmed_bismark_bt2.CpG",5484,4482,1002,5484
"13620","07_report/CpG_context_sampling_16833_620_trimmed_bismark_bt2.CpG",5423,4543,880,5423
"13621","07_report/CpG_context_sampling_16833_621_trimmed_bismark_bt2.CpG",5423,4499,924,5423
"13622","07_report/CpG_context_sampling_16833_622_trimmed_bismark_bt2.CpG",5437,4558,879,5437
"13623","07_report/CpG_context_sampling_16833_623_trimmed_bismark_bt2.CpG",5359,4458,901,5359
"13624","07_report/CpG_context_sampling_16833_624_trimmed_bismark_bt2.CpG",5576,4689,887,5576
"13625","07_report/CpG_context_sampling_16833_625_trimmed_bismark_bt2.CpG",5422,4471,951,5422
"13626","07_report/CpG_context_sampling_16833_626_trimmed_bismark_bt2.CpG",5443,4514,929,5443
"13627","07_report/CpG_context_sampling_16833_627_trimmed_bismark_bt2.CpG",5438,4475,963,5438
"13628","07_report/CpG_context_sampling_16833_628_trimmed_bismark_bt2.CpG",5475,4536,939,5475
"13629","07_report/CpG_context_sampling_16833_629_trimmed_bismark_bt2.CpG",5496,4588,908,5496
"13630","07_report/CpG_context_sampling_16833_630_trimmed_bismark_bt2.CpG",5518,4626,892,5518
"13631","07_report/CpG_context_sampling_16833_631_trimmed_bismark_bt2.CpG",5427,4539,888,5427
"13632","07_report/CpG_context_sampling_16833_632_trimmed_bismark_bt2.CpG",5499,4616,883,5499
"13633","07_report/CpG_context_sampling_16833_633_trimmed_bismark_bt2.CpG",5353,4429,924,5353
"13634","07_report/CpG_context_sampling_16833_634_trimmed_bismark_bt2.CpG",5441,4570,871,5441
"13635","07_report/CpG_context_sampling_16833_635_trimmed_bismark_bt2.CpG",5490,4570,920,5490
"13636","07_report/CpG_context_sampling_16833_636_trimmed_bismark_bt2.CpG",5430,4518,912,5430
"13637","07_report/CpG_context_sampling_16833_637_trimmed_bismark_bt2.CpG",5459,4533,926,5459
"13638","07_report/CpG_context_sampling_16833_638_trimmed_bismark_bt2.CpG",5494,4549,945,5494
"13639","07_report/CpG_context_sampling_16833_639_trimmed_bismark_bt2.CpG",5535,4556,979,5535
"13640","07_report/CpG_context_sampling_16833_640_trimmed_bismark_bt2.CpG",5576,4649,927,5576
"13641","07_report/CpG_context_sampling_16833_641_trimmed_bismark_bt2.CpG",5379,4488,891,5379
"13642","07_report/CpG_context_sampling_16833_642_trimmed_bismark_bt2.CpG",5505,4615,890,5505
"13643","07_report/CpG_context_sampling_16833_643_trimmed_bismark_bt2.CpG",5442,4525,917,5442
"13644","07_report/CpG_context_sampling_16833_644_trimmed_bismark_bt2.CpG",5417,4524,893,5417
"13645","07_report/CpG_context_sampling_16833_645_trimmed_bismark_bt2.CpG",5452,4538,914,5452
"13646","07_report/CpG_context_sampling_16833_646_trimmed_bismark_bt2.CpG",5516,4583,933,5516
"13647","07_report/CpG_context_sampling_16833_647_trimmed_bismark_bt2.CpG",5389,4452,937,5389
"13648","07_report/CpG_context_sampling_16833_648_trimmed_bismark_bt2.CpG",5417,4502,915,5417
"13649","07_report/CpG_context_sampling_16833_649_trimmed_bismark_bt2.CpG",5430,4518,912,5430
"13650","07_report/CpG_context_sampling_16833_650_trimmed_bismark_bt2.CpG",5453,4554,899,5453
"13651","07_report/CpG_context_sampling_16833_651_trimmed_bismark_bt2.CpG",5402,4507,895,5402
"13652","07_report/CpG_context_sampling_16833_652_trimmed_bismark_bt2.CpG",5508,4583,925,5508
"13653","07_report/CpG_context_sampling_16833_653_trimmed_bismark_bt2.CpG",5361,4467,894,5361
"13654","07_report/CpG_context_sampling_16833_654_trimmed_bismark_bt2.CpG",5463,4590,873,5463
"13655","07_report/CpG_context_sampling_16833_655_trimmed_bismark_bt2.CpG",5477,4564,913,5477
"13656","07_report/CpG_context_sampling_16833_656_trimmed_bismark_bt2.CpG",5380,4505,875,5380
"13657","07_report/CpG_context_sampling_16833_657_trimmed_bismark_bt2.CpG",5328,4459,869,5328
"13658","07_report/CpG_context_sampling_16833_658_trimmed_bismark_bt2.CpG",5479,4535,944,5479
"13659","07_report/CpG_context_sampling_16833_659_trimmed_bismark_bt2.CpG",5375,4496,879,5375
"13660","07_report/CpG_context_sampling_16833_660_trimmed_bismark_bt2.CpG",5444,4559,885,5444
"13661","07_report/CpG_context_sampling_16833_661_trimmed_bismark_bt2.CpG",5445,4520,925,5445
"13662","07_report/CpG_context_sampling_16833_662_trimmed_bismark_bt2.CpG",5402,4516,886,5402
"13663","07_report/CpG_context_sampling_16833_663_trimmed_bismark_bt2.CpG",5499,4553,946,5499
"13664","07_report/CpG_context_sampling_16833_664_trimmed_bismark_bt2.CpG",5470,4554,916,5470
"13665","07_report/CpG_context_sampling_16833_665_trimmed_bismark_bt2.CpG",5382,4452,930,5382
"13666","07_report/CpG_context_sampling_16833_666_trimmed_bismark_bt2.CpG",5460,4517,943,5460
"13667","07_report/CpG_context_sampling_16833_667_trimmed_bismark_bt2.CpG",5483,4585,898,5483
"13668","07_report/CpG_context_sampling_16833_668_trimmed_bismark_bt2.CpG",5470,4547,923,5470
"13669","07_report/CpG_context_sampling_16833_669_trimmed_bismark_bt2.CpG",5450,4484,966,5450
"13670","07_report/CpG_context_sampling_16833_670_trimmed_bismark_bt2.CpG",5385,4474,911,5385
"13671","07_report/CpG_context_sampling_16833_671_trimmed_bismark_bt2.CpG",5397,4522,875,5397
"13672","07_report/CpG_context_sampling_16833_672_trimmed_bismark_bt2.CpG",5423,4485,938,5423
"13673","07_report/CpG_context_sampling_16833_673_trimmed_bismark_bt2.CpG",5497,4580,917,5497
"13674","07_report/CpG_context_sampling_16833_674_trimmed_bismark_bt2.CpG",5408,4508,900,5408
"13675","07_report/CpG_context_sampling_16833_675_trimmed_bismark_bt2.CpG",5474,4529,945,5474
"13676","07_report/CpG_context_sampling_16833_676_trimmed_bismark_bt2.CpG",5424,4538,886,5424
"13677","07_report/CpG_context_sampling_16833_677_trimmed_bismark_bt2.CpG",5380,4482,898,5380
"13678","07_report/CpG_context_sampling_16833_678_trimmed_bismark_bt2.CpG",5427,4526,901,5427
"13679","07_report/CpG_context_sampling_16833_679_trimmed_bismark_bt2.CpG",5465,4505,960,5465
"13680","07_report/CpG_context_sampling_16833_680_trimmed_bismark_bt2.CpG",5399,4553,846,5399
"13681","07_report/CpG_context_sampling_16833_681_trimmed_bismark_bt2.CpG",5556,4596,960,5556
"13682","07_report/CpG_context_sampling_16833_682_trimmed_bismark_bt2.CpG",5404,4522,882,5404
"13683","07_report/CpG_context_sampling_16833_683_trimmed_bismark_bt2.CpG",5465,4539,926,5465
"13684","07_report/CpG_context_sampling_16833_684_trimmed_bismark_bt2.CpG",5444,4545,899,5444
"13685","07_report/CpG_context_sampling_16833_685_trimmed_bismark_bt2.CpG",5423,4505,918,5423
"13686","07_report/CpG_context_sampling_16833_686_trimmed_bismark_bt2.CpG",5334,4438,896,5334
"13687","07_report/CpG_context_sampling_16833_687_trimmed_bismark_bt2.CpG",5456,4502,954,5456
"13688","07_report/CpG_context_sampling_16833_688_trimmed_bismark_bt2.CpG",5487,4515,972,5487
"13689","07_report/CpG_context_sampling_16833_689_trimmed_bismark_bt2.CpG",5357,4463,894,5357
"13690","07_report/CpG_context_sampling_16833_690_trimmed_bismark_bt2.CpG",5455,4530,925,5455
"13691","07_report/CpG_context_sampling_16833_691_trimmed_bismark_bt2.CpG",5495,4559,936,5495
"13692","07_report/CpG_context_sampling_16833_692_trimmed_bismark_bt2.CpG",5435,4519,916,5435
"13693","07_report/CpG_context_sampling_16833_693_trimmed_bismark_bt2.CpG",5458,4564,894,5458
"13694","07_report/CpG_context_sampling_16833_694_trimmed_bismark_bt2.CpG",5426,4511,915,5426
"13695","07_report/CpG_context_sampling_16833_695_trimmed_bismark_bt2.CpG",5353,4468,885,5353
"13696","07_report/CpG_context_sampling_16833_696_trimmed_bismark_bt2.CpG",5477,4552,925,5477
"13697","07_report/CpG_context_sampling_16833_697_trimmed_bismark_bt2.CpG",5501,4581,920,5501
"13698","07_report/CpG_context_sampling_16833_698_trimmed_bismark_bt2.CpG",5318,4404,914,5318
"13699","07_report/CpG_context_sampling_16833_699_trimmed_bismark_bt2.CpG",5484,4538,946,5484
"13700","07_report/CpG_context_sampling_16833_700_trimmed_bismark_bt2.CpG",5502,4619,883,5502
"13701","07_report/CpG_context_sampling_16833_701_trimmed_bismark_bt2.CpG",5454,4504,950,5454
"13702","07_report/CpG_context_sampling_16833_702_trimmed_bismark_bt2.CpG",5497,4585,912,5497
"13703","07_report/CpG_context_sampling_16833_703_trimmed_bismark_bt2.CpG",5394,4534,860,5394
"13704","07_report/CpG_context_sampling_16833_704_trimmed_bismark_bt2.CpG",5571,4613,958,5571
"13705","07_report/CpG_context_sampling_16833_705_trimmed_bismark_bt2.CpG",5565,4630,935,5565
"13706","07_report/CpG_context_sampling_16833_706_trimmed_bismark_bt2.CpG",5540,4602,938,5540
"13707","07_report/CpG_context_sampling_16833_707_trimmed_bismark_bt2.CpG",5363,4450,913,5363
"13708","07_report/CpG_context_sampling_16833_708_trimmed_bismark_bt2.CpG",5618,4670,948,5618
"13709","07_report/CpG_context_sampling_16833_709_trimmed_bismark_bt2.CpG",5404,4472,932,5404
"13710","07_report/CpG_context_sampling_16833_710_trimmed_bismark_bt2.CpG",5451,4572,879,5451
"13711","07_report/CpG_context_sampling_16833_711_trimmed_bismark_bt2.CpG",5409,4491,918,5409
"13712","07_report/CpG_context_sampling_16833_712_trimmed_bismark_bt2.CpG",5471,4545,926,5471
"13713","07_report/CpG_context_sampling_16833_713_trimmed_bismark_bt2.CpG",5433,4525,908,5433
"13714","07_report/CpG_context_sampling_16833_714_trimmed_bismark_bt2.CpG",5339,4446,893,5339
"13715","07_report/CpG_context_sampling_16833_715_trimmed_bismark_bt2.CpG",5464,4551,913,5464
"13716","07_report/CpG_context_sampling_16833_716_trimmed_bismark_bt2.CpG",5405,4491,914,5405
"13717","07_report/CpG_context_sampling_16833_717_trimmed_bismark_bt2.CpG",5471,4545,926,5471
"13718","07_report/CpG_context_sampling_16833_718_trimmed_bismark_bt2.CpG",5356,4444,912,5356
"13719","07_report/CpG_context_sampling_16833_719_trimmed_bismark_bt2.CpG",5354,4476,878,5354
"13720","07_report/CpG_context_sampling_16833_720_trimmed_bismark_bt2.CpG",5387,4450,937,5387
"13721","07_report/CpG_context_sampling_16833_721_trimmed_bismark_bt2.CpG",5444,4526,918,5444
"13722","07_report/CpG_context_sampling_16833_722_trimmed_bismark_bt2.CpG",5568,4640,928,5568
"13723","07_report/CpG_context_sampling_16833_723_trimmed_bismark_bt2.CpG",5536,4627,909,5536
"13724","07_report/CpG_context_sampling_16833_724_trimmed_bismark_bt2.CpG",5432,4536,896,5432
"13725","07_report/CpG_context_sampling_16833_725_trimmed_bismark_bt2.CpG",5469,4545,924,5469
"13726","07_report/CpG_context_sampling_16833_726_trimmed_bismark_bt2.CpG",5502,4588,914,5502
"13727","07_report/CpG_context_sampling_16833_727_trimmed_bismark_bt2.CpG",5459,4497,962,5459
"13728","07_report/CpG_context_sampling_16833_728_trimmed_bismark_bt2.CpG",5405,4566,839,5405
"13729","07_report/CpG_context_sampling_16833_729_trimmed_bismark_bt2.CpG",5484,4552,932,5484
"13730","07_report/CpG_context_sampling_16833_730_trimmed_bismark_bt2.CpG",5396,4482,914,5396
"13731","07_report/CpG_context_sampling_16833_731_trimmed_bismark_bt2.CpG",5424,4539,885,5424
"13732","07_report/CpG_context_sampling_16833_732_trimmed_bismark_bt2.CpG",5375,4483,892,5375
"13733","07_report/CpG_context_sampling_16833_733_trimmed_bismark_bt2.CpG",5492,4551,941,5492
"13734","07_report/CpG_context_sampling_16833_734_trimmed_bismark_bt2.CpG",5518,4600,918,5518
"13735","07_report/CpG_context_sampling_16833_735_trimmed_bismark_bt2.CpG",5475,4570,905,5475
"13736","07_report/CpG_context_sampling_16833_736_trimmed_bismark_bt2.CpG",5420,4556,864,5420
"13737","07_report/CpG_context_sampling_16833_737_trimmed_bismark_bt2.CpG",5416,4517,899,5416
"13738","07_report/CpG_context_sampling_16833_738_trimmed_bismark_bt2.CpG",5432,4505,927,5432
"13739","07_report/CpG_context_sampling_16833_739_trimmed_bismark_bt2.CpG",5498,4546,952,5498
"13740","07_report/CpG_context_sampling_16833_740_trimmed_bismark_bt2.CpG",5505,4581,924,5505
"13741","07_report/CpG_context_sampling_16833_741_trimmed_bismark_bt2.CpG",5514,4584,930,5514
"13742","07_report/CpG_context_sampling_16833_742_trimmed_bismark_bt2.CpG",5511,4562,949,5511
"13743","07_report/CpG_context_sampling_16833_743_trimmed_bismark_bt2.CpG",5445,4529,916,5445
"13744","07_report/CpG_context_sampling_16833_744_trimmed_bismark_bt2.CpG",5547,4569,978,5547
"13745","07_report/CpG_context_sampling_16833_745_trimmed_bismark_bt2.CpG",5371,4483,888,5371
"13746","07_report/CpG_context_sampling_16833_746_trimmed_bismark_bt2.CpG",5444,4506,938,5444
"13747","07_report/CpG_context_sampling_16833_747_trimmed_bismark_bt2.CpG",5504,4564,940,5504
"13748","07_report/CpG_context_sampling_16833_748_trimmed_bismark_bt2.CpG",5451,4520,931,5451
"13749","07_report/CpG_context_sampling_16833_749_trimmed_bismark_bt2.CpG",5370,4453,917,5370
"13750","07_report/CpG_context_sampling_16833_750_trimmed_bismark_bt2.CpG",5468,4559,909,5468
"13751","07_report/CpG_context_sampling_16833_751_trimmed_bismark_bt2.CpG",5262,4388,874,5262
"13752","07_report/CpG_context_sampling_16833_752_trimmed_bismark_bt2.CpG",5398,4458,940,5398
"13753","07_report/CpG_context_sampling_16833_753_trimmed_bismark_bt2.CpG",5399,4483,916,5399
"13754","07_report/CpG_context_sampling_16833_754_trimmed_bismark_bt2.CpG",5444,4477,967,5444
"13755","07_report/CpG_context_sampling_16833_755_trimmed_bismark_bt2.CpG",5361,4480,881,5361
"13756","07_report/CpG_context_sampling_16833_756_trimmed_bismark_bt2.CpG",5402,4493,909,5402
"13757","07_report/CpG_context_sampling_16833_757_trimmed_bismark_bt2.CpG",5483,4545,938,5483
"13758","07_report/CpG_context_sampling_16833_758_trimmed_bismark_bt2.CpG",5489,4533,956,5489
"13759","07_report/CpG_context_sampling_16833_759_trimmed_bismark_bt2.CpG",5477,4560,917,5477
"13760","07_report/CpG_context_sampling_16833_760_trimmed_bismark_bt2.CpG",5360,4469,891,5360
"13761","07_report/CpG_context_sampling_16833_761_trimmed_bismark_bt2.CpG",5449,4536,913,5449
"13762","07_report/CpG_context_sampling_16833_762_trimmed_bismark_bt2.CpG",5413,4483,930,5413
"13763","07_report/CpG_context_sampling_16833_763_trimmed_bismark_bt2.CpG",5505,4634,871,5505
"13764","07_report/CpG_context_sampling_16833_764_trimmed_bismark_bt2.CpG",5460,4564,896,5460
"13765","07_report/CpG_context_sampling_16833_765_trimmed_bismark_bt2.CpG",5463,4523,940,5463
"13766","07_report/CpG_context_sampling_16833_766_trimmed_bismark_bt2.CpG",5499,4535,964,5499
"13767","07_report/CpG_context_sampling_16833_767_trimmed_bismark_bt2.CpG",5462,4574,888,5462
"13768","07_report/CpG_context_sampling_16833_768_trimmed_bismark_bt2.CpG",5457,4545,912,5457
"13769","07_report/CpG_context_sampling_16833_769_trimmed_bismark_bt2.CpG",5450,4521,929,5450
"13770","07_report/CpG_context_sampling_16833_770_trimmed_bismark_bt2.CpG",5335,4411,924,5335
"13771","07_report/CpG_context_sampling_16833_771_trimmed_bismark_bt2.CpG",5416,4534,882,5416
"13772","07_report/CpG_context_sampling_16833_772_trimmed_bismark_bt2.CpG",5452,4524,928,5452
"13773","07_report/CpG_context_sampling_16833_773_trimmed_bismark_bt2.CpG",5538,4602,936,5538
"13774","07_report/CpG_context_sampling_16833_774_trimmed_bismark_bt2.CpG",5551,4630,921,5551
"13775","07_report/CpG_context_sampling_16833_775_trimmed_bismark_bt2.CpG",5438,4553,885,5438
"13776","07_report/CpG_context_sampling_16833_776_trimmed_bismark_bt2.CpG",5438,4521,917,5438
"13777","07_report/CpG_context_sampling_16833_777_trimmed_bismark_bt2.CpG",5336,4425,911,5336
"13778","07_report/CpG_context_sampling_16833_778_trimmed_bismark_bt2.CpG",5319,4429,890,5319
"13779","07_report/CpG_context_sampling_16833_779_trimmed_bismark_bt2.CpG",5311,4437,874,5311
"13780","07_report/CpG_context_sampling_16833_780_trimmed_bismark_bt2.CpG",5374,4454,920,5374
"13781","07_report/CpG_context_sampling_16833_781_trimmed_bismark_bt2.CpG",5518,4597,921,5518
"13782","07_report/CpG_context_sampling_16833_782_trimmed_bismark_bt2.CpG",5492,4579,913,5492
"13783","07_report/CpG_context_sampling_16833_783_trimmed_bismark_bt2.CpG",5433,4522,911,5433
"13784","07_report/CpG_context_sampling_16833_784_trimmed_bismark_bt2.CpG",5444,4530,914,5444
"13785","07_report/CpG_context_sampling_16833_785_trimmed_bismark_bt2.CpG",5515,4580,935,5515
"13786","07_report/CpG_context_sampling_16833_786_trimmed_bismark_bt2.CpG",5340,4487,853,5340
"13787","07_report/CpG_context_sampling_16833_787_trimmed_bismark_bt2.CpG",5549,4636,913,5549
"13788","07_report/CpG_context_sampling_16833_788_trimmed_bismark_bt2.CpG",5551,4603,948,5551
"13789","07_report/CpG_context_sampling_16833_789_trimmed_bismark_bt2.CpG",5451,4537,914,5451
"13790","07_report/CpG_context_sampling_16833_790_trimmed_bismark_bt2.CpG",5419,4435,984,5419
"13791","07_report/CpG_context_sampling_16833_791_trimmed_bismark_bt2.CpG",5378,4454,924,5378
"13792","07_report/CpG_context_sampling_16833_792_trimmed_bismark_bt2.CpG",5430,4507,923,5430
"13793","07_report/CpG_context_sampling_16833_793_trimmed_bismark_bt2.CpG",5444,4513,931,5444
"13794","07_report/CpG_context_sampling_16833_794_trimmed_bismark_bt2.CpG",5395,4496,899,5395
"13795","07_report/CpG_context_sampling_16833_795_trimmed_bismark_bt2.CpG",5510,4537,973,5510
"13796","07_report/CpG_context_sampling_16833_796_trimmed_bismark_bt2.CpG",5487,4577,910,5487
"13797","07_report/CpG_context_sampling_16833_797_trimmed_bismark_bt2.CpG",5383,4481,902,5383
"13798","07_report/CpG_context_sampling_16833_798_trimmed_bismark_bt2.CpG",5444,4535,909,5444
"13799","07_report/CpG_context_sampling_16833_799_trimmed_bismark_bt2.CpG",5493,4550,943,5493
"13800","07_report/CpG_context_sampling_16833_800_trimmed_bismark_bt2.CpG",5409,4507,902,5409
"13801","07_report/CpG_context_sampling_16833_801_trimmed_bismark_bt2.CpG",5476,4586,890,5476
"13802","07_report/CpG_context_sampling_16833_802_trimmed_bismark_bt2.CpG",5435,4586,849,5435
"13803","07_report/CpG_context_sampling_16833_803_trimmed_bismark_bt2.CpG",5395,4461,934,5395
"13804","07_report/CpG_context_sampling_16833_804_trimmed_bismark_bt2.CpG",5365,4516,849,5365
"13805","07_report/CpG_context_sampling_16833_805_trimmed_bismark_bt2.CpG",5470,4567,903,5470
"13806","07_report/CpG_context_sampling_16833_806_trimmed_bismark_bt2.CpG",5432,4508,924,5432
"13807","07_report/CpG_context_sampling_16833_807_trimmed_bismark_bt2.CpG",5445,4544,901,5445
"13808","07_report/CpG_context_sampling_16833_808_trimmed_bismark_bt2.CpG",5448,4520,928,5448
"13809","07_report/CpG_context_sampling_16833_809_trimmed_bismark_bt2.CpG",5431,4515,916,5431
"13810","07_report/CpG_context_sampling_16833_810_trimmed_bismark_bt2.CpG",5536,4528,1008,5536
"13811","07_report/CpG_context_sampling_16833_811_trimmed_bismark_bt2.CpG",5386,4473,913,5386
"13812","07_report/CpG_context_sampling_16833_812_trimmed_bismark_bt2.CpG",5449,4552,897,5449
"13813","07_report/CpG_context_sampling_16833_813_trimmed_bismark_bt2.CpG",5435,4529,906,5435
"13814","07_report/CpG_context_sampling_16833_814_trimmed_bismark_bt2.CpG",5419,4511,908,5419
"13815","07_report/CpG_context_sampling_16833_815_trimmed_bismark_bt2.CpG",5376,4469,907,5376
"13816","07_report/CpG_context_sampling_16833_816_trimmed_bismark_bt2.CpG",5520,4571,949,5520
"13817","07_report/CpG_context_sampling_16833_817_trimmed_bismark_bt2.CpG",5426,4527,899,5426
"13818","07_report/CpG_context_sampling_16833_818_trimmed_bismark_bt2.CpG",5394,4467,927,5394
"13819","07_report/CpG_context_sampling_16833_819_trimmed_bismark_bt2.CpG",5330,4448,882,5330
"13820","07_report/CpG_context_sampling_16833_820_trimmed_bismark_bt2.CpG",5346,4455,891,5346
"13821","07_report/CpG_context_sampling_16833_821_trimmed_bismark_bt2.CpG",5401,4519,882,5401
"13822","07_report/CpG_context_sampling_16833_822_trimmed_bismark_bt2.CpG",5399,4497,902,5399
"13823","07_report/CpG_context_sampling_16833_823_trimmed_bismark_bt2.CpG",5488,4592,896,5488
"13824","07_report/CpG_context_sampling_16833_824_trimmed_bismark_bt2.CpG",5452,4509,943,5452
"13825","07_report/CpG_context_sampling_16833_825_trimmed_bismark_bt2.CpG",5499,4594,905,5499
"13826","07_report/CpG_context_sampling_16833_826_trimmed_bismark_bt2.CpG",5391,4521,870,5391
"13827","07_report/CpG_context_sampling_16833_827_trimmed_bismark_bt2.CpG",5518,4555,963,5518
"13828","07_report/CpG_context_sampling_16833_828_trimmed_bismark_bt2.CpG",5554,4615,939,5554
"13829","07_report/CpG_context_sampling_16833_829_trimmed_bismark_bt2.CpG",5411,4489,922,5411
"13830","07_report/CpG_context_sampling_16833_830_trimmed_bismark_bt2.CpG",5339,4421,918,5339
"13831","07_report/CpG_context_sampling_16833_831_trimmed_bismark_bt2.CpG",5493,4544,949,5493
"13832","07_report/CpG_context_sampling_16833_832_trimmed_bismark_bt2.CpG",5406,4514,892,5406
"13833","07_report/CpG_context_sampling_16833_833_trimmed_bismark_bt2.CpG",5343,4462,881,5343
"13834","07_report/CpG_context_sampling_16833_834_trimmed_bismark_bt2.CpG",5308,4401,907,5308
"13835","07_report/CpG_context_sampling_16833_835_trimmed_bismark_bt2.CpG",5583,4636,947,5583
"13836","07_report/CpG_context_sampling_16833_836_trimmed_bismark_bt2.CpG",5438,4488,950,5438
"13837","07_report/CpG_context_sampling_16833_837_trimmed_bismark_bt2.CpG",5451,4590,861,5451
"13838","07_report/CpG_context_sampling_16833_838_trimmed_bismark_bt2.CpG",5437,4548,889,5437
"13839","07_report/CpG_context_sampling_16833_839_trimmed_bismark_bt2.CpG",5427,4491,936,5427
"13840","07_report/CpG_context_sampling_16833_840_trimmed_bismark_bt2.CpG",5386,4490,896,5386
"13841","07_report/CpG_context_sampling_16833_841_trimmed_bismark_bt2.CpG",5508,4609,899,5508
"13842","07_report/CpG_context_sampling_16833_842_trimmed_bismark_bt2.CpG",5495,4544,951,5495
"13843","07_report/CpG_context_sampling_16833_843_trimmed_bismark_bt2.CpG",5338,4445,893,5338
"13844","07_report/CpG_context_sampling_16833_844_trimmed_bismark_bt2.CpG",5390,4474,916,5390
"13845","07_report/CpG_context_sampling_16833_845_trimmed_bismark_bt2.CpG",5573,4650,923,5573
"13846","07_report/CpG_context_sampling_16833_846_trimmed_bismark_bt2.CpG",5402,4489,913,5402
"13847","07_report/CpG_context_sampling_16833_847_trimmed_bismark_bt2.CpG",5368,4474,894,5368
"13848","07_report/CpG_context_sampling_16833_848_trimmed_bismark_bt2.CpG",5370,4435,935,5370
"13849","07_report/CpG_context_sampling_16833_849_trimmed_bismark_bt2.CpG",5392,4463,929,5392
"13850","07_report/CpG_context_sampling_16833_850_trimmed_bismark_bt2.CpG",5564,4624,940,5564
"13851","07_report/CpG_context_sampling_16833_851_trimmed_bismark_bt2.CpG",5517,4599,918,5517
"13852","07_report/CpG_context_sampling_16833_852_trimmed_bismark_bt2.CpG",5506,4587,919,5506
"13853","07_report/CpG_context_sampling_16833_853_trimmed_bismark_bt2.CpG",5395,4494,901,5395
"13854","07_report/CpG_context_sampling_16833_854_trimmed_bismark_bt2.CpG",5438,4534,904,5438
"13855","07_report/CpG_context_sampling_16833_855_trimmed_bismark_bt2.CpG",5477,4572,905,5477
"13856","07_report/CpG_context_sampling_16833_856_trimmed_bismark_bt2.CpG",5396,4514,882,5396
"13857","07_report/CpG_context_sampling_16833_857_trimmed_bismark_bt2.CpG",5411,4491,920,5411
"13858","07_report/CpG_context_sampling_16833_858_trimmed_bismark_bt2.CpG",5474,4586,888,5474
"13859","07_report/CpG_context_sampling_16833_859_trimmed_bismark_bt2.CpG",5410,4520,890,5410
"13860","07_report/CpG_context_sampling_16833_860_trimmed_bismark_bt2.CpG",5521,4605,916,5521
"13861","07_report/CpG_context_sampling_16833_861_trimmed_bismark_bt2.CpG",5407,4473,934,5407
"13862","07_report/CpG_context_sampling_16833_862_trimmed_bismark_bt2.CpG",5442,4542,900,5442
"13863","07_report/CpG_context_sampling_16833_863_trimmed_bismark_bt2.CpG",5362,4447,915,5362
"13864","07_report/CpG_context_sampling_16833_864_trimmed_bismark_bt2.CpG",5463,4527,936,5463
"13865","07_report/CpG_context_sampling_16833_865_trimmed_bismark_bt2.CpG",5486,4563,923,5486
"13866","07_report/CpG_context_sampling_16833_866_trimmed_bismark_bt2.CpG",5437,4475,962,5437
"13867","07_report/CpG_context_sampling_16833_867_trimmed_bismark_bt2.CpG",5545,4603,942,5545
"13868","07_report/CpG_context_sampling_16833_868_trimmed_bismark_bt2.CpG",5430,4498,932,5430
"13869","07_report/CpG_context_sampling_16833_869_trimmed_bismark_bt2.CpG",5496,4583,913,5496
"13870","07_report/CpG_context_sampling_16833_870_trimmed_bismark_bt2.CpG",5547,4639,908,5547
"13871","07_report/CpG_context_sampling_16833_871_trimmed_bismark_bt2.CpG",5382,4489,893,5382
"13872","07_report/CpG_context_sampling_16833_872_trimmed_bismark_bt2.CpG",5470,4520,950,5470
"13873","07_report/CpG_context_sampling_16833_873_trimmed_bismark_bt2.CpG",5434,4516,918,5434
"13874","07_report/CpG_context_sampling_16833_874_trimmed_bismark_bt2.CpG",5444,4532,912,5444
"13875","07_report/CpG_context_sampling_16833_875_trimmed_bismark_bt2.CpG",5446,4516,930,5446
"13876","07_report/CpG_context_sampling_16833_876_trimmed_bismark_bt2.CpG",5521,4616,905,5521
"13877","07_report/CpG_context_sampling_16833_877_trimmed_bismark_bt2.CpG",5486,4569,917,5486
"13878","07_report/CpG_context_sampling_16833_878_trimmed_bismark_bt2.CpG",5414,4548,866,5414
"13879","07_report/CpG_context_sampling_16833_879_trimmed_bismark_bt2.CpG",5507,4643,864,5507
"13880","07_report/CpG_context_sampling_16833_880_trimmed_bismark_bt2.CpG",5243,4370,873,5243
"13881","07_report/CpG_context_sampling_16833_881_trimmed_bismark_bt2.CpG",5425,4511,914,5425
"13882","07_report/CpG_context_sampling_16833_882_trimmed_bismark_bt2.CpG",5368,4486,882,5368
"13883","07_report/CpG_context_sampling_16833_883_trimmed_bismark_bt2.CpG",5588,4659,929,5588
"13884","07_report/CpG_context_sampling_16833_884_trimmed_bismark_bt2.CpG",5540,4615,925,5540
"13885","07_report/CpG_context_sampling_16833_885_trimmed_bismark_bt2.CpG",5471,4529,942,5471
"13886","07_report/CpG_context_sampling_16833_886_trimmed_bismark_bt2.CpG",5424,4486,938,5424
"13887","07_report/CpG_context_sampling_16833_887_trimmed_bismark_bt2.CpG",5479,4562,917,5479
"13888","07_report/CpG_context_sampling_16833_888_trimmed_bismark_bt2.CpG",5548,4598,950,5548
"13889","07_report/CpG_context_sampling_16833_889_trimmed_bismark_bt2.CpG",5449,4515,934,5449
"13890","07_report/CpG_context_sampling_16833_890_trimmed_bismark_bt2.CpG",5436,4518,918,5436
"13891","07_report/CpG_context_sampling_16833_891_trimmed_bismark_bt2.CpG",5514,4557,957,5514
"13892","07_report/CpG_context_sampling_16833_892_trimmed_bismark_bt2.CpG",5475,4557,918,5475
"13893","07_report/CpG_context_sampling_16833_893_trimmed_bismark_bt2.CpG",5535,4590,945,5535
"13894","07_report/CpG_context_sampling_16833_894_trimmed_bismark_bt2.CpG",5460,4581,879,5460
"13895","07_report/CpG_context_sampling_16833_895_trimmed_bismark_bt2.CpG",5530,4610,920,5530
"13896","07_report/CpG_context_sampling_16833_896_trimmed_bismark_bt2.CpG",5460,4539,921,5460
"13897","07_report/CpG_context_sampling_16833_897_trimmed_bismark_bt2.CpG",5462,4540,922,5462
"13898","07_report/CpG_context_sampling_16833_898_trimmed_bismark_bt2.CpG",5413,4528,885,5413
"13899","07_report/CpG_context_sampling_16833_899_trimmed_bismark_bt2.CpG",5418,4517,901,5418
"13900","07_report/CpG_context_sampling_16833_900_trimmed_bismark_bt2.CpG",5457,4537,920,5457
"13901","07_report/CpG_context_sampling_16833_901_trimmed_bismark_bt2.CpG",5401,4491,910,5401
"13902","07_report/CpG_context_sampling_16833_902_trimmed_bismark_bt2.CpG",5462,4508,954,5462
"13903","07_report/CpG_context_sampling_16833_903_trimmed_bismark_bt2.CpG",5439,4496,943,5439
"13904","07_report/CpG_context_sampling_16833_904_trimmed_bismark_bt2.CpG",5379,4491,888,5379
"13905","07_report/CpG_context_sampling_16833_905_trimmed_bismark_bt2.CpG",5316,4380,936,5316
"13906","07_report/CpG_context_sampling_16833_906_trimmed_bismark_bt2.CpG",5378,4465,913,5378
"13907","07_report/CpG_context_sampling_16833_907_trimmed_bismark_bt2.CpG",5494,4543,951,5494
"13908","07_report/CpG_context_sampling_16833_908_trimmed_bismark_bt2.CpG",5436,4539,897,5436
"13909","07_report/CpG_context_sampling_16833_909_trimmed_bismark_bt2.CpG",5580,4632,948,5580
"13910","07_report/CpG_context_sampling_16833_910_trimmed_bismark_bt2.CpG",5524,4570,954,5524
"13911","07_report/CpG_context_sampling_16833_911_trimmed_bismark_bt2.CpG",5372,4492,880,5372
"13912","07_report/CpG_context_sampling_16833_912_trimmed_bismark_bt2.CpG",5505,4562,943,5505
"13913","07_report/CpG_context_sampling_16833_913_trimmed_bismark_bt2.CpG",5456,4479,977,5456
"13914","07_report/CpG_context_sampling_16833_914_trimmed_bismark_bt2.CpG",5390,4510,880,5390
"13915","07_report/CpG_context_sampling_16833_915_trimmed_bismark_bt2.CpG",5394,4453,941,5394
"13916","07_report/CpG_context_sampling_16833_916_trimmed_bismark_bt2.CpG",5515,4570,945,5515
"13917","07_report/CpG_context_sampling_16833_917_trimmed_bismark_bt2.CpG",5346,4443,903,5346
"13918","07_report/CpG_context_sampling_16833_918_trimmed_bismark_bt2.CpG",5531,4630,901,5531
"13919","07_report/CpG_context_sampling_16833_919_trimmed_bismark_bt2.CpG",5415,4519,896,5415
"13920","07_report/CpG_context_sampling_16833_920_trimmed_bismark_bt2.CpG",5476,4581,895,5476
"13921","07_report/CpG_context_sampling_16833_921_trimmed_bismark_bt2.CpG",5496,4529,967,5496
"13922","07_report/CpG_context_sampling_16833_922_trimmed_bismark_bt2.CpG",5475,4527,948,5475
"13923","07_report/CpG_context_sampling_16833_923_trimmed_bismark_bt2.CpG",5531,4577,954,5531
"13924","07_report/CpG_context_sampling_16833_924_trimmed_bismark_bt2.CpG",5508,4590,918,5508
"13925","07_report/CpG_context_sampling_16833_925_trimmed_bismark_bt2.CpG",5420,4561,859,5420
"13926","07_report/CpG_context_sampling_16833_926_trimmed_bismark_bt2.CpG",5401,4474,927,5401
"13927","07_report/CpG_context_sampling_16833_927_trimmed_bismark_bt2.CpG",5366,4465,901,5366
"13928","07_report/CpG_context_sampling_16833_928_trimmed_bismark_bt2.CpG",5526,4639,887,5526
"13929","07_report/CpG_context_sampling_16833_929_trimmed_bismark_bt2.CpG",5321,4409,912,5321
"13930","07_report/CpG_context_sampling_16833_930_trimmed_bismark_bt2.CpG",5425,4499,926,5425
"13931","07_report/CpG_context_sampling_16833_931_trimmed_bismark_bt2.CpG",5463,4548,915,5463
"13932","07_report/CpG_context_sampling_16833_932_trimmed_bismark_bt2.CpG",5467,4555,912,5467
"13933","07_report/CpG_context_sampling_16833_933_trimmed_bismark_bt2.CpG",5385,4463,922,5385
"13934","07_report/CpG_context_sampling_16833_934_trimmed_bismark_bt2.CpG",5325,4414,911,5325
"13935","07_report/CpG_context_sampling_16833_935_trimmed_bismark_bt2.CpG",5460,4503,957,5460
"13936","07_report/CpG_context_sampling_16833_936_trimmed_bismark_bt2.CpG",5500,4574,926,5500
"13937","07_report/CpG_context_sampling_16833_937_trimmed_bismark_bt2.CpG",5457,4525,932,5457
"13938","07_report/CpG_context_sampling_16833_938_trimmed_bismark_bt2.CpG",5478,4538,940,5478
"13939","07_report/CpG_context_sampling_16833_939_trimmed_bismark_bt2.CpG",5435,4533,902,5435
"13940","07_report/CpG_context_sampling_16833_940_trimmed_bismark_bt2.CpG",5447,4559,888,5447
"13941","07_report/CpG_context_sampling_16833_941_trimmed_bismark_bt2.CpG",5459,4551,908,5459
"13942","07_report/CpG_context_sampling_16833_942_trimmed_bismark_bt2.CpG",5389,4528,861,5389
"13943","07_report/CpG_context_sampling_16833_943_trimmed_bismark_bt2.CpG",5467,4569,898,5467
"13944","07_report/CpG_context_sampling_16833_944_trimmed_bismark_bt2.CpG",5553,4633,920,5553
"13945","07_report/CpG_context_sampling_16833_945_trimmed_bismark_bt2.CpG",5407,4501,906,5407
"13946","07_report/CpG_context_sampling_16833_946_trimmed_bismark_bt2.CpG",5336,4454,882,5336
"13947","07_report/CpG_context_sampling_16833_947_trimmed_bismark_bt2.CpG",5444,4480,964,5444
"13948","07_report/CpG_context_sampling_16833_948_trimmed_bismark_bt2.CpG",5401,4509,892,5401
"13949","07_report/CpG_context_sampling_16833_949_trimmed_bismark_bt2.CpG",5460,4545,915,5460
"13950","07_report/CpG_context_sampling_16833_950_trimmed_bismark_bt2.CpG",5459,4576,883,5459
"13951","07_report/CpG_context_sampling_16833_951_trimmed_bismark_bt2.CpG",5428,4560,868,5428
"13952","07_report/CpG_context_sampling_16833_952_trimmed_bismark_bt2.CpG",5405,4479,926,5405
"13953","07_report/CpG_context_sampling_16833_953_trimmed_bismark_bt2.CpG",5457,4522,935,5457
"13954","07_report/CpG_context_sampling_16833_954_trimmed_bismark_bt2.CpG",5474,4487,987,5474
"13955","07_report/CpG_context_sampling_16833_955_trimmed_bismark_bt2.CpG",5404,4529,875,5404
"13956","07_report/CpG_context_sampling_16833_956_trimmed_bismark_bt2.CpG",5483,4582,901,5483
"13957","07_report/CpG_context_sampling_16833_957_trimmed_bismark_bt2.CpG",5480,4553,927,5480
"13958","07_report/CpG_context_sampling_16833_958_trimmed_bismark_bt2.CpG",5466,4567,899,5466
"13959","07_report/CpG_context_sampling_16833_959_trimmed_bismark_bt2.CpG",5496,4543,953,5496
"13960","07_report/CpG_context_sampling_16833_960_trimmed_bismark_bt2.CpG",5407,4525,882,5407
"13961","07_report/CpG_context_sampling_16833_961_trimmed_bismark_bt2.CpG",5553,4572,981,5553
"13962","07_report/CpG_context_sampling_16833_962_trimmed_bismark_bt2.CpG",5366,4434,932,5366
"13963","07_report/CpG_context_sampling_16833_963_trimmed_bismark_bt2.CpG",5387,4478,909,5387
"13964","07_report/CpG_context_sampling_16833_964_trimmed_bismark_bt2.CpG",5511,4649,862,5511
"13965","07_report/CpG_context_sampling_16833_965_trimmed_bismark_bt2.CpG",5445,4555,890,5445
"13966","07_report/CpG_context_sampling_16833_966_trimmed_bismark_bt2.CpG",5470,4503,967,5470
"13967","07_report/CpG_context_sampling_16833_967_trimmed_bismark_bt2.CpG",5458,4521,937,5458
"13968","07_report/CpG_context_sampling_16833_968_trimmed_bismark_bt2.CpG",5496,4572,924,5496
"13969","07_report/CpG_context_sampling_16833_969_trimmed_bismark_bt2.CpG",5522,4602,920,5522
"13970","07_report/CpG_context_sampling_16833_970_trimmed_bismark_bt2.CpG",5530,4641,889,5530
"13971","07_report/CpG_context_sampling_16833_971_trimmed_bismark_bt2.CpG",5456,4562,894,5456
"13972","07_report/CpG_context_sampling_16833_972_trimmed_bismark_bt2.CpG",5425,4485,940,5425
"13973","07_report/CpG_context_sampling_16833_973_trimmed_bismark_bt2.CpG",5345,4361,984,5345
"13974","07_report/CpG_context_sampling_16833_974_trimmed_bismark_bt2.CpG",5462,4521,941,5462
"13975","07_report/CpG_context_sampling_16833_975_trimmed_bismark_bt2.CpG",5422,4514,908,5422
"13976","07_report/CpG_context_sampling_16833_976_trimmed_bismark_bt2.CpG",5430,4525,905,5430
"13977","07_report/CpG_context_sampling_16833_977_trimmed_bismark_bt2.CpG",5504,4570,934,5504
"13978","07_report/CpG_context_sampling_16833_978_trimmed_bismark_bt2.CpG",5304,4404,900,5304
"13979","07_report/CpG_context_sampling_16833_979_trimmed_bismark_bt2.CpG",5431,4531,900,5431
"13980","07_report/CpG_context_sampling_16833_980_trimmed_bismark_bt2.CpG",5358,4454,904,5358
"13981","07_report/CpG_context_sampling_16833_981_trimmed_bismark_bt2.CpG",5476,4528,948,5476
"13982","07_report/CpG_context_sampling_16833_982_trimmed_bismark_bt2.CpG",5441,4531,910,5441
"13983","07_report/CpG_context_sampling_16833_983_trimmed_bismark_bt2.CpG",5492,4570,922,5492
"13984","07_report/CpG_context_sampling_16833_984_trimmed_bismark_bt2.CpG",5384,4496,888,5384
"13985","07_report/CpG_context_sampling_16833_985_trimmed_bismark_bt2.CpG",5412,4466,946,5412
"13986","07_report/CpG_context_sampling_16833_986_trimmed_bismark_bt2.CpG",5428,4544,884,5428
"13987","07_report/CpG_context_sampling_16833_987_trimmed_bismark_bt2.CpG",5481,4565,916,5481
"13988","07_report/CpG_context_sampling_16833_988_trimmed_bismark_bt2.CpG",5461,4566,895,5461
"13989","07_report/CpG_context_sampling_16833_989_trimmed_bismark_bt2.CpG",5443,4485,958,5443
"13990","07_report/CpG_context_sampling_16833_990_trimmed_bismark_bt2.CpG",5447,4496,951,5447
"13991","07_report/CpG_context_sampling_16833_991_trimmed_bismark_bt2.CpG",5415,4494,921,5415
"13992","07_report/CpG_context_sampling_16833_992_trimmed_bismark_bt2.CpG",5416,4499,917,5416
"13993","07_report/CpG_context_sampling_16833_993_trimmed_bismark_bt2.CpG",5446,4495,951,5446
"13994","07_report/CpG_context_sampling_16833_994_trimmed_bismark_bt2.CpG",5477,4513,964,5477
"13995","07_report/CpG_context_sampling_16833_995_trimmed_bismark_bt2.CpG",5415,4490,925,5415
"13996","07_report/CpG_context_sampling_16833_996_trimmed_bismark_bt2.CpG",5383,4448,935,5383
"13997","07_report/CpG_context_sampling_16833_997_trimmed_bismark_bt2.CpG",5438,4524,914,5438
"13998","07_report/CpG_context_sampling_16833_998_trimmed_bismark_bt2.CpG",5472,4541,931,5472
"13999","07_report/CpG_context_sampling_16833_999_trimmed_bismark_bt2.CpG",5409,4477,932,5409
"14000","07_report/CpG_context_sampling_16833_1000_trimmed_bismark_bt2.CpG",5359,4471,888,5359
"14001","07_report/CpG_context_sampling_20199_1_trimmed_bismark_bt2.CpG",6584,5446,1138,6584
"14002","07_report/CpG_context_sampling_20199_2_trimmed_bismark_bt2.CpG",6565,5468,1097,6565
"14003","07_report/CpG_context_sampling_20199_3_trimmed_bismark_bt2.CpG",6487,5339,1148,6487
"14004","07_report/CpG_context_sampling_20199_4_trimmed_bismark_bt2.CpG",6571,5502,1069,6571
"14005","07_report/CpG_context_sampling_20199_5_trimmed_bismark_bt2.CpG",6438,5301,1137,6438
"14006","07_report/CpG_context_sampling_20199_6_trimmed_bismark_bt2.CpG",6476,5405,1071,6476
"14007","07_report/CpG_context_sampling_20199_7_trimmed_bismark_bt2.CpG",6556,5392,1164,6556
"14008","07_report/CpG_context_sampling_20199_8_trimmed_bismark_bt2.CpG",6512,5415,1097,6512
"14009","07_report/CpG_context_sampling_20199_9_trimmed_bismark_bt2.CpG",6587,5511,1076,6587
"14010","07_report/CpG_context_sampling_20199_10_trimmed_bismark_bt2.CpG",6540,5417,1123,6540
"14011","07_report/CpG_context_sampling_20199_11_trimmed_bismark_bt2.CpG",6524,5416,1108,6524
"14012","07_report/CpG_context_sampling_20199_12_trimmed_bismark_bt2.CpG",6494,5378,1116,6494
"14013","07_report/CpG_context_sampling_20199_13_trimmed_bismark_bt2.CpG",6616,5443,1173,6616
"14014","07_report/CpG_context_sampling_20199_14_trimmed_bismark_bt2.CpG",6535,5462,1073,6535
"14015","07_report/CpG_context_sampling_20199_15_trimmed_bismark_bt2.CpG",6484,5380,1104,6484
"14016","07_report/CpG_context_sampling_20199_16_trimmed_bismark_bt2.CpG",6531,5482,1049,6531
"14017","07_report/CpG_context_sampling_20199_17_trimmed_bismark_bt2.CpG",6622,5496,1126,6622
"14018","07_report/CpG_context_sampling_20199_18_trimmed_bismark_bt2.CpG",6586,5437,1149,6586
"14019","07_report/CpG_context_sampling_20199_19_trimmed_bismark_bt2.CpG",6505,5403,1102,6505
"14020","07_report/CpG_context_sampling_20199_20_trimmed_bismark_bt2.CpG",6534,5442,1092,6534
"14021","07_report/CpG_context_sampling_20199_21_trimmed_bismark_bt2.CpG",6470,5394,1076,6470
"14022","07_report/CpG_context_sampling_20199_22_trimmed_bismark_bt2.CpG",6518,5387,1131,6518
"14023","07_report/CpG_context_sampling_20199_23_trimmed_bismark_bt2.CpG",6597,5451,1146,6597
"14024","07_report/CpG_context_sampling_20199_24_trimmed_bismark_bt2.CpG",6477,5402,1075,6477
"14025","07_report/CpG_context_sampling_20199_25_trimmed_bismark_bt2.CpG",6524,5442,1082,6524
"14026","07_report/CpG_context_sampling_20199_26_trimmed_bismark_bt2.CpG",6582,5498,1084,6582
"14027","07_report/CpG_context_sampling_20199_27_trimmed_bismark_bt2.CpG",6490,5350,1140,6490
"14028","07_report/CpG_context_sampling_20199_28_trimmed_bismark_bt2.CpG",6497,5464,1033,6497
"14029","07_report/CpG_context_sampling_20199_29_trimmed_bismark_bt2.CpG",6421,5364,1057,6421
"14030","07_report/CpG_context_sampling_20199_30_trimmed_bismark_bt2.CpG",6429,5321,1108,6429
"14031","07_report/CpG_context_sampling_20199_31_trimmed_bismark_bt2.CpG",6391,5293,1098,6391
"14032","07_report/CpG_context_sampling_20199_32_trimmed_bismark_bt2.CpG",6509,5383,1126,6509
"14033","07_report/CpG_context_sampling_20199_33_trimmed_bismark_bt2.CpG",6458,5370,1088,6458
"14034","07_report/CpG_context_sampling_20199_34_trimmed_bismark_bt2.CpG",6569,5439,1130,6569
"14035","07_report/CpG_context_sampling_20199_35_trimmed_bismark_bt2.CpG",6560,5420,1140,6560
"14036","07_report/CpG_context_sampling_20199_36_trimmed_bismark_bt2.CpG",6575,5429,1146,6575
"14037","07_report/CpG_context_sampling_20199_37_trimmed_bismark_bt2.CpG",6495,5361,1134,6495
"14038","07_report/CpG_context_sampling_20199_38_trimmed_bismark_bt2.CpG",6462,5331,1131,6462
"14039","07_report/CpG_context_sampling_20199_39_trimmed_bismark_bt2.CpG",6587,5462,1125,6587
"14040","07_report/CpG_context_sampling_20199_40_trimmed_bismark_bt2.CpG",6598,5471,1127,6598
"14041","07_report/CpG_context_sampling_20199_41_trimmed_bismark_bt2.CpG",6571,5435,1136,6571
"14042","07_report/CpG_context_sampling_20199_42_trimmed_bismark_bt2.CpG",6490,5449,1041,6490
"14043","07_report/CpG_context_sampling_20199_43_trimmed_bismark_bt2.CpG",6594,5501,1093,6594
"14044","07_report/CpG_context_sampling_20199_44_trimmed_bismark_bt2.CpG",6485,5357,1128,6485
"14045","07_report/CpG_context_sampling_20199_45_trimmed_bismark_bt2.CpG",6462,5362,1100,6462
"14046","07_report/CpG_context_sampling_20199_46_trimmed_bismark_bt2.CpG",6612,5517,1095,6612
"14047","07_report/CpG_context_sampling_20199_47_trimmed_bismark_bt2.CpG",6529,5419,1110,6529
"14048","07_report/CpG_context_sampling_20199_48_trimmed_bismark_bt2.CpG",6522,5374,1148,6522
"14049","07_report/CpG_context_sampling_20199_49_trimmed_bismark_bt2.CpG",6632,5514,1118,6632
"14050","07_report/CpG_context_sampling_20199_50_trimmed_bismark_bt2.CpG",6620,5494,1126,6620
"14051","07_report/CpG_context_sampling_20199_51_trimmed_bismark_bt2.CpG",6490,5420,1070,6490
"14052","07_report/CpG_context_sampling_20199_52_trimmed_bismark_bt2.CpG",6627,5491,1136,6627
"14053","07_report/CpG_context_sampling_20199_53_trimmed_bismark_bt2.CpG",6503,5419,1084,6503
"14054","07_report/CpG_context_sampling_20199_54_trimmed_bismark_bt2.CpG",6653,5509,1144,6653
"14055","07_report/CpG_context_sampling_20199_55_trimmed_bismark_bt2.CpG",6479,5394,1085,6479
"14056","07_report/CpG_context_sampling_20199_56_trimmed_bismark_bt2.CpG",6412,5372,1040,6412
"14057","07_report/CpG_context_sampling_20199_57_trimmed_bismark_bt2.CpG",6509,5402,1107,6509
"14058","07_report/CpG_context_sampling_20199_58_trimmed_bismark_bt2.CpG",6521,5426,1095,6521
"14059","07_report/CpG_context_sampling_20199_59_trimmed_bismark_bt2.CpG",6492,5367,1125,6492
"14060","07_report/CpG_context_sampling_20199_60_trimmed_bismark_bt2.CpG",6505,5376,1129,6505
"14061","07_report/CpG_context_sampling_20199_61_trimmed_bismark_bt2.CpG",6475,5337,1138,6475
"14062","07_report/CpG_context_sampling_20199_62_trimmed_bismark_bt2.CpG",6486,5359,1127,6486
"14063","07_report/CpG_context_sampling_20199_63_trimmed_bismark_bt2.CpG",6427,5364,1063,6427
"14064","07_report/CpG_context_sampling_20199_64_trimmed_bismark_bt2.CpG",6520,5430,1090,6520
"14065","07_report/CpG_context_sampling_20199_65_trimmed_bismark_bt2.CpG",6467,5405,1062,6467
"14066","07_report/CpG_context_sampling_20199_66_trimmed_bismark_bt2.CpG",6621,5510,1111,6621
"14067","07_report/CpG_context_sampling_20199_67_trimmed_bismark_bt2.CpG",6602,5481,1121,6602
"14068","07_report/CpG_context_sampling_20199_68_trimmed_bismark_bt2.CpG",6528,5469,1059,6528
"14069","07_report/CpG_context_sampling_20199_69_trimmed_bismark_bt2.CpG",6587,5500,1087,6587
"14070","07_report/CpG_context_sampling_20199_70_trimmed_bismark_bt2.CpG",6493,5370,1123,6493
"14071","07_report/CpG_context_sampling_20199_71_trimmed_bismark_bt2.CpG",6513,5383,1130,6513
"14072","07_report/CpG_context_sampling_20199_72_trimmed_bismark_bt2.CpG",6585,5478,1107,6585
"14073","07_report/CpG_context_sampling_20199_73_trimmed_bismark_bt2.CpG",6597,5498,1099,6597
"14074","07_report/CpG_context_sampling_20199_74_trimmed_bismark_bt2.CpG",6430,5362,1068,6430
"14075","07_report/CpG_context_sampling_20199_75_trimmed_bismark_bt2.CpG",6621,5491,1130,6621
"14076","07_report/CpG_context_sampling_20199_76_trimmed_bismark_bt2.CpG",6563,5462,1101,6563
"14077","07_report/CpG_context_sampling_20199_77_trimmed_bismark_bt2.CpG",6577,5469,1108,6577
"14078","07_report/CpG_context_sampling_20199_78_trimmed_bismark_bt2.CpG",6609,5462,1147,6609
"14079","07_report/CpG_context_sampling_20199_79_trimmed_bismark_bt2.CpG",6518,5447,1071,6518
"14080","07_report/CpG_context_sampling_20199_80_trimmed_bismark_bt2.CpG",6568,5480,1088,6568
"14081","07_report/CpG_context_sampling_20199_81_trimmed_bismark_bt2.CpG",6630,5496,1134,6630
"14082","07_report/CpG_context_sampling_20199_82_trimmed_bismark_bt2.CpG",6552,5410,1142,6552
"14083","07_report/CpG_context_sampling_20199_83_trimmed_bismark_bt2.CpG",6384,5294,1090,6384
"14084","07_report/CpG_context_sampling_20199_84_trimmed_bismark_bt2.CpG",6480,5386,1094,6480
"14085","07_report/CpG_context_sampling_20199_85_trimmed_bismark_bt2.CpG",6599,5472,1127,6599
"14086","07_report/CpG_context_sampling_20199_86_trimmed_bismark_bt2.CpG",6531,5438,1093,6531
"14087","07_report/CpG_context_sampling_20199_87_trimmed_bismark_bt2.CpG",6497,5368,1129,6497
"14088","07_report/CpG_context_sampling_20199_88_trimmed_bismark_bt2.CpG",6491,5468,1023,6491
"14089","07_report/CpG_context_sampling_20199_89_trimmed_bismark_bt2.CpG",6485,5344,1141,6485
"14090","07_report/CpG_context_sampling_20199_90_trimmed_bismark_bt2.CpG",6615,5503,1112,6615
"14091","07_report/CpG_context_sampling_20199_91_trimmed_bismark_bt2.CpG",6463,5382,1081,6463
"14092","07_report/CpG_context_sampling_20199_92_trimmed_bismark_bt2.CpG",6610,5505,1105,6610
"14093","07_report/CpG_context_sampling_20199_93_trimmed_bismark_bt2.CpG",6573,5447,1126,6573
"14094","07_report/CpG_context_sampling_20199_94_trimmed_bismark_bt2.CpG",6536,5470,1066,6536
"14095","07_report/CpG_context_sampling_20199_95_trimmed_bismark_bt2.CpG",6464,5367,1097,6464
"14096","07_report/CpG_context_sampling_20199_96_trimmed_bismark_bt2.CpG",6625,5452,1173,6625
"14097","07_report/CpG_context_sampling_20199_97_trimmed_bismark_bt2.CpG",6542,5399,1143,6542
"14098","07_report/CpG_context_sampling_20199_98_trimmed_bismark_bt2.CpG",6404,5349,1055,6404
"14099","07_report/CpG_context_sampling_20199_99_trimmed_bismark_bt2.CpG",6597,5454,1143,6597
"14100","07_report/CpG_context_sampling_20199_100_trimmed_bismark_bt2.CpG",6558,5402,1156,6558
"14101","07_report/CpG_context_sampling_20199_101_trimmed_bismark_bt2.CpG",6580,5459,1121,6580
"14102","07_report/CpG_context_sampling_20199_102_trimmed_bismark_bt2.CpG",6513,5435,1078,6513
"14103","07_report/CpG_context_sampling_20199_103_trimmed_bismark_bt2.CpG",6508,5428,1080,6508
"14104","07_report/CpG_context_sampling_20199_104_trimmed_bismark_bt2.CpG",6600,5509,1091,6600
"14105","07_report/CpG_context_sampling_20199_105_trimmed_bismark_bt2.CpG",6602,5523,1079,6602
"14106","07_report/CpG_context_sampling_20199_106_trimmed_bismark_bt2.CpG",6532,5473,1059,6532
"14107","07_report/CpG_context_sampling_20199_107_trimmed_bismark_bt2.CpG",6468,5424,1044,6468
"14108","07_report/CpG_context_sampling_20199_108_trimmed_bismark_bt2.CpG",6551,5438,1113,6551
"14109","07_report/CpG_context_sampling_20199_109_trimmed_bismark_bt2.CpG",6585,5506,1079,6585
"14110","07_report/CpG_context_sampling_20199_110_trimmed_bismark_bt2.CpG",6567,5495,1072,6567
"14111","07_report/CpG_context_sampling_20199_111_trimmed_bismark_bt2.CpG",6445,5378,1067,6445
"14112","07_report/CpG_context_sampling_20199_112_trimmed_bismark_bt2.CpG",6596,5461,1135,6596
"14113","07_report/CpG_context_sampling_20199_113_trimmed_bismark_bt2.CpG",6518,5390,1128,6518
"14114","07_report/CpG_context_sampling_20199_114_trimmed_bismark_bt2.CpG",6525,5431,1094,6525
"14115","07_report/CpG_context_sampling_20199_115_trimmed_bismark_bt2.CpG",6597,5491,1106,6597
"14116","07_report/CpG_context_sampling_20199_116_trimmed_bismark_bt2.CpG",6608,5510,1098,6608
"14117","07_report/CpG_context_sampling_20199_117_trimmed_bismark_bt2.CpG",6497,5404,1093,6497
"14118","07_report/CpG_context_sampling_20199_118_trimmed_bismark_bt2.CpG",6560,5403,1157,6560
"14119","07_report/CpG_context_sampling_20199_119_trimmed_bismark_bt2.CpG",6581,5496,1085,6581
"14120","07_report/CpG_context_sampling_20199_120_trimmed_bismark_bt2.CpG",6494,5381,1113,6494
"14121","07_report/CpG_context_sampling_20199_121_trimmed_bismark_bt2.CpG",6432,5316,1116,6432
"14122","07_report/CpG_context_sampling_20199_122_trimmed_bismark_bt2.CpG",6492,5384,1108,6492
"14123","07_report/CpG_context_sampling_20199_123_trimmed_bismark_bt2.CpG",6595,5503,1092,6595
"14124","07_report/CpG_context_sampling_20199_124_trimmed_bismark_bt2.CpG",6379,5322,1057,6379
"14125","07_report/CpG_context_sampling_20199_125_trimmed_bismark_bt2.CpG",6579,5500,1079,6579
"14126","07_report/CpG_context_sampling_20199_126_trimmed_bismark_bt2.CpG",6472,5383,1089,6472
"14127","07_report/CpG_context_sampling_20199_127_trimmed_bismark_bt2.CpG",6551,5470,1081,6551
"14128","07_report/CpG_context_sampling_20199_128_trimmed_bismark_bt2.CpG",6623,5503,1120,6623
"14129","07_report/CpG_context_sampling_20199_129_trimmed_bismark_bt2.CpG",6589,5473,1116,6589
"14130","07_report/CpG_context_sampling_20199_130_trimmed_bismark_bt2.CpG",6580,5468,1112,6580
"14131","07_report/CpG_context_sampling_20199_131_trimmed_bismark_bt2.CpG",6500,5449,1051,6500
"14132","07_report/CpG_context_sampling_20199_132_trimmed_bismark_bt2.CpG",6409,5355,1054,6409
"14133","07_report/CpG_context_sampling_20199_133_trimmed_bismark_bt2.CpG",6521,5386,1135,6521
"14134","07_report/CpG_context_sampling_20199_134_trimmed_bismark_bt2.CpG",6559,5467,1092,6559
"14135","07_report/CpG_context_sampling_20199_135_trimmed_bismark_bt2.CpG",6507,5409,1098,6507
"14136","07_report/CpG_context_sampling_20199_136_trimmed_bismark_bt2.CpG",6454,5401,1053,6454
"14137","07_report/CpG_context_sampling_20199_137_trimmed_bismark_bt2.CpG",6445,5398,1047,6445
"14138","07_report/CpG_context_sampling_20199_138_trimmed_bismark_bt2.CpG",6598,5454,1144,6598
"14139","07_report/CpG_context_sampling_20199_139_trimmed_bismark_bt2.CpG",6466,5393,1073,6466
"14140","07_report/CpG_context_sampling_20199_140_trimmed_bismark_bt2.CpG",6525,5439,1086,6525
"14141","07_report/CpG_context_sampling_20199_141_trimmed_bismark_bt2.CpG",6493,5335,1158,6493
"14142","07_report/CpG_context_sampling_20199_142_trimmed_bismark_bt2.CpG",6526,5392,1134,6526
"14143","07_report/CpG_context_sampling_20199_143_trimmed_bismark_bt2.CpG",6572,5486,1086,6572
"14144","07_report/CpG_context_sampling_20199_144_trimmed_bismark_bt2.CpG",6545,5446,1099,6545
"14145","07_report/CpG_context_sampling_20199_145_trimmed_bismark_bt2.CpG",6518,5398,1120,6518
"14146","07_report/CpG_context_sampling_20199_146_trimmed_bismark_bt2.CpG",6319,5264,1055,6319
"14147","07_report/CpG_context_sampling_20199_147_trimmed_bismark_bt2.CpG",6489,5362,1127,6489
"14148","07_report/CpG_context_sampling_20199_148_trimmed_bismark_bt2.CpG",6571,5468,1103,6571
"14149","07_report/CpG_context_sampling_20199_149_trimmed_bismark_bt2.CpG",6610,5435,1175,6610
"14150","07_report/CpG_context_sampling_20199_150_trimmed_bismark_bt2.CpG",6535,5426,1109,6535
"14151","07_report/CpG_context_sampling_20199_151_trimmed_bismark_bt2.CpG",6623,5481,1142,6623
"14152","07_report/CpG_context_sampling_20199_152_trimmed_bismark_bt2.CpG",6479,5393,1086,6479
"14153","07_report/CpG_context_sampling_20199_153_trimmed_bismark_bt2.CpG",6405,5268,1137,6405
"14154","07_report/CpG_context_sampling_20199_154_trimmed_bismark_bt2.CpG",6617,5464,1153,6617
"14155","07_report/CpG_context_sampling_20199_155_trimmed_bismark_bt2.CpG",6558,5474,1084,6558
"14156","07_report/CpG_context_sampling_20199_156_trimmed_bismark_bt2.CpG",6365,5318,1047,6365
"14157","07_report/CpG_context_sampling_20199_157_trimmed_bismark_bt2.CpG",6574,5433,1141,6574
"14158","07_report/CpG_context_sampling_20199_158_trimmed_bismark_bt2.CpG",6519,5418,1101,6519
"14159","07_report/CpG_context_sampling_20199_159_trimmed_bismark_bt2.CpG",6524,5405,1119,6524
"14160","07_report/CpG_context_sampling_20199_160_trimmed_bismark_bt2.CpG",6438,5379,1059,6438
"14161","07_report/CpG_context_sampling_20199_161_trimmed_bismark_bt2.CpG",6572,5472,1100,6572
"14162","07_report/CpG_context_sampling_20199_162_trimmed_bismark_bt2.CpG",6582,5482,1100,6582
"14163","07_report/CpG_context_sampling_20199_163_trimmed_bismark_bt2.CpG",6597,5477,1120,6597
"14164","07_report/CpG_context_sampling_20199_164_trimmed_bismark_bt2.CpG",6552,5518,1034,6552
"14165","07_report/CpG_context_sampling_20199_165_trimmed_bismark_bt2.CpG",6618,5540,1078,6618
"14166","07_report/CpG_context_sampling_20199_166_trimmed_bismark_bt2.CpG",6588,5470,1118,6588
"14167","07_report/CpG_context_sampling_20199_167_trimmed_bismark_bt2.CpG",6580,5477,1103,6580
"14168","07_report/CpG_context_sampling_20199_168_trimmed_bismark_bt2.CpG",6505,5385,1120,6505
"14169","07_report/CpG_context_sampling_20199_169_trimmed_bismark_bt2.CpG",6676,5537,1139,6676
"14170","07_report/CpG_context_sampling_20199_170_trimmed_bismark_bt2.CpG",6457,5371,1086,6457
"14171","07_report/CpG_context_sampling_20199_171_trimmed_bismark_bt2.CpG",6607,5477,1130,6607
"14172","07_report/CpG_context_sampling_20199_172_trimmed_bismark_bt2.CpG",6566,5467,1099,6566
"14173","07_report/CpG_context_sampling_20199_173_trimmed_bismark_bt2.CpG",6584,5493,1091,6584
"14174","07_report/CpG_context_sampling_20199_174_trimmed_bismark_bt2.CpG",6428,5342,1086,6428
"14175","07_report/CpG_context_sampling_20199_175_trimmed_bismark_bt2.CpG",6439,5344,1095,6439
"14176","07_report/CpG_context_sampling_20199_176_trimmed_bismark_bt2.CpG",6521,5383,1138,6521
"14177","07_report/CpG_context_sampling_20199_177_trimmed_bismark_bt2.CpG",6459,5352,1107,6459
"14178","07_report/CpG_context_sampling_20199_178_trimmed_bismark_bt2.CpG",6587,5488,1099,6587
"14179","07_report/CpG_context_sampling_20199_179_trimmed_bismark_bt2.CpG",6516,5421,1095,6516
"14180","07_report/CpG_context_sampling_20199_180_trimmed_bismark_bt2.CpG",6516,5471,1045,6516
"14181","07_report/CpG_context_sampling_20199_181_trimmed_bismark_bt2.CpG",6521,5414,1107,6521
"14182","07_report/CpG_context_sampling_20199_182_trimmed_bismark_bt2.CpG",6589,5496,1093,6589
"14183","07_report/CpG_context_sampling_20199_183_trimmed_bismark_bt2.CpG",6464,5346,1118,6464
"14184","07_report/CpG_context_sampling_20199_184_trimmed_bismark_bt2.CpG",6577,5479,1098,6577
"14185","07_report/CpG_context_sampling_20199_185_trimmed_bismark_bt2.CpG",6552,5477,1075,6552
"14186","07_report/CpG_context_sampling_20199_186_trimmed_bismark_bt2.CpG",6498,5368,1130,6498
"14187","07_report/CpG_context_sampling_20199_187_trimmed_bismark_bt2.CpG",6625,5485,1140,6625
"14188","07_report/CpG_context_sampling_20199_188_trimmed_bismark_bt2.CpG",6434,5299,1135,6434
"14189","07_report/CpG_context_sampling_20199_189_trimmed_bismark_bt2.CpG",6554,5438,1116,6554
"14190","07_report/CpG_context_sampling_20199_190_trimmed_bismark_bt2.CpG",6504,5393,1111,6504
"14191","07_report/CpG_context_sampling_20199_191_trimmed_bismark_bt2.CpG",6557,5487,1070,6557
"14192","07_report/CpG_context_sampling_20199_192_trimmed_bismark_bt2.CpG",6549,5476,1073,6549
"14193","07_report/CpG_context_sampling_20199_193_trimmed_bismark_bt2.CpG",6389,5355,1034,6389
"14194","07_report/CpG_context_sampling_20199_194_trimmed_bismark_bt2.CpG",6614,5549,1065,6614
"14195","07_report/CpG_context_sampling_20199_195_trimmed_bismark_bt2.CpG",6487,5464,1023,6487
"14196","07_report/CpG_context_sampling_20199_196_trimmed_bismark_bt2.CpG",6557,5442,1115,6557
"14197","07_report/CpG_context_sampling_20199_197_trimmed_bismark_bt2.CpG",6618,5472,1146,6618
"14198","07_report/CpG_context_sampling_20199_198_trimmed_bismark_bt2.CpG",6586,5500,1086,6586
"14199","07_report/CpG_context_sampling_20199_199_trimmed_bismark_bt2.CpG",6453,5363,1090,6453
"14200","07_report/CpG_context_sampling_20199_200_trimmed_bismark_bt2.CpG",6437,5373,1064,6437
"14201","07_report/CpG_context_sampling_20199_201_trimmed_bismark_bt2.CpG",6496,5453,1043,6496
"14202","07_report/CpG_context_sampling_20199_202_trimmed_bismark_bt2.CpG",6489,5405,1084,6489
"14203","07_report/CpG_context_sampling_20199_203_trimmed_bismark_bt2.CpG",6468,5391,1077,6468
"14204","07_report/CpG_context_sampling_20199_204_trimmed_bismark_bt2.CpG",6472,5387,1085,6472
"14205","07_report/CpG_context_sampling_20199_205_trimmed_bismark_bt2.CpG",6594,5507,1087,6594
"14206","07_report/CpG_context_sampling_20199_206_trimmed_bismark_bt2.CpG",6483,5404,1079,6483
"14207","07_report/CpG_context_sampling_20199_207_trimmed_bismark_bt2.CpG",6427,5316,1111,6427
"14208","07_report/CpG_context_sampling_20199_208_trimmed_bismark_bt2.CpG",6467,5336,1131,6467
"14209","07_report/CpG_context_sampling_20199_209_trimmed_bismark_bt2.CpG",6521,5435,1086,6521
"14210","07_report/CpG_context_sampling_20199_210_trimmed_bismark_bt2.CpG",6470,5348,1122,6470
"14211","07_report/CpG_context_sampling_20199_211_trimmed_bismark_bt2.CpG",6432,5336,1096,6432
"14212","07_report/CpG_context_sampling_20199_212_trimmed_bismark_bt2.CpG",6569,5513,1056,6569
"14213","07_report/CpG_context_sampling_20199_213_trimmed_bismark_bt2.CpG",6408,5317,1091,6408
"14214","07_report/CpG_context_sampling_20199_214_trimmed_bismark_bt2.CpG",6596,5423,1173,6596
"14215","07_report/CpG_context_sampling_20199_215_trimmed_bismark_bt2.CpG",6517,5393,1124,6517
"14216","07_report/CpG_context_sampling_20199_216_trimmed_bismark_bt2.CpG",6562,5487,1075,6562
"14217","07_report/CpG_context_sampling_20199_217_trimmed_bismark_bt2.CpG",6414,5286,1128,6414
"14218","07_report/CpG_context_sampling_20199_218_trimmed_bismark_bt2.CpG",6520,5425,1095,6520
"14219","07_report/CpG_context_sampling_20199_219_trimmed_bismark_bt2.CpG",6627,5447,1180,6627
"14220","07_report/CpG_context_sampling_20199_220_trimmed_bismark_bt2.CpG",6570,5435,1135,6570
"14221","07_report/CpG_context_sampling_20199_221_trimmed_bismark_bt2.CpG",6478,5339,1139,6478
"14222","07_report/CpG_context_sampling_20199_222_trimmed_bismark_bt2.CpG",6412,5352,1060,6412
"14223","07_report/CpG_context_sampling_20199_223_trimmed_bismark_bt2.CpG",6578,5519,1059,6578
"14224","07_report/CpG_context_sampling_20199_224_trimmed_bismark_bt2.CpG",6621,5574,1047,6621
"14225","07_report/CpG_context_sampling_20199_225_trimmed_bismark_bt2.CpG",6501,5403,1098,6501
"14226","07_report/CpG_context_sampling_20199_226_trimmed_bismark_bt2.CpG",6625,5530,1095,6625
"14227","07_report/CpG_context_sampling_20199_227_trimmed_bismark_bt2.CpG",6588,5508,1080,6588
"14228","07_report/CpG_context_sampling_20199_228_trimmed_bismark_bt2.CpG",6585,5516,1069,6585
"14229","07_report/CpG_context_sampling_20199_229_trimmed_bismark_bt2.CpG",6605,5494,1111,6605
"14230","07_report/CpG_context_sampling_20199_230_trimmed_bismark_bt2.CpG",6549,5462,1087,6549
"14231","07_report/CpG_context_sampling_20199_231_trimmed_bismark_bt2.CpG",6564,5406,1158,6564
"14232","07_report/CpG_context_sampling_20199_232_trimmed_bismark_bt2.CpG",6490,5428,1062,6490
"14233","07_report/CpG_context_sampling_20199_233_trimmed_bismark_bt2.CpG",6527,5426,1101,6527
"14234","07_report/CpG_context_sampling_20199_234_trimmed_bismark_bt2.CpG",6580,5435,1145,6580
"14235","07_report/CpG_context_sampling_20199_235_trimmed_bismark_bt2.CpG",6484,5423,1061,6484
"14236","07_report/CpG_context_sampling_20199_236_trimmed_bismark_bt2.CpG",6597,5485,1112,6597
"14237","07_report/CpG_context_sampling_20199_237_trimmed_bismark_bt2.CpG",6606,5492,1114,6606
"14238","07_report/CpG_context_sampling_20199_238_trimmed_bismark_bt2.CpG",6457,5360,1097,6457
"14239","07_report/CpG_context_sampling_20199_239_trimmed_bismark_bt2.CpG",6480,5361,1119,6480
"14240","07_report/CpG_context_sampling_20199_240_trimmed_bismark_bt2.CpG",6504,5423,1081,6504
"14241","07_report/CpG_context_sampling_20199_241_trimmed_bismark_bt2.CpG",6518,5421,1097,6518
"14242","07_report/CpG_context_sampling_20199_242_trimmed_bismark_bt2.CpG",6542,5380,1162,6542
"14243","07_report/CpG_context_sampling_20199_243_trimmed_bismark_bt2.CpG",6333,5283,1050,6333
"14244","07_report/CpG_context_sampling_20199_244_trimmed_bismark_bt2.CpG",6455,5362,1093,6455
"14245","07_report/CpG_context_sampling_20199_245_trimmed_bismark_bt2.CpG",6468,5368,1100,6468
"14246","07_report/CpG_context_sampling_20199_246_trimmed_bismark_bt2.CpG",6458,5410,1048,6458
"14247","07_report/CpG_context_sampling_20199_247_trimmed_bismark_bt2.CpG",6605,5546,1059,6605
"14248","07_report/CpG_context_sampling_20199_248_trimmed_bismark_bt2.CpG",6601,5471,1130,6601
"14249","07_report/CpG_context_sampling_20199_249_trimmed_bismark_bt2.CpG",6466,5405,1061,6466
"14250","07_report/CpG_context_sampling_20199_250_trimmed_bismark_bt2.CpG",6460,5385,1075,6460
"14251","07_report/CpG_context_sampling_20199_251_trimmed_bismark_bt2.CpG",6490,5373,1117,6490
"14252","07_report/CpG_context_sampling_20199_252_trimmed_bismark_bt2.CpG",6461,5365,1096,6461
"14253","07_report/CpG_context_sampling_20199_253_trimmed_bismark_bt2.CpG",6564,5443,1121,6564
"14254","07_report/CpG_context_sampling_20199_254_trimmed_bismark_bt2.CpG",6421,5317,1104,6421
"14255","07_report/CpG_context_sampling_20199_255_trimmed_bismark_bt2.CpG",6502,5384,1118,6502
"14256","07_report/CpG_context_sampling_20199_256_trimmed_bismark_bt2.CpG",6632,5474,1158,6632
"14257","07_report/CpG_context_sampling_20199_257_trimmed_bismark_bt2.CpG",6394,5316,1078,6394
"14258","07_report/CpG_context_sampling_20199_258_trimmed_bismark_bt2.CpG",6638,5572,1066,6638
"14259","07_report/CpG_context_sampling_20199_259_trimmed_bismark_bt2.CpG",6530,5375,1155,6530
"14260","07_report/CpG_context_sampling_20199_260_trimmed_bismark_bt2.CpG",6537,5401,1136,6537
"14261","07_report/CpG_context_sampling_20199_261_trimmed_bismark_bt2.CpG",6612,5440,1172,6612
"14262","07_report/CpG_context_sampling_20199_262_trimmed_bismark_bt2.CpG",6470,5329,1141,6470
"14263","07_report/CpG_context_sampling_20199_263_trimmed_bismark_bt2.CpG",6396,5285,1111,6396
"14264","07_report/CpG_context_sampling_20199_264_trimmed_bismark_bt2.CpG",6651,5514,1137,6651
"14265","07_report/CpG_context_sampling_20199_265_trimmed_bismark_bt2.CpG",6551,5416,1135,6551
"14266","07_report/CpG_context_sampling_20199_266_trimmed_bismark_bt2.CpG",6573,5458,1115,6573
"14267","07_report/CpG_context_sampling_20199_267_trimmed_bismark_bt2.CpG",6403,5336,1067,6403
"14268","07_report/CpG_context_sampling_20199_268_trimmed_bismark_bt2.CpG",6524,5459,1065,6524
"14269","07_report/CpG_context_sampling_20199_269_trimmed_bismark_bt2.CpG",6530,5434,1096,6530
"14270","07_report/CpG_context_sampling_20199_270_trimmed_bismark_bt2.CpG",6465,5425,1040,6465
"14271","07_report/CpG_context_sampling_20199_271_trimmed_bismark_bt2.CpG",6437,5295,1142,6437
"14272","07_report/CpG_context_sampling_20199_272_trimmed_bismark_bt2.CpG",6549,5408,1141,6549
"14273","07_report/CpG_context_sampling_20199_273_trimmed_bismark_bt2.CpG",6515,5390,1125,6515
"14274","07_report/CpG_context_sampling_20199_274_trimmed_bismark_bt2.CpG",6482,5366,1116,6482
"14275","07_report/CpG_context_sampling_20199_275_trimmed_bismark_bt2.CpG",6522,5416,1106,6522
"14276","07_report/CpG_context_sampling_20199_276_trimmed_bismark_bt2.CpG",6576,5514,1062,6576
"14277","07_report/CpG_context_sampling_20199_277_trimmed_bismark_bt2.CpG",6504,5404,1100,6504
"14278","07_report/CpG_context_sampling_20199_278_trimmed_bismark_bt2.CpG",6581,5510,1071,6581
"14279","07_report/CpG_context_sampling_20199_279_trimmed_bismark_bt2.CpG",6608,5498,1110,6608
"14280","07_report/CpG_context_sampling_20199_280_trimmed_bismark_bt2.CpG",6534,5394,1140,6534
"14281","07_report/CpG_context_sampling_20199_281_trimmed_bismark_bt2.CpG",6398,5305,1093,6398
"14282","07_report/CpG_context_sampling_20199_282_trimmed_bismark_bt2.CpG",6504,5398,1106,6504
"14283","07_report/CpG_context_sampling_20199_283_trimmed_bismark_bt2.CpG",6681,5552,1129,6681
"14284","07_report/CpG_context_sampling_20199_284_trimmed_bismark_bt2.CpG",6449,5414,1035,6449
"14285","07_report/CpG_context_sampling_20199_285_trimmed_bismark_bt2.CpG",6603,5461,1142,6603
"14286","07_report/CpG_context_sampling_20199_286_trimmed_bismark_bt2.CpG",6600,5418,1182,6600
"14287","07_report/CpG_context_sampling_20199_287_trimmed_bismark_bt2.CpG",6568,5474,1094,6568
"14288","07_report/CpG_context_sampling_20199_288_trimmed_bismark_bt2.CpG",6360,5254,1106,6360
"14289","07_report/CpG_context_sampling_20199_289_trimmed_bismark_bt2.CpG",6454,5362,1092,6454
"14290","07_report/CpG_context_sampling_20199_290_trimmed_bismark_bt2.CpG",6418,5295,1123,6418
"14291","07_report/CpG_context_sampling_20199_291_trimmed_bismark_bt2.CpG",6572,5496,1076,6572
"14292","07_report/CpG_context_sampling_20199_292_trimmed_bismark_bt2.CpG",6632,5520,1112,6632
"14293","07_report/CpG_context_sampling_20199_293_trimmed_bismark_bt2.CpG",6565,5482,1083,6565
"14294","07_report/CpG_context_sampling_20199_294_trimmed_bismark_bt2.CpG",6563,5485,1078,6563
"14295","07_report/CpG_context_sampling_20199_295_trimmed_bismark_bt2.CpG",6493,5379,1114,6493
"14296","07_report/CpG_context_sampling_20199_296_trimmed_bismark_bt2.CpG",6510,5414,1096,6510
"14297","07_report/CpG_context_sampling_20199_297_trimmed_bismark_bt2.CpG",6479,5389,1090,6479
"14298","07_report/CpG_context_sampling_20199_298_trimmed_bismark_bt2.CpG",6695,5572,1123,6695
"14299","07_report/CpG_context_sampling_20199_299_trimmed_bismark_bt2.CpG",6591,5445,1146,6591
"14300","07_report/CpG_context_sampling_20199_300_trimmed_bismark_bt2.CpG",6532,5406,1126,6532
"14301","07_report/CpG_context_sampling_20199_301_trimmed_bismark_bt2.CpG",6531,5399,1132,6531
"14302","07_report/CpG_context_sampling_20199_302_trimmed_bismark_bt2.CpG",6518,5429,1089,6518
"14303","07_report/CpG_context_sampling_20199_303_trimmed_bismark_bt2.CpG",6528,5484,1044,6528
"14304","07_report/CpG_context_sampling_20199_304_trimmed_bismark_bt2.CpG",6572,5471,1101,6572
"14305","07_report/CpG_context_sampling_20199_305_trimmed_bismark_bt2.CpG",6451,5381,1070,6451
"14306","07_report/CpG_context_sampling_20199_306_trimmed_bismark_bt2.CpG",6474,5402,1072,6474
"14307","07_report/CpG_context_sampling_20199_307_trimmed_bismark_bt2.CpG",6526,5415,1111,6526
"14308","07_report/CpG_context_sampling_20199_308_trimmed_bismark_bt2.CpG",6469,5403,1066,6469
"14309","07_report/CpG_context_sampling_20199_309_trimmed_bismark_bt2.CpG",6534,5355,1179,6534
"14310","07_report/CpG_context_sampling_20199_310_trimmed_bismark_bt2.CpG",6451,5358,1093,6451
"14311","07_report/CpG_context_sampling_20199_311_trimmed_bismark_bt2.CpG",6654,5541,1113,6654
"14312","07_report/CpG_context_sampling_20199_312_trimmed_bismark_bt2.CpG",6573,5392,1181,6573
"14313","07_report/CpG_context_sampling_20199_313_trimmed_bismark_bt2.CpG",6479,5437,1042,6479
"14314","07_report/CpG_context_sampling_20199_314_trimmed_bismark_bt2.CpG",6577,5431,1146,6577
"14315","07_report/CpG_context_sampling_20199_315_trimmed_bismark_bt2.CpG",6428,5318,1110,6428
"14316","07_report/CpG_context_sampling_20199_316_trimmed_bismark_bt2.CpG",6640,5505,1135,6640
"14317","07_report/CpG_context_sampling_20199_317_trimmed_bismark_bt2.CpG",6593,5471,1122,6593
"14318","07_report/CpG_context_sampling_20199_318_trimmed_bismark_bt2.CpG",6489,5410,1079,6489
"14319","07_report/CpG_context_sampling_20199_319_trimmed_bismark_bt2.CpG",6611,5498,1113,6611
"14320","07_report/CpG_context_sampling_20199_320_trimmed_bismark_bt2.CpG",6578,5446,1132,6578
"14321","07_report/CpG_context_sampling_20199_321_trimmed_bismark_bt2.CpG",6432,5355,1077,6432
"14322","07_report/CpG_context_sampling_20199_322_trimmed_bismark_bt2.CpG",6552,5444,1108,6552
"14323","07_report/CpG_context_sampling_20199_323_trimmed_bismark_bt2.CpG",6555,5504,1051,6555
"14324","07_report/CpG_context_sampling_20199_324_trimmed_bismark_bt2.CpG",6603,5486,1117,6603
"14325","07_report/CpG_context_sampling_20199_325_trimmed_bismark_bt2.CpG",6532,5421,1111,6532
"14326","07_report/CpG_context_sampling_20199_326_trimmed_bismark_bt2.CpG",6540,5470,1070,6540
"14327","07_report/CpG_context_sampling_20199_327_trimmed_bismark_bt2.CpG",6372,5299,1073,6372
"14328","07_report/CpG_context_sampling_20199_328_trimmed_bismark_bt2.CpG",6567,5462,1105,6567
"14329","07_report/CpG_context_sampling_20199_329_trimmed_bismark_bt2.CpG",6421,5342,1079,6421
"14330","07_report/CpG_context_sampling_20199_330_trimmed_bismark_bt2.CpG",6609,5487,1122,6609
"14331","07_report/CpG_context_sampling_20199_331_trimmed_bismark_bt2.CpG",6472,5378,1094,6472
"14332","07_report/CpG_context_sampling_20199_332_trimmed_bismark_bt2.CpG",6598,5484,1114,6598
"14333","07_report/CpG_context_sampling_20199_333_trimmed_bismark_bt2.CpG",6481,5375,1106,6481
"14334","07_report/CpG_context_sampling_20199_334_trimmed_bismark_bt2.CpG",6626,5559,1067,6626
"14335","07_report/CpG_context_sampling_20199_335_trimmed_bismark_bt2.CpG",6540,5428,1112,6540
"14336","07_report/CpG_context_sampling_20199_336_trimmed_bismark_bt2.CpG",6610,5498,1112,6610
"14337","07_report/CpG_context_sampling_20199_337_trimmed_bismark_bt2.CpG",6451,5382,1069,6451
"14338","07_report/CpG_context_sampling_20199_338_trimmed_bismark_bt2.CpG",6496,5411,1085,6496
"14339","07_report/CpG_context_sampling_20199_339_trimmed_bismark_bt2.CpG",6491,5445,1046,6491
"14340","07_report/CpG_context_sampling_20199_340_trimmed_bismark_bt2.CpG",6480,5353,1127,6480
"14341","07_report/CpG_context_sampling_20199_341_trimmed_bismark_bt2.CpG",6609,5499,1110,6609
"14342","07_report/CpG_context_sampling_20199_342_trimmed_bismark_bt2.CpG",6566,5501,1065,6566
"14343","07_report/CpG_context_sampling_20199_343_trimmed_bismark_bt2.CpG",6495,5444,1051,6495
"14344","07_report/CpG_context_sampling_20199_344_trimmed_bismark_bt2.CpG",6628,5437,1191,6628
"14345","07_report/CpG_context_sampling_20199_345_trimmed_bismark_bt2.CpG",6514,5422,1092,6514
"14346","07_report/CpG_context_sampling_20199_346_trimmed_bismark_bt2.CpG",6536,5424,1112,6536
"14347","07_report/CpG_context_sampling_20199_347_trimmed_bismark_bt2.CpG",6505,5397,1108,6505
"14348","07_report/CpG_context_sampling_20199_348_trimmed_bismark_bt2.CpG",6574,5472,1102,6574
"14349","07_report/CpG_context_sampling_20199_349_trimmed_bismark_bt2.CpG",6628,5506,1122,6628
"14350","07_report/CpG_context_sampling_20199_350_trimmed_bismark_bt2.CpG",6532,5433,1099,6532
"14351","07_report/CpG_context_sampling_20199_351_trimmed_bismark_bt2.CpG",6523,5429,1094,6523
"14352","07_report/CpG_context_sampling_20199_352_trimmed_bismark_bt2.CpG",6460,5393,1067,6460
"14353","07_report/CpG_context_sampling_20199_353_trimmed_bismark_bt2.CpG",6417,5312,1105,6417
"14354","07_report/CpG_context_sampling_20199_354_trimmed_bismark_bt2.CpG",6571,5495,1076,6571
"14355","07_report/CpG_context_sampling_20199_355_trimmed_bismark_bt2.CpG",6459,5364,1095,6459
"14356","07_report/CpG_context_sampling_20199_356_trimmed_bismark_bt2.CpG",6475,5429,1046,6475
"14357","07_report/CpG_context_sampling_20199_357_trimmed_bismark_bt2.CpG",6398,5310,1088,6398
"14358","07_report/CpG_context_sampling_20199_358_trimmed_bismark_bt2.CpG",6504,5416,1088,6504
"14359","07_report/CpG_context_sampling_20199_359_trimmed_bismark_bt2.CpG",6513,5477,1036,6513
"14360","07_report/CpG_context_sampling_20199_360_trimmed_bismark_bt2.CpG",6479,5337,1142,6479
"14361","07_report/CpG_context_sampling_20199_361_trimmed_bismark_bt2.CpG",6547,5476,1071,6547
"14362","07_report/CpG_context_sampling_20199_362_trimmed_bismark_bt2.CpG",6431,5328,1103,6431
"14363","07_report/CpG_context_sampling_20199_363_trimmed_bismark_bt2.CpG",6439,5371,1068,6439
"14364","07_report/CpG_context_sampling_20199_364_trimmed_bismark_bt2.CpG",6610,5506,1104,6610
"14365","07_report/CpG_context_sampling_20199_365_trimmed_bismark_bt2.CpG",6421,5304,1117,6421
"14366","07_report/CpG_context_sampling_20199_366_trimmed_bismark_bt2.CpG",6465,5377,1088,6465
"14367","07_report/CpG_context_sampling_20199_367_trimmed_bismark_bt2.CpG",6472,5379,1093,6472
"14368","07_report/CpG_context_sampling_20199_368_trimmed_bismark_bt2.CpG",6541,5434,1107,6541
"14369","07_report/CpG_context_sampling_20199_369_trimmed_bismark_bt2.CpG",6542,5461,1081,6542
"14370","07_report/CpG_context_sampling_20199_370_trimmed_bismark_bt2.CpG",6553,5431,1122,6553
"14371","07_report/CpG_context_sampling_20199_371_trimmed_bismark_bt2.CpG",6612,5501,1111,6612
"14372","07_report/CpG_context_sampling_20199_372_trimmed_bismark_bt2.CpG",6518,5413,1105,6518
"14373","07_report/CpG_context_sampling_20199_373_trimmed_bismark_bt2.CpG",6543,5438,1105,6543
"14374","07_report/CpG_context_sampling_20199_374_trimmed_bismark_bt2.CpG",6571,5455,1116,6571
"14375","07_report/CpG_context_sampling_20199_375_trimmed_bismark_bt2.CpG",6685,5527,1158,6685
"14376","07_report/CpG_context_sampling_20199_376_trimmed_bismark_bt2.CpG",6445,5375,1070,6445
"14377","07_report/CpG_context_sampling_20199_377_trimmed_bismark_bt2.CpG",6530,5450,1080,6530
"14378","07_report/CpG_context_sampling_20199_378_trimmed_bismark_bt2.CpG",6639,5548,1091,6639
"14379","07_report/CpG_context_sampling_20199_379_trimmed_bismark_bt2.CpG",6527,5448,1079,6527
"14380","07_report/CpG_context_sampling_20199_380_trimmed_bismark_bt2.CpG",6584,5464,1120,6584
"14381","07_report/CpG_context_sampling_20199_381_trimmed_bismark_bt2.CpG",6571,5473,1098,6571
"14382","07_report/CpG_context_sampling_20199_382_trimmed_bismark_bt2.CpG",6660,5530,1130,6660
"14383","07_report/CpG_context_sampling_20199_383_trimmed_bismark_bt2.CpG",6517,5385,1132,6517
"14384","07_report/CpG_context_sampling_20199_384_trimmed_bismark_bt2.CpG",6469,5393,1076,6469
"14385","07_report/CpG_context_sampling_20199_385_trimmed_bismark_bt2.CpG",6591,5438,1153,6591
"14386","07_report/CpG_context_sampling_20199_386_trimmed_bismark_bt2.CpG",6626,5521,1105,6626
"14387","07_report/CpG_context_sampling_20199_387_trimmed_bismark_bt2.CpG",6558,5459,1099,6558
"14388","07_report/CpG_context_sampling_20199_388_trimmed_bismark_bt2.CpG",6479,5337,1142,6479
"14389","07_report/CpG_context_sampling_20199_389_trimmed_bismark_bt2.CpG",6434,5384,1050,6434
"14390","07_report/CpG_context_sampling_20199_390_trimmed_bismark_bt2.CpG",6550,5407,1143,6550
"14391","07_report/CpG_context_sampling_20199_391_trimmed_bismark_bt2.CpG",6462,5331,1131,6462
"14392","07_report/CpG_context_sampling_20199_392_trimmed_bismark_bt2.CpG",6607,5521,1086,6607
"14393","07_report/CpG_context_sampling_20199_393_trimmed_bismark_bt2.CpG",6625,5494,1131,6625
"14394","07_report/CpG_context_sampling_20199_394_trimmed_bismark_bt2.CpG",6539,5453,1086,6539
"14395","07_report/CpG_context_sampling_20199_395_trimmed_bismark_bt2.CpG",6317,5186,1131,6317
"14396","07_report/CpG_context_sampling_20199_396_trimmed_bismark_bt2.CpG",6687,5590,1097,6687
"14397","07_report/CpG_context_sampling_20199_397_trimmed_bismark_bt2.CpG",6519,5444,1075,6519
"14398","07_report/CpG_context_sampling_20199_398_trimmed_bismark_bt2.CpG",6560,5403,1157,6560
"14399","07_report/CpG_context_sampling_20199_399_trimmed_bismark_bt2.CpG",6466,5404,1062,6466
"14400","07_report/CpG_context_sampling_20199_400_trimmed_bismark_bt2.CpG",6456,5376,1080,6456
"14401","07_report/CpG_context_sampling_20199_401_trimmed_bismark_bt2.CpG",6556,5452,1104,6556
"14402","07_report/CpG_context_sampling_20199_402_trimmed_bismark_bt2.CpG",6559,5387,1172,6559
"14403","07_report/CpG_context_sampling_20199_403_trimmed_bismark_bt2.CpG",6458,5360,1098,6458
"14404","07_report/CpG_context_sampling_20199_404_trimmed_bismark_bt2.CpG",6560,5461,1099,6560
"14405","07_report/CpG_context_sampling_20199_405_trimmed_bismark_bt2.CpG",6558,5478,1080,6558
"14406","07_report/CpG_context_sampling_20199_406_trimmed_bismark_bt2.CpG",6617,5480,1137,6617
"14407","07_report/CpG_context_sampling_20199_407_trimmed_bismark_bt2.CpG",6538,5468,1070,6538
"14408","07_report/CpG_context_sampling_20199_408_trimmed_bismark_bt2.CpG",6563,5428,1135,6563
"14409","07_report/CpG_context_sampling_20199_409_trimmed_bismark_bt2.CpG",6542,5407,1135,6542
"14410","07_report/CpG_context_sampling_20199_410_trimmed_bismark_bt2.CpG",6408,5309,1099,6408
"14411","07_report/CpG_context_sampling_20199_411_trimmed_bismark_bt2.CpG",6499,5399,1100,6499
"14412","07_report/CpG_context_sampling_20199_412_trimmed_bismark_bt2.CpG",6509,5373,1136,6509
"14413","07_report/CpG_context_sampling_20199_413_trimmed_bismark_bt2.CpG",6691,5609,1082,6691
"14414","07_report/CpG_context_sampling_20199_414_trimmed_bismark_bt2.CpG",6634,5474,1160,6634
"14415","07_report/CpG_context_sampling_20199_415_trimmed_bismark_bt2.CpG",6533,5449,1084,6533
"14416","07_report/CpG_context_sampling_20199_416_trimmed_bismark_bt2.CpG",6686,5553,1133,6686
"14417","07_report/CpG_context_sampling_20199_417_trimmed_bismark_bt2.CpG",6415,5324,1091,6415
"14418","07_report/CpG_context_sampling_20199_418_trimmed_bismark_bt2.CpG",6523,5384,1139,6523
"14419","07_report/CpG_context_sampling_20199_419_trimmed_bismark_bt2.CpG",6599,5457,1142,6599
"14420","07_report/CpG_context_sampling_20199_420_trimmed_bismark_bt2.CpG",6650,5549,1101,6650
"14421","07_report/CpG_context_sampling_20199_421_trimmed_bismark_bt2.CpG",6487,5438,1049,6487
"14422","07_report/CpG_context_sampling_20199_422_trimmed_bismark_bt2.CpG",6621,5481,1140,6621
"14423","07_report/CpG_context_sampling_20199_423_trimmed_bismark_bt2.CpG",6436,5389,1047,6436
"14424","07_report/CpG_context_sampling_20199_424_trimmed_bismark_bt2.CpG",6503,5359,1144,6503
"14425","07_report/CpG_context_sampling_20199_425_trimmed_bismark_bt2.CpG",6647,5558,1089,6647
"14426","07_report/CpG_context_sampling_20199_426_trimmed_bismark_bt2.CpG",6555,5521,1034,6555
"14427","07_report/CpG_context_sampling_20199_427_trimmed_bismark_bt2.CpG",6572,5475,1097,6572
"14428","07_report/CpG_context_sampling_20199_428_trimmed_bismark_bt2.CpG",6443,5331,1112,6443
"14429","07_report/CpG_context_sampling_20199_429_trimmed_bismark_bt2.CpG",6589,5470,1119,6589
"14430","07_report/CpG_context_sampling_20199_430_trimmed_bismark_bt2.CpG",6647,5562,1085,6647
"14431","07_report/CpG_context_sampling_20199_431_trimmed_bismark_bt2.CpG",6589,5466,1123,6589
"14432","07_report/CpG_context_sampling_20199_432_trimmed_bismark_bt2.CpG",6432,5346,1086,6432
"14433","07_report/CpG_context_sampling_20199_433_trimmed_bismark_bt2.CpG",6543,5393,1150,6543
"14434","07_report/CpG_context_sampling_20199_434_trimmed_bismark_bt2.CpG",6523,5438,1085,6523
"14435","07_report/CpG_context_sampling_20199_435_trimmed_bismark_bt2.CpG",6594,5447,1147,6594
"14436","07_report/CpG_context_sampling_20199_436_trimmed_bismark_bt2.CpG",6575,5458,1117,6575
"14437","07_report/CpG_context_sampling_20199_437_trimmed_bismark_bt2.CpG",6380,5308,1072,6380
"14438","07_report/CpG_context_sampling_20199_438_trimmed_bismark_bt2.CpG",6564,5511,1053,6564
"14439","07_report/CpG_context_sampling_20199_439_trimmed_bismark_bt2.CpG",6472,5410,1062,6472
"14440","07_report/CpG_context_sampling_20199_440_trimmed_bismark_bt2.CpG",6518,5378,1140,6518
"14441","07_report/CpG_context_sampling_20199_441_trimmed_bismark_bt2.CpG",6566,5442,1124,6566
"14442","07_report/CpG_context_sampling_20199_442_trimmed_bismark_bt2.CpG",6580,5464,1116,6580
"14443","07_report/CpG_context_sampling_20199_443_trimmed_bismark_bt2.CpG",6474,5359,1115,6474
"14444","07_report/CpG_context_sampling_20199_444_trimmed_bismark_bt2.CpG",6647,5565,1082,6647
"14445","07_report/CpG_context_sampling_20199_445_trimmed_bismark_bt2.CpG",6582,5492,1090,6582
"14446","07_report/CpG_context_sampling_20199_446_trimmed_bismark_bt2.CpG",6462,5360,1102,6462
"14447","07_report/CpG_context_sampling_20199_447_trimmed_bismark_bt2.CpG",6596,5476,1120,6596
"14448","07_report/CpG_context_sampling_20199_448_trimmed_bismark_bt2.CpG",6493,5323,1170,6493
"14449","07_report/CpG_context_sampling_20199_449_trimmed_bismark_bt2.CpG",6545,5405,1140,6545
"14450","07_report/CpG_context_sampling_20199_450_trimmed_bismark_bt2.CpG",6492,5326,1166,6492
"14451","07_report/CpG_context_sampling_20199_451_trimmed_bismark_bt2.CpG",6350,5278,1072,6350
"14452","07_report/CpG_context_sampling_20199_452_trimmed_bismark_bt2.CpG",6470,5368,1102,6470
"14453","07_report/CpG_context_sampling_20199_453_trimmed_bismark_bt2.CpG",6492,5455,1037,6492
"14454","07_report/CpG_context_sampling_20199_454_trimmed_bismark_bt2.CpG",6455,5394,1061,6455
"14455","07_report/CpG_context_sampling_20199_455_trimmed_bismark_bt2.CpG",6441,5388,1053,6441
"14456","07_report/CpG_context_sampling_20199_456_trimmed_bismark_bt2.CpG",6475,5423,1052,6475
"14457","07_report/CpG_context_sampling_20199_457_trimmed_bismark_bt2.CpG",6595,5473,1122,6595
"14458","07_report/CpG_context_sampling_20199_458_trimmed_bismark_bt2.CpG",6567,5486,1081,6567
"14459","07_report/CpG_context_sampling_20199_459_trimmed_bismark_bt2.CpG",6593,5505,1088,6593
"14460","07_report/CpG_context_sampling_20199_460_trimmed_bismark_bt2.CpG",6531,5436,1095,6531
"14461","07_report/CpG_context_sampling_20199_461_trimmed_bismark_bt2.CpG",6566,5469,1097,6566
"14462","07_report/CpG_context_sampling_20199_462_trimmed_bismark_bt2.CpG",6579,5405,1174,6579
"14463","07_report/CpG_context_sampling_20199_463_trimmed_bismark_bt2.CpG",6627,5531,1096,6627
"14464","07_report/CpG_context_sampling_20199_464_trimmed_bismark_bt2.CpG",6520,5341,1179,6520
"14465","07_report/CpG_context_sampling_20199_465_trimmed_bismark_bt2.CpG",6653,5563,1090,6653
"14466","07_report/CpG_context_sampling_20199_466_trimmed_bismark_bt2.CpG",6628,5519,1109,6628
"14467","07_report/CpG_context_sampling_20199_467_trimmed_bismark_bt2.CpG",6531,5410,1121,6531
"14468","07_report/CpG_context_sampling_20199_468_trimmed_bismark_bt2.CpG",6558,5489,1069,6558
"14469","07_report/CpG_context_sampling_20199_469_trimmed_bismark_bt2.CpG",6505,5422,1083,6505
"14470","07_report/CpG_context_sampling_20199_470_trimmed_bismark_bt2.CpG",6522,5442,1080,6522
"14471","07_report/CpG_context_sampling_20199_471_trimmed_bismark_bt2.CpG",6478,5402,1076,6478
"14472","07_report/CpG_context_sampling_20199_472_trimmed_bismark_bt2.CpG",6518,5436,1082,6518
"14473","07_report/CpG_context_sampling_20199_473_trimmed_bismark_bt2.CpG",6577,5471,1106,6577
"14474","07_report/CpG_context_sampling_20199_474_trimmed_bismark_bt2.CpG",6563,5445,1118,6563
"14475","07_report/CpG_context_sampling_20199_475_trimmed_bismark_bt2.CpG",6559,5434,1125,6559
"14476","07_report/CpG_context_sampling_20199_476_trimmed_bismark_bt2.CpG",6344,5243,1101,6344
"14477","07_report/CpG_context_sampling_20199_477_trimmed_bismark_bt2.CpG",6607,5463,1144,6607
"14478","07_report/CpG_context_sampling_20199_478_trimmed_bismark_bt2.CpG",6608,5520,1088,6608
"14479","07_report/CpG_context_sampling_20199_479_trimmed_bismark_bt2.CpG",6462,5354,1108,6462
"14480","07_report/CpG_context_sampling_20199_480_trimmed_bismark_bt2.CpG",6464,5373,1091,6464
"14481","07_report/CpG_context_sampling_20199_481_trimmed_bismark_bt2.CpG",6462,5346,1116,6462
"14482","07_report/CpG_context_sampling_20199_482_trimmed_bismark_bt2.CpG",6544,5421,1123,6544
"14483","07_report/CpG_context_sampling_20199_483_trimmed_bismark_bt2.CpG",6600,5493,1107,6600
"14484","07_report/CpG_context_sampling_20199_484_trimmed_bismark_bt2.CpG",6397,5329,1068,6397
"14485","07_report/CpG_context_sampling_20199_485_trimmed_bismark_bt2.CpG",6506,5417,1089,6506
"14486","07_report/CpG_context_sampling_20199_486_trimmed_bismark_bt2.CpG",6501,5406,1095,6501
"14487","07_report/CpG_context_sampling_20199_487_trimmed_bismark_bt2.CpG",6426,5382,1044,6426
"14488","07_report/CpG_context_sampling_20199_488_trimmed_bismark_bt2.CpG",6578,5452,1126,6578
"14489","07_report/CpG_context_sampling_20199_489_trimmed_bismark_bt2.CpG",6574,5519,1055,6574
"14490","07_report/CpG_context_sampling_20199_490_trimmed_bismark_bt2.CpG",6527,5437,1090,6527
"14491","07_report/CpG_context_sampling_20199_491_trimmed_bismark_bt2.CpG",6514,5416,1098,6514
"14492","07_report/CpG_context_sampling_20199_492_trimmed_bismark_bt2.CpG",6691,5597,1094,6691
"14493","07_report/CpG_context_sampling_20199_493_trimmed_bismark_bt2.CpG",6587,5466,1121,6587
"14494","07_report/CpG_context_sampling_20199_494_trimmed_bismark_bt2.CpG",6544,5426,1118,6544
"14495","07_report/CpG_context_sampling_20199_495_trimmed_bismark_bt2.CpG",6499,5418,1081,6499
"14496","07_report/CpG_context_sampling_20199_496_trimmed_bismark_bt2.CpG",6542,5486,1056,6542
"14497","07_report/CpG_context_sampling_20199_497_trimmed_bismark_bt2.CpG",6579,5447,1132,6579
"14498","07_report/CpG_context_sampling_20199_498_trimmed_bismark_bt2.CpG",6476,5346,1130,6476
"14499","07_report/CpG_context_sampling_20199_499_trimmed_bismark_bt2.CpG",6589,5409,1180,6589
"14500","07_report/CpG_context_sampling_20199_500_trimmed_bismark_bt2.CpG",6538,5417,1121,6538
"14501","07_report/CpG_context_sampling_20199_501_trimmed_bismark_bt2.CpG",6591,5418,1173,6591
"14502","07_report/CpG_context_sampling_20199_502_trimmed_bismark_bt2.CpG",6430,5381,1049,6430
"14503","07_report/CpG_context_sampling_20199_503_trimmed_bismark_bt2.CpG",6616,5503,1113,6616
"14504","07_report/CpG_context_sampling_20199_504_trimmed_bismark_bt2.CpG",6541,5426,1115,6541
"14505","07_report/CpG_context_sampling_20199_505_trimmed_bismark_bt2.CpG",6599,5476,1123,6599
"14506","07_report/CpG_context_sampling_20199_506_trimmed_bismark_bt2.CpG",6499,5382,1117,6499
"14507","07_report/CpG_context_sampling_20199_507_trimmed_bismark_bt2.CpG",6472,5371,1101,6472
"14508","07_report/CpG_context_sampling_20199_508_trimmed_bismark_bt2.CpG",6567,5391,1176,6567
"14509","07_report/CpG_context_sampling_20199_509_trimmed_bismark_bt2.CpG",6605,5494,1111,6605
"14510","07_report/CpG_context_sampling_20199_510_trimmed_bismark_bt2.CpG",6631,5524,1107,6631
"14511","07_report/CpG_context_sampling_20199_511_trimmed_bismark_bt2.CpG",6459,5398,1061,6459
"14512","07_report/CpG_context_sampling_20199_512_trimmed_bismark_bt2.CpG",6547,5466,1081,6547
"14513","07_report/CpG_context_sampling_20199_513_trimmed_bismark_bt2.CpG",6379,5294,1085,6379
"14514","07_report/CpG_context_sampling_20199_514_trimmed_bismark_bt2.CpG",6476,5373,1103,6476
"14515","07_report/CpG_context_sampling_20199_515_trimmed_bismark_bt2.CpG",6510,5430,1080,6510
"14516","07_report/CpG_context_sampling_20199_516_trimmed_bismark_bt2.CpG",6563,5520,1043,6563
"14517","07_report/CpG_context_sampling_20199_517_trimmed_bismark_bt2.CpG",6504,5398,1106,6504
"14518","07_report/CpG_context_sampling_20199_518_trimmed_bismark_bt2.CpG",6412,5296,1116,6412
"14519","07_report/CpG_context_sampling_20199_519_trimmed_bismark_bt2.CpG",6525,5431,1094,6525
"14520","07_report/CpG_context_sampling_20199_520_trimmed_bismark_bt2.CpG",6458,5389,1069,6458
"14521","07_report/CpG_context_sampling_20199_521_trimmed_bismark_bt2.CpG",6561,5507,1054,6561
"14522","07_report/CpG_context_sampling_20199_522_trimmed_bismark_bt2.CpG",6573,5411,1162,6573
"14523","07_report/CpG_context_sampling_20199_523_trimmed_bismark_bt2.CpG",6617,5467,1150,6617
"14524","07_report/CpG_context_sampling_20199_524_trimmed_bismark_bt2.CpG",6488,5404,1084,6488
"14525","07_report/CpG_context_sampling_20199_525_trimmed_bismark_bt2.CpG",6373,5273,1100,6373
"14526","07_report/CpG_context_sampling_20199_526_trimmed_bismark_bt2.CpG",6569,5437,1132,6569
"14527","07_report/CpG_context_sampling_20199_527_trimmed_bismark_bt2.CpG",6529,5375,1154,6529
"14528","07_report/CpG_context_sampling_20199_528_trimmed_bismark_bt2.CpG",6670,5564,1106,6670
"14529","07_report/CpG_context_sampling_20199_529_trimmed_bismark_bt2.CpG",6438,5354,1084,6438
"14530","07_report/CpG_context_sampling_20199_530_trimmed_bismark_bt2.CpG",6430,5359,1071,6430
"14531","07_report/CpG_context_sampling_20199_531_trimmed_bismark_bt2.CpG",6637,5519,1118,6637
"14532","07_report/CpG_context_sampling_20199_532_trimmed_bismark_bt2.CpG",6558,5410,1148,6558
"14533","07_report/CpG_context_sampling_20199_533_trimmed_bismark_bt2.CpG",6634,5485,1149,6634
"14534","07_report/CpG_context_sampling_20199_534_trimmed_bismark_bt2.CpG",6512,5427,1085,6512
"14535","07_report/CpG_context_sampling_20199_535_trimmed_bismark_bt2.CpG",6527,5474,1053,6527
"14536","07_report/CpG_context_sampling_20199_536_trimmed_bismark_bt2.CpG",6555,5474,1081,6555
"14537","07_report/CpG_context_sampling_20199_537_trimmed_bismark_bt2.CpG",6552,5420,1132,6552
"14538","07_report/CpG_context_sampling_20199_538_trimmed_bismark_bt2.CpG",6506,5434,1072,6506
"14539","07_report/CpG_context_sampling_20199_539_trimmed_bismark_bt2.CpG",6572,5429,1143,6572
"14540","07_report/CpG_context_sampling_20199_540_trimmed_bismark_bt2.CpG",6602,5491,1111,6602
"14541","07_report/CpG_context_sampling_20199_541_trimmed_bismark_bt2.CpG",6538,5425,1113,6538
"14542","07_report/CpG_context_sampling_20199_542_trimmed_bismark_bt2.CpG",6600,5456,1144,6600
"14543","07_report/CpG_context_sampling_20199_543_trimmed_bismark_bt2.CpG",6357,5312,1045,6357
"14544","07_report/CpG_context_sampling_20199_544_trimmed_bismark_bt2.CpG",6583,5455,1128,6583
"14545","07_report/CpG_context_sampling_20199_545_trimmed_bismark_bt2.CpG",6506,5403,1103,6506
"14546","07_report/CpG_context_sampling_20199_546_trimmed_bismark_bt2.CpG",6581,5423,1158,6581
"14547","07_report/CpG_context_sampling_20199_547_trimmed_bismark_bt2.CpG",6598,5489,1109,6598
"14548","07_report/CpG_context_sampling_20199_548_trimmed_bismark_bt2.CpG",6598,5452,1146,6598
"14549","07_report/CpG_context_sampling_20199_549_trimmed_bismark_bt2.CpG",6543,5473,1070,6543
"14550","07_report/CpG_context_sampling_20199_550_trimmed_bismark_bt2.CpG",6528,5419,1109,6528
"14551","07_report/CpG_context_sampling_20199_551_trimmed_bismark_bt2.CpG",6458,5382,1076,6458
"14552","07_report/CpG_context_sampling_20199_552_trimmed_bismark_bt2.CpG",6558,5462,1096,6558
"14553","07_report/CpG_context_sampling_20199_553_trimmed_bismark_bt2.CpG",6396,5319,1077,6396
"14554","07_report/CpG_context_sampling_20199_554_trimmed_bismark_bt2.CpG",6396,5326,1070,6396
"14555","07_report/CpG_context_sampling_20199_555_trimmed_bismark_bt2.CpG",6619,5528,1091,6619
"14556","07_report/CpG_context_sampling_20199_556_trimmed_bismark_bt2.CpG",6393,5330,1063,6393
"14557","07_report/CpG_context_sampling_20199_557_trimmed_bismark_bt2.CpG",6559,5388,1171,6559
"14558","07_report/CpG_context_sampling_20199_558_trimmed_bismark_bt2.CpG",6479,5393,1086,6479
"14559","07_report/CpG_context_sampling_20199_559_trimmed_bismark_bt2.CpG",6457,5355,1102,6457
"14560","07_report/CpG_context_sampling_20199_560_trimmed_bismark_bt2.CpG",6534,5474,1060,6534
"14561","07_report/CpG_context_sampling_20199_561_trimmed_bismark_bt2.CpG",6571,5478,1093,6571
"14562","07_report/CpG_context_sampling_20199_562_trimmed_bismark_bt2.CpG",6614,5461,1153,6614
"14563","07_report/CpG_context_sampling_20199_563_trimmed_bismark_bt2.CpG",6476,5371,1105,6476
"14564","07_report/CpG_context_sampling_20199_564_trimmed_bismark_bt2.CpG",6521,5377,1144,6521
"14565","07_report/CpG_context_sampling_20199_565_trimmed_bismark_bt2.CpG",6501,5378,1123,6501
"14566","07_report/CpG_context_sampling_20199_566_trimmed_bismark_bt2.CpG",6600,5502,1098,6600
"14567","07_report/CpG_context_sampling_20199_567_trimmed_bismark_bt2.CpG",6640,5525,1115,6640
"14568","07_report/CpG_context_sampling_20199_568_trimmed_bismark_bt2.CpG",6642,5511,1131,6642
"14569","07_report/CpG_context_sampling_20199_569_trimmed_bismark_bt2.CpG",6430,5352,1078,6430
"14570","07_report/CpG_context_sampling_20199_570_trimmed_bismark_bt2.CpG",6484,5385,1099,6484
"14571","07_report/CpG_context_sampling_20199_571_trimmed_bismark_bt2.CpG",6565,5468,1097,6565
"14572","07_report/CpG_context_sampling_20199_572_trimmed_bismark_bt2.CpG",6540,5418,1122,6540
"14573","07_report/CpG_context_sampling_20199_573_trimmed_bismark_bt2.CpG",6543,5464,1079,6543
"14574","07_report/CpG_context_sampling_20199_574_trimmed_bismark_bt2.CpG",6491,5371,1120,6491
"14575","07_report/CpG_context_sampling_20199_575_trimmed_bismark_bt2.CpG",6498,5413,1085,6498
"14576","07_report/CpG_context_sampling_20199_576_trimmed_bismark_bt2.CpG",6632,5533,1099,6632
"14577","07_report/CpG_context_sampling_20199_577_trimmed_bismark_bt2.CpG",6489,5429,1060,6489
"14578","07_report/CpG_context_sampling_20199_578_trimmed_bismark_bt2.CpG",6637,5545,1092,6637
"14579","07_report/CpG_context_sampling_20199_579_trimmed_bismark_bt2.CpG",6504,5379,1125,6504
"14580","07_report/CpG_context_sampling_20199_580_trimmed_bismark_bt2.CpG",6466,5359,1107,6466
"14581","07_report/CpG_context_sampling_20199_581_trimmed_bismark_bt2.CpG",6566,5457,1109,6566
"14582","07_report/CpG_context_sampling_20199_582_trimmed_bismark_bt2.CpG",6580,5426,1154,6580
"14583","07_report/CpG_context_sampling_20199_583_trimmed_bismark_bt2.CpG",6563,5465,1098,6563
"14584","07_report/CpG_context_sampling_20199_584_trimmed_bismark_bt2.CpG",6554,5457,1097,6554
"14585","07_report/CpG_context_sampling_20199_585_trimmed_bismark_bt2.CpG",6516,5415,1101,6516
"14586","07_report/CpG_context_sampling_20199_586_trimmed_bismark_bt2.CpG",6490,5385,1105,6490
"14587","07_report/CpG_context_sampling_20199_587_trimmed_bismark_bt2.CpG",6538,5496,1042,6538
"14588","07_report/CpG_context_sampling_20199_588_trimmed_bismark_bt2.CpG",6616,5467,1149,6616
"14589","07_report/CpG_context_sampling_20199_589_trimmed_bismark_bt2.CpG",6519,5390,1129,6519
"14590","07_report/CpG_context_sampling_20199_590_trimmed_bismark_bt2.CpG",6554,5416,1138,6554
"14591","07_report/CpG_context_sampling_20199_591_trimmed_bismark_bt2.CpG",6564,5496,1068,6564
"14592","07_report/CpG_context_sampling_20199_592_trimmed_bismark_bt2.CpG",6580,5412,1168,6580
"14593","07_report/CpG_context_sampling_20199_593_trimmed_bismark_bt2.CpG",6487,5345,1142,6487
"14594","07_report/CpG_context_sampling_20199_594_trimmed_bismark_bt2.CpG",6522,5503,1019,6522
"14595","07_report/CpG_context_sampling_20199_595_trimmed_bismark_bt2.CpG",6562,5490,1072,6562
"14596","07_report/CpG_context_sampling_20199_596_trimmed_bismark_bt2.CpG",6571,5485,1086,6571
"14597","07_report/CpG_context_sampling_20199_597_trimmed_bismark_bt2.CpG",6529,5480,1049,6529
"14598","07_report/CpG_context_sampling_20199_598_trimmed_bismark_bt2.CpG",6583,5495,1088,6583
"14599","07_report/CpG_context_sampling_20199_599_trimmed_bismark_bt2.CpG",6378,5282,1096,6378
"14600","07_report/CpG_context_sampling_20199_600_trimmed_bismark_bt2.CpG",6509,5412,1097,6509
"14601","07_report/CpG_context_sampling_20199_601_trimmed_bismark_bt2.CpG",6529,5468,1061,6529
"14602","07_report/CpG_context_sampling_20199_602_trimmed_bismark_bt2.CpG",6522,5410,1112,6522
"14603","07_report/CpG_context_sampling_20199_603_trimmed_bismark_bt2.CpG",6472,5412,1060,6472
"14604","07_report/CpG_context_sampling_20199_604_trimmed_bismark_bt2.CpG",6627,5502,1125,6627
"14605","07_report/CpG_context_sampling_20199_605_trimmed_bismark_bt2.CpG",6541,5450,1091,6541
"14606","07_report/CpG_context_sampling_20199_606_trimmed_bismark_bt2.CpG",6550,5478,1072,6550
"14607","07_report/CpG_context_sampling_20199_607_trimmed_bismark_bt2.CpG",6479,5361,1118,6479
"14608","07_report/CpG_context_sampling_20199_608_trimmed_bismark_bt2.CpG",6513,5377,1136,6513
"14609","07_report/CpG_context_sampling_20199_609_trimmed_bismark_bt2.CpG",6619,5525,1094,6619
"14610","07_report/CpG_context_sampling_20199_610_trimmed_bismark_bt2.CpG",6486,5390,1096,6486
"14611","07_report/CpG_context_sampling_20199_611_trimmed_bismark_bt2.CpG",6482,5403,1079,6482
"14612","07_report/CpG_context_sampling_20199_612_trimmed_bismark_bt2.CpG",6480,5400,1080,6480
"14613","07_report/CpG_context_sampling_20199_613_trimmed_bismark_bt2.CpG",6461,5338,1123,6461
"14614","07_report/CpG_context_sampling_20199_614_trimmed_bismark_bt2.CpG",6541,5462,1079,6541
"14615","07_report/CpG_context_sampling_20199_615_trimmed_bismark_bt2.CpG",6471,5343,1128,6471
"14616","07_report/CpG_context_sampling_20199_616_trimmed_bismark_bt2.CpG",6571,5450,1121,6571
"14617","07_report/CpG_context_sampling_20199_617_trimmed_bismark_bt2.CpG",6526,5479,1047,6526
"14618","07_report/CpG_context_sampling_20199_618_trimmed_bismark_bt2.CpG",6568,5475,1093,6568
"14619","07_report/CpG_context_sampling_20199_619_trimmed_bismark_bt2.CpG",6509,5423,1086,6509
"14620","07_report/CpG_context_sampling_20199_620_trimmed_bismark_bt2.CpG",6369,5293,1076,6369
"14621","07_report/CpG_context_sampling_20199_621_trimmed_bismark_bt2.CpG",6513,5385,1128,6513
"14622","07_report/CpG_context_sampling_20199_622_trimmed_bismark_bt2.CpG",6546,5436,1110,6546
"14623","07_report/CpG_context_sampling_20199_623_trimmed_bismark_bt2.CpG",6417,5336,1081,6417
"14624","07_report/CpG_context_sampling_20199_624_trimmed_bismark_bt2.CpG",6688,5571,1117,6688
"14625","07_report/CpG_context_sampling_20199_625_trimmed_bismark_bt2.CpG",6501,5405,1096,6501
"14626","07_report/CpG_context_sampling_20199_626_trimmed_bismark_bt2.CpG",6511,5480,1031,6511
"14627","07_report/CpG_context_sampling_20199_627_trimmed_bismark_bt2.CpG",6503,5372,1131,6503
"14628","07_report/CpG_context_sampling_20199_628_trimmed_bismark_bt2.CpG",6588,5460,1128,6588
"14629","07_report/CpG_context_sampling_20199_629_trimmed_bismark_bt2.CpG",6612,5502,1110,6612
"14630","07_report/CpG_context_sampling_20199_630_trimmed_bismark_bt2.CpG",6608,5542,1066,6608
"14631","07_report/CpG_context_sampling_20199_631_trimmed_bismark_bt2.CpG",6541,5434,1107,6541
"14632","07_report/CpG_context_sampling_20199_632_trimmed_bismark_bt2.CpG",6387,5312,1075,6387
"14633","07_report/CpG_context_sampling_20199_633_trimmed_bismark_bt2.CpG",6712,5648,1064,6712
"14634","07_report/CpG_context_sampling_20199_634_trimmed_bismark_bt2.CpG",6476,5405,1071,6476
"14635","07_report/CpG_context_sampling_20199_635_trimmed_bismark_bt2.CpG",6564,5451,1113,6564
"14636","07_report/CpG_context_sampling_20199_636_trimmed_bismark_bt2.CpG",6463,5396,1067,6463
"14637","07_report/CpG_context_sampling_20199_637_trimmed_bismark_bt2.CpG",6557,5446,1111,6557
"14638","07_report/CpG_context_sampling_20199_638_trimmed_bismark_bt2.CpG",6529,5371,1158,6529
"14639","07_report/CpG_context_sampling_20199_639_trimmed_bismark_bt2.CpG",6565,5402,1163,6565
"14640","07_report/CpG_context_sampling_20199_640_trimmed_bismark_bt2.CpG",6590,5441,1149,6590
"14641","07_report/CpG_context_sampling_20199_641_trimmed_bismark_bt2.CpG",6600,5483,1117,6600
"14642","07_report/CpG_context_sampling_20199_642_trimmed_bismark_bt2.CpG",6638,5508,1130,6638
"14643","07_report/CpG_context_sampling_20199_643_trimmed_bismark_bt2.CpG",6480,5394,1086,6480
"14644","07_report/CpG_context_sampling_20199_644_trimmed_bismark_bt2.CpG",6457,5379,1078,6457
"14645","07_report/CpG_context_sampling_20199_645_trimmed_bismark_bt2.CpG",6441,5323,1118,6441
"14646","07_report/CpG_context_sampling_20199_646_trimmed_bismark_bt2.CpG",6520,5378,1142,6520
"14647","07_report/CpG_context_sampling_20199_647_trimmed_bismark_bt2.CpG",6593,5488,1105,6593
"14648","07_report/CpG_context_sampling_20199_648_trimmed_bismark_bt2.CpG",6525,5486,1039,6525
"14649","07_report/CpG_context_sampling_20199_649_trimmed_bismark_bt2.CpG",6578,5486,1092,6578
"14650","07_report/CpG_context_sampling_20199_650_trimmed_bismark_bt2.CpG",6533,5455,1078,6533
"14651","07_report/CpG_context_sampling_20199_651_trimmed_bismark_bt2.CpG",6522,5405,1117,6522
"14652","07_report/CpG_context_sampling_20199_652_trimmed_bismark_bt2.CpG",6492,5398,1094,6492
"14653","07_report/CpG_context_sampling_20199_653_trimmed_bismark_bt2.CpG",6552,5410,1142,6552
"14654","07_report/CpG_context_sampling_20199_654_trimmed_bismark_bt2.CpG",6490,5345,1145,6490
"14655","07_report/CpG_context_sampling_20199_655_trimmed_bismark_bt2.CpG",6569,5417,1152,6569
"14656","07_report/CpG_context_sampling_20199_656_trimmed_bismark_bt2.CpG",6450,5315,1135,6450
"14657","07_report/CpG_context_sampling_20199_657_trimmed_bismark_bt2.CpG",6652,5535,1117,6652
"14658","07_report/CpG_context_sampling_20199_658_trimmed_bismark_bt2.CpG",6579,5503,1076,6579
"14659","07_report/CpG_context_sampling_20199_659_trimmed_bismark_bt2.CpG",6550,5458,1092,6550
"14660","07_report/CpG_context_sampling_20199_660_trimmed_bismark_bt2.CpG",6523,5405,1118,6523
"14661","07_report/CpG_context_sampling_20199_661_trimmed_bismark_bt2.CpG",6511,5407,1104,6511
"14662","07_report/CpG_context_sampling_20199_662_trimmed_bismark_bt2.CpG",6483,5311,1172,6483
"14663","07_report/CpG_context_sampling_20199_663_trimmed_bismark_bt2.CpG",6460,5341,1119,6460
"14664","07_report/CpG_context_sampling_20199_664_trimmed_bismark_bt2.CpG",6503,5426,1077,6503
"14665","07_report/CpG_context_sampling_20199_665_trimmed_bismark_bt2.CpG",6575,5452,1123,6575
"14666","07_report/CpG_context_sampling_20199_666_trimmed_bismark_bt2.CpG",6569,5492,1077,6569
"14667","07_report/CpG_context_sampling_20199_667_trimmed_bismark_bt2.CpG",6540,5423,1117,6540
"14668","07_report/CpG_context_sampling_20199_668_trimmed_bismark_bt2.CpG",6618,5487,1131,6618
"14669","07_report/CpG_context_sampling_20199_669_trimmed_bismark_bt2.CpG",6545,5427,1118,6545
"14670","07_report/CpG_context_sampling_20199_670_trimmed_bismark_bt2.CpG",6539,5462,1077,6539
"14671","07_report/CpG_context_sampling_20199_671_trimmed_bismark_bt2.CpG",6443,5347,1096,6443
"14672","07_report/CpG_context_sampling_20199_672_trimmed_bismark_bt2.CpG",6521,5408,1113,6521
"14673","07_report/CpG_context_sampling_20199_673_trimmed_bismark_bt2.CpG",6575,5475,1100,6575
"14674","07_report/CpG_context_sampling_20199_674_trimmed_bismark_bt2.CpG",6561,5437,1124,6561
"14675","07_report/CpG_context_sampling_20199_675_trimmed_bismark_bt2.CpG",6541,5440,1101,6541
"14676","07_report/CpG_context_sampling_20199_676_trimmed_bismark_bt2.CpG",6446,5353,1093,6446
"14677","07_report/CpG_context_sampling_20199_677_trimmed_bismark_bt2.CpG",6642,5519,1123,6642
"14678","07_report/CpG_context_sampling_20199_678_trimmed_bismark_bt2.CpG",6526,5408,1118,6526
"14679","07_report/CpG_context_sampling_20199_679_trimmed_bismark_bt2.CpG",6527,5378,1149,6527
"14680","07_report/CpG_context_sampling_20199_680_trimmed_bismark_bt2.CpG",6543,5397,1146,6543
"14681","07_report/CpG_context_sampling_20199_681_trimmed_bismark_bt2.CpG",6494,5445,1049,6494
"14682","07_report/CpG_context_sampling_20199_682_trimmed_bismark_bt2.CpG",6605,5476,1129,6605
"14683","07_report/CpG_context_sampling_20199_683_trimmed_bismark_bt2.CpG",6543,5457,1086,6543
"14684","07_report/CpG_context_sampling_20199_684_trimmed_bismark_bt2.CpG",6517,5451,1066,6517
"14685","07_report/CpG_context_sampling_20199_685_trimmed_bismark_bt2.CpG",6619,5488,1131,6619
"14686","07_report/CpG_context_sampling_20199_686_trimmed_bismark_bt2.CpG",6513,5423,1090,6513
"14687","07_report/CpG_context_sampling_20199_687_trimmed_bismark_bt2.CpG",6513,5423,1090,6513
"14688","07_report/CpG_context_sampling_20199_688_trimmed_bismark_bt2.CpG",6517,5379,1138,6517
"14689","07_report/CpG_context_sampling_20199_689_trimmed_bismark_bt2.CpG",6502,5416,1086,6502
"14690","07_report/CpG_context_sampling_20199_690_trimmed_bismark_bt2.CpG",6621,5509,1112,6621
"14691","07_report/CpG_context_sampling_20199_691_trimmed_bismark_bt2.CpG",6592,5448,1144,6592
"14692","07_report/CpG_context_sampling_20199_692_trimmed_bismark_bt2.CpG",6640,5501,1139,6640
"14693","07_report/CpG_context_sampling_20199_693_trimmed_bismark_bt2.CpG",6500,5388,1112,6500
"14694","07_report/CpG_context_sampling_20199_694_trimmed_bismark_bt2.CpG",6363,5259,1104,6363
"14695","07_report/CpG_context_sampling_20199_695_trimmed_bismark_bt2.CpG",6617,5535,1082,6617
"14696","07_report/CpG_context_sampling_20199_696_trimmed_bismark_bt2.CpG",6519,5401,1118,6519
"14697","07_report/CpG_context_sampling_20199_697_trimmed_bismark_bt2.CpG",6607,5475,1132,6607
"14698","07_report/CpG_context_sampling_20199_698_trimmed_bismark_bt2.CpG",6614,5539,1075,6614
"14699","07_report/CpG_context_sampling_20199_699_trimmed_bismark_bt2.CpG",6566,5460,1106,6566
"14700","07_report/CpG_context_sampling_20199_700_trimmed_bismark_bt2.CpG",6426,5346,1080,6426
"14701","07_report/CpG_context_sampling_20199_701_trimmed_bismark_bt2.CpG",6538,5490,1048,6538
"14702","07_report/CpG_context_sampling_20199_702_trimmed_bismark_bt2.CpG",6539,5465,1074,6539
"14703","07_report/CpG_context_sampling_20199_703_trimmed_bismark_bt2.CpG",6582,5510,1072,6582
"14704","07_report/CpG_context_sampling_20199_704_trimmed_bismark_bt2.CpG",6584,5437,1147,6584
"14705","07_report/CpG_context_sampling_20199_705_trimmed_bismark_bt2.CpG",6567,5432,1135,6567
"14706","07_report/CpG_context_sampling_20199_706_trimmed_bismark_bt2.CpG",6541,5394,1147,6541
"14707","07_report/CpG_context_sampling_20199_707_trimmed_bismark_bt2.CpG",6667,5552,1115,6667
"14708","07_report/CpG_context_sampling_20199_708_trimmed_bismark_bt2.CpG",6472,5363,1109,6472
"14709","07_report/CpG_context_sampling_20199_709_trimmed_bismark_bt2.CpG",6530,5399,1131,6530
"14710","07_report/CpG_context_sampling_20199_710_trimmed_bismark_bt2.CpG",6580,5464,1116,6580
"14711","07_report/CpG_context_sampling_20199_711_trimmed_bismark_bt2.CpG",6557,5446,1111,6557
"14712","07_report/CpG_context_sampling_20199_712_trimmed_bismark_bt2.CpG",6521,5444,1077,6521
"14713","07_report/CpG_context_sampling_20199_713_trimmed_bismark_bt2.CpG",6586,5457,1129,6586
"14714","07_report/CpG_context_sampling_20199_714_trimmed_bismark_bt2.CpG",6443,5337,1106,6443
"14715","07_report/CpG_context_sampling_20199_715_trimmed_bismark_bt2.CpG",6639,5514,1125,6639
"14716","07_report/CpG_context_sampling_20199_716_trimmed_bismark_bt2.CpG",6543,5402,1141,6543
"14717","07_report/CpG_context_sampling_20199_717_trimmed_bismark_bt2.CpG",6530,5426,1104,6530
"14718","07_report/CpG_context_sampling_20199_718_trimmed_bismark_bt2.CpG",6468,5392,1076,6468
"14719","07_report/CpG_context_sampling_20199_719_trimmed_bismark_bt2.CpG",6605,5469,1136,6605
"14720","07_report/CpG_context_sampling_20199_720_trimmed_bismark_bt2.CpG",6535,5426,1109,6535
"14721","07_report/CpG_context_sampling_20199_721_trimmed_bismark_bt2.CpG",6543,5452,1091,6543
"14722","07_report/CpG_context_sampling_20199_722_trimmed_bismark_bt2.CpG",6477,5391,1086,6477
"14723","07_report/CpG_context_sampling_20199_723_trimmed_bismark_bt2.CpG",6664,5469,1195,6664
"14724","07_report/CpG_context_sampling_20199_724_trimmed_bismark_bt2.CpG",6570,5481,1089,6570
"14725","07_report/CpG_context_sampling_20199_725_trimmed_bismark_bt2.CpG",6467,5351,1116,6467
"14726","07_report/CpG_context_sampling_20199_726_trimmed_bismark_bt2.CpG",6554,5419,1135,6554
"14727","07_report/CpG_context_sampling_20199_727_trimmed_bismark_bt2.CpG",6590,5406,1184,6590
"14728","07_report/CpG_context_sampling_20199_728_trimmed_bismark_bt2.CpG",6572,5421,1151,6572
"14729","07_report/CpG_context_sampling_20199_729_trimmed_bismark_bt2.CpG",6499,5371,1128,6499
"14730","07_report/CpG_context_sampling_20199_730_trimmed_bismark_bt2.CpG",6556,5498,1058,6556
"14731","07_report/CpG_context_sampling_20199_731_trimmed_bismark_bt2.CpG",6548,5430,1118,6548
"14732","07_report/CpG_context_sampling_20199_732_trimmed_bismark_bt2.CpG",6432,5333,1099,6432
"14733","07_report/CpG_context_sampling_20199_733_trimmed_bismark_bt2.CpG",6540,5453,1087,6540
"14734","07_report/CpG_context_sampling_20199_734_trimmed_bismark_bt2.CpG",6473,5373,1100,6473
"14735","07_report/CpG_context_sampling_20199_735_trimmed_bismark_bt2.CpG",6466,5327,1139,6466
"14736","07_report/CpG_context_sampling_20199_736_trimmed_bismark_bt2.CpG",6649,5600,1049,6649
"14737","07_report/CpG_context_sampling_20199_737_trimmed_bismark_bt2.CpG",6432,5312,1120,6432
"14738","07_report/CpG_context_sampling_20199_738_trimmed_bismark_bt2.CpG",6629,5503,1126,6629
"14739","07_report/CpG_context_sampling_20199_739_trimmed_bismark_bt2.CpG",6558,5491,1067,6558
"14740","07_report/CpG_context_sampling_20199_740_trimmed_bismark_bt2.CpG",6681,5576,1105,6681
"14741","07_report/CpG_context_sampling_20199_741_trimmed_bismark_bt2.CpG",6676,5570,1106,6676
"14742","07_report/CpG_context_sampling_20199_742_trimmed_bismark_bt2.CpG",6558,5437,1121,6558
"14743","07_report/CpG_context_sampling_20199_743_trimmed_bismark_bt2.CpG",6457,5394,1063,6457
"14744","07_report/CpG_context_sampling_20199_744_trimmed_bismark_bt2.CpG",6578,5471,1107,6578
"14745","07_report/CpG_context_sampling_20199_745_trimmed_bismark_bt2.CpG",6651,5547,1104,6651
"14746","07_report/CpG_context_sampling_20199_746_trimmed_bismark_bt2.CpG",6665,5540,1125,6665
"14747","07_report/CpG_context_sampling_20199_747_trimmed_bismark_bt2.CpG",6498,5399,1099,6498
"14748","07_report/CpG_context_sampling_20199_748_trimmed_bismark_bt2.CpG",6445,5313,1132,6445
"14749","07_report/CpG_context_sampling_20199_749_trimmed_bismark_bt2.CpG",6548,5447,1101,6548
"14750","07_report/CpG_context_sampling_20199_750_trimmed_bismark_bt2.CpG",6398,5335,1063,6398
"14751","07_report/CpG_context_sampling_20199_751_trimmed_bismark_bt2.CpG",6505,5427,1078,6505
"14752","07_report/CpG_context_sampling_20199_752_trimmed_bismark_bt2.CpG",6511,5404,1107,6511
"14753","07_report/CpG_context_sampling_20199_753_trimmed_bismark_bt2.CpG",6454,5357,1097,6454
"14754","07_report/CpG_context_sampling_20199_754_trimmed_bismark_bt2.CpG",6565,5411,1154,6565
"14755","07_report/CpG_context_sampling_20199_755_trimmed_bismark_bt2.CpG",6452,5374,1078,6452
"14756","07_report/CpG_context_sampling_20199_756_trimmed_bismark_bt2.CpG",6486,5380,1106,6486
"14757","07_report/CpG_context_sampling_20199_757_trimmed_bismark_bt2.CpG",6559,5394,1165,6559
"14758","07_report/CpG_context_sampling_20199_758_trimmed_bismark_bt2.CpG",6570,5487,1083,6570
"14759","07_report/CpG_context_sampling_20199_759_trimmed_bismark_bt2.CpG",6551,5445,1106,6551
"14760","07_report/CpG_context_sampling_20199_760_trimmed_bismark_bt2.CpG",6521,5421,1100,6521
"14761","07_report/CpG_context_sampling_20199_761_trimmed_bismark_bt2.CpG",6503,5425,1078,6503
"14762","07_report/CpG_context_sampling_20199_762_trimmed_bismark_bt2.CpG",6578,5503,1075,6578
"14763","07_report/CpG_context_sampling_20199_763_trimmed_bismark_bt2.CpG",6536,5467,1069,6536
"14764","07_report/CpG_context_sampling_20199_764_trimmed_bismark_bt2.CpG",6522,5384,1138,6522
"14765","07_report/CpG_context_sampling_20199_765_trimmed_bismark_bt2.CpG",6537,5464,1073,6537
"14766","07_report/CpG_context_sampling_20199_766_trimmed_bismark_bt2.CpG",6509,5419,1090,6509
"14767","07_report/CpG_context_sampling_20199_767_trimmed_bismark_bt2.CpG",6422,5291,1131,6422
"14768","07_report/CpG_context_sampling_20199_768_trimmed_bismark_bt2.CpG",6514,5411,1103,6514
"14769","07_report/CpG_context_sampling_20199_769_trimmed_bismark_bt2.CpG",6633,5558,1075,6633
"14770","07_report/CpG_context_sampling_20199_770_trimmed_bismark_bt2.CpG",6549,5434,1115,6549
"14771","07_report/CpG_context_sampling_20199_771_trimmed_bismark_bt2.CpG",6591,5484,1107,6591
"14772","07_report/CpG_context_sampling_20199_772_trimmed_bismark_bt2.CpG",6574,5457,1117,6574
"14773","07_report/CpG_context_sampling_20199_773_trimmed_bismark_bt2.CpG",6583,5452,1131,6583
"14774","07_report/CpG_context_sampling_20199_774_trimmed_bismark_bt2.CpG",6477,5446,1031,6477
"14775","07_report/CpG_context_sampling_20199_775_trimmed_bismark_bt2.CpG",6543,5411,1132,6543
"14776","07_report/CpG_context_sampling_20199_776_trimmed_bismark_bt2.CpG",6570,5490,1080,6570
"14777","07_report/CpG_context_sampling_20199_777_trimmed_bismark_bt2.CpG",6507,5378,1129,6507
"14778","07_report/CpG_context_sampling_20199_778_trimmed_bismark_bt2.CpG",6356,5280,1076,6356
"14779","07_report/CpG_context_sampling_20199_779_trimmed_bismark_bt2.CpG",6425,5271,1154,6425
"14780","07_report/CpG_context_sampling_20199_780_trimmed_bismark_bt2.CpG",6512,5453,1059,6512
"14781","07_report/CpG_context_sampling_20199_781_trimmed_bismark_bt2.CpG",6548,5427,1121,6548
"14782","07_report/CpG_context_sampling_20199_782_trimmed_bismark_bt2.CpG",6543,5453,1090,6543
"14783","07_report/CpG_context_sampling_20199_783_trimmed_bismark_bt2.CpG",6445,5342,1103,6445
"14784","07_report/CpG_context_sampling_20199_784_trimmed_bismark_bt2.CpG",6527,5381,1146,6527
"14785","07_report/CpG_context_sampling_20199_785_trimmed_bismark_bt2.CpG",6572,5455,1117,6572
"14786","07_report/CpG_context_sampling_20199_786_trimmed_bismark_bt2.CpG",6582,5513,1069,6582
"14787","07_report/CpG_context_sampling_20199_787_trimmed_bismark_bt2.CpG",6541,5486,1055,6541
"14788","07_report/CpG_context_sampling_20199_788_trimmed_bismark_bt2.CpG",6506,5394,1112,6506
"14789","07_report/CpG_context_sampling_20199_789_trimmed_bismark_bt2.CpG",6497,5399,1098,6497
"14790","07_report/CpG_context_sampling_20199_790_trimmed_bismark_bt2.CpG",6540,5494,1046,6540
"14791","07_report/CpG_context_sampling_20199_791_trimmed_bismark_bt2.CpG",6452,5345,1107,6452
"14792","07_report/CpG_context_sampling_20199_792_trimmed_bismark_bt2.CpG",6532,5430,1102,6532
"14793","07_report/CpG_context_sampling_20199_793_trimmed_bismark_bt2.CpG",6602,5466,1136,6602
"14794","07_report/CpG_context_sampling_20199_794_trimmed_bismark_bt2.CpG",6446,5346,1100,6446
"14795","07_report/CpG_context_sampling_20199_795_trimmed_bismark_bt2.CpG",6624,5522,1102,6624
"14796","07_report/CpG_context_sampling_20199_796_trimmed_bismark_bt2.CpG",6532,5431,1101,6532
"14797","07_report/CpG_context_sampling_20199_797_trimmed_bismark_bt2.CpG",6564,5507,1057,6564
"14798","07_report/CpG_context_sampling_20199_798_trimmed_bismark_bt2.CpG",6510,5388,1122,6510
"14799","07_report/CpG_context_sampling_20199_799_trimmed_bismark_bt2.CpG",6575,5452,1123,6575
"14800","07_report/CpG_context_sampling_20199_800_trimmed_bismark_bt2.CpG",6543,5429,1114,6543
"14801","07_report/CpG_context_sampling_20199_801_trimmed_bismark_bt2.CpG",6636,5525,1111,6636
"14802","07_report/CpG_context_sampling_20199_802_trimmed_bismark_bt2.CpG",6552,5465,1087,6552
"14803","07_report/CpG_context_sampling_20199_803_trimmed_bismark_bt2.CpG",6473,5359,1114,6473
"14804","07_report/CpG_context_sampling_20199_804_trimmed_bismark_bt2.CpG",6474,5411,1063,6474
"14805","07_report/CpG_context_sampling_20199_805_trimmed_bismark_bt2.CpG",6514,5445,1069,6514
"14806","07_report/CpG_context_sampling_20199_806_trimmed_bismark_bt2.CpG",6443,5395,1048,6443
"14807","07_report/CpG_context_sampling_20199_807_trimmed_bismark_bt2.CpG",6537,5415,1122,6537
"14808","07_report/CpG_context_sampling_20199_808_trimmed_bismark_bt2.CpG",6565,5481,1084,6565
"14809","07_report/CpG_context_sampling_20199_809_trimmed_bismark_bt2.CpG",6542,5401,1141,6542
"14810","07_report/CpG_context_sampling_20199_810_trimmed_bismark_bt2.CpG",6535,5437,1098,6535
"14811","07_report/CpG_context_sampling_20199_811_trimmed_bismark_bt2.CpG",6482,5324,1158,6482
"14812","07_report/CpG_context_sampling_20199_812_trimmed_bismark_bt2.CpG",6615,5502,1113,6615
"14813","07_report/CpG_context_sampling_20199_813_trimmed_bismark_bt2.CpG",6574,5437,1137,6574
"14814","07_report/CpG_context_sampling_20199_814_trimmed_bismark_bt2.CpG",6443,5336,1107,6443
"14815","07_report/CpG_context_sampling_20199_815_trimmed_bismark_bt2.CpG",6530,5414,1116,6530
"14816","07_report/CpG_context_sampling_20199_816_trimmed_bismark_bt2.CpG",6509,5426,1083,6509
"14817","07_report/CpG_context_sampling_20199_817_trimmed_bismark_bt2.CpG",6568,5473,1095,6568
"14818","07_report/CpG_context_sampling_20199_818_trimmed_bismark_bt2.CpG",6610,5452,1158,6610
"14819","07_report/CpG_context_sampling_20199_819_trimmed_bismark_bt2.CpG",6538,5422,1116,6538
"14820","07_report/CpG_context_sampling_20199_820_trimmed_bismark_bt2.CpG",6440,5388,1052,6440
"14821","07_report/CpG_context_sampling_20199_821_trimmed_bismark_bt2.CpG",6546,5463,1083,6546
"14822","07_report/CpG_context_sampling_20199_822_trimmed_bismark_bt2.CpG",6457,5385,1072,6457
"14823","07_report/CpG_context_sampling_20199_823_trimmed_bismark_bt2.CpG",6633,5476,1157,6633
"14824","07_report/CpG_context_sampling_20199_824_trimmed_bismark_bt2.CpG",6531,5398,1133,6531
"14825","07_report/CpG_context_sampling_20199_825_trimmed_bismark_bt2.CpG",6524,5404,1120,6524
"14826","07_report/CpG_context_sampling_20199_826_trimmed_bismark_bt2.CpG",6410,5326,1084,6410
"14827","07_report/CpG_context_sampling_20199_827_trimmed_bismark_bt2.CpG",6620,5461,1159,6620
"14828","07_report/CpG_context_sampling_20199_828_trimmed_bismark_bt2.CpG",6606,5480,1126,6606
"14829","07_report/CpG_context_sampling_20199_829_trimmed_bismark_bt2.CpG",6565,5406,1159,6565
"14830","07_report/CpG_context_sampling_20199_830_trimmed_bismark_bt2.CpG",6602,5494,1108,6602
"14831","07_report/CpG_context_sampling_20199_831_trimmed_bismark_bt2.CpG",6480,5347,1133,6480
"14832","07_report/CpG_context_sampling_20199_832_trimmed_bismark_bt2.CpG",6605,5520,1085,6605
"14833","07_report/CpG_context_sampling_20199_833_trimmed_bismark_bt2.CpG",6624,5493,1131,6624
"14834","07_report/CpG_context_sampling_20199_834_trimmed_bismark_bt2.CpG",6435,5395,1040,6435
"14835","07_report/CpG_context_sampling_20199_835_trimmed_bismark_bt2.CpG",6531,5417,1114,6531
"14836","07_report/CpG_context_sampling_20199_836_trimmed_bismark_bt2.CpG",6417,5334,1083,6417
"14837","07_report/CpG_context_sampling_20199_837_trimmed_bismark_bt2.CpG",6601,5481,1120,6601
"14838","07_report/CpG_context_sampling_20199_838_trimmed_bismark_bt2.CpG",6483,5386,1097,6483
"14839","07_report/CpG_context_sampling_20199_839_trimmed_bismark_bt2.CpG",6430,5379,1051,6430
"14840","07_report/CpG_context_sampling_20199_840_trimmed_bismark_bt2.CpG",6532,5439,1093,6532
"14841","07_report/CpG_context_sampling_20199_841_trimmed_bismark_bt2.CpG",6519,5417,1102,6519
"14842","07_report/CpG_context_sampling_20199_842_trimmed_bismark_bt2.CpG",6626,5561,1065,6626
"14843","07_report/CpG_context_sampling_20199_843_trimmed_bismark_bt2.CpG",6419,5382,1037,6419
"14844","07_report/CpG_context_sampling_20199_844_trimmed_bismark_bt2.CpG",6531,5415,1116,6531
"14845","07_report/CpG_context_sampling_20199_845_trimmed_bismark_bt2.CpG",6502,5451,1051,6502
"14846","07_report/CpG_context_sampling_20199_846_trimmed_bismark_bt2.CpG",6480,5404,1076,6480
"14847","07_report/CpG_context_sampling_20199_847_trimmed_bismark_bt2.CpG",6586,5449,1137,6586
"14848","07_report/CpG_context_sampling_20199_848_trimmed_bismark_bt2.CpG",6561,5458,1103,6561
"14849","07_report/CpG_context_sampling_20199_849_trimmed_bismark_bt2.CpG",6549,5425,1124,6549
"14850","07_report/CpG_context_sampling_20199_850_trimmed_bismark_bt2.CpG",6581,5491,1090,6581
"14851","07_report/CpG_context_sampling_20199_851_trimmed_bismark_bt2.CpG",6371,5275,1096,6371
"14852","07_report/CpG_context_sampling_20199_852_trimmed_bismark_bt2.CpG",6421,5339,1082,6421
"14853","07_report/CpG_context_sampling_20199_853_trimmed_bismark_bt2.CpG",6506,5365,1141,6506
"14854","07_report/CpG_context_sampling_20199_854_trimmed_bismark_bt2.CpG",6624,5505,1119,6624
"14855","07_report/CpG_context_sampling_20199_855_trimmed_bismark_bt2.CpG",6609,5455,1154,6609
"14856","07_report/CpG_context_sampling_20199_856_trimmed_bismark_bt2.CpG",6590,5510,1080,6590
"14857","07_report/CpG_context_sampling_20199_857_trimmed_bismark_bt2.CpG",6489,5398,1091,6489
"14858","07_report/CpG_context_sampling_20199_858_trimmed_bismark_bt2.CpG",6502,5363,1139,6502
"14859","07_report/CpG_context_sampling_20199_859_trimmed_bismark_bt2.CpG",6537,5438,1099,6537
"14860","07_report/CpG_context_sampling_20199_860_trimmed_bismark_bt2.CpG",6560,5482,1078,6560
"14861","07_report/CpG_context_sampling_20199_861_trimmed_bismark_bt2.CpG",6558,5456,1102,6558
"14862","07_report/CpG_context_sampling_20199_862_trimmed_bismark_bt2.CpG",6730,5610,1120,6730
"14863","07_report/CpG_context_sampling_20199_863_trimmed_bismark_bt2.CpG",6426,5340,1086,6426
"14864","07_report/CpG_context_sampling_20199_864_trimmed_bismark_bt2.CpG",6511,5378,1133,6511
"14865","07_report/CpG_context_sampling_20199_865_trimmed_bismark_bt2.CpG",6645,5516,1129,6645
"14866","07_report/CpG_context_sampling_20199_866_trimmed_bismark_bt2.CpG",6516,5405,1111,6516
"14867","07_report/CpG_context_sampling_20199_867_trimmed_bismark_bt2.CpG",6435,5375,1060,6435
"14868","07_report/CpG_context_sampling_20199_868_trimmed_bismark_bt2.CpG",6635,5520,1115,6635
"14869","07_report/CpG_context_sampling_20199_869_trimmed_bismark_bt2.CpG",6587,5472,1115,6587
"14870","07_report/CpG_context_sampling_20199_870_trimmed_bismark_bt2.CpG",6589,5480,1109,6589
"14871","07_report/CpG_context_sampling_20199_871_trimmed_bismark_bt2.CpG",6449,5325,1124,6449
"14872","07_report/CpG_context_sampling_20199_872_trimmed_bismark_bt2.CpG",6517,5361,1156,6517
"14873","07_report/CpG_context_sampling_20199_873_trimmed_bismark_bt2.CpG",6483,5364,1119,6483
"14874","07_report/CpG_context_sampling_20199_874_trimmed_bismark_bt2.CpG",6591,5490,1101,6591
"14875","07_report/CpG_context_sampling_20199_875_trimmed_bismark_bt2.CpG",6537,5411,1126,6537
"14876","07_report/CpG_context_sampling_20199_876_trimmed_bismark_bt2.CpG",6600,5518,1082,6600
"14877","07_report/CpG_context_sampling_20199_877_trimmed_bismark_bt2.CpG",6464,5381,1083,6464
"14878","07_report/CpG_context_sampling_20199_878_trimmed_bismark_bt2.CpG",6436,5310,1126,6436
"14879","07_report/CpG_context_sampling_20199_879_trimmed_bismark_bt2.CpG",6552,5501,1051,6552
"14880","07_report/CpG_context_sampling_20199_880_trimmed_bismark_bt2.CpG",6495,5391,1104,6495
"14881","07_report/CpG_context_sampling_20199_881_trimmed_bismark_bt2.CpG",6447,5360,1087,6447
"14882","07_report/CpG_context_sampling_20199_882_trimmed_bismark_bt2.CpG",6473,5351,1122,6473
"14883","07_report/CpG_context_sampling_20199_883_trimmed_bismark_bt2.CpG",6583,5494,1089,6583
"14884","07_report/CpG_context_sampling_20199_884_trimmed_bismark_bt2.CpG",6489,5352,1137,6489
"14885","07_report/CpG_context_sampling_20199_885_trimmed_bismark_bt2.CpG",6618,5524,1094,6618
"14886","07_report/CpG_context_sampling_20199_886_trimmed_bismark_bt2.CpG",6471,5412,1059,6471
"14887","07_report/CpG_context_sampling_20199_887_trimmed_bismark_bt2.CpG",6504,5439,1065,6504
"14888","07_report/CpG_context_sampling_20199_888_trimmed_bismark_bt2.CpG",6598,5472,1126,6598
"14889","07_report/CpG_context_sampling_20199_889_trimmed_bismark_bt2.CpG",6517,5394,1123,6517
"14890","07_report/CpG_context_sampling_20199_890_trimmed_bismark_bt2.CpG",6442,5370,1072,6442
"14891","07_report/CpG_context_sampling_20199_891_trimmed_bismark_bt2.CpG",6531,5426,1105,6531
"14892","07_report/CpG_context_sampling_20199_892_trimmed_bismark_bt2.CpG",6435,5370,1065,6435
"14893","07_report/CpG_context_sampling_20199_893_trimmed_bismark_bt2.CpG",6560,5447,1113,6560
"14894","07_report/CpG_context_sampling_20199_894_trimmed_bismark_bt2.CpG",6598,5546,1052,6598
"14895","07_report/CpG_context_sampling_20199_895_trimmed_bismark_bt2.CpG",6387,5324,1063,6387
"14896","07_report/CpG_context_sampling_20199_896_trimmed_bismark_bt2.CpG",6543,5392,1151,6543
"14897","07_report/CpG_context_sampling_20199_897_trimmed_bismark_bt2.CpG",6450,5342,1108,6450
"14898","07_report/CpG_context_sampling_20199_898_trimmed_bismark_bt2.CpG",6447,5391,1056,6447
"14899","07_report/CpG_context_sampling_20199_899_trimmed_bismark_bt2.CpG",6461,5375,1086,6461
"14900","07_report/CpG_context_sampling_20199_900_trimmed_bismark_bt2.CpG",6447,5358,1089,6447
"14901","07_report/CpG_context_sampling_20199_901_trimmed_bismark_bt2.CpG",6443,5342,1101,6443
"14902","07_report/CpG_context_sampling_20199_902_trimmed_bismark_bt2.CpG",6520,5412,1108,6520
"14903","07_report/CpG_context_sampling_20199_903_trimmed_bismark_bt2.CpG",6393,5293,1100,6393
"14904","07_report/CpG_context_sampling_20199_904_trimmed_bismark_bt2.CpG",6583,5476,1107,6583
"14905","07_report/CpG_context_sampling_20199_905_trimmed_bismark_bt2.CpG",6410,5319,1091,6410
"14906","07_report/CpG_context_sampling_20199_906_trimmed_bismark_bt2.CpG",6566,5458,1108,6566
"14907","07_report/CpG_context_sampling_20199_907_trimmed_bismark_bt2.CpG",6635,5526,1109,6635
"14908","07_report/CpG_context_sampling_20199_908_trimmed_bismark_bt2.CpG",6513,5361,1152,6513
"14909","07_report/CpG_context_sampling_20199_909_trimmed_bismark_bt2.CpG",6585,5454,1131,6585
"14910","07_report/CpG_context_sampling_20199_910_trimmed_bismark_bt2.CpG",6482,5355,1127,6482
"14911","07_report/CpG_context_sampling_20199_911_trimmed_bismark_bt2.CpG",6462,5326,1136,6462
"14912","07_report/CpG_context_sampling_20199_912_trimmed_bismark_bt2.CpG",6544,5430,1114,6544
"14913","07_report/CpG_context_sampling_20199_913_trimmed_bismark_bt2.CpG",6500,5405,1095,6500
"14914","07_report/CpG_context_sampling_20199_914_trimmed_bismark_bt2.CpG",6483,5408,1075,6483
"14915","07_report/CpG_context_sampling_20199_915_trimmed_bismark_bt2.CpG",6564,5505,1059,6564
"14916","07_report/CpG_context_sampling_20199_916_trimmed_bismark_bt2.CpG",6596,5498,1098,6596
"14917","07_report/CpG_context_sampling_20199_917_trimmed_bismark_bt2.CpG",6552,5489,1063,6552
"14918","07_report/CpG_context_sampling_20199_918_trimmed_bismark_bt2.CpG",6457,5375,1082,6457
"14919","07_report/CpG_context_sampling_20199_919_trimmed_bismark_bt2.CpG",6490,5321,1169,6490
"14920","07_report/CpG_context_sampling_20199_920_trimmed_bismark_bt2.CpG",6528,5423,1105,6528
"14921","07_report/CpG_context_sampling_20199_921_trimmed_bismark_bt2.CpG",6410,5347,1063,6410
"14922","07_report/CpG_context_sampling_20199_922_trimmed_bismark_bt2.CpG",6569,5468,1101,6569
"14923","07_report/CpG_context_sampling_20199_923_trimmed_bismark_bt2.CpG",6558,5472,1086,6558
"14924","07_report/CpG_context_sampling_20199_924_trimmed_bismark_bt2.CpG",6498,5371,1127,6498
"14925","07_report/CpG_context_sampling_20199_925_trimmed_bismark_bt2.CpG",6620,5539,1081,6620
"14926","07_report/CpG_context_sampling_20199_926_trimmed_bismark_bt2.CpG",6562,5475,1087,6562
"14927","07_report/CpG_context_sampling_20199_927_trimmed_bismark_bt2.CpG",6586,5480,1106,6586
"14928","07_report/CpG_context_sampling_20199_928_trimmed_bismark_bt2.CpG",6513,5419,1094,6513
"14929","07_report/CpG_context_sampling_20199_929_trimmed_bismark_bt2.CpG",6501,5436,1065,6501
"14930","07_report/CpG_context_sampling_20199_930_trimmed_bismark_bt2.CpG",6326,5270,1056,6326
"14931","07_report/CpG_context_sampling_20199_931_trimmed_bismark_bt2.CpG",6483,5391,1092,6483
"14932","07_report/CpG_context_sampling_20199_932_trimmed_bismark_bt2.CpG",6534,5477,1057,6534
"14933","07_report/CpG_context_sampling_20199_933_trimmed_bismark_bt2.CpG",6464,5376,1088,6464
"14934","07_report/CpG_context_sampling_20199_934_trimmed_bismark_bt2.CpG",6543,5453,1090,6543
"14935","07_report/CpG_context_sampling_20199_935_trimmed_bismark_bt2.CpG",6588,5453,1135,6588
"14936","07_report/CpG_context_sampling_20199_936_trimmed_bismark_bt2.CpG",6515,5378,1137,6515
"14937","07_report/CpG_context_sampling_20199_937_trimmed_bismark_bt2.CpG",6623,5489,1134,6623
"14938","07_report/CpG_context_sampling_20199_938_trimmed_bismark_bt2.CpG",6510,5406,1104,6510
"14939","07_report/CpG_context_sampling_20199_939_trimmed_bismark_bt2.CpG",6496,5386,1110,6496
"14940","07_report/CpG_context_sampling_20199_940_trimmed_bismark_bt2.CpG",6492,5408,1084,6492
"14941","07_report/CpG_context_sampling_20199_941_trimmed_bismark_bt2.CpG",6580,5498,1082,6580
"14942","07_report/CpG_context_sampling_20199_942_trimmed_bismark_bt2.CpG",6520,5420,1100,6520
"14943","07_report/CpG_context_sampling_20199_943_trimmed_bismark_bt2.CpG",6486,5377,1109,6486
"14944","07_report/CpG_context_sampling_20199_944_trimmed_bismark_bt2.CpG",6515,5418,1097,6515
"14945","07_report/CpG_context_sampling_20199_945_trimmed_bismark_bt2.CpG",6535,5443,1092,6535
"14946","07_report/CpG_context_sampling_20199_946_trimmed_bismark_bt2.CpG",6588,5507,1081,6588
"14947","07_report/CpG_context_sampling_20199_947_trimmed_bismark_bt2.CpG",6632,5560,1072,6632
"14948","07_report/CpG_context_sampling_20199_948_trimmed_bismark_bt2.CpG",6621,5523,1098,6621
"14949","07_report/CpG_context_sampling_20199_949_trimmed_bismark_bt2.CpG",6530,5436,1094,6530
"14950","07_report/CpG_context_sampling_20199_950_trimmed_bismark_bt2.CpG",6597,5456,1141,6597
"14951","07_report/CpG_context_sampling_20199_951_trimmed_bismark_bt2.CpG",6501,5361,1140,6501
"14952","07_report/CpG_context_sampling_20199_952_trimmed_bismark_bt2.CpG",6608,5526,1082,6608
"14953","07_report/CpG_context_sampling_20199_953_trimmed_bismark_bt2.CpG",6600,5527,1073,6600
"14954","07_report/CpG_context_sampling_20199_954_trimmed_bismark_bt2.CpG",6506,5388,1118,6506
"14955","07_report/CpG_context_sampling_20199_955_trimmed_bismark_bt2.CpG",6463,5359,1104,6463
"14956","07_report/CpG_context_sampling_20199_956_trimmed_bismark_bt2.CpG",6617,5560,1057,6617
"14957","07_report/CpG_context_sampling_20199_957_trimmed_bismark_bt2.CpG",6606,5463,1143,6606
"14958","07_report/CpG_context_sampling_20199_958_trimmed_bismark_bt2.CpG",6474,5342,1132,6474
"14959","07_report/CpG_context_sampling_20199_959_trimmed_bismark_bt2.CpG",6573,5496,1077,6573
"14960","07_report/CpG_context_sampling_20199_960_trimmed_bismark_bt2.CpG",6462,5391,1071,6462
"14961","07_report/CpG_context_sampling_20199_961_trimmed_bismark_bt2.CpG",6605,5511,1094,6605
"14962","07_report/CpG_context_sampling_20199_962_trimmed_bismark_bt2.CpG",6579,5451,1128,6579
"14963","07_report/CpG_context_sampling_20199_963_trimmed_bismark_bt2.CpG",6486,5395,1091,6486
"14964","07_report/CpG_context_sampling_20199_964_trimmed_bismark_bt2.CpG",6629,5492,1137,6629
"14965","07_report/CpG_context_sampling_20199_965_trimmed_bismark_bt2.CpG",6585,5448,1137,6585
"14966","07_report/CpG_context_sampling_20199_966_trimmed_bismark_bt2.CpG",6532,5467,1065,6532
"14967","07_report/CpG_context_sampling_20199_967_trimmed_bismark_bt2.CpG",6600,5523,1077,6600
"14968","07_report/CpG_context_sampling_20199_968_trimmed_bismark_bt2.CpG",6515,5480,1035,6515
"14969","07_report/CpG_context_sampling_20199_969_trimmed_bismark_bt2.CpG",6613,5481,1132,6613
"14970","07_report/CpG_context_sampling_20199_970_trimmed_bismark_bt2.CpG",6546,5447,1099,6546
"14971","07_report/CpG_context_sampling_20199_971_trimmed_bismark_bt2.CpG",6496,5424,1072,6496
"14972","07_report/CpG_context_sampling_20199_972_trimmed_bismark_bt2.CpG",6599,5522,1077,6599
"14973","07_report/CpG_context_sampling_20199_973_trimmed_bismark_bt2.CpG",6599,5439,1160,6599
"14974","07_report/CpG_context_sampling_20199_974_trimmed_bismark_bt2.CpG",6486,5401,1085,6486
"14975","07_report/CpG_context_sampling_20199_975_trimmed_bismark_bt2.CpG",6546,5383,1163,6546
"14976","07_report/CpG_context_sampling_20199_976_trimmed_bismark_bt2.CpG",6545,5480,1065,6545
"14977","07_report/CpG_context_sampling_20199_977_trimmed_bismark_bt2.CpG",6608,5554,1054,6608
"14978","07_report/CpG_context_sampling_20199_978_trimmed_bismark_bt2.CpG",6542,5411,1131,6542
"14979","07_report/CpG_context_sampling_20199_979_trimmed_bismark_bt2.CpG",6533,5432,1101,6533
"14980","07_report/CpG_context_sampling_20199_980_trimmed_bismark_bt2.CpG",6445,5351,1094,6445
"14981","07_report/CpG_context_sampling_20199_981_trimmed_bismark_bt2.CpG",6479,5354,1125,6479
"14982","07_report/CpG_context_sampling_20199_982_trimmed_bismark_bt2.CpG",6490,5421,1069,6490
"14983","07_report/CpG_context_sampling_20199_983_trimmed_bismark_bt2.CpG",6482,5432,1050,6482
"14984","07_report/CpG_context_sampling_20199_984_trimmed_bismark_bt2.CpG",6558,5456,1102,6558
"14985","07_report/CpG_context_sampling_20199_985_trimmed_bismark_bt2.CpG",6611,5470,1141,6611
"14986","07_report/CpG_context_sampling_20199_986_trimmed_bismark_bt2.CpG",6535,5416,1119,6535
"14987","07_report/CpG_context_sampling_20199_987_trimmed_bismark_bt2.CpG",6641,5545,1096,6641
"14988","07_report/CpG_context_sampling_20199_988_trimmed_bismark_bt2.CpG",6525,5457,1068,6525
"14989","07_report/CpG_context_sampling_20199_989_trimmed_bismark_bt2.CpG",6475,5382,1093,6475
"14990","07_report/CpG_context_sampling_20199_990_trimmed_bismark_bt2.CpG",6536,5457,1079,6536
"14991","07_report/CpG_context_sampling_20199_991_trimmed_bismark_bt2.CpG",6572,5417,1155,6572
"14992","07_report/CpG_context_sampling_20199_992_trimmed_bismark_bt2.CpG",6459,5363,1096,6459
"14993","07_report/CpG_context_sampling_20199_993_trimmed_bismark_bt2.CpG",6528,5393,1135,6528
"14994","07_report/CpG_context_sampling_20199_994_trimmed_bismark_bt2.CpG",6553,5449,1104,6553
"14995","07_report/CpG_context_sampling_20199_995_trimmed_bismark_bt2.CpG",6438,5378,1060,6438
"14996","07_report/CpG_context_sampling_20199_996_trimmed_bismark_bt2.CpG",6546,5425,1121,6546
"14997","07_report/CpG_context_sampling_20199_997_trimmed_bismark_bt2.CpG",6446,5346,1100,6446
"14998","07_report/CpG_context_sampling_20199_998_trimmed_bismark_bt2.CpG",6382,5369,1013,6382
"14999","07_report/CpG_context_sampling_20199_999_trimmed_bismark_bt2.CpG",6582,5530,1052,6582
"15000","07_report/CpG_context_sampling_20199_1000_trimmed_bismark_bt2.CpG",6565,5435,1130,6565
"15001","07_report/CpG_context_sampling_23566_1_trimmed_bismark_bt2.CpG",7656,6341,1315,7656
"15002","07_report/CpG_context_sampling_23566_2_trimmed_bismark_bt2.CpG",7610,6324,1286,7610
"15003","07_report/CpG_context_sampling_23566_3_trimmed_bismark_bt2.CpG",7590,6351,1239,7590
"15004","07_report/CpG_context_sampling_23566_4_trimmed_bismark_bt2.CpG",7573,6237,1336,7573
"15005","07_report/CpG_context_sampling_23566_5_trimmed_bismark_bt2.CpG",7664,6356,1308,7664
"15006","07_report/CpG_context_sampling_23566_6_trimmed_bismark_bt2.CpG",7610,6310,1300,7610
"15007","07_report/CpG_context_sampling_23566_7_trimmed_bismark_bt2.CpG",7584,6305,1279,7584
"15008","07_report/CpG_context_sampling_23566_8_trimmed_bismark_bt2.CpG",7577,6286,1291,7577
"15009","07_report/CpG_context_sampling_23566_9_trimmed_bismark_bt2.CpG",7683,6413,1270,7683
"15010","07_report/CpG_context_sampling_23566_10_trimmed_bismark_bt2.CpG",7618,6296,1322,7618
"15011","07_report/CpG_context_sampling_23566_11_trimmed_bismark_bt2.CpG",7587,6248,1339,7587
"15012","07_report/CpG_context_sampling_23566_12_trimmed_bismark_bt2.CpG",7617,6346,1271,7617
"15013","07_report/CpG_context_sampling_23566_13_trimmed_bismark_bt2.CpG",7560,6254,1306,7560
"15014","07_report/CpG_context_sampling_23566_14_trimmed_bismark_bt2.CpG",7482,6220,1262,7482
"15015","07_report/CpG_context_sampling_23566_15_trimmed_bismark_bt2.CpG",7692,6375,1317,7692
"15016","07_report/CpG_context_sampling_23566_16_trimmed_bismark_bt2.CpG",7721,6420,1301,7721
"15017","07_report/CpG_context_sampling_23566_17_trimmed_bismark_bt2.CpG",7557,6312,1245,7557
"15018","07_report/CpG_context_sampling_23566_18_trimmed_bismark_bt2.CpG",7649,6376,1273,7649
"15019","07_report/CpG_context_sampling_23566_19_trimmed_bismark_bt2.CpG",7671,6388,1283,7671
"15020","07_report/CpG_context_sampling_23566_20_trimmed_bismark_bt2.CpG",7563,6293,1270,7563
"15021","07_report/CpG_context_sampling_23566_21_trimmed_bismark_bt2.CpG",7702,6410,1292,7702
"15022","07_report/CpG_context_sampling_23566_22_trimmed_bismark_bt2.CpG",7559,6333,1226,7559
"15023","07_report/CpG_context_sampling_23566_23_trimmed_bismark_bt2.CpG",7626,6308,1318,7626
"15024","07_report/CpG_context_sampling_23566_24_trimmed_bismark_bt2.CpG",7574,6277,1297,7574
"15025","07_report/CpG_context_sampling_23566_25_trimmed_bismark_bt2.CpG",7643,6320,1323,7643
"15026","07_report/CpG_context_sampling_23566_26_trimmed_bismark_bt2.CpG",7688,6410,1278,7688
"15027","07_report/CpG_context_sampling_23566_27_trimmed_bismark_bt2.CpG",7565,6277,1288,7565
"15028","07_report/CpG_context_sampling_23566_28_trimmed_bismark_bt2.CpG",7586,6284,1302,7586
"15029","07_report/CpG_context_sampling_23566_29_trimmed_bismark_bt2.CpG",7564,6250,1314,7564
"15030","07_report/CpG_context_sampling_23566_30_trimmed_bismark_bt2.CpG",7661,6426,1235,7661
"15031","07_report/CpG_context_sampling_23566_31_trimmed_bismark_bt2.CpG",7627,6293,1334,7627
"15032","07_report/CpG_context_sampling_23566_32_trimmed_bismark_bt2.CpG",7694,6340,1354,7694
"15033","07_report/CpG_context_sampling_23566_33_trimmed_bismark_bt2.CpG",7663,6371,1292,7663
"15034","07_report/CpG_context_sampling_23566_34_trimmed_bismark_bt2.CpG",7616,6289,1327,7616
"15035","07_report/CpG_context_sampling_23566_35_trimmed_bismark_bt2.CpG",7671,6382,1289,7671
"15036","07_report/CpG_context_sampling_23566_36_trimmed_bismark_bt2.CpG",7585,6301,1284,7585
"15037","07_report/CpG_context_sampling_23566_37_trimmed_bismark_bt2.CpG",7693,6438,1255,7693
"15038","07_report/CpG_context_sampling_23566_38_trimmed_bismark_bt2.CpG",7714,6374,1340,7714
"15039","07_report/CpG_context_sampling_23566_39_trimmed_bismark_bt2.CpG",7544,6285,1259,7544
"15040","07_report/CpG_context_sampling_23566_40_trimmed_bismark_bt2.CpG",7661,6391,1270,7661
"15041","07_report/CpG_context_sampling_23566_41_trimmed_bismark_bt2.CpG",7633,6332,1301,7633
"15042","07_report/CpG_context_sampling_23566_42_trimmed_bismark_bt2.CpG",7703,6395,1308,7703
"15043","07_report/CpG_context_sampling_23566_43_trimmed_bismark_bt2.CpG",7654,6360,1294,7654
"15044","07_report/CpG_context_sampling_23566_44_trimmed_bismark_bt2.CpG",7564,6247,1317,7564
"15045","07_report/CpG_context_sampling_23566_45_trimmed_bismark_bt2.CpG",7405,6173,1232,7405
"15046","07_report/CpG_context_sampling_23566_46_trimmed_bismark_bt2.CpG",7561,6280,1281,7561
"15047","07_report/CpG_context_sampling_23566_47_trimmed_bismark_bt2.CpG",7706,6417,1289,7706
"15048","07_report/CpG_context_sampling_23566_48_trimmed_bismark_bt2.CpG",7638,6309,1329,7638
"15049","07_report/CpG_context_sampling_23566_49_trimmed_bismark_bt2.CpG",7598,6348,1250,7598
"15050","07_report/CpG_context_sampling_23566_50_trimmed_bismark_bt2.CpG",7577,6334,1243,7577
"15051","07_report/CpG_context_sampling_23566_51_trimmed_bismark_bt2.CpG",7519,6276,1243,7519
"15052","07_report/CpG_context_sampling_23566_52_trimmed_bismark_bt2.CpG",7546,6246,1300,7546
"15053","07_report/CpG_context_sampling_23566_53_trimmed_bismark_bt2.CpG",7667,6418,1249,7667
"15054","07_report/CpG_context_sampling_23566_54_trimmed_bismark_bt2.CpG",7648,6381,1267,7648
"15055","07_report/CpG_context_sampling_23566_55_trimmed_bismark_bt2.CpG",7610,6398,1212,7610
"15056","07_report/CpG_context_sampling_23566_56_trimmed_bismark_bt2.CpG",7652,6338,1314,7652
"15057","07_report/CpG_context_sampling_23566_57_trimmed_bismark_bt2.CpG",7599,6294,1305,7599
"15058","07_report/CpG_context_sampling_23566_58_trimmed_bismark_bt2.CpG",7617,6332,1285,7617
"15059","07_report/CpG_context_sampling_23566_59_trimmed_bismark_bt2.CpG",7603,6282,1321,7603
"15060","07_report/CpG_context_sampling_23566_60_trimmed_bismark_bt2.CpG",7526,6234,1292,7526
"15061","07_report/CpG_context_sampling_23566_61_trimmed_bismark_bt2.CpG",7528,6244,1284,7528
"15062","07_report/CpG_context_sampling_23566_62_trimmed_bismark_bt2.CpG",7696,6405,1291,7696
"15063","07_report/CpG_context_sampling_23566_63_trimmed_bismark_bt2.CpG",7689,6370,1319,7689
"15064","07_report/CpG_context_sampling_23566_64_trimmed_bismark_bt2.CpG",7730,6439,1291,7730
"15065","07_report/CpG_context_sampling_23566_65_trimmed_bismark_bt2.CpG",7661,6354,1307,7661
"15066","07_report/CpG_context_sampling_23566_66_trimmed_bismark_bt2.CpG",7660,6330,1330,7660
"15067","07_report/CpG_context_sampling_23566_67_trimmed_bismark_bt2.CpG",7566,6276,1290,7566
"15068","07_report/CpG_context_sampling_23566_68_trimmed_bismark_bt2.CpG",7679,6377,1302,7679
"15069","07_report/CpG_context_sampling_23566_69_trimmed_bismark_bt2.CpG",7671,6342,1329,7671
"15070","07_report/CpG_context_sampling_23566_70_trimmed_bismark_bt2.CpG",7723,6403,1320,7723
"15071","07_report/CpG_context_sampling_23566_71_trimmed_bismark_bt2.CpG",7640,6370,1270,7640
"15072","07_report/CpG_context_sampling_23566_72_trimmed_bismark_bt2.CpG",7571,6289,1282,7571
"15073","07_report/CpG_context_sampling_23566_73_trimmed_bismark_bt2.CpG",7634,6300,1334,7634
"15074","07_report/CpG_context_sampling_23566_74_trimmed_bismark_bt2.CpG",7498,6234,1264,7498
"15075","07_report/CpG_context_sampling_23566_75_trimmed_bismark_bt2.CpG",7628,6367,1261,7628
"15076","07_report/CpG_context_sampling_23566_76_trimmed_bismark_bt2.CpG",7476,6215,1261,7476
"15077","07_report/CpG_context_sampling_23566_77_trimmed_bismark_bt2.CpG",7722,6380,1342,7722
"15078","07_report/CpG_context_sampling_23566_78_trimmed_bismark_bt2.CpG",7562,6277,1285,7562
"15079","07_report/CpG_context_sampling_23566_79_trimmed_bismark_bt2.CpG",7701,6441,1260,7701
"15080","07_report/CpG_context_sampling_23566_80_trimmed_bismark_bt2.CpG",7616,6323,1293,7616
"15081","07_report/CpG_context_sampling_23566_81_trimmed_bismark_bt2.CpG",7552,6300,1252,7552
"15082","07_report/CpG_context_sampling_23566_82_trimmed_bismark_bt2.CpG",7702,6377,1325,7702
"15083","07_report/CpG_context_sampling_23566_83_trimmed_bismark_bt2.CpG",7445,6145,1300,7445
"15084","07_report/CpG_context_sampling_23566_84_trimmed_bismark_bt2.CpG",7588,6363,1225,7588
"15085","07_report/CpG_context_sampling_23566_85_trimmed_bismark_bt2.CpG",7649,6366,1283,7649
"15086","07_report/CpG_context_sampling_23566_86_trimmed_bismark_bt2.CpG",7569,6232,1337,7569
"15087","07_report/CpG_context_sampling_23566_87_trimmed_bismark_bt2.CpG",7649,6310,1339,7649
"15088","07_report/CpG_context_sampling_23566_88_trimmed_bismark_bt2.CpG",7639,6403,1236,7639
"15089","07_report/CpG_context_sampling_23566_89_trimmed_bismark_bt2.CpG",7575,6276,1299,7575
"15090","07_report/CpG_context_sampling_23566_90_trimmed_bismark_bt2.CpG",7706,6417,1289,7706
"15091","07_report/CpG_context_sampling_23566_91_trimmed_bismark_bt2.CpG",7573,6295,1278,7573
"15092","07_report/CpG_context_sampling_23566_92_trimmed_bismark_bt2.CpG",7708,6401,1307,7708
"15093","07_report/CpG_context_sampling_23566_93_trimmed_bismark_bt2.CpG",7653,6357,1296,7653
"15094","07_report/CpG_context_sampling_23566_94_trimmed_bismark_bt2.CpG",7624,6317,1307,7624
"15095","07_report/CpG_context_sampling_23566_95_trimmed_bismark_bt2.CpG",7615,6371,1244,7615
"15096","07_report/CpG_context_sampling_23566_96_trimmed_bismark_bt2.CpG",7708,6399,1309,7708
"15097","07_report/CpG_context_sampling_23566_97_trimmed_bismark_bt2.CpG",7706,6407,1299,7706
"15098","07_report/CpG_context_sampling_23566_98_trimmed_bismark_bt2.CpG",7493,6248,1245,7493
"15099","07_report/CpG_context_sampling_23566_99_trimmed_bismark_bt2.CpG",7711,6391,1320,7711
"15100","07_report/CpG_context_sampling_23566_100_trimmed_bismark_bt2.CpG",7702,6389,1313,7702
"15101","07_report/CpG_context_sampling_23566_101_trimmed_bismark_bt2.CpG",7469,6220,1249,7469
"15102","07_report/CpG_context_sampling_23566_102_trimmed_bismark_bt2.CpG",7593,6343,1250,7593
"15103","07_report/CpG_context_sampling_23566_103_trimmed_bismark_bt2.CpG",7689,6398,1291,7689
"15104","07_report/CpG_context_sampling_23566_104_trimmed_bismark_bt2.CpG",7642,6333,1309,7642
"15105","07_report/CpG_context_sampling_23566_105_trimmed_bismark_bt2.CpG",7588,6318,1270,7588
"15106","07_report/CpG_context_sampling_23566_106_trimmed_bismark_bt2.CpG",7662,6420,1242,7662
"15107","07_report/CpG_context_sampling_23566_107_trimmed_bismark_bt2.CpG",7600,6259,1341,7600
"15108","07_report/CpG_context_sampling_23566_108_trimmed_bismark_bt2.CpG",7629,6365,1264,7629
"15109","07_report/CpG_context_sampling_23566_109_trimmed_bismark_bt2.CpG",7614,6322,1292,7614
"15110","07_report/CpG_context_sampling_23566_110_trimmed_bismark_bt2.CpG",7580,6313,1267,7580
"15111","07_report/CpG_context_sampling_23566_111_trimmed_bismark_bt2.CpG",7670,6410,1260,7670
"15112","07_report/CpG_context_sampling_23566_112_trimmed_bismark_bt2.CpG",7639,6368,1271,7639
"15113","07_report/CpG_context_sampling_23566_113_trimmed_bismark_bt2.CpG",7680,6407,1273,7680
"15114","07_report/CpG_context_sampling_23566_114_trimmed_bismark_bt2.CpG",7569,6269,1300,7569
"15115","07_report/CpG_context_sampling_23566_115_trimmed_bismark_bt2.CpG",7549,6304,1245,7549
"15116","07_report/CpG_context_sampling_23566_116_trimmed_bismark_bt2.CpG",7689,6402,1287,7689
"15117","07_report/CpG_context_sampling_23566_117_trimmed_bismark_bt2.CpG",7591,6286,1305,7591
"15118","07_report/CpG_context_sampling_23566_118_trimmed_bismark_bt2.CpG",7667,6358,1309,7667
"15119","07_report/CpG_context_sampling_23566_119_trimmed_bismark_bt2.CpG",7722,6407,1315,7722
"15120","07_report/CpG_context_sampling_23566_120_trimmed_bismark_bt2.CpG",7704,6403,1301,7704
"15121","07_report/CpG_context_sampling_23566_121_trimmed_bismark_bt2.CpG",7684,6395,1289,7684
"15122","07_report/CpG_context_sampling_23566_122_trimmed_bismark_bt2.CpG",7497,6236,1261,7497
"15123","07_report/CpG_context_sampling_23566_123_trimmed_bismark_bt2.CpG",7669,6368,1301,7669
"15124","07_report/CpG_context_sampling_23566_124_trimmed_bismark_bt2.CpG",7674,6332,1342,7674
"15125","07_report/CpG_context_sampling_23566_125_trimmed_bismark_bt2.CpG",7657,6435,1222,7657
"15126","07_report/CpG_context_sampling_23566_126_trimmed_bismark_bt2.CpG",7741,6434,1307,7741
"15127","07_report/CpG_context_sampling_23566_127_trimmed_bismark_bt2.CpG",7679,6356,1323,7679
"15128","07_report/CpG_context_sampling_23566_128_trimmed_bismark_bt2.CpG",7781,6497,1284,7781
"15129","07_report/CpG_context_sampling_23566_129_trimmed_bismark_bt2.CpG",7641,6351,1290,7641
"15130","07_report/CpG_context_sampling_23566_130_trimmed_bismark_bt2.CpG",7648,6320,1328,7648
"15131","07_report/CpG_context_sampling_23566_131_trimmed_bismark_bt2.CpG",7497,6239,1258,7497
"15132","07_report/CpG_context_sampling_23566_132_trimmed_bismark_bt2.CpG",7703,6417,1286,7703
"15133","07_report/CpG_context_sampling_23566_133_trimmed_bismark_bt2.CpG",7559,6315,1244,7559
"15134","07_report/CpG_context_sampling_23566_134_trimmed_bismark_bt2.CpG",7622,6338,1284,7622
"15135","07_report/CpG_context_sampling_23566_135_trimmed_bismark_bt2.CpG",7545,6289,1256,7545
"15136","07_report/CpG_context_sampling_23566_136_trimmed_bismark_bt2.CpG",7756,6432,1324,7756
"15137","07_report/CpG_context_sampling_23566_137_trimmed_bismark_bt2.CpG",7556,6219,1337,7556
"15138","07_report/CpG_context_sampling_23566_138_trimmed_bismark_bt2.CpG",7547,6285,1262,7547
"15139","07_report/CpG_context_sampling_23566_139_trimmed_bismark_bt2.CpG",7732,6391,1341,7732
"15140","07_report/CpG_context_sampling_23566_140_trimmed_bismark_bt2.CpG",7549,6289,1260,7549
"15141","07_report/CpG_context_sampling_23566_141_trimmed_bismark_bt2.CpG",7502,6293,1209,7502
"15142","07_report/CpG_context_sampling_23566_142_trimmed_bismark_bt2.CpG",7459,6225,1234,7459
"15143","07_report/CpG_context_sampling_23566_143_trimmed_bismark_bt2.CpG",7653,6305,1348,7653
"15144","07_report/CpG_context_sampling_23566_144_trimmed_bismark_bt2.CpG",7498,6255,1243,7498
"15145","07_report/CpG_context_sampling_23566_145_trimmed_bismark_bt2.CpG",7619,6393,1226,7619
"15146","07_report/CpG_context_sampling_23566_146_trimmed_bismark_bt2.CpG",7669,6338,1331,7669
"15147","07_report/CpG_context_sampling_23566_147_trimmed_bismark_bt2.CpG",7573,6298,1275,7573
"15148","07_report/CpG_context_sampling_23566_148_trimmed_bismark_bt2.CpG",7831,6513,1318,7831
"15149","07_report/CpG_context_sampling_23566_149_trimmed_bismark_bt2.CpG",7639,6361,1278,7639
"15150","07_report/CpG_context_sampling_23566_150_trimmed_bismark_bt2.CpG",7781,6442,1339,7781
"15151","07_report/CpG_context_sampling_23566_151_trimmed_bismark_bt2.CpG",7622,6331,1291,7622
"15152","07_report/CpG_context_sampling_23566_152_trimmed_bismark_bt2.CpG",7579,6261,1318,7579
"15153","07_report/CpG_context_sampling_23566_153_trimmed_bismark_bt2.CpG",7478,6140,1338,7478
"15154","07_report/CpG_context_sampling_23566_154_trimmed_bismark_bt2.CpG",7629,6289,1340,7629
"15155","07_report/CpG_context_sampling_23566_155_trimmed_bismark_bt2.CpG",7565,6301,1264,7565
"15156","07_report/CpG_context_sampling_23566_156_trimmed_bismark_bt2.CpG",7535,6320,1215,7535
"15157","07_report/CpG_context_sampling_23566_157_trimmed_bismark_bt2.CpG",7652,6386,1266,7652
"15158","07_report/CpG_context_sampling_23566_158_trimmed_bismark_bt2.CpG",7581,6286,1295,7581
"15159","07_report/CpG_context_sampling_23566_159_trimmed_bismark_bt2.CpG",7620,6317,1303,7620
"15160","07_report/CpG_context_sampling_23566_160_trimmed_bismark_bt2.CpG",7757,6441,1316,7757
"15161","07_report/CpG_context_sampling_23566_161_trimmed_bismark_bt2.CpG",7664,6424,1240,7664
"15162","07_report/CpG_context_sampling_23566_162_trimmed_bismark_bt2.CpG",7638,6387,1251,7638
"15163","07_report/CpG_context_sampling_23566_163_trimmed_bismark_bt2.CpG",7569,6335,1234,7569
"15164","07_report/CpG_context_sampling_23566_164_trimmed_bismark_bt2.CpG",7449,6217,1232,7449
"15165","07_report/CpG_context_sampling_23566_165_trimmed_bismark_bt2.CpG",7589,6263,1326,7589
"15166","07_report/CpG_context_sampling_23566_166_trimmed_bismark_bt2.CpG",7576,6324,1252,7576
"15167","07_report/CpG_context_sampling_23566_167_trimmed_bismark_bt2.CpG",7487,6194,1293,7487
"15168","07_report/CpG_context_sampling_23566_168_trimmed_bismark_bt2.CpG",7604,6335,1269,7604
"15169","07_report/CpG_context_sampling_23566_169_trimmed_bismark_bt2.CpG",7489,6203,1286,7489
"15170","07_report/CpG_context_sampling_23566_170_trimmed_bismark_bt2.CpG",7641,6377,1264,7641
"15171","07_report/CpG_context_sampling_23566_171_trimmed_bismark_bt2.CpG",7582,6313,1269,7582
"15172","07_report/CpG_context_sampling_23566_172_trimmed_bismark_bt2.CpG",7671,6345,1326,7671
"15173","07_report/CpG_context_sampling_23566_173_trimmed_bismark_bt2.CpG",7572,6331,1241,7572
"15174","07_report/CpG_context_sampling_23566_174_trimmed_bismark_bt2.CpG",7775,6425,1350,7775
"15175","07_report/CpG_context_sampling_23566_175_trimmed_bismark_bt2.CpG",7724,6412,1312,7724
"15176","07_report/CpG_context_sampling_23566_176_trimmed_bismark_bt2.CpG",7604,6344,1260,7604
"15177","07_report/CpG_context_sampling_23566_177_trimmed_bismark_bt2.CpG",7548,6305,1243,7548
"15178","07_report/CpG_context_sampling_23566_178_trimmed_bismark_bt2.CpG",7597,6347,1250,7597
"15179","07_report/CpG_context_sampling_23566_179_trimmed_bismark_bt2.CpG",7565,6258,1307,7565
"15180","07_report/CpG_context_sampling_23566_180_trimmed_bismark_bt2.CpG",7584,6294,1290,7584
"15181","07_report/CpG_context_sampling_23566_181_trimmed_bismark_bt2.CpG",7593,6306,1287,7593
"15182","07_report/CpG_context_sampling_23566_182_trimmed_bismark_bt2.CpG",7593,6370,1223,7593
"15183","07_report/CpG_context_sampling_23566_183_trimmed_bismark_bt2.CpG",7809,6560,1249,7809
"15184","07_report/CpG_context_sampling_23566_184_trimmed_bismark_bt2.CpG",7685,6405,1280,7685
"15185","07_report/CpG_context_sampling_23566_185_trimmed_bismark_bt2.CpG",7689,6399,1290,7689
"15186","07_report/CpG_context_sampling_23566_186_trimmed_bismark_bt2.CpG",7612,6281,1331,7612
"15187","07_report/CpG_context_sampling_23566_187_trimmed_bismark_bt2.CpG",7566,6323,1243,7566
"15188","07_report/CpG_context_sampling_23566_188_trimmed_bismark_bt2.CpG",7635,6349,1286,7635
"15189","07_report/CpG_context_sampling_23566_189_trimmed_bismark_bt2.CpG",7619,6291,1328,7619
"15190","07_report/CpG_context_sampling_23566_190_trimmed_bismark_bt2.CpG",7589,6313,1276,7589
"15191","07_report/CpG_context_sampling_23566_191_trimmed_bismark_bt2.CpG",7542,6339,1203,7542
"15192","07_report/CpG_context_sampling_23566_192_trimmed_bismark_bt2.CpG",7589,6282,1307,7589
"15193","07_report/CpG_context_sampling_23566_193_trimmed_bismark_bt2.CpG",7686,6369,1317,7686
"15194","07_report/CpG_context_sampling_23566_194_trimmed_bismark_bt2.CpG",7624,6359,1265,7624
"15195","07_report/CpG_context_sampling_23566_195_trimmed_bismark_bt2.CpG",7652,6325,1327,7652
"15196","07_report/CpG_context_sampling_23566_196_trimmed_bismark_bt2.CpG",7566,6314,1252,7566
"15197","07_report/CpG_context_sampling_23566_197_trimmed_bismark_bt2.CpG",7713,6419,1294,7713
"15198","07_report/CpG_context_sampling_23566_198_trimmed_bismark_bt2.CpG",7427,6144,1283,7427
"15199","07_report/CpG_context_sampling_23566_199_trimmed_bismark_bt2.CpG",7668,6418,1250,7668
"15200","07_report/CpG_context_sampling_23566_200_trimmed_bismark_bt2.CpG",7630,6335,1295,7630
"15201","07_report/CpG_context_sampling_23566_201_trimmed_bismark_bt2.CpG",7621,6352,1269,7621
"15202","07_report/CpG_context_sampling_23566_202_trimmed_bismark_bt2.CpG",7626,6409,1217,7626
"15203","07_report/CpG_context_sampling_23566_203_trimmed_bismark_bt2.CpG",7575,6268,1307,7575
"15204","07_report/CpG_context_sampling_23566_204_trimmed_bismark_bt2.CpG",7618,6344,1274,7618
"15205","07_report/CpG_context_sampling_23566_205_trimmed_bismark_bt2.CpG",7595,6267,1328,7595
"15206","07_report/CpG_context_sampling_23566_206_trimmed_bismark_bt2.CpG",7607,6341,1266,7607
"15207","07_report/CpG_context_sampling_23566_207_trimmed_bismark_bt2.CpG",7550,6241,1309,7550
"15208","07_report/CpG_context_sampling_23566_208_trimmed_bismark_bt2.CpG",7660,6325,1335,7660
"15209","07_report/CpG_context_sampling_23566_209_trimmed_bismark_bt2.CpG",7751,6397,1354,7751
"15210","07_report/CpG_context_sampling_23566_210_trimmed_bismark_bt2.CpG",7513,6234,1279,7513
"15211","07_report/CpG_context_sampling_23566_211_trimmed_bismark_bt2.CpG",7632,6316,1316,7632
"15212","07_report/CpG_context_sampling_23566_212_trimmed_bismark_bt2.CpG",7544,6301,1243,7544
"15213","07_report/CpG_context_sampling_23566_213_trimmed_bismark_bt2.CpG",7549,6281,1268,7549
"15214","07_report/CpG_context_sampling_23566_214_trimmed_bismark_bt2.CpG",7576,6300,1276,7576
"15215","07_report/CpG_context_sampling_23566_215_trimmed_bismark_bt2.CpG",7693,6433,1260,7693
"15216","07_report/CpG_context_sampling_23566_216_trimmed_bismark_bt2.CpG",7613,6345,1268,7613
"15217","07_report/CpG_context_sampling_23566_217_trimmed_bismark_bt2.CpG",7649,6384,1265,7649
"15218","07_report/CpG_context_sampling_23566_218_trimmed_bismark_bt2.CpG",7644,6378,1266,7644
"15219","07_report/CpG_context_sampling_23566_219_trimmed_bismark_bt2.CpG",7726,6435,1291,7726
"15220","07_report/CpG_context_sampling_23566_220_trimmed_bismark_bt2.CpG",7552,6251,1301,7552
"15221","07_report/CpG_context_sampling_23566_221_trimmed_bismark_bt2.CpG",7608,6297,1311,7608
"15222","07_report/CpG_context_sampling_23566_222_trimmed_bismark_bt2.CpG",7626,6347,1279,7626
"15223","07_report/CpG_context_sampling_23566_223_trimmed_bismark_bt2.CpG",7576,6289,1287,7576
"15224","07_report/CpG_context_sampling_23566_224_trimmed_bismark_bt2.CpG",7442,6152,1290,7442
"15225","07_report/CpG_context_sampling_23566_225_trimmed_bismark_bt2.CpG",7536,6305,1231,7536
"15226","07_report/CpG_context_sampling_23566_226_trimmed_bismark_bt2.CpG",7767,6462,1305,7767
"15227","07_report/CpG_context_sampling_23566_227_trimmed_bismark_bt2.CpG",7665,6390,1275,7665
"15228","07_report/CpG_context_sampling_23566_228_trimmed_bismark_bt2.CpG",7585,6307,1278,7585
"15229","07_report/CpG_context_sampling_23566_229_trimmed_bismark_bt2.CpG",7626,6285,1341,7626
"15230","07_report/CpG_context_sampling_23566_230_trimmed_bismark_bt2.CpG",7722,6374,1348,7722
"15231","07_report/CpG_context_sampling_23566_231_trimmed_bismark_bt2.CpG",7654,6336,1318,7654
"15232","07_report/CpG_context_sampling_23566_232_trimmed_bismark_bt2.CpG",7451,6148,1303,7451
"15233","07_report/CpG_context_sampling_23566_233_trimmed_bismark_bt2.CpG",7566,6256,1310,7566
"15234","07_report/CpG_context_sampling_23566_234_trimmed_bismark_bt2.CpG",7618,6316,1302,7618
"15235","07_report/CpG_context_sampling_23566_235_trimmed_bismark_bt2.CpG",7770,6431,1339,7770
"15236","07_report/CpG_context_sampling_23566_236_trimmed_bismark_bt2.CpG",7519,6242,1277,7519
"15237","07_report/CpG_context_sampling_23566_237_trimmed_bismark_bt2.CpG",7710,6380,1330,7710
"15238","07_report/CpG_context_sampling_23566_238_trimmed_bismark_bt2.CpG",7480,6251,1229,7480
"15239","07_report/CpG_context_sampling_23566_239_trimmed_bismark_bt2.CpG",7597,6326,1271,7597
"15240","07_report/CpG_context_sampling_23566_240_trimmed_bismark_bt2.CpG",7605,6318,1287,7605
"15241","07_report/CpG_context_sampling_23566_241_trimmed_bismark_bt2.CpG",7634,6401,1233,7634
"15242","07_report/CpG_context_sampling_23566_242_trimmed_bismark_bt2.CpG",7626,6326,1300,7626
"15243","07_report/CpG_context_sampling_23566_243_trimmed_bismark_bt2.CpG",7533,6219,1314,7533
"15244","07_report/CpG_context_sampling_23566_244_trimmed_bismark_bt2.CpG",7580,6295,1285,7580
"15245","07_report/CpG_context_sampling_23566_245_trimmed_bismark_bt2.CpG",7654,6385,1269,7654
"15246","07_report/CpG_context_sampling_23566_246_trimmed_bismark_bt2.CpG",7570,6295,1275,7570
"15247","07_report/CpG_context_sampling_23566_247_trimmed_bismark_bt2.CpG",7496,6201,1295,7496
"15248","07_report/CpG_context_sampling_23566_248_trimmed_bismark_bt2.CpG",7595,6315,1280,7595
"15249","07_report/CpG_context_sampling_23566_249_trimmed_bismark_bt2.CpG",7671,6372,1299,7671
"15250","07_report/CpG_context_sampling_23566_250_trimmed_bismark_bt2.CpG",7478,6144,1334,7478
"15251","07_report/CpG_context_sampling_23566_251_trimmed_bismark_bt2.CpG",7619,6311,1308,7619
"15252","07_report/CpG_context_sampling_23566_252_trimmed_bismark_bt2.CpG",7652,6371,1281,7652
"15253","07_report/CpG_context_sampling_23566_253_trimmed_bismark_bt2.CpG",7577,6305,1272,7577
"15254","07_report/CpG_context_sampling_23566_254_trimmed_bismark_bt2.CpG",7550,6338,1212,7550
"15255","07_report/CpG_context_sampling_23566_255_trimmed_bismark_bt2.CpG",7727,6452,1275,7727
"15256","07_report/CpG_context_sampling_23566_256_trimmed_bismark_bt2.CpG",7592,6291,1301,7592
"15257","07_report/CpG_context_sampling_23566_257_trimmed_bismark_bt2.CpG",7674,6324,1350,7674
"15258","07_report/CpG_context_sampling_23566_258_trimmed_bismark_bt2.CpG",7689,6399,1290,7689
"15259","07_report/CpG_context_sampling_23566_259_trimmed_bismark_bt2.CpG",7768,6441,1327,7768
"15260","07_report/CpG_context_sampling_23566_260_trimmed_bismark_bt2.CpG",7698,6422,1276,7698
"15261","07_report/CpG_context_sampling_23566_261_trimmed_bismark_bt2.CpG",7673,6427,1246,7673
"15262","07_report/CpG_context_sampling_23566_262_trimmed_bismark_bt2.CpG",7747,6444,1303,7747
"15263","07_report/CpG_context_sampling_23566_263_trimmed_bismark_bt2.CpG",7633,6318,1315,7633
"15264","07_report/CpG_context_sampling_23566_264_trimmed_bismark_bt2.CpG",7674,6352,1322,7674
"15265","07_report/CpG_context_sampling_23566_265_trimmed_bismark_bt2.CpG",7587,6278,1309,7587
"15266","07_report/CpG_context_sampling_23566_266_trimmed_bismark_bt2.CpG",7617,6283,1334,7617
"15267","07_report/CpG_context_sampling_23566_267_trimmed_bismark_bt2.CpG",7528,6205,1323,7528
"15268","07_report/CpG_context_sampling_23566_268_trimmed_bismark_bt2.CpG",7653,6325,1328,7653
"15269","07_report/CpG_context_sampling_23566_269_trimmed_bismark_bt2.CpG",7645,6346,1299,7645
"15270","07_report/CpG_context_sampling_23566_270_trimmed_bismark_bt2.CpG",7622,6336,1286,7622
"15271","07_report/CpG_context_sampling_23566_271_trimmed_bismark_bt2.CpG",7574,6294,1280,7574
"15272","07_report/CpG_context_sampling_23566_272_trimmed_bismark_bt2.CpG",7611,6328,1283,7611
"15273","07_report/CpG_context_sampling_23566_273_trimmed_bismark_bt2.CpG",7719,6427,1292,7719
"15274","07_report/CpG_context_sampling_23566_274_trimmed_bismark_bt2.CpG",7718,6433,1285,7718
"15275","07_report/CpG_context_sampling_23566_275_trimmed_bismark_bt2.CpG",7565,6286,1279,7565
"15276","07_report/CpG_context_sampling_23566_276_trimmed_bismark_bt2.CpG",7512,6276,1236,7512
"15277","07_report/CpG_context_sampling_23566_277_trimmed_bismark_bt2.CpG",7600,6361,1239,7600
"15278","07_report/CpG_context_sampling_23566_278_trimmed_bismark_bt2.CpG",7645,6335,1310,7645
"15279","07_report/CpG_context_sampling_23566_279_trimmed_bismark_bt2.CpG",7629,6306,1323,7629
"15280","07_report/CpG_context_sampling_23566_280_trimmed_bismark_bt2.CpG",7552,6292,1260,7552
"15281","07_report/CpG_context_sampling_23566_281_trimmed_bismark_bt2.CpG",7535,6269,1266,7535
"15282","07_report/CpG_context_sampling_23566_282_trimmed_bismark_bt2.CpG",7561,6292,1269,7561
"15283","07_report/CpG_context_sampling_23566_283_trimmed_bismark_bt2.CpG",7469,6251,1218,7469
"15284","07_report/CpG_context_sampling_23566_284_trimmed_bismark_bt2.CpG",7539,6255,1284,7539
"15285","07_report/CpG_context_sampling_23566_285_trimmed_bismark_bt2.CpG",7607,6283,1324,7607
"15286","07_report/CpG_context_sampling_23566_286_trimmed_bismark_bt2.CpG",7696,6337,1359,7696
"15287","07_report/CpG_context_sampling_23566_287_trimmed_bismark_bt2.CpG",7676,6403,1273,7676
"15288","07_report/CpG_context_sampling_23566_288_trimmed_bismark_bt2.CpG",7629,6319,1310,7629
"15289","07_report/CpG_context_sampling_23566_289_trimmed_bismark_bt2.CpG",7655,6355,1300,7655
"15290","07_report/CpG_context_sampling_23566_290_trimmed_bismark_bt2.CpG",7771,6456,1315,7771
"15291","07_report/CpG_context_sampling_23566_291_trimmed_bismark_bt2.CpG",7601,6267,1334,7601
"15292","07_report/CpG_context_sampling_23566_292_trimmed_bismark_bt2.CpG",7635,6292,1343,7635
"15293","07_report/CpG_context_sampling_23566_293_trimmed_bismark_bt2.CpG",7544,6245,1299,7544
"15294","07_report/CpG_context_sampling_23566_294_trimmed_bismark_bt2.CpG",7549,6263,1286,7549
"15295","07_report/CpG_context_sampling_23566_295_trimmed_bismark_bt2.CpG",7592,6322,1270,7592
"15296","07_report/CpG_context_sampling_23566_296_trimmed_bismark_bt2.CpG",7654,6376,1278,7654
"15297","07_report/CpG_context_sampling_23566_297_trimmed_bismark_bt2.CpG",7565,6253,1312,7565
"15298","07_report/CpG_context_sampling_23566_298_trimmed_bismark_bt2.CpG",7693,6415,1278,7693
"15299","07_report/CpG_context_sampling_23566_299_trimmed_bismark_bt2.CpG",7705,6423,1282,7705
"15300","07_report/CpG_context_sampling_23566_300_trimmed_bismark_bt2.CpG",7626,6296,1330,7626
"15301","07_report/CpG_context_sampling_23566_301_trimmed_bismark_bt2.CpG",7690,6353,1337,7690
"15302","07_report/CpG_context_sampling_23566_302_trimmed_bismark_bt2.CpG",7676,6354,1322,7676
"15303","07_report/CpG_context_sampling_23566_303_trimmed_bismark_bt2.CpG",7566,6322,1244,7566
"15304","07_report/CpG_context_sampling_23566_304_trimmed_bismark_bt2.CpG",7657,6411,1246,7657
"15305","07_report/CpG_context_sampling_23566_305_trimmed_bismark_bt2.CpG",7653,6338,1315,7653
"15306","07_report/CpG_context_sampling_23566_306_trimmed_bismark_bt2.CpG",7526,6258,1268,7526
"15307","07_report/CpG_context_sampling_23566_307_trimmed_bismark_bt2.CpG",7597,6315,1282,7597
"15308","07_report/CpG_context_sampling_23566_308_trimmed_bismark_bt2.CpG",7644,6334,1310,7644
"15309","07_report/CpG_context_sampling_23566_309_trimmed_bismark_bt2.CpG",7547,6308,1239,7547
"15310","07_report/CpG_context_sampling_23566_310_trimmed_bismark_bt2.CpG",7653,6326,1327,7653
"15311","07_report/CpG_context_sampling_23566_311_trimmed_bismark_bt2.CpG",7634,6327,1307,7634
"15312","07_report/CpG_context_sampling_23566_312_trimmed_bismark_bt2.CpG",7551,6261,1290,7551
"15313","07_report/CpG_context_sampling_23566_313_trimmed_bismark_bt2.CpG",7657,6407,1250,7657
"15314","07_report/CpG_context_sampling_23566_314_trimmed_bismark_bt2.CpG",7643,6375,1268,7643
"15315","07_report/CpG_context_sampling_23566_315_trimmed_bismark_bt2.CpG",7774,6459,1315,7774
"15316","07_report/CpG_context_sampling_23566_316_trimmed_bismark_bt2.CpG",7559,6292,1267,7559
"15317","07_report/CpG_context_sampling_23566_317_trimmed_bismark_bt2.CpG",7473,6204,1269,7473
"15318","07_report/CpG_context_sampling_23566_318_trimmed_bismark_bt2.CpG",7595,6296,1299,7595
"15319","07_report/CpG_context_sampling_23566_319_trimmed_bismark_bt2.CpG",7597,6323,1274,7597
"15320","07_report/CpG_context_sampling_23566_320_trimmed_bismark_bt2.CpG",7651,6379,1272,7651
"15321","07_report/CpG_context_sampling_23566_321_trimmed_bismark_bt2.CpG",7713,6451,1262,7713
"15322","07_report/CpG_context_sampling_23566_322_trimmed_bismark_bt2.CpG",7670,6377,1293,7670
"15323","07_report/CpG_context_sampling_23566_323_trimmed_bismark_bt2.CpG",7497,6256,1241,7497
"15324","07_report/CpG_context_sampling_23566_324_trimmed_bismark_bt2.CpG",7660,6310,1350,7660
"15325","07_report/CpG_context_sampling_23566_325_trimmed_bismark_bt2.CpG",7767,6512,1255,7767
"15326","07_report/CpG_context_sampling_23566_326_trimmed_bismark_bt2.CpG",7522,6274,1248,7522
"15327","07_report/CpG_context_sampling_23566_327_trimmed_bismark_bt2.CpG",7620,6344,1276,7620
"15328","07_report/CpG_context_sampling_23566_328_trimmed_bismark_bt2.CpG",7646,6321,1325,7646
"15329","07_report/CpG_context_sampling_23566_329_trimmed_bismark_bt2.CpG",7647,6305,1342,7647
"15330","07_report/CpG_context_sampling_23566_330_trimmed_bismark_bt2.CpG",7736,6445,1291,7736
"15331","07_report/CpG_context_sampling_23566_331_trimmed_bismark_bt2.CpG",7650,6381,1269,7650
"15332","07_report/CpG_context_sampling_23566_332_trimmed_bismark_bt2.CpG",7576,6268,1308,7576
"15333","07_report/CpG_context_sampling_23566_333_trimmed_bismark_bt2.CpG",7629,6347,1282,7629
"15334","07_report/CpG_context_sampling_23566_334_trimmed_bismark_bt2.CpG",7717,6409,1308,7717
"15335","07_report/CpG_context_sampling_23566_335_trimmed_bismark_bt2.CpG",7779,6496,1283,7779
"15336","07_report/CpG_context_sampling_23566_336_trimmed_bismark_bt2.CpG",7632,6331,1301,7632
"15337","07_report/CpG_context_sampling_23566_337_trimmed_bismark_bt2.CpG",7654,6434,1220,7654
"15338","07_report/CpG_context_sampling_23566_338_trimmed_bismark_bt2.CpG",7680,6426,1254,7680
"15339","07_report/CpG_context_sampling_23566_339_trimmed_bismark_bt2.CpG",7525,6256,1269,7525
"15340","07_report/CpG_context_sampling_23566_340_trimmed_bismark_bt2.CpG",7663,6366,1297,7663
"15341","07_report/CpG_context_sampling_23566_341_trimmed_bismark_bt2.CpG",7586,6323,1263,7586
"15342","07_report/CpG_context_sampling_23566_342_trimmed_bismark_bt2.CpG",7613,6301,1312,7613
"15343","07_report/CpG_context_sampling_23566_343_trimmed_bismark_bt2.CpG",7491,6213,1278,7491
"15344","07_report/CpG_context_sampling_23566_344_trimmed_bismark_bt2.CpG",7692,6440,1252,7692
"15345","07_report/CpG_context_sampling_23566_345_trimmed_bismark_bt2.CpG",7576,6357,1219,7576
"15346","07_report/CpG_context_sampling_23566_346_trimmed_bismark_bt2.CpG",7671,6328,1343,7671
"15347","07_report/CpG_context_sampling_23566_347_trimmed_bismark_bt2.CpG",7637,6325,1312,7637
"15348","07_report/CpG_context_sampling_23566_348_trimmed_bismark_bt2.CpG",7506,6247,1259,7506
"15349","07_report/CpG_context_sampling_23566_349_trimmed_bismark_bt2.CpG",7736,6459,1277,7736
"15350","07_report/CpG_context_sampling_23566_350_trimmed_bismark_bt2.CpG",7644,6409,1235,7644
"15351","07_report/CpG_context_sampling_23566_351_trimmed_bismark_bt2.CpG",7717,6396,1321,7717
"15352","07_report/CpG_context_sampling_23566_352_trimmed_bismark_bt2.CpG",7548,6278,1270,7548
"15353","07_report/CpG_context_sampling_23566_353_trimmed_bismark_bt2.CpG",7643,6348,1295,7643
"15354","07_report/CpG_context_sampling_23566_354_trimmed_bismark_bt2.CpG",7581,6294,1287,7581
"15355","07_report/CpG_context_sampling_23566_355_trimmed_bismark_bt2.CpG",7605,6296,1309,7605
"15356","07_report/CpG_context_sampling_23566_356_trimmed_bismark_bt2.CpG",7584,6371,1213,7584
"15357","07_report/CpG_context_sampling_23566_357_trimmed_bismark_bt2.CpG",7636,6332,1304,7636
"15358","07_report/CpG_context_sampling_23566_358_trimmed_bismark_bt2.CpG",7589,6331,1258,7589
"15359","07_report/CpG_context_sampling_23566_359_trimmed_bismark_bt2.CpG",7642,6380,1262,7642
"15360","07_report/CpG_context_sampling_23566_360_trimmed_bismark_bt2.CpG",7639,6359,1280,7639
"15361","07_report/CpG_context_sampling_23566_361_trimmed_bismark_bt2.CpG",7605,6278,1327,7605
"15362","07_report/CpG_context_sampling_23566_362_trimmed_bismark_bt2.CpG",7474,6155,1319,7474
"15363","07_report/CpG_context_sampling_23566_363_trimmed_bismark_bt2.CpG",7582,6318,1264,7582
"15364","07_report/CpG_context_sampling_23566_364_trimmed_bismark_bt2.CpG",7509,6234,1275,7509
"15365","07_report/CpG_context_sampling_23566_365_trimmed_bismark_bt2.CpG",7514,6295,1219,7514
"15366","07_report/CpG_context_sampling_23566_366_trimmed_bismark_bt2.CpG",7552,6244,1308,7552
"15367","07_report/CpG_context_sampling_23566_367_trimmed_bismark_bt2.CpG",7633,6375,1258,7633
"15368","07_report/CpG_context_sampling_23566_368_trimmed_bismark_bt2.CpG",7685,6369,1316,7685
"15369","07_report/CpG_context_sampling_23566_369_trimmed_bismark_bt2.CpG",7616,6336,1280,7616
"15370","07_report/CpG_context_sampling_23566_370_trimmed_bismark_bt2.CpG",7492,6233,1259,7492
"15371","07_report/CpG_context_sampling_23566_371_trimmed_bismark_bt2.CpG",7567,6306,1261,7567
"15372","07_report/CpG_context_sampling_23566_372_trimmed_bismark_bt2.CpG",7629,6370,1259,7629
"15373","07_report/CpG_context_sampling_23566_373_trimmed_bismark_bt2.CpG",7592,6377,1215,7592
"15374","07_report/CpG_context_sampling_23566_374_trimmed_bismark_bt2.CpG",7735,6447,1288,7735
"15375","07_report/CpG_context_sampling_23566_375_trimmed_bismark_bt2.CpG",7531,6253,1278,7531
"15376","07_report/CpG_context_sampling_23566_376_trimmed_bismark_bt2.CpG",7679,6334,1345,7679
"15377","07_report/CpG_context_sampling_23566_377_trimmed_bismark_bt2.CpG",7530,6217,1313,7530
"15378","07_report/CpG_context_sampling_23566_378_trimmed_bismark_bt2.CpG",7699,6441,1258,7699
"15379","07_report/CpG_context_sampling_23566_379_trimmed_bismark_bt2.CpG",7510,6233,1277,7510
"15380","07_report/CpG_context_sampling_23566_380_trimmed_bismark_bt2.CpG",7551,6268,1283,7551
"15381","07_report/CpG_context_sampling_23566_381_trimmed_bismark_bt2.CpG",7622,6394,1228,7622
"15382","07_report/CpG_context_sampling_23566_382_trimmed_bismark_bt2.CpG",7584,6284,1300,7584
"15383","07_report/CpG_context_sampling_23566_383_trimmed_bismark_bt2.CpG",7605,6347,1258,7605
"15384","07_report/CpG_context_sampling_23566_384_trimmed_bismark_bt2.CpG",7630,6416,1214,7630
"15385","07_report/CpG_context_sampling_23566_385_trimmed_bismark_bt2.CpG",7699,6386,1313,7699
"15386","07_report/CpG_context_sampling_23566_386_trimmed_bismark_bt2.CpG",7614,6319,1295,7614
"15387","07_report/CpG_context_sampling_23566_387_trimmed_bismark_bt2.CpG",7570,6342,1228,7570
"15388","07_report/CpG_context_sampling_23566_388_trimmed_bismark_bt2.CpG",7645,6369,1276,7645
"15389","07_report/CpG_context_sampling_23566_389_trimmed_bismark_bt2.CpG",7501,6200,1301,7501
"15390","07_report/CpG_context_sampling_23566_390_trimmed_bismark_bt2.CpG",7593,6332,1261,7593
"15391","07_report/CpG_context_sampling_23566_391_trimmed_bismark_bt2.CpG",7710,6425,1285,7710
"15392","07_report/CpG_context_sampling_23566_392_trimmed_bismark_bt2.CpG",7620,6294,1326,7620
"15393","07_report/CpG_context_sampling_23566_393_trimmed_bismark_bt2.CpG",7584,6307,1277,7584
"15394","07_report/CpG_context_sampling_23566_394_trimmed_bismark_bt2.CpG",7625,6324,1301,7625
"15395","07_report/CpG_context_sampling_23566_395_trimmed_bismark_bt2.CpG",7604,6353,1251,7604
"15396","07_report/CpG_context_sampling_23566_396_trimmed_bismark_bt2.CpG",7568,6289,1279,7568
"15397","07_report/CpG_context_sampling_23566_397_trimmed_bismark_bt2.CpG",7581,6270,1311,7581
"15398","07_report/CpG_context_sampling_23566_398_trimmed_bismark_bt2.CpG",7613,6345,1268,7613
"15399","07_report/CpG_context_sampling_23566_399_trimmed_bismark_bt2.CpG",7485,6187,1298,7485
"15400","07_report/CpG_context_sampling_23566_400_trimmed_bismark_bt2.CpG",7593,6375,1218,7593
"15401","07_report/CpG_context_sampling_23566_401_trimmed_bismark_bt2.CpG",7572,6295,1277,7572
"15402","07_report/CpG_context_sampling_23566_402_trimmed_bismark_bt2.CpG",7625,6292,1333,7625
"15403","07_report/CpG_context_sampling_23566_403_trimmed_bismark_bt2.CpG",7706,6381,1325,7706
"15404","07_report/CpG_context_sampling_23566_404_trimmed_bismark_bt2.CpG",7479,6263,1216,7479
"15405","07_report/CpG_context_sampling_23566_405_trimmed_bismark_bt2.CpG",7629,6340,1289,7629
"15406","07_report/CpG_context_sampling_23566_406_trimmed_bismark_bt2.CpG",7570,6314,1256,7570
"15407","07_report/CpG_context_sampling_23566_407_trimmed_bismark_bt2.CpG",7789,6526,1263,7789
"15408","07_report/CpG_context_sampling_23566_408_trimmed_bismark_bt2.CpG",7634,6308,1326,7634
"15409","07_report/CpG_context_sampling_23566_409_trimmed_bismark_bt2.CpG",7638,6341,1297,7638
"15410","07_report/CpG_context_sampling_23566_410_trimmed_bismark_bt2.CpG",7607,6291,1316,7607
"15411","07_report/CpG_context_sampling_23566_411_trimmed_bismark_bt2.CpG",7594,6344,1250,7594
"15412","07_report/CpG_context_sampling_23566_412_trimmed_bismark_bt2.CpG",7586,6347,1239,7586
"15413","07_report/CpG_context_sampling_23566_413_trimmed_bismark_bt2.CpG",7574,6272,1302,7574
"15414","07_report/CpG_context_sampling_23566_414_trimmed_bismark_bt2.CpG",7765,6461,1304,7765
"15415","07_report/CpG_context_sampling_23566_415_trimmed_bismark_bt2.CpG",7679,6360,1319,7679
"15416","07_report/CpG_context_sampling_23566_416_trimmed_bismark_bt2.CpG",7667,6406,1261,7667
"15417","07_report/CpG_context_sampling_23566_417_trimmed_bismark_bt2.CpG",7668,6377,1291,7668
"15418","07_report/CpG_context_sampling_23566_418_trimmed_bismark_bt2.CpG",7600,6369,1231,7600
"15419","07_report/CpG_context_sampling_23566_419_trimmed_bismark_bt2.CpG",7550,6257,1293,7550
"15420","07_report/CpG_context_sampling_23566_420_trimmed_bismark_bt2.CpG",7584,6291,1293,7584
"15421","07_report/CpG_context_sampling_23566_421_trimmed_bismark_bt2.CpG",7613,6343,1270,7613
"15422","07_report/CpG_context_sampling_23566_422_trimmed_bismark_bt2.CpG",7565,6329,1236,7565
"15423","07_report/CpG_context_sampling_23566_423_trimmed_bismark_bt2.CpG",7703,6395,1308,7703
"15424","07_report/CpG_context_sampling_23566_424_trimmed_bismark_bt2.CpG",7588,6307,1281,7588
"15425","07_report/CpG_context_sampling_23566_425_trimmed_bismark_bt2.CpG",7686,6423,1263,7686
"15426","07_report/CpG_context_sampling_23566_426_trimmed_bismark_bt2.CpG",7540,6307,1233,7540
"15427","07_report/CpG_context_sampling_23566_427_trimmed_bismark_bt2.CpG",7612,6301,1311,7612
"15428","07_report/CpG_context_sampling_23566_428_trimmed_bismark_bt2.CpG",7625,6339,1286,7625
"15429","07_report/CpG_context_sampling_23566_429_trimmed_bismark_bt2.CpG",7663,6370,1293,7663
"15430","07_report/CpG_context_sampling_23566_430_trimmed_bismark_bt2.CpG",7588,6265,1323,7588
"15431","07_report/CpG_context_sampling_23566_431_trimmed_bismark_bt2.CpG",7461,6199,1262,7461
"15432","07_report/CpG_context_sampling_23566_432_trimmed_bismark_bt2.CpG",7657,6352,1305,7657
"15433","07_report/CpG_context_sampling_23566_433_trimmed_bismark_bt2.CpG",7588,6278,1310,7588
"15434","07_report/CpG_context_sampling_23566_434_trimmed_bismark_bt2.CpG",7656,6391,1265,7656
"15435","07_report/CpG_context_sampling_23566_435_trimmed_bismark_bt2.CpG",7601,6348,1253,7601
"15436","07_report/CpG_context_sampling_23566_436_trimmed_bismark_bt2.CpG",7692,6347,1345,7692
"15437","07_report/CpG_context_sampling_23566_437_trimmed_bismark_bt2.CpG",7656,6383,1273,7656
"15438","07_report/CpG_context_sampling_23566_438_trimmed_bismark_bt2.CpG",7536,6267,1269,7536
"15439","07_report/CpG_context_sampling_23566_439_trimmed_bismark_bt2.CpG",7706,6403,1303,7706
"15440","07_report/CpG_context_sampling_23566_440_trimmed_bismark_bt2.CpG",7710,6453,1257,7710
"15441","07_report/CpG_context_sampling_23566_441_trimmed_bismark_bt2.CpG",7556,6316,1240,7556
"15442","07_report/CpG_context_sampling_23566_442_trimmed_bismark_bt2.CpG",7584,6309,1275,7584
"15443","07_report/CpG_context_sampling_23566_443_trimmed_bismark_bt2.CpG",7716,6444,1272,7716
"15444","07_report/CpG_context_sampling_23566_444_trimmed_bismark_bt2.CpG",7653,6363,1290,7653
"15445","07_report/CpG_context_sampling_23566_445_trimmed_bismark_bt2.CpG",7577,6287,1290,7577
"15446","07_report/CpG_context_sampling_23566_446_trimmed_bismark_bt2.CpG",7584,6352,1232,7584
"15447","07_report/CpG_context_sampling_23566_447_trimmed_bismark_bt2.CpG",7506,6237,1269,7506
"15448","07_report/CpG_context_sampling_23566_448_trimmed_bismark_bt2.CpG",7601,6318,1283,7601
"15449","07_report/CpG_context_sampling_23566_449_trimmed_bismark_bt2.CpG",7538,6253,1285,7538
"15450","07_report/CpG_context_sampling_23566_450_trimmed_bismark_bt2.CpG",7619,6335,1284,7619
"15451","07_report/CpG_context_sampling_23566_451_trimmed_bismark_bt2.CpG",7546,6322,1224,7546
"15452","07_report/CpG_context_sampling_23566_452_trimmed_bismark_bt2.CpG",7556,6277,1279,7556
"15453","07_report/CpG_context_sampling_23566_453_trimmed_bismark_bt2.CpG",7476,6234,1242,7476
"15454","07_report/CpG_context_sampling_23566_454_trimmed_bismark_bt2.CpG",7659,6377,1282,7659
"15455","07_report/CpG_context_sampling_23566_455_trimmed_bismark_bt2.CpG",7510,6246,1264,7510
"15456","07_report/CpG_context_sampling_23566_456_trimmed_bismark_bt2.CpG",7489,6218,1271,7489
"15457","07_report/CpG_context_sampling_23566_457_trimmed_bismark_bt2.CpG",7534,6348,1186,7534
"15458","07_report/CpG_context_sampling_23566_458_trimmed_bismark_bt2.CpG",7599,6314,1285,7599
"15459","07_report/CpG_context_sampling_23566_459_trimmed_bismark_bt2.CpG",7603,6332,1271,7603
"15460","07_report/CpG_context_sampling_23566_460_trimmed_bismark_bt2.CpG",7564,6268,1296,7564
"15461","07_report/CpG_context_sampling_23566_461_trimmed_bismark_bt2.CpG",7563,6215,1348,7563
"15462","07_report/CpG_context_sampling_23566_462_trimmed_bismark_bt2.CpG",7620,6328,1292,7620
"15463","07_report/CpG_context_sampling_23566_463_trimmed_bismark_bt2.CpG",7544,6255,1289,7544
"15464","07_report/CpG_context_sampling_23566_464_trimmed_bismark_bt2.CpG",7633,6381,1252,7633
"15465","07_report/CpG_context_sampling_23566_465_trimmed_bismark_bt2.CpG",7541,6269,1272,7541
"15466","07_report/CpG_context_sampling_23566_466_trimmed_bismark_bt2.CpG",7672,6347,1325,7672
"15467","07_report/CpG_context_sampling_23566_467_trimmed_bismark_bt2.CpG",7597,6319,1278,7597
"15468","07_report/CpG_context_sampling_23566_468_trimmed_bismark_bt2.CpG",7721,6432,1289,7721
"15469","07_report/CpG_context_sampling_23566_469_trimmed_bismark_bt2.CpG",7515,6263,1252,7515
"15470","07_report/CpG_context_sampling_23566_470_trimmed_bismark_bt2.CpG",7731,6447,1284,7731
"15471","07_report/CpG_context_sampling_23566_471_trimmed_bismark_bt2.CpG",7590,6344,1246,7590
"15472","07_report/CpG_context_sampling_23566_472_trimmed_bismark_bt2.CpG",7506,6237,1269,7506
"15473","07_report/CpG_context_sampling_23566_473_trimmed_bismark_bt2.CpG",7667,6357,1310,7667
"15474","07_report/CpG_context_sampling_23566_474_trimmed_bismark_bt2.CpG",7592,6276,1316,7592
"15475","07_report/CpG_context_sampling_23566_475_trimmed_bismark_bt2.CpG",7797,6532,1265,7797
"15476","07_report/CpG_context_sampling_23566_476_trimmed_bismark_bt2.CpG",7516,6230,1286,7516
"15477","07_report/CpG_context_sampling_23566_477_trimmed_bismark_bt2.CpG",7627,6388,1239,7627
"15478","07_report/CpG_context_sampling_23566_478_trimmed_bismark_bt2.CpG",7536,6283,1253,7536
"15479","07_report/CpG_context_sampling_23566_479_trimmed_bismark_bt2.CpG",7572,6299,1273,7572
"15480","07_report/CpG_context_sampling_23566_480_trimmed_bismark_bt2.CpG",7526,6212,1314,7526
"15481","07_report/CpG_context_sampling_23566_481_trimmed_bismark_bt2.CpG",7612,6316,1296,7612
"15482","07_report/CpG_context_sampling_23566_482_trimmed_bismark_bt2.CpG",7528,6231,1297,7528
"15483","07_report/CpG_context_sampling_23566_483_trimmed_bismark_bt2.CpG",7667,6377,1290,7667
"15484","07_report/CpG_context_sampling_23566_484_trimmed_bismark_bt2.CpG",7673,6399,1274,7673
"15485","07_report/CpG_context_sampling_23566_485_trimmed_bismark_bt2.CpG",7576,6358,1218,7576
"15486","07_report/CpG_context_sampling_23566_486_trimmed_bismark_bt2.CpG",7581,6231,1350,7581
"15487","07_report/CpG_context_sampling_23566_487_trimmed_bismark_bt2.CpG",7559,6292,1267,7559
"15488","07_report/CpG_context_sampling_23566_488_trimmed_bismark_bt2.CpG",7632,6323,1309,7632
"15489","07_report/CpG_context_sampling_23566_489_trimmed_bismark_bt2.CpG",7640,6369,1271,7640
"15490","07_report/CpG_context_sampling_23566_490_trimmed_bismark_bt2.CpG",7618,6276,1342,7618
"15491","07_report/CpG_context_sampling_23566_491_trimmed_bismark_bt2.CpG",7682,6434,1248,7682
"15492","07_report/CpG_context_sampling_23566_492_trimmed_bismark_bt2.CpG",7711,6421,1290,7711
"15493","07_report/CpG_context_sampling_23566_493_trimmed_bismark_bt2.CpG",7564,6317,1247,7564
"15494","07_report/CpG_context_sampling_23566_494_trimmed_bismark_bt2.CpG",7582,6307,1275,7582
"15495","07_report/CpG_context_sampling_23566_495_trimmed_bismark_bt2.CpG",7649,6369,1280,7649
"15496","07_report/CpG_context_sampling_23566_496_trimmed_bismark_bt2.CpG",7791,6496,1295,7791
"15497","07_report/CpG_context_sampling_23566_497_trimmed_bismark_bt2.CpG",7634,6329,1305,7634
"15498","07_report/CpG_context_sampling_23566_498_trimmed_bismark_bt2.CpG",7495,6183,1312,7495
"15499","07_report/CpG_context_sampling_23566_499_trimmed_bismark_bt2.CpG",7633,6403,1230,7633
"15500","07_report/CpG_context_sampling_23566_500_trimmed_bismark_bt2.CpG",7611,6343,1268,7611
"15501","07_report/CpG_context_sampling_23566_501_trimmed_bismark_bt2.CpG",7553,6298,1255,7553
"15502","07_report/CpG_context_sampling_23566_502_trimmed_bismark_bt2.CpG",7563,6265,1298,7563
"15503","07_report/CpG_context_sampling_23566_503_trimmed_bismark_bt2.CpG",7663,6420,1243,7663
"15504","07_report/CpG_context_sampling_23566_504_trimmed_bismark_bt2.CpG",7621,6344,1277,7621
"15505","07_report/CpG_context_sampling_23566_505_trimmed_bismark_bt2.CpG",7635,6323,1312,7635
"15506","07_report/CpG_context_sampling_23566_506_trimmed_bismark_bt2.CpG",7513,6230,1283,7513
"15507","07_report/CpG_context_sampling_23566_507_trimmed_bismark_bt2.CpG",7519,6219,1300,7519
"15508","07_report/CpG_context_sampling_23566_508_trimmed_bismark_bt2.CpG",7663,6376,1287,7663
"15509","07_report/CpG_context_sampling_23566_509_trimmed_bismark_bt2.CpG",7486,6221,1265,7486
"15510","07_report/CpG_context_sampling_23566_510_trimmed_bismark_bt2.CpG",7701,6439,1262,7701
"15511","07_report/CpG_context_sampling_23566_511_trimmed_bismark_bt2.CpG",7630,6368,1262,7630
"15512","07_report/CpG_context_sampling_23566_512_trimmed_bismark_bt2.CpG",7529,6245,1284,7529
"15513","07_report/CpG_context_sampling_23566_513_trimmed_bismark_bt2.CpG",7691,6416,1275,7691
"15514","07_report/CpG_context_sampling_23566_514_trimmed_bismark_bt2.CpG",7614,6320,1294,7614
"15515","07_report/CpG_context_sampling_23566_515_trimmed_bismark_bt2.CpG",7539,6275,1264,7539
"15516","07_report/CpG_context_sampling_23566_516_trimmed_bismark_bt2.CpG",7668,6413,1255,7668
"15517","07_report/CpG_context_sampling_23566_517_trimmed_bismark_bt2.CpG",7664,6383,1281,7664
"15518","07_report/CpG_context_sampling_23566_518_trimmed_bismark_bt2.CpG",7680,6370,1310,7680
"15519","07_report/CpG_context_sampling_23566_519_trimmed_bismark_bt2.CpG",7678,6386,1292,7678
"15520","07_report/CpG_context_sampling_23566_520_trimmed_bismark_bt2.CpG",7639,6315,1324,7639
"15521","07_report/CpG_context_sampling_23566_521_trimmed_bismark_bt2.CpG",7575,6300,1275,7575
"15522","07_report/CpG_context_sampling_23566_522_trimmed_bismark_bt2.CpG",7500,6265,1235,7500
"15523","07_report/CpG_context_sampling_23566_523_trimmed_bismark_bt2.CpG",7615,6297,1318,7615
"15524","07_report/CpG_context_sampling_23566_524_trimmed_bismark_bt2.CpG",7503,6267,1236,7503
"15525","07_report/CpG_context_sampling_23566_525_trimmed_bismark_bt2.CpG",7723,6397,1326,7723
"15526","07_report/CpG_context_sampling_23566_526_trimmed_bismark_bt2.CpG",7655,6401,1254,7655
"15527","07_report/CpG_context_sampling_23566_527_trimmed_bismark_bt2.CpG",7662,6348,1314,7662
"15528","07_report/CpG_context_sampling_23566_528_trimmed_bismark_bt2.CpG",7494,6175,1319,7494
"15529","07_report/CpG_context_sampling_23566_529_trimmed_bismark_bt2.CpG",7624,6356,1268,7624
"15530","07_report/CpG_context_sampling_23566_530_trimmed_bismark_bt2.CpG",7525,6277,1248,7525
"15531","07_report/CpG_context_sampling_23566_531_trimmed_bismark_bt2.CpG",7515,6257,1258,7515
"15532","07_report/CpG_context_sampling_23566_532_trimmed_bismark_bt2.CpG",7545,6255,1290,7545
"15533","07_report/CpG_context_sampling_23566_533_trimmed_bismark_bt2.CpG",7691,6333,1358,7691
"15534","07_report/CpG_context_sampling_23566_534_trimmed_bismark_bt2.CpG",7641,6336,1305,7641
"15535","07_report/CpG_context_sampling_23566_535_trimmed_bismark_bt2.CpG",7577,6275,1302,7577
"15536","07_report/CpG_context_sampling_23566_536_trimmed_bismark_bt2.CpG",7711,6391,1320,7711
"15537","07_report/CpG_context_sampling_23566_537_trimmed_bismark_bt2.CpG",7648,6361,1287,7648
"15538","07_report/CpG_context_sampling_23566_538_trimmed_bismark_bt2.CpG",7596,6314,1282,7596
"15539","07_report/CpG_context_sampling_23566_539_trimmed_bismark_bt2.CpG",7653,6363,1290,7653
"15540","07_report/CpG_context_sampling_23566_540_trimmed_bismark_bt2.CpG",7713,6425,1288,7713
"15541","07_report/CpG_context_sampling_23566_541_trimmed_bismark_bt2.CpG",7722,6440,1282,7722
"15542","07_report/CpG_context_sampling_23566_542_trimmed_bismark_bt2.CpG",7635,6372,1263,7635
"15543","07_report/CpG_context_sampling_23566_543_trimmed_bismark_bt2.CpG",7523,6315,1208,7523
"15544","07_report/CpG_context_sampling_23566_544_trimmed_bismark_bt2.CpG",7578,6283,1295,7578
"15545","07_report/CpG_context_sampling_23566_545_trimmed_bismark_bt2.CpG",7604,6355,1249,7604
"15546","07_report/CpG_context_sampling_23566_546_trimmed_bismark_bt2.CpG",7682,6395,1287,7682
"15547","07_report/CpG_context_sampling_23566_547_trimmed_bismark_bt2.CpG",7729,6365,1364,7729
"15548","07_report/CpG_context_sampling_23566_548_trimmed_bismark_bt2.CpG",7687,6368,1319,7687
"15549","07_report/CpG_context_sampling_23566_549_trimmed_bismark_bt2.CpG",7587,6327,1260,7587
"15550","07_report/CpG_context_sampling_23566_550_trimmed_bismark_bt2.CpG",7568,6273,1295,7568
"15551","07_report/CpG_context_sampling_23566_551_trimmed_bismark_bt2.CpG",7663,6419,1244,7663
"15552","07_report/CpG_context_sampling_23566_552_trimmed_bismark_bt2.CpG",7693,6413,1280,7693
"15553","07_report/CpG_context_sampling_23566_553_trimmed_bismark_bt2.CpG",7677,6411,1266,7677
"15554","07_report/CpG_context_sampling_23566_554_trimmed_bismark_bt2.CpG",7636,6398,1238,7636
"15555","07_report/CpG_context_sampling_23566_555_trimmed_bismark_bt2.CpG",7583,6301,1282,7583
"15556","07_report/CpG_context_sampling_23566_556_trimmed_bismark_bt2.CpG",7647,6307,1340,7647
"15557","07_report/CpG_context_sampling_23566_557_trimmed_bismark_bt2.CpG",7659,6337,1322,7659
"15558","07_report/CpG_context_sampling_23566_558_trimmed_bismark_bt2.CpG",7461,6222,1239,7461
"15559","07_report/CpG_context_sampling_23566_559_trimmed_bismark_bt2.CpG",7670,6368,1302,7670
"15560","07_report/CpG_context_sampling_23566_560_trimmed_bismark_bt2.CpG",7698,6455,1243,7698
"15561","07_report/CpG_context_sampling_23566_561_trimmed_bismark_bt2.CpG",7637,6255,1382,7637
"15562","07_report/CpG_context_sampling_23566_562_trimmed_bismark_bt2.CpG",7537,6264,1273,7537
"15563","07_report/CpG_context_sampling_23566_563_trimmed_bismark_bt2.CpG",7655,6359,1296,7655
"15564","07_report/CpG_context_sampling_23566_564_trimmed_bismark_bt2.CpG",7582,6242,1340,7582
"15565","07_report/CpG_context_sampling_23566_565_trimmed_bismark_bt2.CpG",7607,6266,1341,7607
"15566","07_report/CpG_context_sampling_23566_566_trimmed_bismark_bt2.CpG",7655,6356,1299,7655
"15567","07_report/CpG_context_sampling_23566_567_trimmed_bismark_bt2.CpG",7547,6295,1252,7547
"15568","07_report/CpG_context_sampling_23566_568_trimmed_bismark_bt2.CpG",7577,6335,1242,7577
"15569","07_report/CpG_context_sampling_23566_569_trimmed_bismark_bt2.CpG",7739,6388,1351,7739
"15570","07_report/CpG_context_sampling_23566_570_trimmed_bismark_bt2.CpG",7624,6309,1315,7624
"15571","07_report/CpG_context_sampling_23566_571_trimmed_bismark_bt2.CpG",7633,6330,1303,7633
"15572","07_report/CpG_context_sampling_23566_572_trimmed_bismark_bt2.CpG",7576,6293,1283,7576
"15573","07_report/CpG_context_sampling_23566_573_trimmed_bismark_bt2.CpG",7674,6419,1255,7674
"15574","07_report/CpG_context_sampling_23566_574_trimmed_bismark_bt2.CpG",7605,6247,1358,7605
"15575","07_report/CpG_context_sampling_23566_575_trimmed_bismark_bt2.CpG",7647,6444,1203,7647
"15576","07_report/CpG_context_sampling_23566_576_trimmed_bismark_bt2.CpG",7501,6221,1280,7501
"15577","07_report/CpG_context_sampling_23566_577_trimmed_bismark_bt2.CpG",7546,6271,1275,7546
"15578","07_report/CpG_context_sampling_23566_578_trimmed_bismark_bt2.CpG",7553,6236,1317,7553
"15579","07_report/CpG_context_sampling_23566_579_trimmed_bismark_bt2.CpG",7540,6212,1328,7540
"15580","07_report/CpG_context_sampling_23566_580_trimmed_bismark_bt2.CpG",7682,6413,1269,7682
"15581","07_report/CpG_context_sampling_23566_581_trimmed_bismark_bt2.CpG",7465,6206,1259,7465
"15582","07_report/CpG_context_sampling_23566_582_trimmed_bismark_bt2.CpG",7550,6277,1273,7550
"15583","07_report/CpG_context_sampling_23566_583_trimmed_bismark_bt2.CpG",7651,6375,1276,7651
"15584","07_report/CpG_context_sampling_23566_584_trimmed_bismark_bt2.CpG",7546,6323,1223,7546
"15585","07_report/CpG_context_sampling_23566_585_trimmed_bismark_bt2.CpG",7622,6339,1283,7622
"15586","07_report/CpG_context_sampling_23566_586_trimmed_bismark_bt2.CpG",7560,6383,1177,7560
"15587","07_report/CpG_context_sampling_23566_587_trimmed_bismark_bt2.CpG",7636,6340,1296,7636
"15588","07_report/CpG_context_sampling_23566_588_trimmed_bismark_bt2.CpG",7598,6289,1309,7598
"15589","07_report/CpG_context_sampling_23566_589_trimmed_bismark_bt2.CpG",7608,6296,1312,7608
"15590","07_report/CpG_context_sampling_23566_590_trimmed_bismark_bt2.CpG",7505,6241,1264,7505
"15591","07_report/CpG_context_sampling_23566_591_trimmed_bismark_bt2.CpG",7493,6208,1285,7493
"15592","07_report/CpG_context_sampling_23566_592_trimmed_bismark_bt2.CpG",7676,6329,1347,7676
"15593","07_report/CpG_context_sampling_23566_593_trimmed_bismark_bt2.CpG",7652,6361,1291,7652
"15594","07_report/CpG_context_sampling_23566_594_trimmed_bismark_bt2.CpG",7657,6402,1255,7657
"15595","07_report/CpG_context_sampling_23566_595_trimmed_bismark_bt2.CpG",7599,6318,1281,7599
"15596","07_report/CpG_context_sampling_23566_596_trimmed_bismark_bt2.CpG",7651,6398,1253,7651
"15597","07_report/CpG_context_sampling_23566_597_trimmed_bismark_bt2.CpG",7591,6291,1300,7591
"15598","07_report/CpG_context_sampling_23566_598_trimmed_bismark_bt2.CpG",7632,6336,1296,7632
"15599","07_report/CpG_context_sampling_23566_599_trimmed_bismark_bt2.CpG",7667,6386,1281,7667
"15600","07_report/CpG_context_sampling_23566_600_trimmed_bismark_bt2.CpG",7460,6189,1271,7460
"15601","07_report/CpG_context_sampling_23566_601_trimmed_bismark_bt2.CpG",7649,6404,1245,7649
"15602","07_report/CpG_context_sampling_23566_602_trimmed_bismark_bt2.CpG",7786,6476,1310,7786
"15603","07_report/CpG_context_sampling_23566_603_trimmed_bismark_bt2.CpG",7726,6453,1273,7726
"15604","07_report/CpG_context_sampling_23566_604_trimmed_bismark_bt2.CpG",7634,6284,1350,7634
"15605","07_report/CpG_context_sampling_23566_605_trimmed_bismark_bt2.CpG",7648,6328,1320,7648
"15606","07_report/CpG_context_sampling_23566_606_trimmed_bismark_bt2.CpG",7704,6462,1242,7704
"15607","07_report/CpG_context_sampling_23566_607_trimmed_bismark_bt2.CpG",7661,6320,1341,7661
"15608","07_report/CpG_context_sampling_23566_608_trimmed_bismark_bt2.CpG",7588,6273,1315,7588
"15609","07_report/CpG_context_sampling_23566_609_trimmed_bismark_bt2.CpG",7461,6214,1247,7461
"15610","07_report/CpG_context_sampling_23566_610_trimmed_bismark_bt2.CpG",7615,6313,1302,7615
"15611","07_report/CpG_context_sampling_23566_611_trimmed_bismark_bt2.CpG",7745,6445,1300,7745
"15612","07_report/CpG_context_sampling_23566_612_trimmed_bismark_bt2.CpG",7644,6370,1274,7644
"15613","07_report/CpG_context_sampling_23566_613_trimmed_bismark_bt2.CpG",7633,6355,1278,7633
"15614","07_report/CpG_context_sampling_23566_614_trimmed_bismark_bt2.CpG",7699,6336,1363,7699
"15615","07_report/CpG_context_sampling_23566_615_trimmed_bismark_bt2.CpG",7651,6333,1318,7651
"15616","07_report/CpG_context_sampling_23566_616_trimmed_bismark_bt2.CpG",7555,6282,1273,7555
"15617","07_report/CpG_context_sampling_23566_617_trimmed_bismark_bt2.CpG",7676,6389,1287,7676
"15618","07_report/CpG_context_sampling_23566_618_trimmed_bismark_bt2.CpG",7698,6367,1331,7698
"15619","07_report/CpG_context_sampling_23566_619_trimmed_bismark_bt2.CpG",7591,6332,1259,7591
"15620","07_report/CpG_context_sampling_23566_620_trimmed_bismark_bt2.CpG",7631,6345,1286,7631
"15621","07_report/CpG_context_sampling_23566_621_trimmed_bismark_bt2.CpG",7593,6291,1302,7593
"15622","07_report/CpG_context_sampling_23566_622_trimmed_bismark_bt2.CpG",7673,6392,1281,7673
"15623","07_report/CpG_context_sampling_23566_623_trimmed_bismark_bt2.CpG",7593,6301,1292,7593
"15624","07_report/CpG_context_sampling_23566_624_trimmed_bismark_bt2.CpG",7660,6373,1287,7660
"15625","07_report/CpG_context_sampling_23566_625_trimmed_bismark_bt2.CpG",7537,6327,1210,7537
"15626","07_report/CpG_context_sampling_23566_626_trimmed_bismark_bt2.CpG",7617,6308,1309,7617
"15627","07_report/CpG_context_sampling_23566_627_trimmed_bismark_bt2.CpG",7652,6347,1305,7652
"15628","07_report/CpG_context_sampling_23566_628_trimmed_bismark_bt2.CpG",7489,6216,1273,7489
"15629","07_report/CpG_context_sampling_23566_629_trimmed_bismark_bt2.CpG",7571,6242,1329,7571
"15630","07_report/CpG_context_sampling_23566_630_trimmed_bismark_bt2.CpG",7469,6168,1301,7469
"15631","07_report/CpG_context_sampling_23566_631_trimmed_bismark_bt2.CpG",7707,6351,1356,7707
"15632","07_report/CpG_context_sampling_23566_632_trimmed_bismark_bt2.CpG",7545,6217,1328,7545
"15633","07_report/CpG_context_sampling_23566_633_trimmed_bismark_bt2.CpG",7568,6322,1246,7568
"15634","07_report/CpG_context_sampling_23566_634_trimmed_bismark_bt2.CpG",7685,6400,1285,7685
"15635","07_report/CpG_context_sampling_23566_635_trimmed_bismark_bt2.CpG",7621,6346,1275,7621
"15636","07_report/CpG_context_sampling_23566_636_trimmed_bismark_bt2.CpG",7700,6405,1295,7700
"15637","07_report/CpG_context_sampling_23566_637_trimmed_bismark_bt2.CpG",7663,6357,1306,7663
"15638","07_report/CpG_context_sampling_23566_638_trimmed_bismark_bt2.CpG",7623,6317,1306,7623
"15639","07_report/CpG_context_sampling_23566_639_trimmed_bismark_bt2.CpG",7606,6371,1235,7606
"15640","07_report/CpG_context_sampling_23566_640_trimmed_bismark_bt2.CpG",7616,6331,1285,7616
"15641","07_report/CpG_context_sampling_23566_641_trimmed_bismark_bt2.CpG",7793,6497,1296,7793
"15642","07_report/CpG_context_sampling_23566_642_trimmed_bismark_bt2.CpG",7707,6381,1326,7707
"15643","07_report/CpG_context_sampling_23566_643_trimmed_bismark_bt2.CpG",7590,6301,1289,7590
"15644","07_report/CpG_context_sampling_23566_644_trimmed_bismark_bt2.CpG",7682,6389,1293,7682
"15645","07_report/CpG_context_sampling_23566_645_trimmed_bismark_bt2.CpG",7693,6440,1253,7693
"15646","07_report/CpG_context_sampling_23566_646_trimmed_bismark_bt2.CpG",7684,6385,1299,7684
"15647","07_report/CpG_context_sampling_23566_647_trimmed_bismark_bt2.CpG",7626,6321,1305,7626
"15648","07_report/CpG_context_sampling_23566_648_trimmed_bismark_bt2.CpG",7586,6264,1322,7586
"15649","07_report/CpG_context_sampling_23566_649_trimmed_bismark_bt2.CpG",7673,6384,1289,7673
"15650","07_report/CpG_context_sampling_23566_650_trimmed_bismark_bt2.CpG",7754,6422,1332,7754
"15651","07_report/CpG_context_sampling_23566_651_trimmed_bismark_bt2.CpG",7552,6279,1273,7552
"15652","07_report/CpG_context_sampling_23566_652_trimmed_bismark_bt2.CpG",7607,6336,1271,7607
"15653","07_report/CpG_context_sampling_23566_653_trimmed_bismark_bt2.CpG",7402,6204,1198,7402
"15654","07_report/CpG_context_sampling_23566_654_trimmed_bismark_bt2.CpG",7681,6437,1244,7681
"15655","07_report/CpG_context_sampling_23566_655_trimmed_bismark_bt2.CpG",7576,6311,1265,7576
"15656","07_report/CpG_context_sampling_23566_656_trimmed_bismark_bt2.CpG",7496,6220,1276,7496
"15657","07_report/CpG_context_sampling_23566_657_trimmed_bismark_bt2.CpG",7524,6280,1244,7524
"15658","07_report/CpG_context_sampling_23566_658_trimmed_bismark_bt2.CpG",7640,6377,1263,7640
"15659","07_report/CpG_context_sampling_23566_659_trimmed_bismark_bt2.CpG",7620,6325,1295,7620
"15660","07_report/CpG_context_sampling_23566_660_trimmed_bismark_bt2.CpG",7579,6309,1270,7579
"15661","07_report/CpG_context_sampling_23566_661_trimmed_bismark_bt2.CpG",7691,6375,1316,7691
"15662","07_report/CpG_context_sampling_23566_662_trimmed_bismark_bt2.CpG",7766,6478,1288,7766
"15663","07_report/CpG_context_sampling_23566_663_trimmed_bismark_bt2.CpG",7556,6343,1213,7556
"15664","07_report/CpG_context_sampling_23566_664_trimmed_bismark_bt2.CpG",7569,6273,1296,7569
"15665","07_report/CpG_context_sampling_23566_665_trimmed_bismark_bt2.CpG",7629,6316,1313,7629
"15666","07_report/CpG_context_sampling_23566_666_trimmed_bismark_bt2.CpG",7639,6392,1247,7639
"15667","07_report/CpG_context_sampling_23566_667_trimmed_bismark_bt2.CpG",7673,6319,1354,7673
"15668","07_report/CpG_context_sampling_23566_668_trimmed_bismark_bt2.CpG",7643,6361,1282,7643
"15669","07_report/CpG_context_sampling_23566_669_trimmed_bismark_bt2.CpG",7617,6267,1350,7617
"15670","07_report/CpG_context_sampling_23566_670_trimmed_bismark_bt2.CpG",7753,6413,1340,7753
"15671","07_report/CpG_context_sampling_23566_671_trimmed_bismark_bt2.CpG",7612,6304,1308,7612
"15672","07_report/CpG_context_sampling_23566_672_trimmed_bismark_bt2.CpG",7573,6247,1326,7573
"15673","07_report/CpG_context_sampling_23566_673_trimmed_bismark_bt2.CpG",7645,6330,1315,7645
"15674","07_report/CpG_context_sampling_23566_674_trimmed_bismark_bt2.CpG",7576,6318,1258,7576
"15675","07_report/CpG_context_sampling_23566_675_trimmed_bismark_bt2.CpG",7639,6314,1325,7639
"15676","07_report/CpG_context_sampling_23566_676_trimmed_bismark_bt2.CpG",7634,6328,1306,7634
"15677","07_report/CpG_context_sampling_23566_677_trimmed_bismark_bt2.CpG",7601,6294,1307,7601
"15678","07_report/CpG_context_sampling_23566_678_trimmed_bismark_bt2.CpG",7711,6383,1328,7711
"15679","07_report/CpG_context_sampling_23566_679_trimmed_bismark_bt2.CpG",7590,6304,1286,7590
"15680","07_report/CpG_context_sampling_23566_680_trimmed_bismark_bt2.CpG",7421,6196,1225,7421
"15681","07_report/CpG_context_sampling_23566_681_trimmed_bismark_bt2.CpG",7548,6211,1337,7548
"15682","07_report/CpG_context_sampling_23566_682_trimmed_bismark_bt2.CpG",7676,6350,1326,7676
"15683","07_report/CpG_context_sampling_23566_683_trimmed_bismark_bt2.CpG",7543,6262,1281,7543
"15684","07_report/CpG_context_sampling_23566_684_trimmed_bismark_bt2.CpG",7634,6295,1339,7634
"15685","07_report/CpG_context_sampling_23566_685_trimmed_bismark_bt2.CpG",7608,6275,1333,7608
"15686","07_report/CpG_context_sampling_23566_686_trimmed_bismark_bt2.CpG",7614,6336,1278,7614
"15687","07_report/CpG_context_sampling_23566_687_trimmed_bismark_bt2.CpG",7722,6379,1343,7722
"15688","07_report/CpG_context_sampling_23566_688_trimmed_bismark_bt2.CpG",7624,6317,1307,7624
"15689","07_report/CpG_context_sampling_23566_689_trimmed_bismark_bt2.CpG",7589,6290,1299,7589
"15690","07_report/CpG_context_sampling_23566_690_trimmed_bismark_bt2.CpG",7562,6290,1272,7562
"15691","07_report/CpG_context_sampling_23566_691_trimmed_bismark_bt2.CpG",7612,6287,1325,7612
"15692","07_report/CpG_context_sampling_23566_692_trimmed_bismark_bt2.CpG",7505,6245,1260,7505
"15693","07_report/CpG_context_sampling_23566_693_trimmed_bismark_bt2.CpG",7573,6246,1327,7573
"15694","07_report/CpG_context_sampling_23566_694_trimmed_bismark_bt2.CpG",7549,6233,1316,7549
"15695","07_report/CpG_context_sampling_23566_695_trimmed_bismark_bt2.CpG",7633,6305,1328,7633
"15696","07_report/CpG_context_sampling_23566_696_trimmed_bismark_bt2.CpG",7575,6244,1331,7575
"15697","07_report/CpG_context_sampling_23566_697_trimmed_bismark_bt2.CpG",7575,6277,1298,7575
"15698","07_report/CpG_context_sampling_23566_698_trimmed_bismark_bt2.CpG",7569,6240,1329,7569
"15699","07_report/CpG_context_sampling_23566_699_trimmed_bismark_bt2.CpG",7604,6326,1278,7604
"15700","07_report/CpG_context_sampling_23566_700_trimmed_bismark_bt2.CpG",7651,6365,1286,7651
"15701","07_report/CpG_context_sampling_23566_701_trimmed_bismark_bt2.CpG",7537,6257,1280,7537
"15702","07_report/CpG_context_sampling_23566_702_trimmed_bismark_bt2.CpG",7612,6349,1263,7612
"15703","07_report/CpG_context_sampling_23566_703_trimmed_bismark_bt2.CpG",7669,6419,1250,7669
"15704","07_report/CpG_context_sampling_23566_704_trimmed_bismark_bt2.CpG",7629,6370,1259,7629
"15705","07_report/CpG_context_sampling_23566_705_trimmed_bismark_bt2.CpG",7630,6323,1307,7630
"15706","07_report/CpG_context_sampling_23566_706_trimmed_bismark_bt2.CpG",7573,6280,1293,7573
"15707","07_report/CpG_context_sampling_23566_707_trimmed_bismark_bt2.CpG",7579,6344,1235,7579
"15708","07_report/CpG_context_sampling_23566_708_trimmed_bismark_bt2.CpG",7609,6317,1292,7609
"15709","07_report/CpG_context_sampling_23566_709_trimmed_bismark_bt2.CpG",7574,6293,1281,7574
"15710","07_report/CpG_context_sampling_23566_710_trimmed_bismark_bt2.CpG",7645,6354,1291,7645
"15711","07_report/CpG_context_sampling_23566_711_trimmed_bismark_bt2.CpG",7617,6297,1320,7617
"15712","07_report/CpG_context_sampling_23566_712_trimmed_bismark_bt2.CpG",7608,6370,1238,7608
"15713","07_report/CpG_context_sampling_23566_713_trimmed_bismark_bt2.CpG",7560,6355,1205,7560
"15714","07_report/CpG_context_sampling_23566_714_trimmed_bismark_bt2.CpG",7626,6306,1320,7626
"15715","07_report/CpG_context_sampling_23566_715_trimmed_bismark_bt2.CpG",7532,6286,1246,7532
"15716","07_report/CpG_context_sampling_23566_716_trimmed_bismark_bt2.CpG",7593,6308,1285,7593
"15717","07_report/CpG_context_sampling_23566_717_trimmed_bismark_bt2.CpG",7643,6304,1339,7643
"15718","07_report/CpG_context_sampling_23566_718_trimmed_bismark_bt2.CpG",7600,6334,1266,7600
"15719","07_report/CpG_context_sampling_23566_719_trimmed_bismark_bt2.CpG",7607,6300,1307,7607
"15720","07_report/CpG_context_sampling_23566_720_trimmed_bismark_bt2.CpG",7701,6392,1309,7701
"15721","07_report/CpG_context_sampling_23566_721_trimmed_bismark_bt2.CpG",7733,6472,1261,7733
"15722","07_report/CpG_context_sampling_23566_722_trimmed_bismark_bt2.CpG",7632,6354,1278,7632
"15723","07_report/CpG_context_sampling_23566_723_trimmed_bismark_bt2.CpG",7511,6213,1298,7511
"15724","07_report/CpG_context_sampling_23566_724_trimmed_bismark_bt2.CpG",7661,6431,1230,7661
"15725","07_report/CpG_context_sampling_23566_725_trimmed_bismark_bt2.CpG",7631,6339,1292,7631
"15726","07_report/CpG_context_sampling_23566_726_trimmed_bismark_bt2.CpG",7676,6364,1312,7676
"15727","07_report/CpG_context_sampling_23566_727_trimmed_bismark_bt2.CpG",7672,6341,1331,7672
"15728","07_report/CpG_context_sampling_23566_728_trimmed_bismark_bt2.CpG",7574,6343,1231,7574
"15729","07_report/CpG_context_sampling_23566_729_trimmed_bismark_bt2.CpG",7563,6290,1273,7563
"15730","07_report/CpG_context_sampling_23566_730_trimmed_bismark_bt2.CpG",7640,6406,1234,7640
"15731","07_report/CpG_context_sampling_23566_731_trimmed_bismark_bt2.CpG",7567,6326,1241,7567
"15732","07_report/CpG_context_sampling_23566_732_trimmed_bismark_bt2.CpG",7673,6386,1287,7673
"15733","07_report/CpG_context_sampling_23566_733_trimmed_bismark_bt2.CpG",7571,6270,1301,7571
"15734","07_report/CpG_context_sampling_23566_734_trimmed_bismark_bt2.CpG",7540,6267,1273,7540
"15735","07_report/CpG_context_sampling_23566_735_trimmed_bismark_bt2.CpG",7533,6356,1177,7533
"15736","07_report/CpG_context_sampling_23566_736_trimmed_bismark_bt2.CpG",7780,6484,1296,7780
"15737","07_report/CpG_context_sampling_23566_737_trimmed_bismark_bt2.CpG",7530,6267,1263,7530
"15738","07_report/CpG_context_sampling_23566_738_trimmed_bismark_bt2.CpG",7640,6340,1300,7640
"15739","07_report/CpG_context_sampling_23566_739_trimmed_bismark_bt2.CpG",7641,6295,1346,7641
"15740","07_report/CpG_context_sampling_23566_740_trimmed_bismark_bt2.CpG",7655,6322,1333,7655
"15741","07_report/CpG_context_sampling_23566_741_trimmed_bismark_bt2.CpG",7570,6278,1292,7570
"15742","07_report/CpG_context_sampling_23566_742_trimmed_bismark_bt2.CpG",7572,6255,1317,7572
"15743","07_report/CpG_context_sampling_23566_743_trimmed_bismark_bt2.CpG",7688,6367,1321,7688
"15744","07_report/CpG_context_sampling_23566_744_trimmed_bismark_bt2.CpG",7487,6229,1258,7487
"15745","07_report/CpG_context_sampling_23566_745_trimmed_bismark_bt2.CpG",7575,6275,1300,7575
"15746","07_report/CpG_context_sampling_23566_746_trimmed_bismark_bt2.CpG",7672,6350,1322,7672
"15747","07_report/CpG_context_sampling_23566_747_trimmed_bismark_bt2.CpG",7684,6408,1276,7684
"15748","07_report/CpG_context_sampling_23566_748_trimmed_bismark_bt2.CpG",7616,6347,1269,7616
"15749","07_report/CpG_context_sampling_23566_749_trimmed_bismark_bt2.CpG",7642,6359,1283,7642
"15750","07_report/CpG_context_sampling_23566_750_trimmed_bismark_bt2.CpG",7610,6298,1312,7610
"15751","07_report/CpG_context_sampling_23566_751_trimmed_bismark_bt2.CpG",7617,6306,1311,7617
"15752","07_report/CpG_context_sampling_23566_752_trimmed_bismark_bt2.CpG",7544,6275,1269,7544
"15753","07_report/CpG_context_sampling_23566_753_trimmed_bismark_bt2.CpG",7659,6368,1291,7659
"15754","07_report/CpG_context_sampling_23566_754_trimmed_bismark_bt2.CpG",7515,6257,1258,7515
"15755","07_report/CpG_context_sampling_23566_755_trimmed_bismark_bt2.CpG",7701,6456,1245,7701
"15756","07_report/CpG_context_sampling_23566_756_trimmed_bismark_bt2.CpG",7648,6337,1311,7648
"15757","07_report/CpG_context_sampling_23566_757_trimmed_bismark_bt2.CpG",7510,6269,1241,7510
"15758","07_report/CpG_context_sampling_23566_758_trimmed_bismark_bt2.CpG",7686,6383,1303,7686
"15759","07_report/CpG_context_sampling_23566_759_trimmed_bismark_bt2.CpG",7671,6395,1276,7671
"15760","07_report/CpG_context_sampling_23566_760_trimmed_bismark_bt2.CpG",7627,6338,1289,7627
"15761","07_report/CpG_context_sampling_23566_761_trimmed_bismark_bt2.CpG",7691,6375,1316,7691
"15762","07_report/CpG_context_sampling_23566_762_trimmed_bismark_bt2.CpG",7539,6311,1228,7539
"15763","07_report/CpG_context_sampling_23566_763_trimmed_bismark_bt2.CpG",7566,6282,1284,7566
"15764","07_report/CpG_context_sampling_23566_764_trimmed_bismark_bt2.CpG",7509,6251,1258,7509
"15765","07_report/CpG_context_sampling_23566_765_trimmed_bismark_bt2.CpG",7740,6416,1324,7740
"15766","07_report/CpG_context_sampling_23566_766_trimmed_bismark_bt2.CpG",7590,6382,1208,7590
"15767","07_report/CpG_context_sampling_23566_767_trimmed_bismark_bt2.CpG",7594,6293,1301,7594
"15768","07_report/CpG_context_sampling_23566_768_trimmed_bismark_bt2.CpG",7749,6430,1319,7749
"15769","07_report/CpG_context_sampling_23566_769_trimmed_bismark_bt2.CpG",7598,6287,1311,7598
"15770","07_report/CpG_context_sampling_23566_770_trimmed_bismark_bt2.CpG",7693,6427,1266,7693
"15771","07_report/CpG_context_sampling_23566_771_trimmed_bismark_bt2.CpG",7603,6331,1272,7603
"15772","07_report/CpG_context_sampling_23566_772_trimmed_bismark_bt2.CpG",7622,6338,1284,7622
"15773","07_report/CpG_context_sampling_23566_773_trimmed_bismark_bt2.CpG",7569,6326,1243,7569
"15774","07_report/CpG_context_sampling_23566_774_trimmed_bismark_bt2.CpG",7641,6372,1269,7641
"15775","07_report/CpG_context_sampling_23566_775_trimmed_bismark_bt2.CpG",7589,6321,1268,7589
"15776","07_report/CpG_context_sampling_23566_776_trimmed_bismark_bt2.CpG",7554,6338,1216,7554
"15777","07_report/CpG_context_sampling_23566_777_trimmed_bismark_bt2.CpG",7654,6304,1350,7654
"15778","07_report/CpG_context_sampling_23566_778_trimmed_bismark_bt2.CpG",7630,6339,1291,7630
"15779","07_report/CpG_context_sampling_23566_779_trimmed_bismark_bt2.CpG",7578,6310,1268,7578
"15780","07_report/CpG_context_sampling_23566_780_trimmed_bismark_bt2.CpG",7633,6304,1329,7633
"15781","07_report/CpG_context_sampling_23566_781_trimmed_bismark_bt2.CpG",7596,6337,1259,7596
"15782","07_report/CpG_context_sampling_23566_782_trimmed_bismark_bt2.CpG",7633,6349,1284,7633
"15783","07_report/CpG_context_sampling_23566_783_trimmed_bismark_bt2.CpG",7465,6218,1247,7465
"15784","07_report/CpG_context_sampling_23566_784_trimmed_bismark_bt2.CpG",7631,6280,1351,7631
"15785","07_report/CpG_context_sampling_23566_785_trimmed_bismark_bt2.CpG",7660,6397,1263,7660
"15786","07_report/CpG_context_sampling_23566_786_trimmed_bismark_bt2.CpG",7614,6343,1271,7614
"15787","07_report/CpG_context_sampling_23566_787_trimmed_bismark_bt2.CpG",7643,6358,1285,7643
"15788","07_report/CpG_context_sampling_23566_788_trimmed_bismark_bt2.CpG",7615,6290,1325,7615
"15789","07_report/CpG_context_sampling_23566_789_trimmed_bismark_bt2.CpG",7572,6288,1284,7572
"15790","07_report/CpG_context_sampling_23566_790_trimmed_bismark_bt2.CpG",7654,6340,1314,7654
"15791","07_report/CpG_context_sampling_23566_791_trimmed_bismark_bt2.CpG",7565,6317,1248,7565
"15792","07_report/CpG_context_sampling_23566_792_trimmed_bismark_bt2.CpG",7486,6199,1287,7486
"15793","07_report/CpG_context_sampling_23566_793_trimmed_bismark_bt2.CpG",7563,6336,1227,7563
"15794","07_report/CpG_context_sampling_23566_794_trimmed_bismark_bt2.CpG",7672,6355,1317,7672
"15795","07_report/CpG_context_sampling_23566_795_trimmed_bismark_bt2.CpG",7637,6324,1313,7637
"15796","07_report/CpG_context_sampling_23566_796_trimmed_bismark_bt2.CpG",7639,6380,1259,7639
"15797","07_report/CpG_context_sampling_23566_797_trimmed_bismark_bt2.CpG",7561,6249,1312,7561
"15798","07_report/CpG_context_sampling_23566_798_trimmed_bismark_bt2.CpG",7667,6314,1353,7667
"15799","07_report/CpG_context_sampling_23566_799_trimmed_bismark_bt2.CpG",7603,6296,1307,7603
"15800","07_report/CpG_context_sampling_23566_800_trimmed_bismark_bt2.CpG",7762,6484,1278,7762
"15801","07_report/CpG_context_sampling_23566_801_trimmed_bismark_bt2.CpG",7547,6240,1307,7547
"15802","07_report/CpG_context_sampling_23566_802_trimmed_bismark_bt2.CpG",7569,6314,1255,7569
"15803","07_report/CpG_context_sampling_23566_803_trimmed_bismark_bt2.CpG",7694,6365,1329,7694
"15804","07_report/CpG_context_sampling_23566_804_trimmed_bismark_bt2.CpG",7704,6395,1309,7704
"15805","07_report/CpG_context_sampling_23566_805_trimmed_bismark_bt2.CpG",7600,6324,1276,7600
"15806","07_report/CpG_context_sampling_23566_806_trimmed_bismark_bt2.CpG",7685,6433,1252,7685
"15807","07_report/CpG_context_sampling_23566_807_trimmed_bismark_bt2.CpG",7597,6229,1368,7597
"15808","07_report/CpG_context_sampling_23566_808_trimmed_bismark_bt2.CpG",7671,6408,1263,7671
"15809","07_report/CpG_context_sampling_23566_809_trimmed_bismark_bt2.CpG",7563,6279,1284,7563
"15810","07_report/CpG_context_sampling_23566_810_trimmed_bismark_bt2.CpG",7623,6373,1250,7623
"15811","07_report/CpG_context_sampling_23566_811_trimmed_bismark_bt2.CpG",7564,6373,1191,7564
"15812","07_report/CpG_context_sampling_23566_812_trimmed_bismark_bt2.CpG",7596,6327,1269,7596
"15813","07_report/CpG_context_sampling_23566_813_trimmed_bismark_bt2.CpG",7527,6224,1303,7527
"15814","07_report/CpG_context_sampling_23566_814_trimmed_bismark_bt2.CpG",7717,6447,1270,7717
"15815","07_report/CpG_context_sampling_23566_815_trimmed_bismark_bt2.CpG",7663,6335,1328,7663
"15816","07_report/CpG_context_sampling_23566_816_trimmed_bismark_bt2.CpG",7593,6357,1236,7593
"15817","07_report/CpG_context_sampling_23566_817_trimmed_bismark_bt2.CpG",7671,6383,1288,7671
"15818","07_report/CpG_context_sampling_23566_818_trimmed_bismark_bt2.CpG",7593,6341,1252,7593
"15819","07_report/CpG_context_sampling_23566_819_trimmed_bismark_bt2.CpG",7608,6354,1254,7608
"15820","07_report/CpG_context_sampling_23566_820_trimmed_bismark_bt2.CpG",7571,6290,1281,7571
"15821","07_report/CpG_context_sampling_23566_821_trimmed_bismark_bt2.CpG",7566,6253,1313,7566
"15822","07_report/CpG_context_sampling_23566_822_trimmed_bismark_bt2.CpG",7769,6498,1271,7769
"15823","07_report/CpG_context_sampling_23566_823_trimmed_bismark_bt2.CpG",7546,6280,1266,7546
"15824","07_report/CpG_context_sampling_23566_824_trimmed_bismark_bt2.CpG",7671,6390,1281,7671
"15825","07_report/CpG_context_sampling_23566_825_trimmed_bismark_bt2.CpG",7610,6279,1331,7610
"15826","07_report/CpG_context_sampling_23566_826_trimmed_bismark_bt2.CpG",7662,6413,1249,7662
"15827","07_report/CpG_context_sampling_23566_827_trimmed_bismark_bt2.CpG",7637,6384,1253,7637
"15828","07_report/CpG_context_sampling_23566_828_trimmed_bismark_bt2.CpG",7565,6264,1301,7565
"15829","07_report/CpG_context_sampling_23566_829_trimmed_bismark_bt2.CpG",7561,6263,1298,7561
"15830","07_report/CpG_context_sampling_23566_830_trimmed_bismark_bt2.CpG",7701,6406,1295,7701
"15831","07_report/CpG_context_sampling_23566_831_trimmed_bismark_bt2.CpG",7704,6420,1284,7704
"15832","07_report/CpG_context_sampling_23566_832_trimmed_bismark_bt2.CpG",7620,6268,1352,7620
"15833","07_report/CpG_context_sampling_23566_833_trimmed_bismark_bt2.CpG",7571,6285,1286,7571
"15834","07_report/CpG_context_sampling_23566_834_trimmed_bismark_bt2.CpG",7731,6436,1295,7731
"15835","07_report/CpG_context_sampling_23566_835_trimmed_bismark_bt2.CpG",7508,6220,1288,7508
"15836","07_report/CpG_context_sampling_23566_836_trimmed_bismark_bt2.CpG",7691,6388,1303,7691
"15837","07_report/CpG_context_sampling_23566_837_trimmed_bismark_bt2.CpG",7708,6453,1255,7708
"15838","07_report/CpG_context_sampling_23566_838_trimmed_bismark_bt2.CpG",7616,6317,1299,7616
"15839","07_report/CpG_context_sampling_23566_839_trimmed_bismark_bt2.CpG",7652,6332,1320,7652
"15840","07_report/CpG_context_sampling_23566_840_trimmed_bismark_bt2.CpG",7576,6307,1269,7576
"15841","07_report/CpG_context_sampling_23566_841_trimmed_bismark_bt2.CpG",7583,6324,1259,7583
"15842","07_report/CpG_context_sampling_23566_842_trimmed_bismark_bt2.CpG",7559,6260,1299,7559
"15843","07_report/CpG_context_sampling_23566_843_trimmed_bismark_bt2.CpG",7557,6267,1290,7557
"15844","07_report/CpG_context_sampling_23566_844_trimmed_bismark_bt2.CpG",7829,6527,1302,7829
"15845","07_report/CpG_context_sampling_23566_845_trimmed_bismark_bt2.CpG",7657,6361,1296,7657
"15846","07_report/CpG_context_sampling_23566_846_trimmed_bismark_bt2.CpG",7529,6212,1317,7529
"15847","07_report/CpG_context_sampling_23566_847_trimmed_bismark_bt2.CpG",7560,6260,1300,7560
"15848","07_report/CpG_context_sampling_23566_848_trimmed_bismark_bt2.CpG",7665,6351,1314,7665
"15849","07_report/CpG_context_sampling_23566_849_trimmed_bismark_bt2.CpG",7509,6246,1263,7509
"15850","07_report/CpG_context_sampling_23566_850_trimmed_bismark_bt2.CpG",7670,6341,1329,7670
"15851","07_report/CpG_context_sampling_23566_851_trimmed_bismark_bt2.CpG",7533,6278,1255,7533
"15852","07_report/CpG_context_sampling_23566_852_trimmed_bismark_bt2.CpG",7598,6334,1264,7598
"15853","07_report/CpG_context_sampling_23566_853_trimmed_bismark_bt2.CpG",7646,6405,1241,7646
"15854","07_report/CpG_context_sampling_23566_854_trimmed_bismark_bt2.CpG",7582,6293,1289,7582
"15855","07_report/CpG_context_sampling_23566_855_trimmed_bismark_bt2.CpG",7619,6340,1279,7619
"15856","07_report/CpG_context_sampling_23566_856_trimmed_bismark_bt2.CpG",7612,6360,1252,7612
"15857","07_report/CpG_context_sampling_23566_857_trimmed_bismark_bt2.CpG",7676,6393,1283,7676
"15858","07_report/CpG_context_sampling_23566_858_trimmed_bismark_bt2.CpG",7575,6340,1235,7575
"15859","07_report/CpG_context_sampling_23566_859_trimmed_bismark_bt2.CpG",7514,6222,1292,7514
"15860","07_report/CpG_context_sampling_23566_860_trimmed_bismark_bt2.CpG",7618,6303,1315,7618
"15861","07_report/CpG_context_sampling_23566_861_trimmed_bismark_bt2.CpG",7724,6408,1316,7724
"15862","07_report/CpG_context_sampling_23566_862_trimmed_bismark_bt2.CpG",7543,6262,1281,7543
"15863","07_report/CpG_context_sampling_23566_863_trimmed_bismark_bt2.CpG",7553,6306,1247,7553
"15864","07_report/CpG_context_sampling_23566_864_trimmed_bismark_bt2.CpG",7616,6384,1232,7616
"15865","07_report/CpG_context_sampling_23566_865_trimmed_bismark_bt2.CpG",7699,6400,1299,7699
"15866","07_report/CpG_context_sampling_23566_866_trimmed_bismark_bt2.CpG",7579,6327,1252,7579
"15867","07_report/CpG_context_sampling_23566_867_trimmed_bismark_bt2.CpG",7585,6313,1272,7585
"15868","07_report/CpG_context_sampling_23566_868_trimmed_bismark_bt2.CpG",7534,6274,1260,7534
"15869","07_report/CpG_context_sampling_23566_869_trimmed_bismark_bt2.CpG",7764,6480,1284,7764
"15870","07_report/CpG_context_sampling_23566_870_trimmed_bismark_bt2.CpG",7567,6246,1321,7567
"15871","07_report/CpG_context_sampling_23566_871_trimmed_bismark_bt2.CpG",7714,6393,1321,7714
"15872","07_report/CpG_context_sampling_23566_872_trimmed_bismark_bt2.CpG",7620,6324,1296,7620
"15873","07_report/CpG_context_sampling_23566_873_trimmed_bismark_bt2.CpG",7701,6455,1246,7701
"15874","07_report/CpG_context_sampling_23566_874_trimmed_bismark_bt2.CpG",7590,6327,1263,7590
"15875","07_report/CpG_context_sampling_23566_875_trimmed_bismark_bt2.CpG",7622,6332,1290,7622
"15876","07_report/CpG_context_sampling_23566_876_trimmed_bismark_bt2.CpG",7632,6342,1290,7632
"15877","07_report/CpG_context_sampling_23566_877_trimmed_bismark_bt2.CpG",7682,6401,1281,7682
"15878","07_report/CpG_context_sampling_23566_878_trimmed_bismark_bt2.CpG",7696,6348,1348,7696
"15879","07_report/CpG_context_sampling_23566_879_trimmed_bismark_bt2.CpG",7718,6401,1317,7718
"15880","07_report/CpG_context_sampling_23566_880_trimmed_bismark_bt2.CpG",7557,6245,1312,7557
"15881","07_report/CpG_context_sampling_23566_881_trimmed_bismark_bt2.CpG",7631,6359,1272,7631
"15882","07_report/CpG_context_sampling_23566_882_trimmed_bismark_bt2.CpG",7634,6372,1262,7634
"15883","07_report/CpG_context_sampling_23566_883_trimmed_bismark_bt2.CpG",7604,6324,1280,7604
"15884","07_report/CpG_context_sampling_23566_884_trimmed_bismark_bt2.CpG",7701,6441,1260,7701
"15885","07_report/CpG_context_sampling_23566_885_trimmed_bismark_bt2.CpG",7552,6303,1249,7552
"15886","07_report/CpG_context_sampling_23566_886_trimmed_bismark_bt2.CpG",7532,6270,1262,7532
"15887","07_report/CpG_context_sampling_23566_887_trimmed_bismark_bt2.CpG",7513,6274,1239,7513
"15888","07_report/CpG_context_sampling_23566_888_trimmed_bismark_bt2.CpG",7613,6264,1349,7613
"15889","07_report/CpG_context_sampling_23566_889_trimmed_bismark_bt2.CpG",7661,6393,1268,7661
"15890","07_report/CpG_context_sampling_23566_890_trimmed_bismark_bt2.CpG",7611,6280,1331,7611
"15891","07_report/CpG_context_sampling_23566_891_trimmed_bismark_bt2.CpG",7720,6432,1288,7720
"15892","07_report/CpG_context_sampling_23566_892_trimmed_bismark_bt2.CpG",7619,6290,1329,7619
"15893","07_report/CpG_context_sampling_23566_893_trimmed_bismark_bt2.CpG",7639,6334,1305,7639
"15894","07_report/CpG_context_sampling_23566_894_trimmed_bismark_bt2.CpG",7593,6333,1260,7593
"15895","07_report/CpG_context_sampling_23566_895_trimmed_bismark_bt2.CpG",7525,6278,1247,7525
"15896","07_report/CpG_context_sampling_23566_896_trimmed_bismark_bt2.CpG",7614,6286,1328,7614
"15897","07_report/CpG_context_sampling_23566_897_trimmed_bismark_bt2.CpG",7571,6331,1240,7571
"15898","07_report/CpG_context_sampling_23566_898_trimmed_bismark_bt2.CpG",7545,6272,1273,7545
"15899","07_report/CpG_context_sampling_23566_899_trimmed_bismark_bt2.CpG",7606,6327,1279,7606
"15900","07_report/CpG_context_sampling_23566_900_trimmed_bismark_bt2.CpG",7576,6296,1280,7576
"15901","07_report/CpG_context_sampling_23566_901_trimmed_bismark_bt2.CpG",7460,6187,1273,7460
"15902","07_report/CpG_context_sampling_23566_902_trimmed_bismark_bt2.CpG",7586,6316,1270,7586
"15903","07_report/CpG_context_sampling_23566_903_trimmed_bismark_bt2.CpG",7573,6311,1262,7573
"15904","07_report/CpG_context_sampling_23566_904_trimmed_bismark_bt2.CpG",7626,6363,1263,7626
"15905","07_report/CpG_context_sampling_23566_905_trimmed_bismark_bt2.CpG",7648,6391,1257,7648
"15906","07_report/CpG_context_sampling_23566_906_trimmed_bismark_bt2.CpG",7619,6301,1318,7619
"15907","07_report/CpG_context_sampling_23566_907_trimmed_bismark_bt2.CpG",7631,6340,1291,7631
"15908","07_report/CpG_context_sampling_23566_908_trimmed_bismark_bt2.CpG",7548,6253,1295,7548
"15909","07_report/CpG_context_sampling_23566_909_trimmed_bismark_bt2.CpG",7544,6335,1209,7544
"15910","07_report/CpG_context_sampling_23566_910_trimmed_bismark_bt2.CpG",7547,6230,1317,7547
"15911","07_report/CpG_context_sampling_23566_911_trimmed_bismark_bt2.CpG",7597,6320,1277,7597
"15912","07_report/CpG_context_sampling_23566_912_trimmed_bismark_bt2.CpG",7571,6306,1265,7571
"15913","07_report/CpG_context_sampling_23566_913_trimmed_bismark_bt2.CpG",7684,6401,1283,7684
"15914","07_report/CpG_context_sampling_23566_914_trimmed_bismark_bt2.CpG",7596,6340,1256,7596
"15915","07_report/CpG_context_sampling_23566_915_trimmed_bismark_bt2.CpG",7516,6278,1238,7516
"15916","07_report/CpG_context_sampling_23566_916_trimmed_bismark_bt2.CpG",7576,6340,1236,7576
"15917","07_report/CpG_context_sampling_23566_917_trimmed_bismark_bt2.CpG",7613,6333,1280,7613
"15918","07_report/CpG_context_sampling_23566_918_trimmed_bismark_bt2.CpG",7606,6401,1205,7606
"15919","07_report/CpG_context_sampling_23566_919_trimmed_bismark_bt2.CpG",7624,6365,1259,7624
"15920","07_report/CpG_context_sampling_23566_920_trimmed_bismark_bt2.CpG",7629,6309,1320,7629
"15921","07_report/CpG_context_sampling_23566_921_trimmed_bismark_bt2.CpG",7745,6481,1264,7745
"15922","07_report/CpG_context_sampling_23566_922_trimmed_bismark_bt2.CpG",7492,6240,1252,7492
"15923","07_report/CpG_context_sampling_23566_923_trimmed_bismark_bt2.CpG",7585,6263,1322,7585
"15924","07_report/CpG_context_sampling_23566_924_trimmed_bismark_bt2.CpG",7626,6327,1299,7626
"15925","07_report/CpG_context_sampling_23566_925_trimmed_bismark_bt2.CpG",7517,6275,1242,7517
"15926","07_report/CpG_context_sampling_23566_926_trimmed_bismark_bt2.CpG",7641,6392,1249,7641
"15927","07_report/CpG_context_sampling_23566_927_trimmed_bismark_bt2.CpG",7523,6297,1226,7523
"15928","07_report/CpG_context_sampling_23566_928_trimmed_bismark_bt2.CpG",7591,6336,1255,7591
"15929","07_report/CpG_context_sampling_23566_929_trimmed_bismark_bt2.CpG",7627,6349,1278,7627
"15930","07_report/CpG_context_sampling_23566_930_trimmed_bismark_bt2.CpG",7647,6358,1289,7647
"15931","07_report/CpG_context_sampling_23566_931_trimmed_bismark_bt2.CpG",7511,6279,1232,7511
"15932","07_report/CpG_context_sampling_23566_932_trimmed_bismark_bt2.CpG",7619,6308,1311,7619
"15933","07_report/CpG_context_sampling_23566_933_trimmed_bismark_bt2.CpG",7579,6301,1278,7579
"15934","07_report/CpG_context_sampling_23566_934_trimmed_bismark_bt2.CpG",7584,6343,1241,7584
"15935","07_report/CpG_context_sampling_23566_935_trimmed_bismark_bt2.CpG",7572,6283,1289,7572
"15936","07_report/CpG_context_sampling_23566_936_trimmed_bismark_bt2.CpG",7484,6221,1263,7484
"15937","07_report/CpG_context_sampling_23566_937_trimmed_bismark_bt2.CpG",7609,6392,1217,7609
"15938","07_report/CpG_context_sampling_23566_938_trimmed_bismark_bt2.CpG",7544,6215,1329,7544
"15939","07_report/CpG_context_sampling_23566_939_trimmed_bismark_bt2.CpG",7615,6339,1276,7615
"15940","07_report/CpG_context_sampling_23566_940_trimmed_bismark_bt2.CpG",7642,6374,1268,7642
"15941","07_report/CpG_context_sampling_23566_941_trimmed_bismark_bt2.CpG",7478,6192,1286,7478
"15942","07_report/CpG_context_sampling_23566_942_trimmed_bismark_bt2.CpG",7603,6337,1266,7603
"15943","07_report/CpG_context_sampling_23566_943_trimmed_bismark_bt2.CpG",7654,6384,1270,7654
"15944","07_report/CpG_context_sampling_23566_944_trimmed_bismark_bt2.CpG",7512,6253,1259,7512
"15945","07_report/CpG_context_sampling_23566_945_trimmed_bismark_bt2.CpG",7501,6162,1339,7501
"15946","07_report/CpG_context_sampling_23566_946_trimmed_bismark_bt2.CpG",7610,6300,1310,7610
"15947","07_report/CpG_context_sampling_23566_947_trimmed_bismark_bt2.CpG",7743,6419,1324,7743
"15948","07_report/CpG_context_sampling_23566_948_trimmed_bismark_bt2.CpG",7619,6349,1270,7619
"15949","07_report/CpG_context_sampling_23566_949_trimmed_bismark_bt2.CpG",7570,6249,1321,7570
"15950","07_report/CpG_context_sampling_23566_950_trimmed_bismark_bt2.CpG",7526,6186,1340,7526
"15951","07_report/CpG_context_sampling_23566_951_trimmed_bismark_bt2.CpG",7743,6488,1255,7743
"15952","07_report/CpG_context_sampling_23566_952_trimmed_bismark_bt2.CpG",7610,6290,1320,7610
"15953","07_report/CpG_context_sampling_23566_953_trimmed_bismark_bt2.CpG",7645,6336,1309,7645
"15954","07_report/CpG_context_sampling_23566_954_trimmed_bismark_bt2.CpG",7652,6399,1253,7652
"15955","07_report/CpG_context_sampling_23566_955_trimmed_bismark_bt2.CpG",7696,6411,1285,7696
"15956","07_report/CpG_context_sampling_23566_956_trimmed_bismark_bt2.CpG",7636,6313,1323,7636
"15957","07_report/CpG_context_sampling_23566_957_trimmed_bismark_bt2.CpG",7666,6334,1332,7666
"15958","07_report/CpG_context_sampling_23566_958_trimmed_bismark_bt2.CpG",7435,6140,1295,7435
"15959","07_report/CpG_context_sampling_23566_959_trimmed_bismark_bt2.CpG",7635,6315,1320,7635
"15960","07_report/CpG_context_sampling_23566_960_trimmed_bismark_bt2.CpG",7625,6321,1304,7625
"15961","07_report/CpG_context_sampling_23566_961_trimmed_bismark_bt2.CpG",7594,6315,1279,7594
"15962","07_report/CpG_context_sampling_23566_962_trimmed_bismark_bt2.CpG",7754,6426,1328,7754
"15963","07_report/CpG_context_sampling_23566_963_trimmed_bismark_bt2.CpG",7632,6402,1230,7632
"15964","07_report/CpG_context_sampling_23566_964_trimmed_bismark_bt2.CpG",7581,6346,1235,7581
"15965","07_report/CpG_context_sampling_23566_965_trimmed_bismark_bt2.CpG",7641,6330,1311,7641
"15966","07_report/CpG_context_sampling_23566_966_trimmed_bismark_bt2.CpG",7407,6163,1244,7407
"15967","07_report/CpG_context_sampling_23566_967_trimmed_bismark_bt2.CpG",7581,6281,1300,7581
"15968","07_report/CpG_context_sampling_23566_968_trimmed_bismark_bt2.CpG",7678,6321,1357,7678
"15969","07_report/CpG_context_sampling_23566_969_trimmed_bismark_bt2.CpG",7624,6341,1283,7624
"15970","07_report/CpG_context_sampling_23566_970_trimmed_bismark_bt2.CpG",7679,6403,1276,7679
"15971","07_report/CpG_context_sampling_23566_971_trimmed_bismark_bt2.CpG",7588,6374,1214,7588
"15972","07_report/CpG_context_sampling_23566_972_trimmed_bismark_bt2.CpG",7602,6290,1312,7602
"15973","07_report/CpG_context_sampling_23566_973_trimmed_bismark_bt2.CpG",7624,6305,1319,7624
"15974","07_report/CpG_context_sampling_23566_974_trimmed_bismark_bt2.CpG",7741,6432,1309,7741
"15975","07_report/CpG_context_sampling_23566_975_trimmed_bismark_bt2.CpG",7611,6322,1289,7611
"15976","07_report/CpG_context_sampling_23566_976_trimmed_bismark_bt2.CpG",7635,6355,1280,7635
"15977","07_report/CpG_context_sampling_23566_977_trimmed_bismark_bt2.CpG",7535,6277,1258,7535
"15978","07_report/CpG_context_sampling_23566_978_trimmed_bismark_bt2.CpG",7644,6317,1327,7644
"15979","07_report/CpG_context_sampling_23566_979_trimmed_bismark_bt2.CpG",7595,6341,1254,7595
"15980","07_report/CpG_context_sampling_23566_980_trimmed_bismark_bt2.CpG",7580,6288,1292,7580
"15981","07_report/CpG_context_sampling_23566_981_trimmed_bismark_bt2.CpG",7590,6306,1284,7590
"15982","07_report/CpG_context_sampling_23566_982_trimmed_bismark_bt2.CpG",7585,6292,1293,7585
"15983","07_report/CpG_context_sampling_23566_983_trimmed_bismark_bt2.CpG",7653,6376,1277,7653
"15984","07_report/CpG_context_sampling_23566_984_trimmed_bismark_bt2.CpG",7562,6326,1236,7562
"15985","07_report/CpG_context_sampling_23566_985_trimmed_bismark_bt2.CpG",7583,6300,1283,7583
"15986","07_report/CpG_context_sampling_23566_986_trimmed_bismark_bt2.CpG",7685,6352,1333,7685
"15987","07_report/CpG_context_sampling_23566_987_trimmed_bismark_bt2.CpG",7583,6276,1307,7583
"15988","07_report/CpG_context_sampling_23566_988_trimmed_bismark_bt2.CpG",7631,6311,1320,7631
"15989","07_report/CpG_context_sampling_23566_989_trimmed_bismark_bt2.CpG",7663,6325,1338,7663
"15990","07_report/CpG_context_sampling_23566_990_trimmed_bismark_bt2.CpG",7604,6316,1288,7604
"15991","07_report/CpG_context_sampling_23566_991_trimmed_bismark_bt2.CpG",7622,6362,1260,7622
"15992","07_report/CpG_context_sampling_23566_992_trimmed_bismark_bt2.CpG",7568,6346,1222,7568
"15993","07_report/CpG_context_sampling_23566_993_trimmed_bismark_bt2.CpG",7631,6341,1290,7631
"15994","07_report/CpG_context_sampling_23566_994_trimmed_bismark_bt2.CpG",7624,6400,1224,7624
"15995","07_report/CpG_context_sampling_23566_995_trimmed_bismark_bt2.CpG",7636,6324,1312,7636
"15996","07_report/CpG_context_sampling_23566_996_trimmed_bismark_bt2.CpG",7769,6467,1302,7769
"15997","07_report/CpG_context_sampling_23566_997_trimmed_bismark_bt2.CpG",7594,6283,1311,7594
"15998","07_report/CpG_context_sampling_23566_998_trimmed_bismark_bt2.CpG",7502,6187,1315,7502
"15999","07_report/CpG_context_sampling_23566_999_trimmed_bismark_bt2.CpG",7572,6278,1294,7572
"16000","07_report/CpG_context_sampling_23566_1000_trimmed_bismark_bt2.CpG",7684,6393,1291,7684
"16001","07_report/CpG_context_sampling_26932_1_trimmed_bismark_bt2.CpG",8575,7149,1426,8575
"16002","07_report/CpG_context_sampling_26932_2_trimmed_bismark_bt2.CpG",8743,7191,1552,8743
"16003","07_report/CpG_context_sampling_26932_3_trimmed_bismark_bt2.CpG",8645,7221,1424,8645
"16004","07_report/CpG_context_sampling_26932_4_trimmed_bismark_bt2.CpG",8655,7192,1463,8655
"16005","07_report/CpG_context_sampling_26932_5_trimmed_bismark_bt2.CpG",8614,7116,1498,8614
"16006","07_report/CpG_context_sampling_26932_6_trimmed_bismark_bt2.CpG",8724,7265,1459,8724
"16007","07_report/CpG_context_sampling_26932_7_trimmed_bismark_bt2.CpG",8735,7222,1513,8735
"16008","07_report/CpG_context_sampling_26932_8_trimmed_bismark_bt2.CpG",8775,7297,1478,8775
"16009","07_report/CpG_context_sampling_26932_9_trimmed_bismark_bt2.CpG",8729,7190,1539,8729
"16010","07_report/CpG_context_sampling_26932_10_trimmed_bismark_bt2.CpG",8694,7210,1484,8694
"16011","07_report/CpG_context_sampling_26932_11_trimmed_bismark_bt2.CpG",8780,7308,1472,8780
"16012","07_report/CpG_context_sampling_26932_12_trimmed_bismark_bt2.CpG",8764,7295,1469,8764
"16013","07_report/CpG_context_sampling_26932_13_trimmed_bismark_bt2.CpG",8646,7192,1454,8646
"16014","07_report/CpG_context_sampling_26932_14_trimmed_bismark_bt2.CpG",8742,7292,1450,8742
"16015","07_report/CpG_context_sampling_26932_15_trimmed_bismark_bt2.CpG",8750,7256,1494,8750
"16016","07_report/CpG_context_sampling_26932_16_trimmed_bismark_bt2.CpG",8670,7178,1492,8670
"16017","07_report/CpG_context_sampling_26932_17_trimmed_bismark_bt2.CpG",8700,7214,1486,8700
"16018","07_report/CpG_context_sampling_26932_18_trimmed_bismark_bt2.CpG",8713,7274,1439,8713
"16019","07_report/CpG_context_sampling_26932_19_trimmed_bismark_bt2.CpG",8704,7238,1466,8704
"16020","07_report/CpG_context_sampling_26932_20_trimmed_bismark_bt2.CpG",8687,7221,1466,8687
"16021","07_report/CpG_context_sampling_26932_21_trimmed_bismark_bt2.CpG",8778,7337,1441,8778
"16022","07_report/CpG_context_sampling_26932_22_trimmed_bismark_bt2.CpG",8720,7281,1439,8720
"16023","07_report/CpG_context_sampling_26932_23_trimmed_bismark_bt2.CpG",8596,7153,1443,8596
"16024","07_report/CpG_context_sampling_26932_24_trimmed_bismark_bt2.CpG",8865,7360,1505,8865
"16025","07_report/CpG_context_sampling_26932_25_trimmed_bismark_bt2.CpG",8751,7254,1497,8751
"16026","07_report/CpG_context_sampling_26932_26_trimmed_bismark_bt2.CpG",8715,7263,1452,8715
"16027","07_report/CpG_context_sampling_26932_27_trimmed_bismark_bt2.CpG",8673,7237,1436,8673
"16028","07_report/CpG_context_sampling_26932_28_trimmed_bismark_bt2.CpG",8594,7138,1456,8594
"16029","07_report/CpG_context_sampling_26932_29_trimmed_bismark_bt2.CpG",8760,7266,1494,8760
"16030","07_report/CpG_context_sampling_26932_30_trimmed_bismark_bt2.CpG",8621,7163,1458,8621
"16031","07_report/CpG_context_sampling_26932_31_trimmed_bismark_bt2.CpG",8616,7148,1468,8616
"16032","07_report/CpG_context_sampling_26932_32_trimmed_bismark_bt2.CpG",8696,7205,1491,8696
"16033","07_report/CpG_context_sampling_26932_33_trimmed_bismark_bt2.CpG",8546,7123,1423,8546
"16034","07_report/CpG_context_sampling_26932_34_trimmed_bismark_bt2.CpG",8695,7253,1442,8695
"16035","07_report/CpG_context_sampling_26932_35_trimmed_bismark_bt2.CpG",8715,7234,1481,8715
"16036","07_report/CpG_context_sampling_26932_36_trimmed_bismark_bt2.CpG",8775,7289,1486,8775
"16037","07_report/CpG_context_sampling_26932_37_trimmed_bismark_bt2.CpG",8571,7107,1464,8571
"16038","07_report/CpG_context_sampling_26932_38_trimmed_bismark_bt2.CpG",8663,7218,1445,8663
"16039","07_report/CpG_context_sampling_26932_39_trimmed_bismark_bt2.CpG",8732,7226,1506,8732
"16040","07_report/CpG_context_sampling_26932_40_trimmed_bismark_bt2.CpG",8728,7276,1452,8728
"16041","07_report/CpG_context_sampling_26932_41_trimmed_bismark_bt2.CpG",8594,7175,1419,8594
"16042","07_report/CpG_context_sampling_26932_42_trimmed_bismark_bt2.CpG",8724,7209,1515,8724
"16043","07_report/CpG_context_sampling_26932_43_trimmed_bismark_bt2.CpG",8707,7230,1477,8707
"16044","07_report/CpG_context_sampling_26932_44_trimmed_bismark_bt2.CpG",8540,7161,1379,8540
"16045","07_report/CpG_context_sampling_26932_45_trimmed_bismark_bt2.CpG",8655,7199,1456,8655
"16046","07_report/CpG_context_sampling_26932_46_trimmed_bismark_bt2.CpG",8569,7102,1467,8569
"16047","07_report/CpG_context_sampling_26932_47_trimmed_bismark_bt2.CpG",8862,7335,1527,8862
"16048","07_report/CpG_context_sampling_26932_48_trimmed_bismark_bt2.CpG",8637,7212,1425,8637
"16049","07_report/CpG_context_sampling_26932_49_trimmed_bismark_bt2.CpG",8831,7347,1484,8831
"16050","07_report/CpG_context_sampling_26932_50_trimmed_bismark_bt2.CpG",8715,7305,1410,8715
"16051","07_report/CpG_context_sampling_26932_51_trimmed_bismark_bt2.CpG",8738,7264,1474,8738
"16052","07_report/CpG_context_sampling_26932_52_trimmed_bismark_bt2.CpG",8751,7317,1434,8751
"16053","07_report/CpG_context_sampling_26932_53_trimmed_bismark_bt2.CpG",8709,7220,1489,8709
"16054","07_report/CpG_context_sampling_26932_54_trimmed_bismark_bt2.CpG",8779,7336,1443,8779
"16055","07_report/CpG_context_sampling_26932_55_trimmed_bismark_bt2.CpG",8668,7245,1423,8668
"16056","07_report/CpG_context_sampling_26932_56_trimmed_bismark_bt2.CpG",8669,7200,1469,8669
"16057","07_report/CpG_context_sampling_26932_57_trimmed_bismark_bt2.CpG",8858,7389,1469,8858
"16058","07_report/CpG_context_sampling_26932_58_trimmed_bismark_bt2.CpG",8621,7097,1524,8621
"16059","07_report/CpG_context_sampling_26932_59_trimmed_bismark_bt2.CpG",8670,7206,1464,8670
"16060","07_report/CpG_context_sampling_26932_60_trimmed_bismark_bt2.CpG",8691,7243,1448,8691
"16061","07_report/CpG_context_sampling_26932_61_trimmed_bismark_bt2.CpG",8743,7303,1440,8743
"16062","07_report/CpG_context_sampling_26932_62_trimmed_bismark_bt2.CpG",8836,7288,1548,8836
"16063","07_report/CpG_context_sampling_26932_63_trimmed_bismark_bt2.CpG",8795,7303,1492,8795
"16064","07_report/CpG_context_sampling_26932_64_trimmed_bismark_bt2.CpG",8784,7307,1477,8784
"16065","07_report/CpG_context_sampling_26932_65_trimmed_bismark_bt2.CpG",8756,7258,1498,8756
"16066","07_report/CpG_context_sampling_26932_66_trimmed_bismark_bt2.CpG",8685,7189,1496,8685
"16067","07_report/CpG_context_sampling_26932_67_trimmed_bismark_bt2.CpG",8785,7249,1536,8785
"16068","07_report/CpG_context_sampling_26932_68_trimmed_bismark_bt2.CpG",8727,7293,1434,8727
"16069","07_report/CpG_context_sampling_26932_69_trimmed_bismark_bt2.CpG",8742,7268,1474,8742
"16070","07_report/CpG_context_sampling_26932_70_trimmed_bismark_bt2.CpG",8766,7266,1500,8766
"16071","07_report/CpG_context_sampling_26932_71_trimmed_bismark_bt2.CpG",8617,7187,1430,8617
"16072","07_report/CpG_context_sampling_26932_72_trimmed_bismark_bt2.CpG",8620,7128,1492,8620
"16073","07_report/CpG_context_sampling_26932_73_trimmed_bismark_bt2.CpG",8824,7334,1490,8824
"16074","07_report/CpG_context_sampling_26932_74_trimmed_bismark_bt2.CpG",8757,7260,1497,8757
"16075","07_report/CpG_context_sampling_26932_75_trimmed_bismark_bt2.CpG",8763,7254,1509,8763
"16076","07_report/CpG_context_sampling_26932_76_trimmed_bismark_bt2.CpG",8636,7232,1404,8636
"16077","07_report/CpG_context_sampling_26932_77_trimmed_bismark_bt2.CpG",8870,7457,1413,8870
"16078","07_report/CpG_context_sampling_26932_78_trimmed_bismark_bt2.CpG",8699,7254,1445,8699
"16079","07_report/CpG_context_sampling_26932_79_trimmed_bismark_bt2.CpG",8710,7298,1412,8710
"16080","07_report/CpG_context_sampling_26932_80_trimmed_bismark_bt2.CpG",8661,7163,1498,8661
"16081","07_report/CpG_context_sampling_26932_81_trimmed_bismark_bt2.CpG",8684,7203,1481,8684
"16082","07_report/CpG_context_sampling_26932_82_trimmed_bismark_bt2.CpG",8669,7204,1465,8669
"16083","07_report/CpG_context_sampling_26932_83_trimmed_bismark_bt2.CpG",8652,7224,1428,8652
"16084","07_report/CpG_context_sampling_26932_84_trimmed_bismark_bt2.CpG",8695,7297,1398,8695
"16085","07_report/CpG_context_sampling_26932_85_trimmed_bismark_bt2.CpG",8606,7079,1527,8606
"16086","07_report/CpG_context_sampling_26932_86_trimmed_bismark_bt2.CpG",8652,7162,1490,8652
"16087","07_report/CpG_context_sampling_26932_87_trimmed_bismark_bt2.CpG",8733,7295,1438,8733
"16088","07_report/CpG_context_sampling_26932_88_trimmed_bismark_bt2.CpG",8591,7164,1427,8591
"16089","07_report/CpG_context_sampling_26932_89_trimmed_bismark_bt2.CpG",8731,7276,1455,8731
"16090","07_report/CpG_context_sampling_26932_90_trimmed_bismark_bt2.CpG",8739,7237,1502,8739
"16091","07_report/CpG_context_sampling_26932_91_trimmed_bismark_bt2.CpG",8814,7319,1495,8814
"16092","07_report/CpG_context_sampling_26932_92_trimmed_bismark_bt2.CpG",8729,7271,1458,8729
"16093","07_report/CpG_context_sampling_26932_93_trimmed_bismark_bt2.CpG",8796,7340,1456,8796
"16094","07_report/CpG_context_sampling_26932_94_trimmed_bismark_bt2.CpG",8662,7220,1442,8662
"16095","07_report/CpG_context_sampling_26932_95_trimmed_bismark_bt2.CpG",8593,7126,1467,8593
"16096","07_report/CpG_context_sampling_26932_96_trimmed_bismark_bt2.CpG",8720,7262,1458,8720
"16097","07_report/CpG_context_sampling_26932_97_trimmed_bismark_bt2.CpG",8742,7263,1479,8742
"16098","07_report/CpG_context_sampling_26932_98_trimmed_bismark_bt2.CpG",8776,7261,1515,8776
"16099","07_report/CpG_context_sampling_26932_99_trimmed_bismark_bt2.CpG",8818,7319,1499,8818
"16100","07_report/CpG_context_sampling_26932_100_trimmed_bismark_bt2.CpG",8728,7308,1420,8728
"16101","07_report/CpG_context_sampling_26932_101_trimmed_bismark_bt2.CpG",8765,7320,1445,8765
"16102","07_report/CpG_context_sampling_26932_102_trimmed_bismark_bt2.CpG",8746,7280,1466,8746
"16103","07_report/CpG_context_sampling_26932_103_trimmed_bismark_bt2.CpG",8715,7260,1455,8715
"16104","07_report/CpG_context_sampling_26932_104_trimmed_bismark_bt2.CpG",8692,7263,1429,8692
"16105","07_report/CpG_context_sampling_26932_105_trimmed_bismark_bt2.CpG",8636,7165,1471,8636
"16106","07_report/CpG_context_sampling_26932_106_trimmed_bismark_bt2.CpG",8733,7298,1435,8733
"16107","07_report/CpG_context_sampling_26932_107_trimmed_bismark_bt2.CpG",8650,7122,1528,8650
"16108","07_report/CpG_context_sampling_26932_108_trimmed_bismark_bt2.CpG",8731,7213,1518,8731
"16109","07_report/CpG_context_sampling_26932_109_trimmed_bismark_bt2.CpG",8723,7251,1472,8723
"16110","07_report/CpG_context_sampling_26932_110_trimmed_bismark_bt2.CpG",8708,7265,1443,8708
"16111","07_report/CpG_context_sampling_26932_111_trimmed_bismark_bt2.CpG",8780,7283,1497,8780
"16112","07_report/CpG_context_sampling_26932_112_trimmed_bismark_bt2.CpG",8761,7295,1466,8761
"16113","07_report/CpG_context_sampling_26932_113_trimmed_bismark_bt2.CpG",8788,7363,1425,8788
"16114","07_report/CpG_context_sampling_26932_114_trimmed_bismark_bt2.CpG",8727,7285,1442,8727
"16115","07_report/CpG_context_sampling_26932_115_trimmed_bismark_bt2.CpG",8762,7287,1475,8762
"16116","07_report/CpG_context_sampling_26932_116_trimmed_bismark_bt2.CpG",8787,7316,1471,8787
"16117","07_report/CpG_context_sampling_26932_117_trimmed_bismark_bt2.CpG",8816,7339,1477,8816
"16118","07_report/CpG_context_sampling_26932_118_trimmed_bismark_bt2.CpG",8658,7201,1457,8658
"16119","07_report/CpG_context_sampling_26932_119_trimmed_bismark_bt2.CpG",8797,7334,1463,8797
"16120","07_report/CpG_context_sampling_26932_120_trimmed_bismark_bt2.CpG",8650,7213,1437,8650
"16121","07_report/CpG_context_sampling_26932_121_trimmed_bismark_bt2.CpG",8769,7259,1510,8769
"16122","07_report/CpG_context_sampling_26932_122_trimmed_bismark_bt2.CpG",8719,7222,1497,8719
"16123","07_report/CpG_context_sampling_26932_123_trimmed_bismark_bt2.CpG",8714,7257,1457,8714
"16124","07_report/CpG_context_sampling_26932_124_trimmed_bismark_bt2.CpG",8560,7170,1390,8560
"16125","07_report/CpG_context_sampling_26932_125_trimmed_bismark_bt2.CpG",8804,7280,1524,8804
"16126","07_report/CpG_context_sampling_26932_126_trimmed_bismark_bt2.CpG",8800,7334,1466,8800
"16127","07_report/CpG_context_sampling_26932_127_trimmed_bismark_bt2.CpG",8575,7153,1422,8575
"16128","07_report/CpG_context_sampling_26932_128_trimmed_bismark_bt2.CpG",8680,7247,1433,8680
"16129","07_report/CpG_context_sampling_26932_129_trimmed_bismark_bt2.CpG",8751,7292,1459,8751
"16130","07_report/CpG_context_sampling_26932_130_trimmed_bismark_bt2.CpG",8712,7272,1440,8712
"16131","07_report/CpG_context_sampling_26932_131_trimmed_bismark_bt2.CpG",8672,7238,1434,8672
"16132","07_report/CpG_context_sampling_26932_132_trimmed_bismark_bt2.CpG",8611,7182,1429,8611
"16133","07_report/CpG_context_sampling_26932_133_trimmed_bismark_bt2.CpG",8732,7299,1433,8732
"16134","07_report/CpG_context_sampling_26932_134_trimmed_bismark_bt2.CpG",8630,7195,1435,8630
"16135","07_report/CpG_context_sampling_26932_135_trimmed_bismark_bt2.CpG",8643,7186,1457,8643
"16136","07_report/CpG_context_sampling_26932_136_trimmed_bismark_bt2.CpG",8781,7262,1519,8781
"16137","07_report/CpG_context_sampling_26932_137_trimmed_bismark_bt2.CpG",8771,7312,1459,8771
"16138","07_report/CpG_context_sampling_26932_138_trimmed_bismark_bt2.CpG",8782,7245,1537,8782
"16139","07_report/CpG_context_sampling_26932_139_trimmed_bismark_bt2.CpG",8758,7343,1415,8758
"16140","07_report/CpG_context_sampling_26932_140_trimmed_bismark_bt2.CpG",8513,7063,1450,8513
"16141","07_report/CpG_context_sampling_26932_141_trimmed_bismark_bt2.CpG",8621,7110,1511,8621
"16142","07_report/CpG_context_sampling_26932_142_trimmed_bismark_bt2.CpG",8744,7209,1535,8744
"16143","07_report/CpG_context_sampling_26932_143_trimmed_bismark_bt2.CpG",8733,7311,1422,8733
"16144","07_report/CpG_context_sampling_26932_144_trimmed_bismark_bt2.CpG",8917,7416,1501,8917
"16145","07_report/CpG_context_sampling_26932_145_trimmed_bismark_bt2.CpG",8748,7234,1514,8748
"16146","07_report/CpG_context_sampling_26932_146_trimmed_bismark_bt2.CpG",8770,7297,1473,8770
"16147","07_report/CpG_context_sampling_26932_147_trimmed_bismark_bt2.CpG",8748,7343,1405,8748
"16148","07_report/CpG_context_sampling_26932_148_trimmed_bismark_bt2.CpG",8752,7357,1395,8752
"16149","07_report/CpG_context_sampling_26932_149_trimmed_bismark_bt2.CpG",8710,7174,1536,8710
"16150","07_report/CpG_context_sampling_26932_150_trimmed_bismark_bt2.CpG",8564,7098,1466,8564
"16151","07_report/CpG_context_sampling_26932_151_trimmed_bismark_bt2.CpG",8640,7160,1480,8640
"16152","07_report/CpG_context_sampling_26932_152_trimmed_bismark_bt2.CpG",8715,7261,1454,8715
"16153","07_report/CpG_context_sampling_26932_153_trimmed_bismark_bt2.CpG",8713,7283,1430,8713
"16154","07_report/CpG_context_sampling_26932_154_trimmed_bismark_bt2.CpG",8604,7140,1464,8604
"16155","07_report/CpG_context_sampling_26932_155_trimmed_bismark_bt2.CpG",8649,7208,1441,8649
"16156","07_report/CpG_context_sampling_26932_156_trimmed_bismark_bt2.CpG",8644,7138,1506,8644
"16157","07_report/CpG_context_sampling_26932_157_trimmed_bismark_bt2.CpG",8605,7146,1459,8605
"16158","07_report/CpG_context_sampling_26932_158_trimmed_bismark_bt2.CpG",8760,7225,1535,8760
"16159","07_report/CpG_context_sampling_26932_159_trimmed_bismark_bt2.CpG",8746,7241,1505,8746
"16160","07_report/CpG_context_sampling_26932_160_trimmed_bismark_bt2.CpG",8676,7213,1463,8676
"16161","07_report/CpG_context_sampling_26932_161_trimmed_bismark_bt2.CpG",8739,7248,1491,8739
"16162","07_report/CpG_context_sampling_26932_162_trimmed_bismark_bt2.CpG",8690,7219,1471,8690
"16163","07_report/CpG_context_sampling_26932_163_trimmed_bismark_bt2.CpG",8672,7183,1489,8672
"16164","07_report/CpG_context_sampling_26932_164_trimmed_bismark_bt2.CpG",8715,7291,1424,8715
"16165","07_report/CpG_context_sampling_26932_165_trimmed_bismark_bt2.CpG",8711,7235,1476,8711
"16166","07_report/CpG_context_sampling_26932_166_trimmed_bismark_bt2.CpG",8774,7307,1467,8774
"16167","07_report/CpG_context_sampling_26932_167_trimmed_bismark_bt2.CpG",8714,7300,1414,8714
"16168","07_report/CpG_context_sampling_26932_168_trimmed_bismark_bt2.CpG",8751,7270,1481,8751
"16169","07_report/CpG_context_sampling_26932_169_trimmed_bismark_bt2.CpG",8801,7323,1478,8801
"16170","07_report/CpG_context_sampling_26932_170_trimmed_bismark_bt2.CpG",8649,7267,1382,8649
"16171","07_report/CpG_context_sampling_26932_171_trimmed_bismark_bt2.CpG",8678,7246,1432,8678
"16172","07_report/CpG_context_sampling_26932_172_trimmed_bismark_bt2.CpG",8632,7172,1460,8632
"16173","07_report/CpG_context_sampling_26932_173_trimmed_bismark_bt2.CpG",8774,7280,1494,8774
"16174","07_report/CpG_context_sampling_26932_174_trimmed_bismark_bt2.CpG",8598,7077,1521,8598
"16175","07_report/CpG_context_sampling_26932_175_trimmed_bismark_bt2.CpG",8814,7358,1456,8814
"16176","07_report/CpG_context_sampling_26932_176_trimmed_bismark_bt2.CpG",8874,7335,1539,8874
"16177","07_report/CpG_context_sampling_26932_177_trimmed_bismark_bt2.CpG",8581,7184,1397,8581
"16178","07_report/CpG_context_sampling_26932_178_trimmed_bismark_bt2.CpG",8544,7105,1439,8544
"16179","07_report/CpG_context_sampling_26932_179_trimmed_bismark_bt2.CpG",8690,7281,1409,8690
"16180","07_report/CpG_context_sampling_26932_180_trimmed_bismark_bt2.CpG",8759,7339,1420,8759
"16181","07_report/CpG_context_sampling_26932_181_trimmed_bismark_bt2.CpG",8720,7215,1505,8720
"16182","07_report/CpG_context_sampling_26932_182_trimmed_bismark_bt2.CpG",8658,7159,1499,8658
"16183","07_report/CpG_context_sampling_26932_183_trimmed_bismark_bt2.CpG",8744,7194,1550,8744
"16184","07_report/CpG_context_sampling_26932_184_trimmed_bismark_bt2.CpG",8611,7199,1412,8611
"16185","07_report/CpG_context_sampling_26932_185_trimmed_bismark_bt2.CpG",8684,7217,1467,8684
"16186","07_report/CpG_context_sampling_26932_186_trimmed_bismark_bt2.CpG",8767,7305,1462,8767
"16187","07_report/CpG_context_sampling_26932_187_trimmed_bismark_bt2.CpG",8742,7274,1468,8742
"16188","07_report/CpG_context_sampling_26932_188_trimmed_bismark_bt2.CpG",8685,7243,1442,8685
"16189","07_report/CpG_context_sampling_26932_189_trimmed_bismark_bt2.CpG",8672,7226,1446,8672
"16190","07_report/CpG_context_sampling_26932_190_trimmed_bismark_bt2.CpG",8757,7266,1491,8757
"16191","07_report/CpG_context_sampling_26932_191_trimmed_bismark_bt2.CpG",8618,7121,1497,8618
"16192","07_report/CpG_context_sampling_26932_192_trimmed_bismark_bt2.CpG",8748,7277,1471,8748
"16193","07_report/CpG_context_sampling_26932_193_trimmed_bismark_bt2.CpG",8836,7308,1528,8836
"16194","07_report/CpG_context_sampling_26932_194_trimmed_bismark_bt2.CpG",8663,7235,1428,8663
"16195","07_report/CpG_context_sampling_26932_195_trimmed_bismark_bt2.CpG",8689,7249,1440,8689
"16196","07_report/CpG_context_sampling_26932_196_trimmed_bismark_bt2.CpG",8722,7278,1444,8722
"16197","07_report/CpG_context_sampling_26932_197_trimmed_bismark_bt2.CpG",8810,7309,1501,8810
"16198","07_report/CpG_context_sampling_26932_198_trimmed_bismark_bt2.CpG",8601,7138,1463,8601
"16199","07_report/CpG_context_sampling_26932_199_trimmed_bismark_bt2.CpG",8776,7309,1467,8776
"16200","07_report/CpG_context_sampling_26932_200_trimmed_bismark_bt2.CpG",8614,7167,1447,8614
"16201","07_report/CpG_context_sampling_26932_201_trimmed_bismark_bt2.CpG",8758,7305,1453,8758
"16202","07_report/CpG_context_sampling_26932_202_trimmed_bismark_bt2.CpG",8800,7337,1463,8800
"16203","07_report/CpG_context_sampling_26932_203_trimmed_bismark_bt2.CpG",8828,7266,1562,8828
"16204","07_report/CpG_context_sampling_26932_204_trimmed_bismark_bt2.CpG",8714,7187,1527,8714
"16205","07_report/CpG_context_sampling_26932_205_trimmed_bismark_bt2.CpG",8719,7257,1462,8719
"16206","07_report/CpG_context_sampling_26932_206_trimmed_bismark_bt2.CpG",8758,7310,1448,8758
"16207","07_report/CpG_context_sampling_26932_207_trimmed_bismark_bt2.CpG",8723,7268,1455,8723
"16208","07_report/CpG_context_sampling_26932_208_trimmed_bismark_bt2.CpG",8616,7187,1429,8616
"16209","07_report/CpG_context_sampling_26932_209_trimmed_bismark_bt2.CpG",8637,7151,1486,8637
"16210","07_report/CpG_context_sampling_26932_210_trimmed_bismark_bt2.CpG",8774,7274,1500,8774
"16211","07_report/CpG_context_sampling_26932_211_trimmed_bismark_bt2.CpG",8524,7083,1441,8524
"16212","07_report/CpG_context_sampling_26932_212_trimmed_bismark_bt2.CpG",8764,7257,1507,8764
"16213","07_report/CpG_context_sampling_26932_213_trimmed_bismark_bt2.CpG",8770,7269,1501,8770
"16214","07_report/CpG_context_sampling_26932_214_trimmed_bismark_bt2.CpG",8773,7329,1444,8773
"16215","07_report/CpG_context_sampling_26932_215_trimmed_bismark_bt2.CpG",8746,7250,1496,8746
"16216","07_report/CpG_context_sampling_26932_216_trimmed_bismark_bt2.CpG",8835,7364,1471,8835
"16217","07_report/CpG_context_sampling_26932_217_trimmed_bismark_bt2.CpG",8652,7193,1459,8652
"16218","07_report/CpG_context_sampling_26932_218_trimmed_bismark_bt2.CpG",8608,7168,1440,8608
"16219","07_report/CpG_context_sampling_26932_219_trimmed_bismark_bt2.CpG",8725,7276,1449,8725
"16220","07_report/CpG_context_sampling_26932_220_trimmed_bismark_bt2.CpG",8781,7334,1447,8781
"16221","07_report/CpG_context_sampling_26932_221_trimmed_bismark_bt2.CpG",8813,7316,1497,8813
"16222","07_report/CpG_context_sampling_26932_222_trimmed_bismark_bt2.CpG",8654,7210,1444,8654
"16223","07_report/CpG_context_sampling_26932_223_trimmed_bismark_bt2.CpG",8618,7178,1440,8618
"16224","07_report/CpG_context_sampling_26932_224_trimmed_bismark_bt2.CpG",8809,7336,1473,8809
"16225","07_report/CpG_context_sampling_26932_225_trimmed_bismark_bt2.CpG",8700,7228,1472,8700
"16226","07_report/CpG_context_sampling_26932_226_trimmed_bismark_bt2.CpG",8699,7300,1399,8699
"16227","07_report/CpG_context_sampling_26932_227_trimmed_bismark_bt2.CpG",8637,7181,1456,8637
"16228","07_report/CpG_context_sampling_26932_228_trimmed_bismark_bt2.CpG",8631,7214,1417,8631
"16229","07_report/CpG_context_sampling_26932_229_trimmed_bismark_bt2.CpG",8604,7171,1433,8604
"16230","07_report/CpG_context_sampling_26932_230_trimmed_bismark_bt2.CpG",8741,7263,1478,8741
"16231","07_report/CpG_context_sampling_26932_231_trimmed_bismark_bt2.CpG",8576,7113,1463,8576
"16232","07_report/CpG_context_sampling_26932_232_trimmed_bismark_bt2.CpG",8645,7202,1443,8645
"16233","07_report/CpG_context_sampling_26932_233_trimmed_bismark_bt2.CpG",8761,7264,1497,8761
"16234","07_report/CpG_context_sampling_26932_234_trimmed_bismark_bt2.CpG",8720,7264,1456,8720
"16235","07_report/CpG_context_sampling_26932_235_trimmed_bismark_bt2.CpG",8823,7325,1498,8823
"16236","07_report/CpG_context_sampling_26932_236_trimmed_bismark_bt2.CpG",8826,7409,1417,8826
"16237","07_report/CpG_context_sampling_26932_237_trimmed_bismark_bt2.CpG",8635,7141,1494,8635
"16238","07_report/CpG_context_sampling_26932_238_trimmed_bismark_bt2.CpG",8635,7134,1501,8635
"16239","07_report/CpG_context_sampling_26932_239_trimmed_bismark_bt2.CpG",8887,7434,1453,8887
"16240","07_report/CpG_context_sampling_26932_240_trimmed_bismark_bt2.CpG",8701,7243,1458,8701
"16241","07_report/CpG_context_sampling_26932_241_trimmed_bismark_bt2.CpG",8714,7208,1506,8714
"16242","07_report/CpG_context_sampling_26932_242_trimmed_bismark_bt2.CpG",8663,7256,1407,8663
"16243","07_report/CpG_context_sampling_26932_243_trimmed_bismark_bt2.CpG",8762,7247,1515,8762
"16244","07_report/CpG_context_sampling_26932_244_trimmed_bismark_bt2.CpG",8752,7296,1456,8752
"16245","07_report/CpG_context_sampling_26932_245_trimmed_bismark_bt2.CpG",8823,7345,1478,8823
"16246","07_report/CpG_context_sampling_26932_246_trimmed_bismark_bt2.CpG",8697,7269,1428,8697
"16247","07_report/CpG_context_sampling_26932_247_trimmed_bismark_bt2.CpG",8701,7235,1466,8701
"16248","07_report/CpG_context_sampling_26932_248_trimmed_bismark_bt2.CpG",8811,7355,1456,8811
"16249","07_report/CpG_context_sampling_26932_249_trimmed_bismark_bt2.CpG",8621,7215,1406,8621
"16250","07_report/CpG_context_sampling_26932_250_trimmed_bismark_bt2.CpG",8611,7120,1491,8611
"16251","07_report/CpG_context_sampling_26932_251_trimmed_bismark_bt2.CpG",8453,7094,1359,8453
"16252","07_report/CpG_context_sampling_26932_252_trimmed_bismark_bt2.CpG",8673,7253,1420,8673
"16253","07_report/CpG_context_sampling_26932_253_trimmed_bismark_bt2.CpG",8693,7202,1491,8693
"16254","07_report/CpG_context_sampling_26932_254_trimmed_bismark_bt2.CpG",8643,7172,1471,8643
"16255","07_report/CpG_context_sampling_26932_255_trimmed_bismark_bt2.CpG",8688,7212,1476,8688
"16256","07_report/CpG_context_sampling_26932_256_trimmed_bismark_bt2.CpG",8712,7225,1487,8712
"16257","07_report/CpG_context_sampling_26932_257_trimmed_bismark_bt2.CpG",8717,7215,1502,8717
"16258","07_report/CpG_context_sampling_26932_258_trimmed_bismark_bt2.CpG",8683,7214,1469,8683
"16259","07_report/CpG_context_sampling_26932_259_trimmed_bismark_bt2.CpG",8569,7094,1475,8569
"16260","07_report/CpG_context_sampling_26932_260_trimmed_bismark_bt2.CpG",8774,7288,1486,8774
"16261","07_report/CpG_context_sampling_26932_261_trimmed_bismark_bt2.CpG",8774,7302,1472,8774
"16262","07_report/CpG_context_sampling_26932_262_trimmed_bismark_bt2.CpG",8691,7195,1496,8691
"16263","07_report/CpG_context_sampling_26932_263_trimmed_bismark_bt2.CpG",8631,7176,1455,8631
"16264","07_report/CpG_context_sampling_26932_264_trimmed_bismark_bt2.CpG",8629,7158,1471,8629
"16265","07_report/CpG_context_sampling_26932_265_trimmed_bismark_bt2.CpG",8713,7248,1465,8713
"16266","07_report/CpG_context_sampling_26932_266_trimmed_bismark_bt2.CpG",8769,7317,1452,8769
"16267","07_report/CpG_context_sampling_26932_267_trimmed_bismark_bt2.CpG",8710,7198,1512,8710
"16268","07_report/CpG_context_sampling_26932_268_trimmed_bismark_bt2.CpG",8638,7117,1521,8638
"16269","07_report/CpG_context_sampling_26932_269_trimmed_bismark_bt2.CpG",8608,7209,1399,8608
"16270","07_report/CpG_context_sampling_26932_270_trimmed_bismark_bt2.CpG",8690,7149,1541,8690
"16271","07_report/CpG_context_sampling_26932_271_trimmed_bismark_bt2.CpG",8673,7161,1512,8673
"16272","07_report/CpG_context_sampling_26932_272_trimmed_bismark_bt2.CpG",8707,7167,1540,8707
"16273","07_report/CpG_context_sampling_26932_273_trimmed_bismark_bt2.CpG",8768,7278,1490,8768
"16274","07_report/CpG_context_sampling_26932_274_trimmed_bismark_bt2.CpG",8612,7124,1488,8612
"16275","07_report/CpG_context_sampling_26932_275_trimmed_bismark_bt2.CpG",8778,7356,1422,8778
"16276","07_report/CpG_context_sampling_26932_276_trimmed_bismark_bt2.CpG",8750,7209,1541,8750
"16277","07_report/CpG_context_sampling_26932_277_trimmed_bismark_bt2.CpG",8554,7151,1403,8554
"16278","07_report/CpG_context_sampling_26932_278_trimmed_bismark_bt2.CpG",8618,7117,1501,8618
"16279","07_report/CpG_context_sampling_26932_279_trimmed_bismark_bt2.CpG",8710,7203,1507,8710
"16280","07_report/CpG_context_sampling_26932_280_trimmed_bismark_bt2.CpG",8671,7172,1499,8671
"16281","07_report/CpG_context_sampling_26932_281_trimmed_bismark_bt2.CpG",8771,7289,1482,8771
"16282","07_report/CpG_context_sampling_26932_282_trimmed_bismark_bt2.CpG",8633,7147,1486,8633
"16283","07_report/CpG_context_sampling_26932_283_trimmed_bismark_bt2.CpG",8653,7237,1416,8653
"16284","07_report/CpG_context_sampling_26932_284_trimmed_bismark_bt2.CpG",8720,7280,1440,8720
"16285","07_report/CpG_context_sampling_26932_285_trimmed_bismark_bt2.CpG",8791,7319,1472,8791
"16286","07_report/CpG_context_sampling_26932_286_trimmed_bismark_bt2.CpG",8739,7286,1453,8739
"16287","07_report/CpG_context_sampling_26932_287_trimmed_bismark_bt2.CpG",8788,7281,1507,8788
"16288","07_report/CpG_context_sampling_26932_288_trimmed_bismark_bt2.CpG",8691,7207,1484,8691
"16289","07_report/CpG_context_sampling_26932_289_trimmed_bismark_bt2.CpG",8619,7103,1516,8619
"16290","07_report/CpG_context_sampling_26932_290_trimmed_bismark_bt2.CpG",8812,7382,1430,8812
"16291","07_report/CpG_context_sampling_26932_291_trimmed_bismark_bt2.CpG",8676,7183,1493,8676
"16292","07_report/CpG_context_sampling_26932_292_trimmed_bismark_bt2.CpG",8641,7198,1443,8641
"16293","07_report/CpG_context_sampling_26932_293_trimmed_bismark_bt2.CpG",8619,7174,1445,8619
"16294","07_report/CpG_context_sampling_26932_294_trimmed_bismark_bt2.CpG",8686,7252,1434,8686
"16295","07_report/CpG_context_sampling_26932_295_trimmed_bismark_bt2.CpG",8646,7209,1437,8646
"16296","07_report/CpG_context_sampling_26932_296_trimmed_bismark_bt2.CpG",8567,7151,1416,8567
"16297","07_report/CpG_context_sampling_26932_297_trimmed_bismark_bt2.CpG",8700,7206,1494,8700
"16298","07_report/CpG_context_sampling_26932_298_trimmed_bismark_bt2.CpG",8730,7213,1517,8730
"16299","07_report/CpG_context_sampling_26932_299_trimmed_bismark_bt2.CpG",8717,7290,1427,8717
"16300","07_report/CpG_context_sampling_26932_300_trimmed_bismark_bt2.CpG",8816,7285,1531,8816
"16301","07_report/CpG_context_sampling_26932_301_trimmed_bismark_bt2.CpG",8729,7246,1483,8729
"16302","07_report/CpG_context_sampling_26932_302_trimmed_bismark_bt2.CpG",8642,7146,1496,8642
"16303","07_report/CpG_context_sampling_26932_303_trimmed_bismark_bt2.CpG",8642,7221,1421,8642
"16304","07_report/CpG_context_sampling_26932_304_trimmed_bismark_bt2.CpG",8735,7288,1447,8735
"16305","07_report/CpG_context_sampling_26932_305_trimmed_bismark_bt2.CpG",8768,7273,1495,8768
"16306","07_report/CpG_context_sampling_26932_306_trimmed_bismark_bt2.CpG",8762,7330,1432,8762
"16307","07_report/CpG_context_sampling_26932_307_trimmed_bismark_bt2.CpG",8780,7248,1532,8780
"16308","07_report/CpG_context_sampling_26932_308_trimmed_bismark_bt2.CpG",8772,7243,1529,8772
"16309","07_report/CpG_context_sampling_26932_309_trimmed_bismark_bt2.CpG",8722,7263,1459,8722
"16310","07_report/CpG_context_sampling_26932_310_trimmed_bismark_bt2.CpG",8744,7259,1485,8744
"16311","07_report/CpG_context_sampling_26932_311_trimmed_bismark_bt2.CpG",8597,7152,1445,8597
"16312","07_report/CpG_context_sampling_26932_312_trimmed_bismark_bt2.CpG",8656,7177,1479,8656
"16313","07_report/CpG_context_sampling_26932_313_trimmed_bismark_bt2.CpG",8586,7129,1457,8586
"16314","07_report/CpG_context_sampling_26932_314_trimmed_bismark_bt2.CpG",8802,7297,1505,8802
"16315","07_report/CpG_context_sampling_26932_315_trimmed_bismark_bt2.CpG",8689,7238,1451,8689
"16316","07_report/CpG_context_sampling_26932_316_trimmed_bismark_bt2.CpG",8725,7309,1416,8725
"16317","07_report/CpG_context_sampling_26932_317_trimmed_bismark_bt2.CpG",8553,7089,1464,8553
"16318","07_report/CpG_context_sampling_26932_318_trimmed_bismark_bt2.CpG",8754,7306,1448,8754
"16319","07_report/CpG_context_sampling_26932_319_trimmed_bismark_bt2.CpG",8631,7184,1447,8631
"16320","07_report/CpG_context_sampling_26932_320_trimmed_bismark_bt2.CpG",8631,7182,1449,8631
"16321","07_report/CpG_context_sampling_26932_321_trimmed_bismark_bt2.CpG",8793,7332,1461,8793
"16322","07_report/CpG_context_sampling_26932_322_trimmed_bismark_bt2.CpG",8746,7226,1520,8746
"16323","07_report/CpG_context_sampling_26932_323_trimmed_bismark_bt2.CpG",8761,7264,1497,8761
"16324","07_report/CpG_context_sampling_26932_324_trimmed_bismark_bt2.CpG",8724,7255,1469,8724
"16325","07_report/CpG_context_sampling_26932_325_trimmed_bismark_bt2.CpG",8782,7272,1510,8782
"16326","07_report/CpG_context_sampling_26932_326_trimmed_bismark_bt2.CpG",8692,7250,1442,8692
"16327","07_report/CpG_context_sampling_26932_327_trimmed_bismark_bt2.CpG",8781,7322,1459,8781
"16328","07_report/CpG_context_sampling_26932_328_trimmed_bismark_bt2.CpG",8768,7240,1528,8768
"16329","07_report/CpG_context_sampling_26932_329_trimmed_bismark_bt2.CpG",8821,7328,1493,8821
"16330","07_report/CpG_context_sampling_26932_330_trimmed_bismark_bt2.CpG",8676,7221,1455,8676
"16331","07_report/CpG_context_sampling_26932_331_trimmed_bismark_bt2.CpG",8737,7200,1537,8737
"16332","07_report/CpG_context_sampling_26932_332_trimmed_bismark_bt2.CpG",8727,7262,1465,8727
"16333","07_report/CpG_context_sampling_26932_333_trimmed_bismark_bt2.CpG",8738,7302,1436,8738
"16334","07_report/CpG_context_sampling_26932_334_trimmed_bismark_bt2.CpG",8619,7197,1422,8619
"16335","07_report/CpG_context_sampling_26932_335_trimmed_bismark_bt2.CpG",8796,7301,1495,8796
"16336","07_report/CpG_context_sampling_26932_336_trimmed_bismark_bt2.CpG",8873,7371,1502,8873
"16337","07_report/CpG_context_sampling_26932_337_trimmed_bismark_bt2.CpG",8770,7345,1425,8770
"16338","07_report/CpG_context_sampling_26932_338_trimmed_bismark_bt2.CpG",8728,7277,1451,8728
"16339","07_report/CpG_context_sampling_26932_339_trimmed_bismark_bt2.CpG",8695,7234,1461,8695
"16340","07_report/CpG_context_sampling_26932_340_trimmed_bismark_bt2.CpG",8726,7240,1486,8726
"16341","07_report/CpG_context_sampling_26932_341_trimmed_bismark_bt2.CpG",8833,7280,1553,8833
"16342","07_report/CpG_context_sampling_26932_342_trimmed_bismark_bt2.CpG",8758,7287,1471,8758
"16343","07_report/CpG_context_sampling_26932_343_trimmed_bismark_bt2.CpG",8715,7236,1479,8715
"16344","07_report/CpG_context_sampling_26932_344_trimmed_bismark_bt2.CpG",8743,7303,1440,8743
"16345","07_report/CpG_context_sampling_26932_345_trimmed_bismark_bt2.CpG",8834,7367,1467,8834
"16346","07_report/CpG_context_sampling_26932_346_trimmed_bismark_bt2.CpG",8611,7136,1475,8611
"16347","07_report/CpG_context_sampling_26932_347_trimmed_bismark_bt2.CpG",8788,7330,1458,8788
"16348","07_report/CpG_context_sampling_26932_348_trimmed_bismark_bt2.CpG",8782,7294,1488,8782
"16349","07_report/CpG_context_sampling_26932_349_trimmed_bismark_bt2.CpG",8772,7285,1487,8772
"16350","07_report/CpG_context_sampling_26932_350_trimmed_bismark_bt2.CpG",8683,7215,1468,8683
"16351","07_report/CpG_context_sampling_26932_351_trimmed_bismark_bt2.CpG",8708,7288,1420,8708
"16352","07_report/CpG_context_sampling_26932_352_trimmed_bismark_bt2.CpG",8672,7188,1484,8672
"16353","07_report/CpG_context_sampling_26932_353_trimmed_bismark_bt2.CpG",8740,7221,1519,8740
"16354","07_report/CpG_context_sampling_26932_354_trimmed_bismark_bt2.CpG",8718,7309,1409,8718
"16355","07_report/CpG_context_sampling_26932_355_trimmed_bismark_bt2.CpG",8718,7255,1463,8718
"16356","07_report/CpG_context_sampling_26932_356_trimmed_bismark_bt2.CpG",8654,7190,1464,8654
"16357","07_report/CpG_context_sampling_26932_357_trimmed_bismark_bt2.CpG",8716,7222,1494,8716
"16358","07_report/CpG_context_sampling_26932_358_trimmed_bismark_bt2.CpG",8605,7145,1460,8605
"16359","07_report/CpG_context_sampling_26932_359_trimmed_bismark_bt2.CpG",8819,7325,1494,8819
"16360","07_report/CpG_context_sampling_26932_360_trimmed_bismark_bt2.CpG",8780,7281,1499,8780
"16361","07_report/CpG_context_sampling_26932_361_trimmed_bismark_bt2.CpG",8655,7225,1430,8655
"16362","07_report/CpG_context_sampling_26932_362_trimmed_bismark_bt2.CpG",8755,7256,1499,8755
"16363","07_report/CpG_context_sampling_26932_363_trimmed_bismark_bt2.CpG",8625,7227,1398,8625
"16364","07_report/CpG_context_sampling_26932_364_trimmed_bismark_bt2.CpG",8779,7286,1493,8779
"16365","07_report/CpG_context_sampling_26932_365_trimmed_bismark_bt2.CpG",8547,7092,1455,8547
"16366","07_report/CpG_context_sampling_26932_366_trimmed_bismark_bt2.CpG",8635,7186,1449,8635
"16367","07_report/CpG_context_sampling_26932_367_trimmed_bismark_bt2.CpG",8773,7248,1525,8773
"16368","07_report/CpG_context_sampling_26932_368_trimmed_bismark_bt2.CpG",8776,7313,1463,8776
"16369","07_report/CpG_context_sampling_26932_369_trimmed_bismark_bt2.CpG",8742,7277,1465,8742
"16370","07_report/CpG_context_sampling_26932_370_trimmed_bismark_bt2.CpG",8613,7194,1419,8613
"16371","07_report/CpG_context_sampling_26932_371_trimmed_bismark_bt2.CpG",8712,7294,1418,8712
"16372","07_report/CpG_context_sampling_26932_372_trimmed_bismark_bt2.CpG",8649,7188,1461,8649
"16373","07_report/CpG_context_sampling_26932_373_trimmed_bismark_bt2.CpG",8722,7288,1434,8722
"16374","07_report/CpG_context_sampling_26932_374_trimmed_bismark_bt2.CpG",8756,7233,1523,8756
"16375","07_report/CpG_context_sampling_26932_375_trimmed_bismark_bt2.CpG",8528,7089,1439,8528
"16376","07_report/CpG_context_sampling_26932_376_trimmed_bismark_bt2.CpG",8600,7114,1486,8600
"16377","07_report/CpG_context_sampling_26932_377_trimmed_bismark_bt2.CpG",8619,7169,1450,8619
"16378","07_report/CpG_context_sampling_26932_378_trimmed_bismark_bt2.CpG",8799,7347,1452,8799
"16379","07_report/CpG_context_sampling_26932_379_trimmed_bismark_bt2.CpG",8797,7321,1476,8797
"16380","07_report/CpG_context_sampling_26932_380_trimmed_bismark_bt2.CpG",8713,7276,1437,8713
"16381","07_report/CpG_context_sampling_26932_381_trimmed_bismark_bt2.CpG",8882,7390,1492,8882
"16382","07_report/CpG_context_sampling_26932_382_trimmed_bismark_bt2.CpG",8634,7120,1514,8634
"16383","07_report/CpG_context_sampling_26932_383_trimmed_bismark_bt2.CpG",8600,7146,1454,8600
"16384","07_report/CpG_context_sampling_26932_384_trimmed_bismark_bt2.CpG",8884,7435,1449,8884
"16385","07_report/CpG_context_sampling_26932_385_trimmed_bismark_bt2.CpG",8600,7117,1483,8600
"16386","07_report/CpG_context_sampling_26932_386_trimmed_bismark_bt2.CpG",8704,7273,1431,8704
"16387","07_report/CpG_context_sampling_26932_387_trimmed_bismark_bt2.CpG",8758,7273,1485,8758
"16388","07_report/CpG_context_sampling_26932_388_trimmed_bismark_bt2.CpG",8763,7308,1455,8763
"16389","07_report/CpG_context_sampling_26932_389_trimmed_bismark_bt2.CpG",8577,7128,1449,8577
"16390","07_report/CpG_context_sampling_26932_390_trimmed_bismark_bt2.CpG",8761,7284,1477,8761
"16391","07_report/CpG_context_sampling_26932_391_trimmed_bismark_bt2.CpG",8753,7253,1500,8753
"16392","07_report/CpG_context_sampling_26932_392_trimmed_bismark_bt2.CpG",8710,7201,1509,8710
"16393","07_report/CpG_context_sampling_26932_393_trimmed_bismark_bt2.CpG",8714,7232,1482,8714
"16394","07_report/CpG_context_sampling_26932_394_trimmed_bismark_bt2.CpG",8669,7189,1480,8669
"16395","07_report/CpG_context_sampling_26932_395_trimmed_bismark_bt2.CpG",8749,7273,1476,8749
"16396","07_report/CpG_context_sampling_26932_396_trimmed_bismark_bt2.CpG",8643,7224,1419,8643
"16397","07_report/CpG_context_sampling_26932_397_trimmed_bismark_bt2.CpG",8683,7215,1468,8683
"16398","07_report/CpG_context_sampling_26932_398_trimmed_bismark_bt2.CpG",8658,7204,1454,8658
"16399","07_report/CpG_context_sampling_26932_399_trimmed_bismark_bt2.CpG",8802,7282,1520,8802
"16400","07_report/CpG_context_sampling_26932_400_trimmed_bismark_bt2.CpG",8777,7243,1534,8777
"16401","07_report/CpG_context_sampling_26932_401_trimmed_bismark_bt2.CpG",8723,7268,1455,8723
"16402","07_report/CpG_context_sampling_26932_402_trimmed_bismark_bt2.CpG",8878,7409,1469,8878
"16403","07_report/CpG_context_sampling_26932_403_trimmed_bismark_bt2.CpG",8708,7276,1432,8708
"16404","07_report/CpG_context_sampling_26932_404_trimmed_bismark_bt2.CpG",8677,7213,1464,8677
"16405","07_report/CpG_context_sampling_26932_405_trimmed_bismark_bt2.CpG",8779,7297,1482,8779
"16406","07_report/CpG_context_sampling_26932_406_trimmed_bismark_bt2.CpG",8706,7214,1492,8706
"16407","07_report/CpG_context_sampling_26932_407_trimmed_bismark_bt2.CpG",8821,7383,1438,8821
"16408","07_report/CpG_context_sampling_26932_408_trimmed_bismark_bt2.CpG",8679,7217,1462,8679
"16409","07_report/CpG_context_sampling_26932_409_trimmed_bismark_bt2.CpG",8811,7389,1422,8811
"16410","07_report/CpG_context_sampling_26932_410_trimmed_bismark_bt2.CpG",8779,7270,1509,8779
"16411","07_report/CpG_context_sampling_26932_411_trimmed_bismark_bt2.CpG",8711,7201,1510,8711
"16412","07_report/CpG_context_sampling_26932_412_trimmed_bismark_bt2.CpG",8703,7249,1454,8703
"16413","07_report/CpG_context_sampling_26932_413_trimmed_bismark_bt2.CpG",8820,7333,1487,8820
"16414","07_report/CpG_context_sampling_26932_414_trimmed_bismark_bt2.CpG",8829,7360,1469,8829
"16415","07_report/CpG_context_sampling_26932_415_trimmed_bismark_bt2.CpG",8740,7280,1460,8740
"16416","07_report/CpG_context_sampling_26932_416_trimmed_bismark_bt2.CpG",8635,7163,1472,8635
"16417","07_report/CpG_context_sampling_26932_417_trimmed_bismark_bt2.CpG",8563,7185,1378,8563
"16418","07_report/CpG_context_sampling_26932_418_trimmed_bismark_bt2.CpG",8756,7279,1477,8756
"16419","07_report/CpG_context_sampling_26932_419_trimmed_bismark_bt2.CpG",8739,7159,1580,8739
"16420","07_report/CpG_context_sampling_26932_420_trimmed_bismark_bt2.CpG",8762,7362,1400,8762
"16421","07_report/CpG_context_sampling_26932_421_trimmed_bismark_bt2.CpG",8749,7294,1455,8749
"16422","07_report/CpG_context_sampling_26932_422_trimmed_bismark_bt2.CpG",8737,7245,1492,8737
"16423","07_report/CpG_context_sampling_26932_423_trimmed_bismark_bt2.CpG",8837,7324,1513,8837
"16424","07_report/CpG_context_sampling_26932_424_trimmed_bismark_bt2.CpG",8695,7219,1476,8695
"16425","07_report/CpG_context_sampling_26932_425_trimmed_bismark_bt2.CpG",8640,7217,1423,8640
"16426","07_report/CpG_context_sampling_26932_426_trimmed_bismark_bt2.CpG",8707,7225,1482,8707
"16427","07_report/CpG_context_sampling_26932_427_trimmed_bismark_bt2.CpG",8746,7249,1497,8746
"16428","07_report/CpG_context_sampling_26932_428_trimmed_bismark_bt2.CpG",8692,7226,1466,8692
"16429","07_report/CpG_context_sampling_26932_429_trimmed_bismark_bt2.CpG",8615,7150,1465,8615
"16430","07_report/CpG_context_sampling_26932_430_trimmed_bismark_bt2.CpG",8698,7236,1462,8698
"16431","07_report/CpG_context_sampling_26932_431_trimmed_bismark_bt2.CpG",8710,7190,1520,8710
"16432","07_report/CpG_context_sampling_26932_432_trimmed_bismark_bt2.CpG",8696,7250,1446,8696
"16433","07_report/CpG_context_sampling_26932_433_trimmed_bismark_bt2.CpG",8817,7332,1485,8817
"16434","07_report/CpG_context_sampling_26932_434_trimmed_bismark_bt2.CpG",8674,7215,1459,8674
"16435","07_report/CpG_context_sampling_26932_435_trimmed_bismark_bt2.CpG",8711,7268,1443,8711
"16436","07_report/CpG_context_sampling_26932_436_trimmed_bismark_bt2.CpG",8645,7206,1439,8645
"16437","07_report/CpG_context_sampling_26932_437_trimmed_bismark_bt2.CpG",8647,7146,1501,8647
"16438","07_report/CpG_context_sampling_26932_438_trimmed_bismark_bt2.CpG",8737,7265,1472,8737
"16439","07_report/CpG_context_sampling_26932_439_trimmed_bismark_bt2.CpG",8667,7210,1457,8667
"16440","07_report/CpG_context_sampling_26932_440_trimmed_bismark_bt2.CpG",8640,7168,1472,8640
"16441","07_report/CpG_context_sampling_26932_441_trimmed_bismark_bt2.CpG",8883,7351,1532,8883
"16442","07_report/CpG_context_sampling_26932_442_trimmed_bismark_bt2.CpG",8699,7212,1487,8699
"16443","07_report/CpG_context_sampling_26932_443_trimmed_bismark_bt2.CpG",8554,7114,1440,8554
"16444","07_report/CpG_context_sampling_26932_444_trimmed_bismark_bt2.CpG",8614,7159,1455,8614
"16445","07_report/CpG_context_sampling_26932_445_trimmed_bismark_bt2.CpG",8786,7286,1500,8786
"16446","07_report/CpG_context_sampling_26932_446_trimmed_bismark_bt2.CpG",8642,7182,1460,8642
"16447","07_report/CpG_context_sampling_26932_447_trimmed_bismark_bt2.CpG",8727,7326,1401,8727
"16448","07_report/CpG_context_sampling_26932_448_trimmed_bismark_bt2.CpG",8767,7262,1505,8767
"16449","07_report/CpG_context_sampling_26932_449_trimmed_bismark_bt2.CpG",8649,7176,1473,8649
"16450","07_report/CpG_context_sampling_26932_450_trimmed_bismark_bt2.CpG",8607,7192,1415,8607
"16451","07_report/CpG_context_sampling_26932_451_trimmed_bismark_bt2.CpG",8752,7291,1461,8752
"16452","07_report/CpG_context_sampling_26932_452_trimmed_bismark_bt2.CpG",8644,7160,1484,8644
"16453","07_report/CpG_context_sampling_26932_453_trimmed_bismark_bt2.CpG",8643,7118,1525,8643
"16454","07_report/CpG_context_sampling_26932_454_trimmed_bismark_bt2.CpG",8646,7147,1499,8646
"16455","07_report/CpG_context_sampling_26932_455_trimmed_bismark_bt2.CpG",8680,7188,1492,8680
"16456","07_report/CpG_context_sampling_26932_456_trimmed_bismark_bt2.CpG",8711,7263,1448,8711
"16457","07_report/CpG_context_sampling_26932_457_trimmed_bismark_bt2.CpG",8664,7202,1462,8664
"16458","07_report/CpG_context_sampling_26932_458_trimmed_bismark_bt2.CpG",8926,7445,1481,8926
"16459","07_report/CpG_context_sampling_26932_459_trimmed_bismark_bt2.CpG",8697,7182,1515,8697
"16460","07_report/CpG_context_sampling_26932_460_trimmed_bismark_bt2.CpG",8752,7282,1470,8752
"16461","07_report/CpG_context_sampling_26932_461_trimmed_bismark_bt2.CpG",8710,7256,1454,8710
"16462","07_report/CpG_context_sampling_26932_462_trimmed_bismark_bt2.CpG",8566,7116,1450,8566
"16463","07_report/CpG_context_sampling_26932_463_trimmed_bismark_bt2.CpG",8613,7220,1393,8613
"16464","07_report/CpG_context_sampling_26932_464_trimmed_bismark_bt2.CpG",8810,7322,1488,8810
"16465","07_report/CpG_context_sampling_26932_465_trimmed_bismark_bt2.CpG",8725,7208,1517,8725
"16466","07_report/CpG_context_sampling_26932_466_trimmed_bismark_bt2.CpG",8785,7329,1456,8785
"16467","07_report/CpG_context_sampling_26932_467_trimmed_bismark_bt2.CpG",8845,7374,1471,8845
"16468","07_report/CpG_context_sampling_26932_468_trimmed_bismark_bt2.CpG",8675,7215,1460,8675
"16469","07_report/CpG_context_sampling_26932_469_trimmed_bismark_bt2.CpG",8698,7219,1479,8698
"16470","07_report/CpG_context_sampling_26932_470_trimmed_bismark_bt2.CpG",8741,7272,1469,8741
"16471","07_report/CpG_context_sampling_26932_471_trimmed_bismark_bt2.CpG",8722,7240,1482,8722
"16472","07_report/CpG_context_sampling_26932_472_trimmed_bismark_bt2.CpG",8824,7309,1515,8824
"16473","07_report/CpG_context_sampling_26932_473_trimmed_bismark_bt2.CpG",8673,7268,1405,8673
"16474","07_report/CpG_context_sampling_26932_474_trimmed_bismark_bt2.CpG",8671,7132,1539,8671
"16475","07_report/CpG_context_sampling_26932_475_trimmed_bismark_bt2.CpG",8696,7239,1457,8696
"16476","07_report/CpG_context_sampling_26932_476_trimmed_bismark_bt2.CpG",8704,7212,1492,8704
"16477","07_report/CpG_context_sampling_26932_477_trimmed_bismark_bt2.CpG",8730,7336,1394,8730
"16478","07_report/CpG_context_sampling_26932_478_trimmed_bismark_bt2.CpG",8777,7307,1470,8777
"16479","07_report/CpG_context_sampling_26932_479_trimmed_bismark_bt2.CpG",8707,7229,1478,8707
"16480","07_report/CpG_context_sampling_26932_480_trimmed_bismark_bt2.CpG",8578,7130,1448,8578
"16481","07_report/CpG_context_sampling_26932_481_trimmed_bismark_bt2.CpG",8738,7265,1473,8738
"16482","07_report/CpG_context_sampling_26932_482_trimmed_bismark_bt2.CpG",8669,7229,1440,8669
"16483","07_report/CpG_context_sampling_26932_483_trimmed_bismark_bt2.CpG",8748,7293,1455,8748
"16484","07_report/CpG_context_sampling_26932_484_trimmed_bismark_bt2.CpG",8770,7313,1457,8770
"16485","07_report/CpG_context_sampling_26932_485_trimmed_bismark_bt2.CpG",8550,7174,1376,8550
"16486","07_report/CpG_context_sampling_26932_486_trimmed_bismark_bt2.CpG",8661,7247,1414,8661
"16487","07_report/CpG_context_sampling_26932_487_trimmed_bismark_bt2.CpG",8731,7307,1424,8731
"16488","07_report/CpG_context_sampling_26932_488_trimmed_bismark_bt2.CpG",8881,7390,1491,8881
"16489","07_report/CpG_context_sampling_26932_489_trimmed_bismark_bt2.CpG",8639,7150,1489,8639
"16490","07_report/CpG_context_sampling_26932_490_trimmed_bismark_bt2.CpG",8757,7312,1445,8757
"16491","07_report/CpG_context_sampling_26932_491_trimmed_bismark_bt2.CpG",8931,7379,1552,8931
"16492","07_report/CpG_context_sampling_26932_492_trimmed_bismark_bt2.CpG",8635,7163,1472,8635
"16493","07_report/CpG_context_sampling_26932_493_trimmed_bismark_bt2.CpG",8780,7302,1478,8780
"16494","07_report/CpG_context_sampling_26932_494_trimmed_bismark_bt2.CpG",8646,7215,1431,8646
"16495","07_report/CpG_context_sampling_26932_495_trimmed_bismark_bt2.CpG",8604,7187,1417,8604
"16496","07_report/CpG_context_sampling_26932_496_trimmed_bismark_bt2.CpG",8611,7125,1486,8611
"16497","07_report/CpG_context_sampling_26932_497_trimmed_bismark_bt2.CpG",8783,7301,1482,8783
"16498","07_report/CpG_context_sampling_26932_498_trimmed_bismark_bt2.CpG",8800,7285,1515,8800
"16499","07_report/CpG_context_sampling_26932_499_trimmed_bismark_bt2.CpG",8688,7208,1480,8688
"16500","07_report/CpG_context_sampling_26932_500_trimmed_bismark_bt2.CpG",8731,7298,1433,8731
"16501","07_report/CpG_context_sampling_26932_501_trimmed_bismark_bt2.CpG",8803,7345,1458,8803
"16502","07_report/CpG_context_sampling_26932_502_trimmed_bismark_bt2.CpG",8870,7387,1483,8870
"16503","07_report/CpG_context_sampling_26932_503_trimmed_bismark_bt2.CpG",8668,7160,1508,8668
"16504","07_report/CpG_context_sampling_26932_504_trimmed_bismark_bt2.CpG",8739,7287,1452,8739
"16505","07_report/CpG_context_sampling_26932_505_trimmed_bismark_bt2.CpG",8760,7228,1532,8760
"16506","07_report/CpG_context_sampling_26932_506_trimmed_bismark_bt2.CpG",8749,7246,1503,8749
"16507","07_report/CpG_context_sampling_26932_507_trimmed_bismark_bt2.CpG",8790,7392,1398,8790
"16508","07_report/CpG_context_sampling_26932_508_trimmed_bismark_bt2.CpG",8647,7248,1399,8647
"16509","07_report/CpG_context_sampling_26932_509_trimmed_bismark_bt2.CpG",8702,7263,1439,8702
"16510","07_report/CpG_context_sampling_26932_510_trimmed_bismark_bt2.CpG",8740,7293,1447,8740
"16511","07_report/CpG_context_sampling_26932_511_trimmed_bismark_bt2.CpG",8675,7173,1502,8675
"16512","07_report/CpG_context_sampling_26932_512_trimmed_bismark_bt2.CpG",8638,7194,1444,8638
"16513","07_report/CpG_context_sampling_26932_513_trimmed_bismark_bt2.CpG",8830,7368,1462,8830
"16514","07_report/CpG_context_sampling_26932_514_trimmed_bismark_bt2.CpG",8692,7222,1470,8692
"16515","07_report/CpG_context_sampling_26932_515_trimmed_bismark_bt2.CpG",8658,7201,1457,8658
"16516","07_report/CpG_context_sampling_26932_516_trimmed_bismark_bt2.CpG",8673,7189,1484,8673
"16517","07_report/CpG_context_sampling_26932_517_trimmed_bismark_bt2.CpG",8596,7134,1462,8596
"16518","07_report/CpG_context_sampling_26932_518_trimmed_bismark_bt2.CpG",8749,7259,1490,8749
"16519","07_report/CpG_context_sampling_26932_519_trimmed_bismark_bt2.CpG",8681,7245,1436,8681
"16520","07_report/CpG_context_sampling_26932_520_trimmed_bismark_bt2.CpG",8841,7294,1547,8841
"16521","07_report/CpG_context_sampling_26932_521_trimmed_bismark_bt2.CpG",8646,7188,1458,8646
"16522","07_report/CpG_context_sampling_26932_522_trimmed_bismark_bt2.CpG",8636,7166,1470,8636
"16523","07_report/CpG_context_sampling_26932_523_trimmed_bismark_bt2.CpG",8693,7198,1495,8693
"16524","07_report/CpG_context_sampling_26932_524_trimmed_bismark_bt2.CpG",8634,7181,1453,8634
"16525","07_report/CpG_context_sampling_26932_525_trimmed_bismark_bt2.CpG",8558,7077,1481,8558
"16526","07_report/CpG_context_sampling_26932_526_trimmed_bismark_bt2.CpG",8712,7287,1425,8712
"16527","07_report/CpG_context_sampling_26932_527_trimmed_bismark_bt2.CpG",8748,7262,1486,8748
"16528","07_report/CpG_context_sampling_26932_528_trimmed_bismark_bt2.CpG",8717,7290,1427,8717
"16529","07_report/CpG_context_sampling_26932_529_trimmed_bismark_bt2.CpG",8659,7197,1462,8659
"16530","07_report/CpG_context_sampling_26932_530_trimmed_bismark_bt2.CpG",8737,7225,1512,8737
"16531","07_report/CpG_context_sampling_26932_531_trimmed_bismark_bt2.CpG",8745,7260,1485,8745
"16532","07_report/CpG_context_sampling_26932_532_trimmed_bismark_bt2.CpG",8851,7370,1481,8851
"16533","07_report/CpG_context_sampling_26932_533_trimmed_bismark_bt2.CpG",8881,7349,1532,8881
"16534","07_report/CpG_context_sampling_26932_534_trimmed_bismark_bt2.CpG",8778,7321,1457,8778
"16535","07_report/CpG_context_sampling_26932_535_trimmed_bismark_bt2.CpG",8697,7219,1478,8697
"16536","07_report/CpG_context_sampling_26932_536_trimmed_bismark_bt2.CpG",8665,7224,1441,8665
"16537","07_report/CpG_context_sampling_26932_537_trimmed_bismark_bt2.CpG",8792,7312,1480,8792
"16538","07_report/CpG_context_sampling_26932_538_trimmed_bismark_bt2.CpG",8723,7229,1494,8723
"16539","07_report/CpG_context_sampling_26932_539_trimmed_bismark_bt2.CpG",8692,7216,1476,8692
"16540","07_report/CpG_context_sampling_26932_540_trimmed_bismark_bt2.CpG",8811,7313,1498,8811
"16541","07_report/CpG_context_sampling_26932_541_trimmed_bismark_bt2.CpG",8675,7235,1440,8675
"16542","07_report/CpG_context_sampling_26932_542_trimmed_bismark_bt2.CpG",8718,7254,1464,8718
"16543","07_report/CpG_context_sampling_26932_543_trimmed_bismark_bt2.CpG",8595,7121,1474,8595
"16544","07_report/CpG_context_sampling_26932_544_trimmed_bismark_bt2.CpG",8717,7211,1506,8717
"16545","07_report/CpG_context_sampling_26932_545_trimmed_bismark_bt2.CpG",8552,7096,1456,8552
"16546","07_report/CpG_context_sampling_26932_546_trimmed_bismark_bt2.CpG",8769,7282,1487,8769
"16547","07_report/CpG_context_sampling_26932_547_trimmed_bismark_bt2.CpG",8709,7287,1422,8709
"16548","07_report/CpG_context_sampling_26932_548_trimmed_bismark_bt2.CpG",8676,7206,1470,8676
"16549","07_report/CpG_context_sampling_26932_549_trimmed_bismark_bt2.CpG",8655,7135,1520,8655
"16550","07_report/CpG_context_sampling_26932_550_trimmed_bismark_bt2.CpG",8924,7430,1494,8924
"16551","07_report/CpG_context_sampling_26932_551_trimmed_bismark_bt2.CpG",8717,7250,1467,8717
"16552","07_report/CpG_context_sampling_26932_552_trimmed_bismark_bt2.CpG",8636,7200,1436,8636
"16553","07_report/CpG_context_sampling_26932_553_trimmed_bismark_bt2.CpG",8563,7115,1448,8563
"16554","07_report/CpG_context_sampling_26932_554_trimmed_bismark_bt2.CpG",8640,7177,1463,8640
"16555","07_report/CpG_context_sampling_26932_555_trimmed_bismark_bt2.CpG",8717,7268,1449,8717
"16556","07_report/CpG_context_sampling_26932_556_trimmed_bismark_bt2.CpG",8744,7276,1468,8744
"16557","07_report/CpG_context_sampling_26932_557_trimmed_bismark_bt2.CpG",8643,7174,1469,8643
"16558","07_report/CpG_context_sampling_26932_558_trimmed_bismark_bt2.CpG",8809,7287,1522,8809
"16559","07_report/CpG_context_sampling_26932_559_trimmed_bismark_bt2.CpG",8626,7135,1491,8626
"16560","07_report/CpG_context_sampling_26932_560_trimmed_bismark_bt2.CpG",8853,7356,1497,8853
"16561","07_report/CpG_context_sampling_26932_561_trimmed_bismark_bt2.CpG",8557,7118,1439,8557
"16562","07_report/CpG_context_sampling_26932_562_trimmed_bismark_bt2.CpG",8641,7179,1462,8641
"16563","07_report/CpG_context_sampling_26932_563_trimmed_bismark_bt2.CpG",8669,7173,1496,8669
"16564","07_report/CpG_context_sampling_26932_564_trimmed_bismark_bt2.CpG",8694,7229,1465,8694
"16565","07_report/CpG_context_sampling_26932_565_trimmed_bismark_bt2.CpG",8738,7245,1493,8738
"16566","07_report/CpG_context_sampling_26932_566_trimmed_bismark_bt2.CpG",8756,7291,1465,8756
"16567","07_report/CpG_context_sampling_26932_567_trimmed_bismark_bt2.CpG",8680,7229,1451,8680
"16568","07_report/CpG_context_sampling_26932_568_trimmed_bismark_bt2.CpG",8571,7153,1418,8571
"16569","07_report/CpG_context_sampling_26932_569_trimmed_bismark_bt2.CpG",8699,7239,1460,8699
"16570","07_report/CpG_context_sampling_26932_570_trimmed_bismark_bt2.CpG",8610,7177,1433,8610
"16571","07_report/CpG_context_sampling_26932_571_trimmed_bismark_bt2.CpG",8511,7070,1441,8511
"16572","07_report/CpG_context_sampling_26932_572_trimmed_bismark_bt2.CpG",8648,7167,1481,8648
"16573","07_report/CpG_context_sampling_26932_573_trimmed_bismark_bt2.CpG",8745,7266,1479,8745
"16574","07_report/CpG_context_sampling_26932_574_trimmed_bismark_bt2.CpG",8645,7197,1448,8645
"16575","07_report/CpG_context_sampling_26932_575_trimmed_bismark_bt2.CpG",8544,7234,1310,8544
"16576","07_report/CpG_context_sampling_26932_576_trimmed_bismark_bt2.CpG",8808,7267,1541,8808
"16577","07_report/CpG_context_sampling_26932_577_trimmed_bismark_bt2.CpG",8689,7224,1465,8689
"16578","07_report/CpG_context_sampling_26932_578_trimmed_bismark_bt2.CpG",8645,7197,1448,8645
"16579","07_report/CpG_context_sampling_26932_579_trimmed_bismark_bt2.CpG",8692,7193,1499,8692
"16580","07_report/CpG_context_sampling_26932_580_trimmed_bismark_bt2.CpG",8653,7197,1456,8653
"16581","07_report/CpG_context_sampling_26932_581_trimmed_bismark_bt2.CpG",8676,7213,1463,8676
"16582","07_report/CpG_context_sampling_26932_582_trimmed_bismark_bt2.CpG",8668,7238,1430,8668
"16583","07_report/CpG_context_sampling_26932_583_trimmed_bismark_bt2.CpG",8792,7316,1476,8792
"16584","07_report/CpG_context_sampling_26932_584_trimmed_bismark_bt2.CpG",8725,7195,1530,8725
"16585","07_report/CpG_context_sampling_26932_585_trimmed_bismark_bt2.CpG",8663,7197,1466,8663
"16586","07_report/CpG_context_sampling_26932_586_trimmed_bismark_bt2.CpG",8692,7188,1504,8692
"16587","07_report/CpG_context_sampling_26932_587_trimmed_bismark_bt2.CpG",8714,7245,1469,8714
"16588","07_report/CpG_context_sampling_26932_588_trimmed_bismark_bt2.CpG",8688,7288,1400,8688
"16589","07_report/CpG_context_sampling_26932_589_trimmed_bismark_bt2.CpG",8640,7148,1492,8640
"16590","07_report/CpG_context_sampling_26932_590_trimmed_bismark_bt2.CpG",8768,7329,1439,8768
"16591","07_report/CpG_context_sampling_26932_591_trimmed_bismark_bt2.CpG",8563,7037,1526,8563
"16592","07_report/CpG_context_sampling_26932_592_trimmed_bismark_bt2.CpG",8850,7397,1453,8850
"16593","07_report/CpG_context_sampling_26932_593_trimmed_bismark_bt2.CpG",8781,7327,1454,8781
"16594","07_report/CpG_context_sampling_26932_594_trimmed_bismark_bt2.CpG",8727,7228,1499,8727
"16595","07_report/CpG_context_sampling_26932_595_trimmed_bismark_bt2.CpG",8683,7237,1446,8683
"16596","07_report/CpG_context_sampling_26932_596_trimmed_bismark_bt2.CpG",8775,7318,1457,8775
"16597","07_report/CpG_context_sampling_26932_597_trimmed_bismark_bt2.CpG",8724,7315,1409,8724
"16598","07_report/CpG_context_sampling_26932_598_trimmed_bismark_bt2.CpG",8706,7229,1477,8706
"16599","07_report/CpG_context_sampling_26932_599_trimmed_bismark_bt2.CpG",8646,7207,1439,8646
"16600","07_report/CpG_context_sampling_26932_600_trimmed_bismark_bt2.CpG",8763,7246,1517,8763
"16601","07_report/CpG_context_sampling_26932_601_trimmed_bismark_bt2.CpG",8686,7227,1459,8686
"16602","07_report/CpG_context_sampling_26932_602_trimmed_bismark_bt2.CpG",8718,7273,1445,8718
"16603","07_report/CpG_context_sampling_26932_603_trimmed_bismark_bt2.CpG",8688,7199,1489,8688
"16604","07_report/CpG_context_sampling_26932_604_trimmed_bismark_bt2.CpG",8777,7274,1503,8777
"16605","07_report/CpG_context_sampling_26932_605_trimmed_bismark_bt2.CpG",8825,7364,1461,8825
"16606","07_report/CpG_context_sampling_26932_606_trimmed_bismark_bt2.CpG",8739,7252,1487,8739
"16607","07_report/CpG_context_sampling_26932_607_trimmed_bismark_bt2.CpG",8701,7214,1487,8701
"16608","07_report/CpG_context_sampling_26932_608_trimmed_bismark_bt2.CpG",8684,7261,1423,8684
"16609","07_report/CpG_context_sampling_26932_609_trimmed_bismark_bt2.CpG",8774,7306,1468,8774
"16610","07_report/CpG_context_sampling_26932_610_trimmed_bismark_bt2.CpG",8670,7195,1475,8670
"16611","07_report/CpG_context_sampling_26932_611_trimmed_bismark_bt2.CpG",8797,7341,1456,8797
"16612","07_report/CpG_context_sampling_26932_612_trimmed_bismark_bt2.CpG",8704,7284,1420,8704
"16613","07_report/CpG_context_sampling_26932_613_trimmed_bismark_bt2.CpG",8713,7226,1487,8713
"16614","07_report/CpG_context_sampling_26932_614_trimmed_bismark_bt2.CpG",8680,7092,1588,8680
"16615","07_report/CpG_context_sampling_26932_615_trimmed_bismark_bt2.CpG",8575,7088,1487,8575
"16616","07_report/CpG_context_sampling_26932_616_trimmed_bismark_bt2.CpG",8677,7195,1482,8677
"16617","07_report/CpG_context_sampling_26932_617_trimmed_bismark_bt2.CpG",8603,7204,1399,8603
"16618","07_report/CpG_context_sampling_26932_618_trimmed_bismark_bt2.CpG",8677,7236,1441,8677
"16619","07_report/CpG_context_sampling_26932_619_trimmed_bismark_bt2.CpG",8698,7215,1483,8698
"16620","07_report/CpG_context_sampling_26932_620_trimmed_bismark_bt2.CpG",8701,7299,1402,8701
"16621","07_report/CpG_context_sampling_26932_621_trimmed_bismark_bt2.CpG",8697,7220,1477,8697
"16622","07_report/CpG_context_sampling_26932_622_trimmed_bismark_bt2.CpG",8768,7318,1450,8768
"16623","07_report/CpG_context_sampling_26932_623_trimmed_bismark_bt2.CpG",8730,7208,1522,8730
"16624","07_report/CpG_context_sampling_26932_624_trimmed_bismark_bt2.CpG",8682,7199,1483,8682
"16625","07_report/CpG_context_sampling_26932_625_trimmed_bismark_bt2.CpG",8730,7227,1503,8730
"16626","07_report/CpG_context_sampling_26932_626_trimmed_bismark_bt2.CpG",8695,7224,1471,8695
"16627","07_report/CpG_context_sampling_26932_627_trimmed_bismark_bt2.CpG",8690,7261,1429,8690
"16628","07_report/CpG_context_sampling_26932_628_trimmed_bismark_bt2.CpG",8659,7162,1497,8659
"16629","07_report/CpG_context_sampling_26932_629_trimmed_bismark_bt2.CpG",8671,7215,1456,8671
"16630","07_report/CpG_context_sampling_26932_630_trimmed_bismark_bt2.CpG",8772,7303,1469,8772
"16631","07_report/CpG_context_sampling_26932_631_trimmed_bismark_bt2.CpG",8675,7201,1474,8675
"16632","07_report/CpG_context_sampling_26932_632_trimmed_bismark_bt2.CpG",8774,7345,1429,8774
"16633","07_report/CpG_context_sampling_26932_633_trimmed_bismark_bt2.CpG",8562,7093,1469,8562
"16634","07_report/CpG_context_sampling_26932_634_trimmed_bismark_bt2.CpG",8699,7285,1414,8699
"16635","07_report/CpG_context_sampling_26932_635_trimmed_bismark_bt2.CpG",8715,7259,1456,8715
"16636","07_report/CpG_context_sampling_26932_636_trimmed_bismark_bt2.CpG",8717,7169,1548,8717
"16637","07_report/CpG_context_sampling_26932_637_trimmed_bismark_bt2.CpG",8660,7248,1412,8660
"16638","07_report/CpG_context_sampling_26932_638_trimmed_bismark_bt2.CpG",8660,7224,1436,8660
"16639","07_report/CpG_context_sampling_26932_639_trimmed_bismark_bt2.CpG",8675,7265,1410,8675
"16640","07_report/CpG_context_sampling_26932_640_trimmed_bismark_bt2.CpG",8770,7303,1467,8770
"16641","07_report/CpG_context_sampling_26932_641_trimmed_bismark_bt2.CpG",8756,7324,1432,8756
"16642","07_report/CpG_context_sampling_26932_642_trimmed_bismark_bt2.CpG",8697,7239,1458,8697
"16643","07_report/CpG_context_sampling_26932_643_trimmed_bismark_bt2.CpG",8850,7342,1508,8850
"16644","07_report/CpG_context_sampling_26932_644_trimmed_bismark_bt2.CpG",8652,7189,1463,8652
"16645","07_report/CpG_context_sampling_26932_645_trimmed_bismark_bt2.CpG",8912,7403,1509,8912
"16646","07_report/CpG_context_sampling_26932_646_trimmed_bismark_bt2.CpG",8655,7194,1461,8655
"16647","07_report/CpG_context_sampling_26932_647_trimmed_bismark_bt2.CpG",8645,7175,1470,8645
"16648","07_report/CpG_context_sampling_26932_648_trimmed_bismark_bt2.CpG",8617,7182,1435,8617
"16649","07_report/CpG_context_sampling_26932_649_trimmed_bismark_bt2.CpG",8633,7127,1506,8633
"16650","07_report/CpG_context_sampling_26932_650_trimmed_bismark_bt2.CpG",8752,7300,1452,8752
"16651","07_report/CpG_context_sampling_26932_651_trimmed_bismark_bt2.CpG",8807,7328,1479,8807
"16652","07_report/CpG_context_sampling_26932_652_trimmed_bismark_bt2.CpG",8711,7280,1431,8711
"16653","07_report/CpG_context_sampling_26932_653_trimmed_bismark_bt2.CpG",8780,7275,1505,8780
"16654","07_report/CpG_context_sampling_26932_654_trimmed_bismark_bt2.CpG",8739,7301,1438,8739
"16655","07_report/CpG_context_sampling_26932_655_trimmed_bismark_bt2.CpG",8633,7189,1444,8633
"16656","07_report/CpG_context_sampling_26932_656_trimmed_bismark_bt2.CpG",8789,7308,1481,8789
"16657","07_report/CpG_context_sampling_26932_657_trimmed_bismark_bt2.CpG",8713,7187,1526,8713
"16658","07_report/CpG_context_sampling_26932_658_trimmed_bismark_bt2.CpG",8864,7391,1473,8864
"16659","07_report/CpG_context_sampling_26932_659_trimmed_bismark_bt2.CpG",8666,7201,1465,8666
"16660","07_report/CpG_context_sampling_26932_660_trimmed_bismark_bt2.CpG",8678,7173,1505,8678
"16661","07_report/CpG_context_sampling_26932_661_trimmed_bismark_bt2.CpG",8653,7176,1477,8653
"16662","07_report/CpG_context_sampling_26932_662_trimmed_bismark_bt2.CpG",8646,7161,1485,8646
"16663","07_report/CpG_context_sampling_26932_663_trimmed_bismark_bt2.CpG",8780,7276,1504,8780
"16664","07_report/CpG_context_sampling_26932_664_trimmed_bismark_bt2.CpG",8904,7465,1439,8904
"16665","07_report/CpG_context_sampling_26932_665_trimmed_bismark_bt2.CpG",8678,7289,1389,8678
"16666","07_report/CpG_context_sampling_26932_666_trimmed_bismark_bt2.CpG",8720,7224,1496,8720
"16667","07_report/CpG_context_sampling_26932_667_trimmed_bismark_bt2.CpG",8710,7254,1456,8710
"16668","07_report/CpG_context_sampling_26932_668_trimmed_bismark_bt2.CpG",8601,7126,1475,8601
"16669","07_report/CpG_context_sampling_26932_669_trimmed_bismark_bt2.CpG",8626,7169,1457,8626
"16670","07_report/CpG_context_sampling_26932_670_trimmed_bismark_bt2.CpG",8694,7186,1508,8694
"16671","07_report/CpG_context_sampling_26932_671_trimmed_bismark_bt2.CpG",8731,7271,1460,8731
"16672","07_report/CpG_context_sampling_26932_672_trimmed_bismark_bt2.CpG",8722,7304,1418,8722
"16673","07_report/CpG_context_sampling_26932_673_trimmed_bismark_bt2.CpG",8699,7254,1445,8699
"16674","07_report/CpG_context_sampling_26932_674_trimmed_bismark_bt2.CpG",8690,7209,1481,8690
"16675","07_report/CpG_context_sampling_26932_675_trimmed_bismark_bt2.CpG",8782,7288,1494,8782
"16676","07_report/CpG_context_sampling_26932_676_trimmed_bismark_bt2.CpG",8708,7199,1509,8708
"16677","07_report/CpG_context_sampling_26932_677_trimmed_bismark_bt2.CpG",8618,7137,1481,8618
"16678","07_report/CpG_context_sampling_26932_678_trimmed_bismark_bt2.CpG",8646,7169,1477,8646
"16679","07_report/CpG_context_sampling_26932_679_trimmed_bismark_bt2.CpG",8624,7176,1448,8624
"16680","07_report/CpG_context_sampling_26932_680_trimmed_bismark_bt2.CpG",8647,7149,1498,8647
"16681","07_report/CpG_context_sampling_26932_681_trimmed_bismark_bt2.CpG",8793,7227,1566,8793
"16682","07_report/CpG_context_sampling_26932_682_trimmed_bismark_bt2.CpG",8838,7413,1425,8838
"16683","07_report/CpG_context_sampling_26932_683_trimmed_bismark_bt2.CpG",8618,7136,1482,8618
"16684","07_report/CpG_context_sampling_26932_684_trimmed_bismark_bt2.CpG",8768,7310,1458,8768
"16685","07_report/CpG_context_sampling_26932_685_trimmed_bismark_bt2.CpG",8712,7261,1451,8712
"16686","07_report/CpG_context_sampling_26932_686_trimmed_bismark_bt2.CpG",8653,7191,1462,8653
"16687","07_report/CpG_context_sampling_26932_687_trimmed_bismark_bt2.CpG",8681,7259,1422,8681
"16688","07_report/CpG_context_sampling_26932_688_trimmed_bismark_bt2.CpG",8625,7156,1469,8625
"16689","07_report/CpG_context_sampling_26932_689_trimmed_bismark_bt2.CpG",8691,7237,1454,8691
"16690","07_report/CpG_context_sampling_26932_690_trimmed_bismark_bt2.CpG",8701,7221,1480,8701
"16691","07_report/CpG_context_sampling_26932_691_trimmed_bismark_bt2.CpG",8718,7235,1483,8718
"16692","07_report/CpG_context_sampling_26932_692_trimmed_bismark_bt2.CpG",8568,7149,1419,8568
"16693","07_report/CpG_context_sampling_26932_693_trimmed_bismark_bt2.CpG",8585,7129,1456,8585
"16694","07_report/CpG_context_sampling_26932_694_trimmed_bismark_bt2.CpG",8585,7162,1423,8585
"16695","07_report/CpG_context_sampling_26932_695_trimmed_bismark_bt2.CpG",8658,7218,1440,8658
"16696","07_report/CpG_context_sampling_26932_696_trimmed_bismark_bt2.CpG",8605,7094,1511,8605
"16697","07_report/CpG_context_sampling_26932_697_trimmed_bismark_bt2.CpG",8727,7190,1537,8727
"16698","07_report/CpG_context_sampling_26932_698_trimmed_bismark_bt2.CpG",8760,7313,1447,8760
"16699","07_report/CpG_context_sampling_26932_699_trimmed_bismark_bt2.CpG",8775,7343,1432,8775
"16700","07_report/CpG_context_sampling_26932_700_trimmed_bismark_bt2.CpG",8776,7356,1420,8776
"16701","07_report/CpG_context_sampling_26932_701_trimmed_bismark_bt2.CpG",8661,7171,1490,8661
"16702","07_report/CpG_context_sampling_26932_702_trimmed_bismark_bt2.CpG",8734,7226,1508,8734
"16703","07_report/CpG_context_sampling_26932_703_trimmed_bismark_bt2.CpG",8694,7251,1443,8694
"16704","07_report/CpG_context_sampling_26932_704_trimmed_bismark_bt2.CpG",8746,7293,1453,8746
"16705","07_report/CpG_context_sampling_26932_705_trimmed_bismark_bt2.CpG",8652,7200,1452,8652
"16706","07_report/CpG_context_sampling_26932_706_trimmed_bismark_bt2.CpG",8714,7185,1529,8714
"16707","07_report/CpG_context_sampling_26932_707_trimmed_bismark_bt2.CpG",8610,7197,1413,8610
"16708","07_report/CpG_context_sampling_26932_708_trimmed_bismark_bt2.CpG",8649,7164,1485,8649
"16709","07_report/CpG_context_sampling_26932_709_trimmed_bismark_bt2.CpG",8680,7267,1413,8680
"16710","07_report/CpG_context_sampling_26932_710_trimmed_bismark_bt2.CpG",8788,7314,1474,8788
"16711","07_report/CpG_context_sampling_26932_711_trimmed_bismark_bt2.CpG",8680,7236,1444,8680
"16712","07_report/CpG_context_sampling_26932_712_trimmed_bismark_bt2.CpG",8683,7243,1440,8683
"16713","07_report/CpG_context_sampling_26932_713_trimmed_bismark_bt2.CpG",8731,7233,1498,8731
"16714","07_report/CpG_context_sampling_26932_714_trimmed_bismark_bt2.CpG",8737,7282,1455,8737
"16715","07_report/CpG_context_sampling_26932_715_trimmed_bismark_bt2.CpG",8677,7230,1447,8677
"16716","07_report/CpG_context_sampling_26932_716_trimmed_bismark_bt2.CpG",8636,7170,1466,8636
"16717","07_report/CpG_context_sampling_26932_717_trimmed_bismark_bt2.CpG",8684,7238,1446,8684
"16718","07_report/CpG_context_sampling_26932_718_trimmed_bismark_bt2.CpG",8691,7269,1422,8691
"16719","07_report/CpG_context_sampling_26932_719_trimmed_bismark_bt2.CpG",8601,7097,1504,8601
"16720","07_report/CpG_context_sampling_26932_720_trimmed_bismark_bt2.CpG",8598,7215,1383,8598
"16721","07_report/CpG_context_sampling_26932_721_trimmed_bismark_bt2.CpG",8830,7297,1533,8830
"16722","07_report/CpG_context_sampling_26932_722_trimmed_bismark_bt2.CpG",8718,7269,1449,8718
"16723","07_report/CpG_context_sampling_26932_723_trimmed_bismark_bt2.CpG",8720,7257,1463,8720
"16724","07_report/CpG_context_sampling_26932_724_trimmed_bismark_bt2.CpG",8669,7177,1492,8669
"16725","07_report/CpG_context_sampling_26932_725_trimmed_bismark_bt2.CpG",8741,7247,1494,8741
"16726","07_report/CpG_context_sampling_26932_726_trimmed_bismark_bt2.CpG",8666,7188,1478,8666
"16727","07_report/CpG_context_sampling_26932_727_trimmed_bismark_bt2.CpG",8665,7261,1404,8665
"16728","07_report/CpG_context_sampling_26932_728_trimmed_bismark_bt2.CpG",8685,7186,1499,8685
"16729","07_report/CpG_context_sampling_26932_729_trimmed_bismark_bt2.CpG",8764,7270,1494,8764
"16730","07_report/CpG_context_sampling_26932_730_trimmed_bismark_bt2.CpG",8608,7200,1408,8608
"16731","07_report/CpG_context_sampling_26932_731_trimmed_bismark_bt2.CpG",8708,7216,1492,8708
"16732","07_report/CpG_context_sampling_26932_732_trimmed_bismark_bt2.CpG",8849,7392,1457,8849
"16733","07_report/CpG_context_sampling_26932_733_trimmed_bismark_bt2.CpG",8741,7219,1522,8741
"16734","07_report/CpG_context_sampling_26932_734_trimmed_bismark_bt2.CpG",8686,7183,1503,8686
"16735","07_report/CpG_context_sampling_26932_735_trimmed_bismark_bt2.CpG",8754,7283,1471,8754
"16736","07_report/CpG_context_sampling_26932_736_trimmed_bismark_bt2.CpG",8629,7201,1428,8629
"16737","07_report/CpG_context_sampling_26932_737_trimmed_bismark_bt2.CpG",8748,7265,1483,8748
"16738","07_report/CpG_context_sampling_26932_738_trimmed_bismark_bt2.CpG",8719,7255,1464,8719
"16739","07_report/CpG_context_sampling_26932_739_trimmed_bismark_bt2.CpG",8725,7205,1520,8725
"16740","07_report/CpG_context_sampling_26932_740_trimmed_bismark_bt2.CpG",8767,7317,1450,8767
"16741","07_report/CpG_context_sampling_26932_741_trimmed_bismark_bt2.CpG",8681,7235,1446,8681
"16742","07_report/CpG_context_sampling_26932_742_trimmed_bismark_bt2.CpG",8726,7262,1464,8726
"16743","07_report/CpG_context_sampling_26932_743_trimmed_bismark_bt2.CpG",8672,7214,1458,8672
"16744","07_report/CpG_context_sampling_26932_744_trimmed_bismark_bt2.CpG",8781,7286,1495,8781
"16745","07_report/CpG_context_sampling_26932_745_trimmed_bismark_bt2.CpG",8704,7251,1453,8704
"16746","07_report/CpG_context_sampling_26932_746_trimmed_bismark_bt2.CpG",8740,7237,1503,8740
"16747","07_report/CpG_context_sampling_26932_747_trimmed_bismark_bt2.CpG",8666,7238,1428,8666
"16748","07_report/CpG_context_sampling_26932_748_trimmed_bismark_bt2.CpG",8755,7294,1461,8755
"16749","07_report/CpG_context_sampling_26932_749_trimmed_bismark_bt2.CpG",8680,7232,1448,8680
"16750","07_report/CpG_context_sampling_26932_750_trimmed_bismark_bt2.CpG",8643,7156,1487,8643
"16751","07_report/CpG_context_sampling_26932_751_trimmed_bismark_bt2.CpG",8666,7248,1418,8666
"16752","07_report/CpG_context_sampling_26932_752_trimmed_bismark_bt2.CpG",8791,7278,1513,8791
"16753","07_report/CpG_context_sampling_26932_753_trimmed_bismark_bt2.CpG",8714,7280,1434,8714
"16754","07_report/CpG_context_sampling_26932_754_trimmed_bismark_bt2.CpG",8591,7131,1460,8591
"16755","07_report/CpG_context_sampling_26932_755_trimmed_bismark_bt2.CpG",8808,7311,1497,8808
"16756","07_report/CpG_context_sampling_26932_756_trimmed_bismark_bt2.CpG",8740,7313,1427,8740
"16757","07_report/CpG_context_sampling_26932_757_trimmed_bismark_bt2.CpG",8649,7193,1456,8649
"16758","07_report/CpG_context_sampling_26932_758_trimmed_bismark_bt2.CpG",8684,7201,1483,8684
"16759","07_report/CpG_context_sampling_26932_759_trimmed_bismark_bt2.CpG",8638,7198,1440,8638
"16760","07_report/CpG_context_sampling_26932_760_trimmed_bismark_bt2.CpG",8698,7174,1524,8698
"16761","07_report/CpG_context_sampling_26932_761_trimmed_bismark_bt2.CpG",8773,7340,1433,8773
"16762","07_report/CpG_context_sampling_26932_762_trimmed_bismark_bt2.CpG",8495,7038,1457,8495
"16763","07_report/CpG_context_sampling_26932_763_trimmed_bismark_bt2.CpG",8645,7229,1416,8645
"16764","07_report/CpG_context_sampling_26932_764_trimmed_bismark_bt2.CpG",8690,7223,1467,8690
"16765","07_report/CpG_context_sampling_26932_765_trimmed_bismark_bt2.CpG",8622,7198,1424,8622
"16766","07_report/CpG_context_sampling_26932_766_trimmed_bismark_bt2.CpG",8697,7169,1528,8697
"16767","07_report/CpG_context_sampling_26932_767_trimmed_bismark_bt2.CpG",8729,7206,1523,8729
"16768","07_report/CpG_context_sampling_26932_768_trimmed_bismark_bt2.CpG",8581,7146,1435,8581
"16769","07_report/CpG_context_sampling_26932_769_trimmed_bismark_bt2.CpG",8649,7253,1396,8649
"16770","07_report/CpG_context_sampling_26932_770_trimmed_bismark_bt2.CpG",8767,7296,1471,8767
"16771","07_report/CpG_context_sampling_26932_771_trimmed_bismark_bt2.CpG",8623,7146,1477,8623
"16772","07_report/CpG_context_sampling_26932_772_trimmed_bismark_bt2.CpG",8740,7274,1466,8740
"16773","07_report/CpG_context_sampling_26932_773_trimmed_bismark_bt2.CpG",8834,7346,1488,8834
"16774","07_report/CpG_context_sampling_26932_774_trimmed_bismark_bt2.CpG",8833,7317,1516,8833
"16775","07_report/CpG_context_sampling_26932_775_trimmed_bismark_bt2.CpG",8667,7219,1448,8667
"16776","07_report/CpG_context_sampling_26932_776_trimmed_bismark_bt2.CpG",8664,7253,1411,8664
"16777","07_report/CpG_context_sampling_26932_777_trimmed_bismark_bt2.CpG",8680,7238,1442,8680
"16778","07_report/CpG_context_sampling_26932_778_trimmed_bismark_bt2.CpG",8769,7272,1497,8769
"16779","07_report/CpG_context_sampling_26932_779_trimmed_bismark_bt2.CpG",8764,7224,1540,8764
"16780","07_report/CpG_context_sampling_26932_780_trimmed_bismark_bt2.CpG",8619,7192,1427,8619
"16781","07_report/CpG_context_sampling_26932_781_trimmed_bismark_bt2.CpG",8600,7151,1449,8600
"16782","07_report/CpG_context_sampling_26932_782_trimmed_bismark_bt2.CpG",8684,7237,1447,8684
"16783","07_report/CpG_context_sampling_26932_783_trimmed_bismark_bt2.CpG",8655,7187,1468,8655
"16784","07_report/CpG_context_sampling_26932_784_trimmed_bismark_bt2.CpG",8622,7193,1429,8622
"16785","07_report/CpG_context_sampling_26932_785_trimmed_bismark_bt2.CpG",8730,7201,1529,8730
"16786","07_report/CpG_context_sampling_26932_786_trimmed_bismark_bt2.CpG",8742,7270,1472,8742
"16787","07_report/CpG_context_sampling_26932_787_trimmed_bismark_bt2.CpG",8707,7205,1502,8707
"16788","07_report/CpG_context_sampling_26932_788_trimmed_bismark_bt2.CpG",8547,7110,1437,8547
"16789","07_report/CpG_context_sampling_26932_789_trimmed_bismark_bt2.CpG",8713,7304,1409,8713
"16790","07_report/CpG_context_sampling_26932_790_trimmed_bismark_bt2.CpG",8833,7325,1508,8833
"16791","07_report/CpG_context_sampling_26932_791_trimmed_bismark_bt2.CpG",8711,7212,1499,8711
"16792","07_report/CpG_context_sampling_26932_792_trimmed_bismark_bt2.CpG",8760,7254,1506,8760
"16793","07_report/CpG_context_sampling_26932_793_trimmed_bismark_bt2.CpG",8669,7177,1492,8669
"16794","07_report/CpG_context_sampling_26932_794_trimmed_bismark_bt2.CpG",8699,7266,1433,8699
"16795","07_report/CpG_context_sampling_26932_795_trimmed_bismark_bt2.CpG",8629,7159,1470,8629
"16796","07_report/CpG_context_sampling_26932_796_trimmed_bismark_bt2.CpG",8687,7247,1440,8687
"16797","07_report/CpG_context_sampling_26932_797_trimmed_bismark_bt2.CpG",8686,7227,1459,8686
"16798","07_report/CpG_context_sampling_26932_798_trimmed_bismark_bt2.CpG",8738,7248,1490,8738
"16799","07_report/CpG_context_sampling_26932_799_trimmed_bismark_bt2.CpG",8723,7280,1443,8723
"16800","07_report/CpG_context_sampling_26932_800_trimmed_bismark_bt2.CpG",8822,7265,1557,8822
"16801","07_report/CpG_context_sampling_26932_801_trimmed_bismark_bt2.CpG",8723,7254,1469,8723
"16802","07_report/CpG_context_sampling_26932_802_trimmed_bismark_bt2.CpG",8644,7183,1461,8644
"16803","07_report/CpG_context_sampling_26932_803_trimmed_bismark_bt2.CpG",8771,7300,1471,8771
"16804","07_report/CpG_context_sampling_26932_804_trimmed_bismark_bt2.CpG",8664,7182,1482,8664
"16805","07_report/CpG_context_sampling_26932_805_trimmed_bismark_bt2.CpG",8680,7201,1479,8680
"16806","07_report/CpG_context_sampling_26932_806_trimmed_bismark_bt2.CpG",8669,7227,1442,8669
"16807","07_report/CpG_context_sampling_26932_807_trimmed_bismark_bt2.CpG",8731,7257,1474,8731
"16808","07_report/CpG_context_sampling_26932_808_trimmed_bismark_bt2.CpG",8520,7057,1463,8520
"16809","07_report/CpG_context_sampling_26932_809_trimmed_bismark_bt2.CpG",8683,7223,1460,8683
"16810","07_report/CpG_context_sampling_26932_810_trimmed_bismark_bt2.CpG",8765,7335,1430,8765
"16811","07_report/CpG_context_sampling_26932_811_trimmed_bismark_bt2.CpG",8759,7257,1502,8759
"16812","07_report/CpG_context_sampling_26932_812_trimmed_bismark_bt2.CpG",8708,7180,1528,8708
"16813","07_report/CpG_context_sampling_26932_813_trimmed_bismark_bt2.CpG",8629,7200,1429,8629
"16814","07_report/CpG_context_sampling_26932_814_trimmed_bismark_bt2.CpG",8841,7334,1507,8841
"16815","07_report/CpG_context_sampling_26932_815_trimmed_bismark_bt2.CpG",8637,7248,1389,8637
"16816","07_report/CpG_context_sampling_26932_816_trimmed_bismark_bt2.CpG",8527,7054,1473,8527
"16817","07_report/CpG_context_sampling_26932_817_trimmed_bismark_bt2.CpG",8671,7239,1432,8671
"16818","07_report/CpG_context_sampling_26932_818_trimmed_bismark_bt2.CpG",8768,7276,1492,8768
"16819","07_report/CpG_context_sampling_26932_819_trimmed_bismark_bt2.CpG",8708,7213,1495,8708
"16820","07_report/CpG_context_sampling_26932_820_trimmed_bismark_bt2.CpG",8731,7253,1478,8731
"16821","07_report/CpG_context_sampling_26932_821_trimmed_bismark_bt2.CpG",8625,7185,1440,8625
"16822","07_report/CpG_context_sampling_26932_822_trimmed_bismark_bt2.CpG",8769,7314,1455,8769
"16823","07_report/CpG_context_sampling_26932_823_trimmed_bismark_bt2.CpG",8688,7232,1456,8688
"16824","07_report/CpG_context_sampling_26932_824_trimmed_bismark_bt2.CpG",8764,7301,1463,8764
"16825","07_report/CpG_context_sampling_26932_825_trimmed_bismark_bt2.CpG",8621,7209,1412,8621
"16826","07_report/CpG_context_sampling_26932_826_trimmed_bismark_bt2.CpG",8739,7225,1514,8739
"16827","07_report/CpG_context_sampling_26932_827_trimmed_bismark_bt2.CpG",8766,7342,1424,8766
"16828","07_report/CpG_context_sampling_26932_828_trimmed_bismark_bt2.CpG",8821,7340,1481,8821
"16829","07_report/CpG_context_sampling_26932_829_trimmed_bismark_bt2.CpG",8469,7004,1465,8469
"16830","07_report/CpG_context_sampling_26932_830_trimmed_bismark_bt2.CpG",8721,7277,1444,8721
"16831","07_report/CpG_context_sampling_26932_831_trimmed_bismark_bt2.CpG",8743,7261,1482,8743
"16832","07_report/CpG_context_sampling_26932_832_trimmed_bismark_bt2.CpG",8794,7295,1499,8794
"16833","07_report/CpG_context_sampling_26932_833_trimmed_bismark_bt2.CpG",8747,7244,1503,8747
"16834","07_report/CpG_context_sampling_26932_834_trimmed_bismark_bt2.CpG",8651,7151,1500,8651
"16835","07_report/CpG_context_sampling_26932_835_trimmed_bismark_bt2.CpG",8768,7333,1435,8768
"16836","07_report/CpG_context_sampling_26932_836_trimmed_bismark_bt2.CpG",8841,7356,1485,8841
"16837","07_report/CpG_context_sampling_26932_837_trimmed_bismark_bt2.CpG",8726,7234,1492,8726
"16838","07_report/CpG_context_sampling_26932_838_trimmed_bismark_bt2.CpG",8786,7291,1495,8786
"16839","07_report/CpG_context_sampling_26932_839_trimmed_bismark_bt2.CpG",8769,7336,1433,8769
"16840","07_report/CpG_context_sampling_26932_840_trimmed_bismark_bt2.CpG",8775,7281,1494,8775
"16841","07_report/CpG_context_sampling_26932_841_trimmed_bismark_bt2.CpG",8656,7222,1434,8656
"16842","07_report/CpG_context_sampling_26932_842_trimmed_bismark_bt2.CpG",8797,7356,1441,8797
"16843","07_report/CpG_context_sampling_26932_843_trimmed_bismark_bt2.CpG",8624,7185,1439,8624
"16844","07_report/CpG_context_sampling_26932_844_trimmed_bismark_bt2.CpG",8714,7263,1451,8714
"16845","07_report/CpG_context_sampling_26932_845_trimmed_bismark_bt2.CpG",8750,7262,1488,8750
"16846","07_report/CpG_context_sampling_26932_846_trimmed_bismark_bt2.CpG",8585,7134,1451,8585
"16847","07_report/CpG_context_sampling_26932_847_trimmed_bismark_bt2.CpG",8730,7244,1486,8730
"16848","07_report/CpG_context_sampling_26932_848_trimmed_bismark_bt2.CpG",8817,7337,1480,8817
"16849","07_report/CpG_context_sampling_26932_849_trimmed_bismark_bt2.CpG",8805,7298,1507,8805
"16850","07_report/CpG_context_sampling_26932_850_trimmed_bismark_bt2.CpG",8739,7311,1428,8739
"16851","07_report/CpG_context_sampling_26932_851_trimmed_bismark_bt2.CpG",8548,7149,1399,8548
"16852","07_report/CpG_context_sampling_26932_852_trimmed_bismark_bt2.CpG",8699,7248,1451,8699
"16853","07_report/CpG_context_sampling_26932_853_trimmed_bismark_bt2.CpG",8737,7288,1449,8737
"16854","07_report/CpG_context_sampling_26932_854_trimmed_bismark_bt2.CpG",8724,7270,1454,8724
"16855","07_report/CpG_context_sampling_26932_855_trimmed_bismark_bt2.CpG",8626,7213,1413,8626
"16856","07_report/CpG_context_sampling_26932_856_trimmed_bismark_bt2.CpG",8737,7217,1520,8737
"16857","07_report/CpG_context_sampling_26932_857_trimmed_bismark_bt2.CpG",8683,7175,1508,8683
"16858","07_report/CpG_context_sampling_26932_858_trimmed_bismark_bt2.CpG",8630,7204,1426,8630
"16859","07_report/CpG_context_sampling_26932_859_trimmed_bismark_bt2.CpG",8623,7217,1406,8623
"16860","07_report/CpG_context_sampling_26932_860_trimmed_bismark_bt2.CpG",8672,7197,1475,8672
"16861","07_report/CpG_context_sampling_26932_861_trimmed_bismark_bt2.CpG",8729,7246,1483,8729
"16862","07_report/CpG_context_sampling_26932_862_trimmed_bismark_bt2.CpG",8767,7323,1444,8767
"16863","07_report/CpG_context_sampling_26932_863_trimmed_bismark_bt2.CpG",8683,7170,1513,8683
"16864","07_report/CpG_context_sampling_26932_864_trimmed_bismark_bt2.CpG",8721,7245,1476,8721
"16865","07_report/CpG_context_sampling_26932_865_trimmed_bismark_bt2.CpG",8708,7230,1478,8708
"16866","07_report/CpG_context_sampling_26932_866_trimmed_bismark_bt2.CpG",8612,7091,1521,8612
"16867","07_report/CpG_context_sampling_26932_867_trimmed_bismark_bt2.CpG",8730,7223,1507,8730
"16868","07_report/CpG_context_sampling_26932_868_trimmed_bismark_bt2.CpG",8733,7355,1378,8733
"16869","07_report/CpG_context_sampling_26932_869_trimmed_bismark_bt2.CpG",8651,7251,1400,8651
"16870","07_report/CpG_context_sampling_26932_870_trimmed_bismark_bt2.CpG",8868,7373,1495,8868
"16871","07_report/CpG_context_sampling_26932_871_trimmed_bismark_bt2.CpG",8633,7235,1398,8633
"16872","07_report/CpG_context_sampling_26932_872_trimmed_bismark_bt2.CpG",8791,7378,1413,8791
"16873","07_report/CpG_context_sampling_26932_873_trimmed_bismark_bt2.CpG",8768,7303,1465,8768
"16874","07_report/CpG_context_sampling_26932_874_trimmed_bismark_bt2.CpG",8792,7341,1451,8792
"16875","07_report/CpG_context_sampling_26932_875_trimmed_bismark_bt2.CpG",8622,7206,1416,8622
"16876","07_report/CpG_context_sampling_26932_876_trimmed_bismark_bt2.CpG",8645,7212,1433,8645
"16877","07_report/CpG_context_sampling_26932_877_trimmed_bismark_bt2.CpG",8640,7220,1420,8640
"16878","07_report/CpG_context_sampling_26932_878_trimmed_bismark_bt2.CpG",8710,7191,1519,8710
"16879","07_report/CpG_context_sampling_26932_879_trimmed_bismark_bt2.CpG",8772,7349,1423,8772
"16880","07_report/CpG_context_sampling_26932_880_trimmed_bismark_bt2.CpG",8711,7180,1531,8711
"16881","07_report/CpG_context_sampling_26932_881_trimmed_bismark_bt2.CpG",8762,7265,1497,8762
"16882","07_report/CpG_context_sampling_26932_882_trimmed_bismark_bt2.CpG",8815,7358,1457,8815
"16883","07_report/CpG_context_sampling_26932_883_trimmed_bismark_bt2.CpG",8751,7262,1489,8751
"16884","07_report/CpG_context_sampling_26932_884_trimmed_bismark_bt2.CpG",8535,7077,1458,8535
"16885","07_report/CpG_context_sampling_26932_885_trimmed_bismark_bt2.CpG",8671,7172,1499,8671
"16886","07_report/CpG_context_sampling_26932_886_trimmed_bismark_bt2.CpG",8645,7183,1462,8645
"16887","07_report/CpG_context_sampling_26932_887_trimmed_bismark_bt2.CpG",8766,7267,1499,8766
"16888","07_report/CpG_context_sampling_26932_888_trimmed_bismark_bt2.CpG",8798,7331,1467,8798
"16889","07_report/CpG_context_sampling_26932_889_trimmed_bismark_bt2.CpG",8709,7253,1456,8709
"16890","07_report/CpG_context_sampling_26932_890_trimmed_bismark_bt2.CpG",8680,7224,1456,8680
"16891","07_report/CpG_context_sampling_26932_891_trimmed_bismark_bt2.CpG",8629,7185,1444,8629
"16892","07_report/CpG_context_sampling_26932_892_trimmed_bismark_bt2.CpG",8670,7206,1464,8670
"16893","07_report/CpG_context_sampling_26932_893_trimmed_bismark_bt2.CpG",8774,7246,1528,8774
"16894","07_report/CpG_context_sampling_26932_894_trimmed_bismark_bt2.CpG",8773,7293,1480,8773
"16895","07_report/CpG_context_sampling_26932_895_trimmed_bismark_bt2.CpG",8702,7215,1487,8702
"16896","07_report/CpG_context_sampling_26932_896_trimmed_bismark_bt2.CpG",8675,7192,1483,8675
"16897","07_report/CpG_context_sampling_26932_897_trimmed_bismark_bt2.CpG",8702,7202,1500,8702
"16898","07_report/CpG_context_sampling_26932_898_trimmed_bismark_bt2.CpG",8574,7160,1414,8574
"16899","07_report/CpG_context_sampling_26932_899_trimmed_bismark_bt2.CpG",8890,7382,1508,8890
"16900","07_report/CpG_context_sampling_26932_900_trimmed_bismark_bt2.CpG",8830,7344,1486,8830
"16901","07_report/CpG_context_sampling_26932_901_trimmed_bismark_bt2.CpG",8679,7286,1393,8679
"16902","07_report/CpG_context_sampling_26932_902_trimmed_bismark_bt2.CpG",8648,7173,1475,8648
"16903","07_report/CpG_context_sampling_26932_903_trimmed_bismark_bt2.CpG",8746,7268,1478,8746
"16904","07_report/CpG_context_sampling_26932_904_trimmed_bismark_bt2.CpG",8809,7321,1488,8809
"16905","07_report/CpG_context_sampling_26932_905_trimmed_bismark_bt2.CpG",8762,7336,1426,8762
"16906","07_report/CpG_context_sampling_26932_906_trimmed_bismark_bt2.CpG",8646,7156,1490,8646
"16907","07_report/CpG_context_sampling_26932_907_trimmed_bismark_bt2.CpG",8728,7267,1461,8728
"16908","07_report/CpG_context_sampling_26932_908_trimmed_bismark_bt2.CpG",8777,7341,1436,8777
"16909","07_report/CpG_context_sampling_26932_909_trimmed_bismark_bt2.CpG",8729,7278,1451,8729
"16910","07_report/CpG_context_sampling_26932_910_trimmed_bismark_bt2.CpG",8877,7297,1580,8877
"16911","07_report/CpG_context_sampling_26932_911_trimmed_bismark_bt2.CpG",8705,7247,1458,8705
"16912","07_report/CpG_context_sampling_26932_912_trimmed_bismark_bt2.CpG",8822,7302,1520,8822
"16913","07_report/CpG_context_sampling_26932_913_trimmed_bismark_bt2.CpG",8697,7233,1464,8697
"16914","07_report/CpG_context_sampling_26932_914_trimmed_bismark_bt2.CpG",8777,7291,1486,8777
"16915","07_report/CpG_context_sampling_26932_915_trimmed_bismark_bt2.CpG",8754,7270,1484,8754
"16916","07_report/CpG_context_sampling_26932_916_trimmed_bismark_bt2.CpG",8568,7106,1462,8568
"16917","07_report/CpG_context_sampling_26932_917_trimmed_bismark_bt2.CpG",8698,7257,1441,8698
"16918","07_report/CpG_context_sampling_26932_918_trimmed_bismark_bt2.CpG",8595,7183,1412,8595
"16919","07_report/CpG_context_sampling_26932_919_trimmed_bismark_bt2.CpG",8858,7382,1476,8858
"16920","07_report/CpG_context_sampling_26932_920_trimmed_bismark_bt2.CpG",8676,7261,1415,8676
"16921","07_report/CpG_context_sampling_26932_921_trimmed_bismark_bt2.CpG",8647,7165,1482,8647
"16922","07_report/CpG_context_sampling_26932_922_trimmed_bismark_bt2.CpG",8552,7191,1361,8552
"16923","07_report/CpG_context_sampling_26932_923_trimmed_bismark_bt2.CpG",8677,7271,1406,8677
"16924","07_report/CpG_context_sampling_26932_924_trimmed_bismark_bt2.CpG",8697,7167,1530,8697
"16925","07_report/CpG_context_sampling_26932_925_trimmed_bismark_bt2.CpG",8786,7327,1459,8786
"16926","07_report/CpG_context_sampling_26932_926_trimmed_bismark_bt2.CpG",8767,7341,1426,8767
"16927","07_report/CpG_context_sampling_26932_927_trimmed_bismark_bt2.CpG",8707,7261,1446,8707
"16928","07_report/CpG_context_sampling_26932_928_trimmed_bismark_bt2.CpG",8752,7236,1516,8752
"16929","07_report/CpG_context_sampling_26932_929_trimmed_bismark_bt2.CpG",8746,7275,1471,8746
"16930","07_report/CpG_context_sampling_26932_930_trimmed_bismark_bt2.CpG",8743,7277,1466,8743
"16931","07_report/CpG_context_sampling_26932_931_trimmed_bismark_bt2.CpG",8651,7209,1442,8651
"16932","07_report/CpG_context_sampling_26932_932_trimmed_bismark_bt2.CpG",8688,7231,1457,8688
"16933","07_report/CpG_context_sampling_26932_933_trimmed_bismark_bt2.CpG",8795,7370,1425,8795
"16934","07_report/CpG_context_sampling_26932_934_trimmed_bismark_bt2.CpG",8682,7294,1388,8682
"16935","07_report/CpG_context_sampling_26932_935_trimmed_bismark_bt2.CpG",8664,7190,1474,8664
"16936","07_report/CpG_context_sampling_26932_936_trimmed_bismark_bt2.CpG",8731,7274,1457,8731
"16937","07_report/CpG_context_sampling_26932_937_trimmed_bismark_bt2.CpG",8673,7218,1455,8673
"16938","07_report/CpG_context_sampling_26932_938_trimmed_bismark_bt2.CpG",8755,7279,1476,8755
"16939","07_report/CpG_context_sampling_26932_939_trimmed_bismark_bt2.CpG",8745,7228,1517,8745
"16940","07_report/CpG_context_sampling_26932_940_trimmed_bismark_bt2.CpG",8686,7187,1499,8686
"16941","07_report/CpG_context_sampling_26932_941_trimmed_bismark_bt2.CpG",8765,7202,1563,8765
"16942","07_report/CpG_context_sampling_26932_942_trimmed_bismark_bt2.CpG",8697,7204,1493,8697
"16943","07_report/CpG_context_sampling_26932_943_trimmed_bismark_bt2.CpG",8708,7301,1407,8708
"16944","07_report/CpG_context_sampling_26932_944_trimmed_bismark_bt2.CpG",8596,7189,1407,8596
"16945","07_report/CpG_context_sampling_26932_945_trimmed_bismark_bt2.CpG",8838,7359,1479,8838
"16946","07_report/CpG_context_sampling_26932_946_trimmed_bismark_bt2.CpG",8657,7215,1442,8657
"16947","07_report/CpG_context_sampling_26932_947_trimmed_bismark_bt2.CpG",8600,7218,1382,8600
"16948","07_report/CpG_context_sampling_26932_948_trimmed_bismark_bt2.CpG",8741,7321,1420,8741
"16949","07_report/CpG_context_sampling_26932_949_trimmed_bismark_bt2.CpG",8704,7243,1461,8704
"16950","07_report/CpG_context_sampling_26932_950_trimmed_bismark_bt2.CpG",8542,7098,1444,8542
"16951","07_report/CpG_context_sampling_26932_951_trimmed_bismark_bt2.CpG",8717,7252,1465,8717
"16952","07_report/CpG_context_sampling_26932_952_trimmed_bismark_bt2.CpG",8575,7089,1486,8575
"16953","07_report/CpG_context_sampling_26932_953_trimmed_bismark_bt2.CpG",8846,7354,1492,8846
"16954","07_report/CpG_context_sampling_26932_954_trimmed_bismark_bt2.CpG",8749,7331,1418,8749
"16955","07_report/CpG_context_sampling_26932_955_trimmed_bismark_bt2.CpG",8643,7135,1508,8643
"16956","07_report/CpG_context_sampling_26932_956_trimmed_bismark_bt2.CpG",8646,7158,1488,8646
"16957","07_report/CpG_context_sampling_26932_957_trimmed_bismark_bt2.CpG",8686,7173,1513,8686
"16958","07_report/CpG_context_sampling_26932_958_trimmed_bismark_bt2.CpG",8789,7340,1449,8789
"16959","07_report/CpG_context_sampling_26932_959_trimmed_bismark_bt2.CpG",8645,7145,1500,8645
"16960","07_report/CpG_context_sampling_26932_960_trimmed_bismark_bt2.CpG",8651,7245,1406,8651
"16961","07_report/CpG_context_sampling_26932_961_trimmed_bismark_bt2.CpG",8714,7265,1449,8714
"16962","07_report/CpG_context_sampling_26932_962_trimmed_bismark_bt2.CpG",8828,7308,1520,8828
"16963","07_report/CpG_context_sampling_26932_963_trimmed_bismark_bt2.CpG",8716,7250,1466,8716
"16964","07_report/CpG_context_sampling_26932_964_trimmed_bismark_bt2.CpG",8735,7266,1469,8735
"16965","07_report/CpG_context_sampling_26932_965_trimmed_bismark_bt2.CpG",8592,7074,1518,8592
"16966","07_report/CpG_context_sampling_26932_966_trimmed_bismark_bt2.CpG",8796,7285,1511,8796
"16967","07_report/CpG_context_sampling_26932_967_trimmed_bismark_bt2.CpG",8659,7209,1450,8659
"16968","07_report/CpG_context_sampling_26932_968_trimmed_bismark_bt2.CpG",8668,7216,1452,8668
"16969","07_report/CpG_context_sampling_26932_969_trimmed_bismark_bt2.CpG",8726,7268,1458,8726
"16970","07_report/CpG_context_sampling_26932_970_trimmed_bismark_bt2.CpG",8739,7248,1491,8739
"16971","07_report/CpG_context_sampling_26932_971_trimmed_bismark_bt2.CpG",8617,7191,1426,8617
"16972","07_report/CpG_context_sampling_26932_972_trimmed_bismark_bt2.CpG",8711,7238,1473,8711
"16973","07_report/CpG_context_sampling_26932_973_trimmed_bismark_bt2.CpG",8643,7171,1472,8643
"16974","07_report/CpG_context_sampling_26932_974_trimmed_bismark_bt2.CpG",8904,7382,1522,8904
"16975","07_report/CpG_context_sampling_26932_975_trimmed_bismark_bt2.CpG",8694,7233,1461,8694
"16976","07_report/CpG_context_sampling_26932_976_trimmed_bismark_bt2.CpG",8756,7263,1493,8756
"16977","07_report/CpG_context_sampling_26932_977_trimmed_bismark_bt2.CpG",8762,7337,1425,8762
"16978","07_report/CpG_context_sampling_26932_978_trimmed_bismark_bt2.CpG",8715,7214,1501,8715
"16979","07_report/CpG_context_sampling_26932_979_trimmed_bismark_bt2.CpG",8658,7218,1440,8658
"16980","07_report/CpG_context_sampling_26932_980_trimmed_bismark_bt2.CpG",8692,7272,1420,8692
"16981","07_report/CpG_context_sampling_26932_981_trimmed_bismark_bt2.CpG",8708,7262,1446,8708
"16982","07_report/CpG_context_sampling_26932_982_trimmed_bismark_bt2.CpG",8767,7322,1445,8767
"16983","07_report/CpG_context_sampling_26932_983_trimmed_bismark_bt2.CpG",8656,7229,1427,8656
"16984","07_report/CpG_context_sampling_26932_984_trimmed_bismark_bt2.CpG",8672,7245,1427,8672
"16985","07_report/CpG_context_sampling_26932_985_trimmed_bismark_bt2.CpG",8729,7214,1515,8729
"16986","07_report/CpG_context_sampling_26932_986_trimmed_bismark_bt2.CpG",8763,7260,1503,8763
"16987","07_report/CpG_context_sampling_26932_987_trimmed_bismark_bt2.CpG",8828,7391,1437,8828
"16988","07_report/CpG_context_sampling_26932_988_trimmed_bismark_bt2.CpG",8624,7179,1445,8624
"16989","07_report/CpG_context_sampling_26932_989_trimmed_bismark_bt2.CpG",8801,7343,1458,8801
"16990","07_report/CpG_context_sampling_26932_990_trimmed_bismark_bt2.CpG",8711,7231,1480,8711
"16991","07_report/CpG_context_sampling_26932_991_trimmed_bismark_bt2.CpG",8762,7261,1501,8762
"16992","07_report/CpG_context_sampling_26932_992_trimmed_bismark_bt2.CpG",8738,7299,1439,8738
"16993","07_report/CpG_context_sampling_26932_993_trimmed_bismark_bt2.CpG",8698,7214,1484,8698
"16994","07_report/CpG_context_sampling_26932_994_trimmed_bismark_bt2.CpG",8703,7228,1475,8703
"16995","07_report/CpG_context_sampling_26932_995_trimmed_bismark_bt2.CpG",8693,7245,1448,8693
"16996","07_report/CpG_context_sampling_26932_996_trimmed_bismark_bt2.CpG",8731,7267,1464,8731
"16997","07_report/CpG_context_sampling_26932_997_trimmed_bismark_bt2.CpG",8633,7174,1459,8633
"16998","07_report/CpG_context_sampling_26932_998_trimmed_bismark_bt2.CpG",8811,7360,1451,8811
"16999","07_report/CpG_context_sampling_26932_999_trimmed_bismark_bt2.CpG",8669,7238,1431,8669
"17000","07_report/CpG_context_sampling_26932_1000_trimmed_bismark_bt2.CpG",8602,7191,1411,8602
"17001","07_report/CpG_context_sampling_30299_1_trimmed_bismark_bt2.CpG",9859,8184,1675,9859
"17002","07_report/CpG_context_sampling_30299_2_trimmed_bismark_bt2.CpG",9879,8217,1662,9879
"17003","07_report/CpG_context_sampling_30299_3_trimmed_bismark_bt2.CpG",9718,8086,1632,9718
"17004","07_report/CpG_context_sampling_30299_4_trimmed_bismark_bt2.CpG",9710,8055,1655,9710
"17005","07_report/CpG_context_sampling_30299_5_trimmed_bismark_bt2.CpG",10023,8308,1715,10023
"17006","07_report/CpG_context_sampling_30299_6_trimmed_bismark_bt2.CpG",9853,8164,1689,9853
"17007","07_report/CpG_context_sampling_30299_7_trimmed_bismark_bt2.CpG",9873,8148,1725,9873
"17008","07_report/CpG_context_sampling_30299_8_trimmed_bismark_bt2.CpG",9789,8167,1622,9789
"17009","07_report/CpG_context_sampling_30299_9_trimmed_bismark_bt2.CpG",9711,8082,1629,9711
"17010","07_report/CpG_context_sampling_30299_10_trimmed_bismark_bt2.CpG",9819,8161,1658,9819
"17011","07_report/CpG_context_sampling_30299_11_trimmed_bismark_bt2.CpG",9694,8098,1596,9694
"17012","07_report/CpG_context_sampling_30299_12_trimmed_bismark_bt2.CpG",9716,8143,1573,9716
"17013","07_report/CpG_context_sampling_30299_13_trimmed_bismark_bt2.CpG",9836,8220,1616,9836
"17014","07_report/CpG_context_sampling_30299_14_trimmed_bismark_bt2.CpG",9652,7968,1684,9652
"17015","07_report/CpG_context_sampling_30299_15_trimmed_bismark_bt2.CpG",9761,8137,1624,9761
"17016","07_report/CpG_context_sampling_30299_16_trimmed_bismark_bt2.CpG",9689,8039,1650,9689
"17017","07_report/CpG_context_sampling_30299_17_trimmed_bismark_bt2.CpG",9742,8030,1712,9742
"17018","07_report/CpG_context_sampling_30299_18_trimmed_bismark_bt2.CpG",9763,8141,1622,9763
"17019","07_report/CpG_context_sampling_30299_19_trimmed_bismark_bt2.CpG",9737,8122,1615,9737
"17020","07_report/CpG_context_sampling_30299_20_trimmed_bismark_bt2.CpG",9596,7967,1629,9596
"17021","07_report/CpG_context_sampling_30299_21_trimmed_bismark_bt2.CpG",9882,8167,1715,9882
"17022","07_report/CpG_context_sampling_30299_22_trimmed_bismark_bt2.CpG",9791,8072,1719,9791
"17023","07_report/CpG_context_sampling_30299_23_trimmed_bismark_bt2.CpG",9615,8078,1537,9615
"17024","07_report/CpG_context_sampling_30299_24_trimmed_bismark_bt2.CpG",9767,8097,1670,9767
"17025","07_report/CpG_context_sampling_30299_25_trimmed_bismark_bt2.CpG",9957,8242,1715,9957
"17026","07_report/CpG_context_sampling_30299_26_trimmed_bismark_bt2.CpG",9757,8158,1599,9757
"17027","07_report/CpG_context_sampling_30299_27_trimmed_bismark_bt2.CpG",9858,8227,1631,9858
"17028","07_report/CpG_context_sampling_30299_28_trimmed_bismark_bt2.CpG",9759,8099,1660,9759
"17029","07_report/CpG_context_sampling_30299_29_trimmed_bismark_bt2.CpG",9820,8151,1669,9820
"17030","07_report/CpG_context_sampling_30299_30_trimmed_bismark_bt2.CpG",9870,8230,1640,9870
"17031","07_report/CpG_context_sampling_30299_31_trimmed_bismark_bt2.CpG",9658,7975,1683,9658
"17032","07_report/CpG_context_sampling_30299_32_trimmed_bismark_bt2.CpG",9742,8150,1592,9742
"17033","07_report/CpG_context_sampling_30299_33_trimmed_bismark_bt2.CpG",9791,8147,1644,9791
"17034","07_report/CpG_context_sampling_30299_34_trimmed_bismark_bt2.CpG",9786,8158,1628,9786
"17035","07_report/CpG_context_sampling_30299_35_trimmed_bismark_bt2.CpG",9776,8117,1659,9776
"17036","07_report/CpG_context_sampling_30299_36_trimmed_bismark_bt2.CpG",9763,8142,1621,9763
"17037","07_report/CpG_context_sampling_30299_37_trimmed_bismark_bt2.CpG",9721,8027,1694,9721
"17038","07_report/CpG_context_sampling_30299_38_trimmed_bismark_bt2.CpG",9907,8325,1582,9907
"17039","07_report/CpG_context_sampling_30299_39_trimmed_bismark_bt2.CpG",9717,8049,1668,9717
"17040","07_report/CpG_context_sampling_30299_40_trimmed_bismark_bt2.CpG",9886,8235,1651,9886
"17041","07_report/CpG_context_sampling_30299_41_trimmed_bismark_bt2.CpG",9723,8134,1589,9723
"17042","07_report/CpG_context_sampling_30299_42_trimmed_bismark_bt2.CpG",9843,8149,1694,9843
"17043","07_report/CpG_context_sampling_30299_43_trimmed_bismark_bt2.CpG",9842,8199,1643,9842
"17044","07_report/CpG_context_sampling_30299_44_trimmed_bismark_bt2.CpG",9704,8065,1639,9704
"17045","07_report/CpG_context_sampling_30299_45_trimmed_bismark_bt2.CpG",9741,8113,1628,9741
"17046","07_report/CpG_context_sampling_30299_46_trimmed_bismark_bt2.CpG",9696,8108,1588,9696
"17047","07_report/CpG_context_sampling_30299_47_trimmed_bismark_bt2.CpG",9806,8089,1717,9806
"17048","07_report/CpG_context_sampling_30299_48_trimmed_bismark_bt2.CpG",9846,8202,1644,9846
"17049","07_report/CpG_context_sampling_30299_49_trimmed_bismark_bt2.CpG",10089,8356,1733,10089
"17050","07_report/CpG_context_sampling_30299_50_trimmed_bismark_bt2.CpG",9924,8228,1696,9924
"17051","07_report/CpG_context_sampling_30299_51_trimmed_bismark_bt2.CpG",9832,8165,1667,9832
"17052","07_report/CpG_context_sampling_30299_52_trimmed_bismark_bt2.CpG",9721,8009,1712,9721
"17053","07_report/CpG_context_sampling_30299_53_trimmed_bismark_bt2.CpG",9889,8192,1697,9889
"17054","07_report/CpG_context_sampling_30299_54_trimmed_bismark_bt2.CpG",9728,8062,1666,9728
"17055","07_report/CpG_context_sampling_30299_55_trimmed_bismark_bt2.CpG",9705,8001,1704,9705
"17056","07_report/CpG_context_sampling_30299_56_trimmed_bismark_bt2.CpG",9855,8138,1717,9855
"17057","07_report/CpG_context_sampling_30299_57_trimmed_bismark_bt2.CpG",9612,7991,1621,9612
"17058","07_report/CpG_context_sampling_30299_58_trimmed_bismark_bt2.CpG",9931,8219,1712,9931
"17059","07_report/CpG_context_sampling_30299_59_trimmed_bismark_bt2.CpG",9807,8162,1645,9807
"17060","07_report/CpG_context_sampling_30299_60_trimmed_bismark_bt2.CpG",9794,8128,1666,9794
"17061","07_report/CpG_context_sampling_30299_61_trimmed_bismark_bt2.CpG",9782,8136,1646,9782
"17062","07_report/CpG_context_sampling_30299_62_trimmed_bismark_bt2.CpG",9725,8108,1617,9725
"17063","07_report/CpG_context_sampling_30299_63_trimmed_bismark_bt2.CpG",9755,8082,1673,9755
"17064","07_report/CpG_context_sampling_30299_64_trimmed_bismark_bt2.CpG",9804,8128,1676,9804
"17065","07_report/CpG_context_sampling_30299_65_trimmed_bismark_bt2.CpG",9916,8299,1617,9916
"17066","07_report/CpG_context_sampling_30299_66_trimmed_bismark_bt2.CpG",9782,8064,1718,9782
"17067","07_report/CpG_context_sampling_30299_67_trimmed_bismark_bt2.CpG",9689,8052,1637,9689
"17068","07_report/CpG_context_sampling_30299_68_trimmed_bismark_bt2.CpG",9809,8120,1689,9809
"17069","07_report/CpG_context_sampling_30299_69_trimmed_bismark_bt2.CpG",9887,8268,1619,9887
"17070","07_report/CpG_context_sampling_30299_70_trimmed_bismark_bt2.CpG",9867,8180,1687,9867
"17071","07_report/CpG_context_sampling_30299_71_trimmed_bismark_bt2.CpG",9707,8078,1629,9707
"17072","07_report/CpG_context_sampling_30299_72_trimmed_bismark_bt2.CpG",9760,8086,1674,9760
"17073","07_report/CpG_context_sampling_30299_73_trimmed_bismark_bt2.CpG",9794,8126,1668,9794
"17074","07_report/CpG_context_sampling_30299_74_trimmed_bismark_bt2.CpG",9817,8180,1637,9817
"17075","07_report/CpG_context_sampling_30299_75_trimmed_bismark_bt2.CpG",9802,8169,1633,9802
"17076","07_report/CpG_context_sampling_30299_76_trimmed_bismark_bt2.CpG",9825,8181,1644,9825
"17077","07_report/CpG_context_sampling_30299_77_trimmed_bismark_bt2.CpG",9884,8213,1671,9884
"17078","07_report/CpG_context_sampling_30299_78_trimmed_bismark_bt2.CpG",9787,8075,1712,9787
"17079","07_report/CpG_context_sampling_30299_79_trimmed_bismark_bt2.CpG",9820,8174,1646,9820
"17080","07_report/CpG_context_sampling_30299_80_trimmed_bismark_bt2.CpG",9917,8274,1643,9917
"17081","07_report/CpG_context_sampling_30299_81_trimmed_bismark_bt2.CpG",9872,8229,1643,9872
"17082","07_report/CpG_context_sampling_30299_82_trimmed_bismark_bt2.CpG",9809,8173,1636,9809
"17083","07_report/CpG_context_sampling_30299_83_trimmed_bismark_bt2.CpG",9833,8187,1646,9833
"17084","07_report/CpG_context_sampling_30299_84_trimmed_bismark_bt2.CpG",9765,8082,1683,9765
"17085","07_report/CpG_context_sampling_30299_85_trimmed_bismark_bt2.CpG",9759,8096,1663,9759
"17086","07_report/CpG_context_sampling_30299_86_trimmed_bismark_bt2.CpG",9803,8115,1688,9803
"17087","07_report/CpG_context_sampling_30299_87_trimmed_bismark_bt2.CpG",9720,8021,1699,9720
"17088","07_report/CpG_context_sampling_30299_88_trimmed_bismark_bt2.CpG",9657,8025,1632,9657
"17089","07_report/CpG_context_sampling_30299_89_trimmed_bismark_bt2.CpG",9784,8149,1635,9784
"17090","07_report/CpG_context_sampling_30299_90_trimmed_bismark_bt2.CpG",9825,8074,1751,9825
"17091","07_report/CpG_context_sampling_30299_91_trimmed_bismark_bt2.CpG",9733,8072,1661,9733
"17092","07_report/CpG_context_sampling_30299_92_trimmed_bismark_bt2.CpG",9909,8292,1617,9909
"17093","07_report/CpG_context_sampling_30299_93_trimmed_bismark_bt2.CpG",9824,8187,1637,9824
"17094","07_report/CpG_context_sampling_30299_94_trimmed_bismark_bt2.CpG",9569,7982,1587,9569
"17095","07_report/CpG_context_sampling_30299_95_trimmed_bismark_bt2.CpG",9846,8147,1699,9846
"17096","07_report/CpG_context_sampling_30299_96_trimmed_bismark_bt2.CpG",9878,8187,1691,9878
"17097","07_report/CpG_context_sampling_30299_97_trimmed_bismark_bt2.CpG",9772,8114,1658,9772
"17098","07_report/CpG_context_sampling_30299_98_trimmed_bismark_bt2.CpG",9788,8146,1642,9788
"17099","07_report/CpG_context_sampling_30299_99_trimmed_bismark_bt2.CpG",9864,8199,1665,9864
"17100","07_report/CpG_context_sampling_30299_100_trimmed_bismark_bt2.CpG",9874,8138,1736,9874
"17101","07_report/CpG_context_sampling_30299_101_trimmed_bismark_bt2.CpG",9920,8352,1568,9920
"17102","07_report/CpG_context_sampling_30299_102_trimmed_bismark_bt2.CpG",9724,8052,1672,9724
"17103","07_report/CpG_context_sampling_30299_103_trimmed_bismark_bt2.CpG",9922,8243,1679,9922
"17104","07_report/CpG_context_sampling_30299_104_trimmed_bismark_bt2.CpG",9814,8208,1606,9814
"17105","07_report/CpG_context_sampling_30299_105_trimmed_bismark_bt2.CpG",9841,8144,1697,9841
"17106","07_report/CpG_context_sampling_30299_106_trimmed_bismark_bt2.CpG",9792,8135,1657,9792
"17107","07_report/CpG_context_sampling_30299_107_trimmed_bismark_bt2.CpG",9841,8201,1640,9841
"17108","07_report/CpG_context_sampling_30299_108_trimmed_bismark_bt2.CpG",9632,8000,1632,9632
"17109","07_report/CpG_context_sampling_30299_109_trimmed_bismark_bt2.CpG",9866,8240,1626,9866
"17110","07_report/CpG_context_sampling_30299_110_trimmed_bismark_bt2.CpG",9950,8295,1655,9950
"17111","07_report/CpG_context_sampling_30299_111_trimmed_bismark_bt2.CpG",9859,8178,1681,9859
"17112","07_report/CpG_context_sampling_30299_112_trimmed_bismark_bt2.CpG",9949,8315,1634,9949
"17113","07_report/CpG_context_sampling_30299_113_trimmed_bismark_bt2.CpG",9830,8153,1677,9830
"17114","07_report/CpG_context_sampling_30299_114_trimmed_bismark_bt2.CpG",9865,8181,1684,9865
"17115","07_report/CpG_context_sampling_30299_115_trimmed_bismark_bt2.CpG",9907,8177,1730,9907
"17116","07_report/CpG_context_sampling_30299_116_trimmed_bismark_bt2.CpG",9762,8111,1651,9762
"17117","07_report/CpG_context_sampling_30299_117_trimmed_bismark_bt2.CpG",9838,8244,1594,9838
"17118","07_report/CpG_context_sampling_30299_118_trimmed_bismark_bt2.CpG",9820,8151,1669,9820
"17119","07_report/CpG_context_sampling_30299_119_trimmed_bismark_bt2.CpG",9650,8027,1623,9650
"17120","07_report/CpG_context_sampling_30299_120_trimmed_bismark_bt2.CpG",9772,8087,1685,9772
"17121","07_report/CpG_context_sampling_30299_121_trimmed_bismark_bt2.CpG",9888,8142,1746,9888
"17122","07_report/CpG_context_sampling_30299_122_trimmed_bismark_bt2.CpG",9988,8310,1678,9988
"17123","07_report/CpG_context_sampling_30299_123_trimmed_bismark_bt2.CpG",9902,8284,1618,9902
"17124","07_report/CpG_context_sampling_30299_124_trimmed_bismark_bt2.CpG",9771,8198,1573,9771
"17125","07_report/CpG_context_sampling_30299_125_trimmed_bismark_bt2.CpG",9841,8107,1734,9841
"17126","07_report/CpG_context_sampling_30299_126_trimmed_bismark_bt2.CpG",9783,8169,1614,9783
"17127","07_report/CpG_context_sampling_30299_127_trimmed_bismark_bt2.CpG",9881,8200,1681,9881
"17128","07_report/CpG_context_sampling_30299_128_trimmed_bismark_bt2.CpG",9792,8230,1562,9792
"17129","07_report/CpG_context_sampling_30299_129_trimmed_bismark_bt2.CpG",9740,8083,1657,9740
"17130","07_report/CpG_context_sampling_30299_130_trimmed_bismark_bt2.CpG",9766,8124,1642,9766
"17131","07_report/CpG_context_sampling_30299_131_trimmed_bismark_bt2.CpG",9626,8002,1624,9626
"17132","07_report/CpG_context_sampling_30299_132_trimmed_bismark_bt2.CpG",9895,8231,1664,9895
"17133","07_report/CpG_context_sampling_30299_133_trimmed_bismark_bt2.CpG",9708,8132,1576,9708
"17134","07_report/CpG_context_sampling_30299_134_trimmed_bismark_bt2.CpG",9770,8071,1699,9770
"17135","07_report/CpG_context_sampling_30299_135_trimmed_bismark_bt2.CpG",9800,8177,1623,9800
"17136","07_report/CpG_context_sampling_30299_136_trimmed_bismark_bt2.CpG",9841,8191,1650,9841
"17137","07_report/CpG_context_sampling_30299_137_trimmed_bismark_bt2.CpG",9765,8115,1650,9765
"17138","07_report/CpG_context_sampling_30299_138_trimmed_bismark_bt2.CpG",9794,8137,1657,9794
"17139","07_report/CpG_context_sampling_30299_139_trimmed_bismark_bt2.CpG",9764,8162,1602,9764
"17140","07_report/CpG_context_sampling_30299_140_trimmed_bismark_bt2.CpG",9783,8156,1627,9783
"17141","07_report/CpG_context_sampling_30299_141_trimmed_bismark_bt2.CpG",9767,8139,1628,9767
"17142","07_report/CpG_context_sampling_30299_142_trimmed_bismark_bt2.CpG",9793,8087,1706,9793
"17143","07_report/CpG_context_sampling_30299_143_trimmed_bismark_bt2.CpG",9699,8042,1657,9699
"17144","07_report/CpG_context_sampling_30299_144_trimmed_bismark_bt2.CpG",9736,8142,1594,9736
"17145","07_report/CpG_context_sampling_30299_145_trimmed_bismark_bt2.CpG",9781,8152,1629,9781
"17146","07_report/CpG_context_sampling_30299_146_trimmed_bismark_bt2.CpG",9872,8214,1658,9872
"17147","07_report/CpG_context_sampling_30299_147_trimmed_bismark_bt2.CpG",9721,8019,1702,9721
"17148","07_report/CpG_context_sampling_30299_148_trimmed_bismark_bt2.CpG",9807,8225,1582,9807
"17149","07_report/CpG_context_sampling_30299_149_trimmed_bismark_bt2.CpG",9797,8161,1636,9797
"17150","07_report/CpG_context_sampling_30299_150_trimmed_bismark_bt2.CpG",9879,8207,1672,9879
"17151","07_report/CpG_context_sampling_30299_151_trimmed_bismark_bt2.CpG",9713,8117,1596,9713
"17152","07_report/CpG_context_sampling_30299_152_trimmed_bismark_bt2.CpG",9732,8050,1682,9732
"17153","07_report/CpG_context_sampling_30299_153_trimmed_bismark_bt2.CpG",9947,8311,1636,9947
"17154","07_report/CpG_context_sampling_30299_154_trimmed_bismark_bt2.CpG",9730,8111,1619,9730
"17155","07_report/CpG_context_sampling_30299_155_trimmed_bismark_bt2.CpG",9898,8206,1692,9898
"17156","07_report/CpG_context_sampling_30299_156_trimmed_bismark_bt2.CpG",9805,8196,1609,9805
"17157","07_report/CpG_context_sampling_30299_157_trimmed_bismark_bt2.CpG",9690,8064,1626,9690
"17158","07_report/CpG_context_sampling_30299_158_trimmed_bismark_bt2.CpG",9810,8213,1597,9810
"17159","07_report/CpG_context_sampling_30299_159_trimmed_bismark_bt2.CpG",9862,8136,1726,9862
"17160","07_report/CpG_context_sampling_30299_160_trimmed_bismark_bt2.CpG",9574,7955,1619,9574
"17161","07_report/CpG_context_sampling_30299_161_trimmed_bismark_bt2.CpG",9851,8207,1644,9851
"17162","07_report/CpG_context_sampling_30299_162_trimmed_bismark_bt2.CpG",9876,8220,1656,9876
"17163","07_report/CpG_context_sampling_30299_163_trimmed_bismark_bt2.CpG",9790,8127,1663,9790
"17164","07_report/CpG_context_sampling_30299_164_trimmed_bismark_bt2.CpG",9765,8119,1646,9765
"17165","07_report/CpG_context_sampling_30299_165_trimmed_bismark_bt2.CpG",9849,8162,1687,9849
"17166","07_report/CpG_context_sampling_30299_166_trimmed_bismark_bt2.CpG",9889,8248,1641,9889
"17167","07_report/CpG_context_sampling_30299_167_trimmed_bismark_bt2.CpG",9808,8116,1692,9808
"17168","07_report/CpG_context_sampling_30299_168_trimmed_bismark_bt2.CpG",9811,8171,1640,9811
"17169","07_report/CpG_context_sampling_30299_169_trimmed_bismark_bt2.CpG",9912,8177,1735,9912
"17170","07_report/CpG_context_sampling_30299_170_trimmed_bismark_bt2.CpG",9825,8181,1644,9825
"17171","07_report/CpG_context_sampling_30299_171_trimmed_bismark_bt2.CpG",9771,8118,1653,9771
"17172","07_report/CpG_context_sampling_30299_172_trimmed_bismark_bt2.CpG",9825,8186,1639,9825
"17173","07_report/CpG_context_sampling_30299_173_trimmed_bismark_bt2.CpG",9785,8154,1631,9785
"17174","07_report/CpG_context_sampling_30299_174_trimmed_bismark_bt2.CpG",9769,8142,1627,9769
"17175","07_report/CpG_context_sampling_30299_175_trimmed_bismark_bt2.CpG",9650,8049,1601,9650
"17176","07_report/CpG_context_sampling_30299_176_trimmed_bismark_bt2.CpG",9813,8168,1645,9813
"17177","07_report/CpG_context_sampling_30299_177_trimmed_bismark_bt2.CpG",9855,8237,1618,9855
"17178","07_report/CpG_context_sampling_30299_178_trimmed_bismark_bt2.CpG",9775,8126,1649,9775
"17179","07_report/CpG_context_sampling_30299_179_trimmed_bismark_bt2.CpG",9723,8114,1609,9723
"17180","07_report/CpG_context_sampling_30299_180_trimmed_bismark_bt2.CpG",9697,8041,1656,9697
"17181","07_report/CpG_context_sampling_30299_181_trimmed_bismark_bt2.CpG",9682,8057,1625,9682
"17182","07_report/CpG_context_sampling_30299_182_trimmed_bismark_bt2.CpG",9711,8117,1594,9711
"17183","07_report/CpG_context_sampling_30299_183_trimmed_bismark_bt2.CpG",9825,8145,1680,9825
"17184","07_report/CpG_context_sampling_30299_184_trimmed_bismark_bt2.CpG",9740,8049,1691,9740
"17185","07_report/CpG_context_sampling_30299_185_trimmed_bismark_bt2.CpG",9627,8011,1616,9627
"17186","07_report/CpG_context_sampling_30299_186_trimmed_bismark_bt2.CpG",9930,8227,1703,9930
"17187","07_report/CpG_context_sampling_30299_187_trimmed_bismark_bt2.CpG",9747,8111,1636,9747
"17188","07_report/CpG_context_sampling_30299_188_trimmed_bismark_bt2.CpG",9702,8049,1653,9702
"17189","07_report/CpG_context_sampling_30299_189_trimmed_bismark_bt2.CpG",9877,8177,1700,9877
"17190","07_report/CpG_context_sampling_30299_190_trimmed_bismark_bt2.CpG",9798,8084,1714,9798
"17191","07_report/CpG_context_sampling_30299_191_trimmed_bismark_bt2.CpG",9709,8103,1606,9709
"17192","07_report/CpG_context_sampling_30299_192_trimmed_bismark_bt2.CpG",9811,8125,1686,9811
"17193","07_report/CpG_context_sampling_30299_193_trimmed_bismark_bt2.CpG",9890,8160,1730,9890
"17194","07_report/CpG_context_sampling_30299_194_trimmed_bismark_bt2.CpG",9615,8011,1604,9615
"17195","07_report/CpG_context_sampling_30299_195_trimmed_bismark_bt2.CpG",9874,8248,1626,9874
"17196","07_report/CpG_context_sampling_30299_196_trimmed_bismark_bt2.CpG",9754,8163,1591,9754
"17197","07_report/CpG_context_sampling_30299_197_trimmed_bismark_bt2.CpG",9842,8228,1614,9842
"17198","07_report/CpG_context_sampling_30299_198_trimmed_bismark_bt2.CpG",9810,8114,1696,9810
"17199","07_report/CpG_context_sampling_30299_199_trimmed_bismark_bt2.CpG",9750,8112,1638,9750
"17200","07_report/CpG_context_sampling_30299_200_trimmed_bismark_bt2.CpG",9879,8167,1712,9879
"17201","07_report/CpG_context_sampling_30299_201_trimmed_bismark_bt2.CpG",9860,8198,1662,9860
"17202","07_report/CpG_context_sampling_30299_202_trimmed_bismark_bt2.CpG",9936,8242,1694,9936
"17203","07_report/CpG_context_sampling_30299_203_trimmed_bismark_bt2.CpG",9698,8057,1641,9698
"17204","07_report/CpG_context_sampling_30299_204_trimmed_bismark_bt2.CpG",9841,8208,1633,9841
"17205","07_report/CpG_context_sampling_30299_205_trimmed_bismark_bt2.CpG",9889,8177,1712,9889
"17206","07_report/CpG_context_sampling_30299_206_trimmed_bismark_bt2.CpG",9761,8138,1623,9761
"17207","07_report/CpG_context_sampling_30299_207_trimmed_bismark_bt2.CpG",9780,8115,1665,9780
"17208","07_report/CpG_context_sampling_30299_208_trimmed_bismark_bt2.CpG",9884,8185,1699,9884
"17209","07_report/CpG_context_sampling_30299_209_trimmed_bismark_bt2.CpG",9870,8166,1704,9870
"17210","07_report/CpG_context_sampling_30299_210_trimmed_bismark_bt2.CpG",10012,8338,1674,10012
"17211","07_report/CpG_context_sampling_30299_211_trimmed_bismark_bt2.CpG",9936,8262,1674,9936
"17212","07_report/CpG_context_sampling_30299_212_trimmed_bismark_bt2.CpG",9834,8155,1679,9834
"17213","07_report/CpG_context_sampling_30299_213_trimmed_bismark_bt2.CpG",9794,8132,1662,9794
"17214","07_report/CpG_context_sampling_30299_214_trimmed_bismark_bt2.CpG",9714,8113,1601,9714
"17215","07_report/CpG_context_sampling_30299_215_trimmed_bismark_bt2.CpG",9856,8190,1666,9856
"17216","07_report/CpG_context_sampling_30299_216_trimmed_bismark_bt2.CpG",9748,8108,1640,9748
"17217","07_report/CpG_context_sampling_30299_217_trimmed_bismark_bt2.CpG",9811,8115,1696,9811
"17218","07_report/CpG_context_sampling_30299_218_trimmed_bismark_bt2.CpG",9793,8204,1589,9793
"17219","07_report/CpG_context_sampling_30299_219_trimmed_bismark_bt2.CpG",9864,8227,1637,9864
"17220","07_report/CpG_context_sampling_30299_220_trimmed_bismark_bt2.CpG",9831,8126,1705,9831
"17221","07_report/CpG_context_sampling_30299_221_trimmed_bismark_bt2.CpG",9687,8023,1664,9687
"17222","07_report/CpG_context_sampling_30299_222_trimmed_bismark_bt2.CpG",9904,8206,1698,9904
"17223","07_report/CpG_context_sampling_30299_223_trimmed_bismark_bt2.CpG",9859,8331,1528,9859
"17224","07_report/CpG_context_sampling_30299_224_trimmed_bismark_bt2.CpG",9879,8221,1658,9879
"17225","07_report/CpG_context_sampling_30299_225_trimmed_bismark_bt2.CpG",9790,8139,1651,9790
"17226","07_report/CpG_context_sampling_30299_226_trimmed_bismark_bt2.CpG",9780,8086,1694,9780
"17227","07_report/CpG_context_sampling_30299_227_trimmed_bismark_bt2.CpG",9782,8138,1644,9782
"17228","07_report/CpG_context_sampling_30299_228_trimmed_bismark_bt2.CpG",9789,8182,1607,9789
"17229","07_report/CpG_context_sampling_30299_229_trimmed_bismark_bt2.CpG",9913,8274,1639,9913
"17230","07_report/CpG_context_sampling_30299_230_trimmed_bismark_bt2.CpG",9776,8096,1680,9776
"17231","07_report/CpG_context_sampling_30299_231_trimmed_bismark_bt2.CpG",9795,8067,1728,9795
"17232","07_report/CpG_context_sampling_30299_232_trimmed_bismark_bt2.CpG",9790,8131,1659,9790
"17233","07_report/CpG_context_sampling_30299_233_trimmed_bismark_bt2.CpG",9915,8242,1673,9915
"17234","07_report/CpG_context_sampling_30299_234_trimmed_bismark_bt2.CpG",9808,8157,1651,9808
"17235","07_report/CpG_context_sampling_30299_235_trimmed_bismark_bt2.CpG",9809,8197,1612,9809
"17236","07_report/CpG_context_sampling_30299_236_trimmed_bismark_bt2.CpG",9869,8179,1690,9869
"17237","07_report/CpG_context_sampling_30299_237_trimmed_bismark_bt2.CpG",9827,8182,1645,9827
"17238","07_report/CpG_context_sampling_30299_238_trimmed_bismark_bt2.CpG",9727,8085,1642,9727
"17239","07_report/CpG_context_sampling_30299_239_trimmed_bismark_bt2.CpG",9646,8050,1596,9646
"17240","07_report/CpG_context_sampling_30299_240_trimmed_bismark_bt2.CpG",9816,8105,1711,9816
"17241","07_report/CpG_context_sampling_30299_241_trimmed_bismark_bt2.CpG",9815,8206,1609,9815
"17242","07_report/CpG_context_sampling_30299_242_trimmed_bismark_bt2.CpG",9982,8357,1625,9982
"17243","07_report/CpG_context_sampling_30299_243_trimmed_bismark_bt2.CpG",9910,8290,1620,9910
"17244","07_report/CpG_context_sampling_30299_244_trimmed_bismark_bt2.CpG",9783,8093,1690,9783
"17245","07_report/CpG_context_sampling_30299_245_trimmed_bismark_bt2.CpG",9903,8175,1728,9903
"17246","07_report/CpG_context_sampling_30299_246_trimmed_bismark_bt2.CpG",9894,8265,1629,9894
"17247","07_report/CpG_context_sampling_30299_247_trimmed_bismark_bt2.CpG",9769,8099,1670,9769
"17248","07_report/CpG_context_sampling_30299_248_trimmed_bismark_bt2.CpG",9856,8178,1678,9856
"17249","07_report/CpG_context_sampling_30299_249_trimmed_bismark_bt2.CpG",9752,8134,1618,9752
"17250","07_report/CpG_context_sampling_30299_250_trimmed_bismark_bt2.CpG",9777,8163,1614,9777
"17251","07_report/CpG_context_sampling_30299_251_trimmed_bismark_bt2.CpG",9759,8147,1612,9759
"17252","07_report/CpG_context_sampling_30299_252_trimmed_bismark_bt2.CpG",9815,8112,1703,9815
"17253","07_report/CpG_context_sampling_30299_253_trimmed_bismark_bt2.CpG",9778,8098,1680,9778
"17254","07_report/CpG_context_sampling_30299_254_trimmed_bismark_bt2.CpG",9875,8236,1639,9875
"17255","07_report/CpG_context_sampling_30299_255_trimmed_bismark_bt2.CpG",9654,8012,1642,9654
"17256","07_report/CpG_context_sampling_30299_256_trimmed_bismark_bt2.CpG",9766,8061,1705,9766
"17257","07_report/CpG_context_sampling_30299_257_trimmed_bismark_bt2.CpG",9725,8091,1634,9725
"17258","07_report/CpG_context_sampling_30299_258_trimmed_bismark_bt2.CpG",9736,8156,1580,9736
"17259","07_report/CpG_context_sampling_30299_259_trimmed_bismark_bt2.CpG",9974,8271,1703,9974
"17260","07_report/CpG_context_sampling_30299_260_trimmed_bismark_bt2.CpG",9885,8202,1683,9885
"17261","07_report/CpG_context_sampling_30299_261_trimmed_bismark_bt2.CpG",9710,8068,1642,9710
"17262","07_report/CpG_context_sampling_30299_262_trimmed_bismark_bt2.CpG",9805,8121,1684,9805
"17263","07_report/CpG_context_sampling_30299_263_trimmed_bismark_bt2.CpG",9832,8171,1661,9832
"17264","07_report/CpG_context_sampling_30299_264_trimmed_bismark_bt2.CpG",9735,8079,1656,9735
"17265","07_report/CpG_context_sampling_30299_265_trimmed_bismark_bt2.CpG",9802,8173,1629,9802
"17266","07_report/CpG_context_sampling_30299_266_trimmed_bismark_bt2.CpG",9865,8211,1654,9865
"17267","07_report/CpG_context_sampling_30299_267_trimmed_bismark_bt2.CpG",9783,8179,1604,9783
"17268","07_report/CpG_context_sampling_30299_268_trimmed_bismark_bt2.CpG",9846,8225,1621,9846
"17269","07_report/CpG_context_sampling_30299_269_trimmed_bismark_bt2.CpG",9834,8127,1707,9834
"17270","07_report/CpG_context_sampling_30299_270_trimmed_bismark_bt2.CpG",9834,8152,1682,9834
"17271","07_report/CpG_context_sampling_30299_271_trimmed_bismark_bt2.CpG",9887,8164,1723,9887
"17272","07_report/CpG_context_sampling_30299_272_trimmed_bismark_bt2.CpG",9853,8158,1695,9853
"17273","07_report/CpG_context_sampling_30299_273_trimmed_bismark_bt2.CpG",9876,8180,1696,9876
"17274","07_report/CpG_context_sampling_30299_274_trimmed_bismark_bt2.CpG",9687,8114,1573,9687
"17275","07_report/CpG_context_sampling_30299_275_trimmed_bismark_bt2.CpG",9688,8152,1536,9688
"17276","07_report/CpG_context_sampling_30299_276_trimmed_bismark_bt2.CpG",9854,8133,1721,9854
"17277","07_report/CpG_context_sampling_30299_277_trimmed_bismark_bt2.CpG",9847,8239,1608,9847
"17278","07_report/CpG_context_sampling_30299_278_trimmed_bismark_bt2.CpG",9734,8132,1602,9734
"17279","07_report/CpG_context_sampling_30299_279_trimmed_bismark_bt2.CpG",9816,8191,1625,9816
"17280","07_report/CpG_context_sampling_30299_280_trimmed_bismark_bt2.CpG",9944,8292,1652,9944
"17281","07_report/CpG_context_sampling_30299_281_trimmed_bismark_bt2.CpG",9767,8092,1675,9767
"17282","07_report/CpG_context_sampling_30299_282_trimmed_bismark_bt2.CpG",9771,8092,1679,9771
"17283","07_report/CpG_context_sampling_30299_283_trimmed_bismark_bt2.CpG",9844,8163,1681,9844
"17284","07_report/CpG_context_sampling_30299_284_trimmed_bismark_bt2.CpG",9734,8079,1655,9734
"17285","07_report/CpG_context_sampling_30299_285_trimmed_bismark_bt2.CpG",9955,8359,1596,9955
"17286","07_report/CpG_context_sampling_30299_286_trimmed_bismark_bt2.CpG",9846,8125,1721,9846
"17287","07_report/CpG_context_sampling_30299_287_trimmed_bismark_bt2.CpG",9906,8229,1677,9906
"17288","07_report/CpG_context_sampling_30299_288_trimmed_bismark_bt2.CpG",9798,8057,1741,9798
"17289","07_report/CpG_context_sampling_30299_289_trimmed_bismark_bt2.CpG",9671,7985,1686,9671
"17290","07_report/CpG_context_sampling_30299_290_trimmed_bismark_bt2.CpG",9738,8153,1585,9738
"17291","07_report/CpG_context_sampling_30299_291_trimmed_bismark_bt2.CpG",9779,8054,1725,9779
"17292","07_report/CpG_context_sampling_30299_292_trimmed_bismark_bt2.CpG",9866,8264,1602,9866
"17293","07_report/CpG_context_sampling_30299_293_trimmed_bismark_bt2.CpG",9782,8173,1609,9782
"17294","07_report/CpG_context_sampling_30299_294_trimmed_bismark_bt2.CpG",9831,8161,1670,9831
"17295","07_report/CpG_context_sampling_30299_295_trimmed_bismark_bt2.CpG",9841,8129,1712,9841
"17296","07_report/CpG_context_sampling_30299_296_trimmed_bismark_bt2.CpG",9715,8119,1596,9715
"17297","07_report/CpG_context_sampling_30299_297_trimmed_bismark_bt2.CpG",9722,8069,1653,9722
"17298","07_report/CpG_context_sampling_30299_298_trimmed_bismark_bt2.CpG",9831,8173,1658,9831
"17299","07_report/CpG_context_sampling_30299_299_trimmed_bismark_bt2.CpG",9853,8125,1728,9853
"17300","07_report/CpG_context_sampling_30299_300_trimmed_bismark_bt2.CpG",9805,8183,1622,9805
"17301","07_report/CpG_context_sampling_30299_301_trimmed_bismark_bt2.CpG",9768,8136,1632,9768
"17302","07_report/CpG_context_sampling_30299_302_trimmed_bismark_bt2.CpG",9743,8121,1622,9743
"17303","07_report/CpG_context_sampling_30299_303_trimmed_bismark_bt2.CpG",9859,8186,1673,9859
"17304","07_report/CpG_context_sampling_30299_304_trimmed_bismark_bt2.CpG",9919,8226,1693,9919
"17305","07_report/CpG_context_sampling_30299_305_trimmed_bismark_bt2.CpG",9805,8151,1654,9805
"17306","07_report/CpG_context_sampling_30299_306_trimmed_bismark_bt2.CpG",9795,8168,1627,9795
"17307","07_report/CpG_context_sampling_30299_307_trimmed_bismark_bt2.CpG",9847,8180,1667,9847
"17308","07_report/CpG_context_sampling_30299_308_trimmed_bismark_bt2.CpG",9765,8162,1603,9765
"17309","07_report/CpG_context_sampling_30299_309_trimmed_bismark_bt2.CpG",9735,8078,1657,9735
"17310","07_report/CpG_context_sampling_30299_310_trimmed_bismark_bt2.CpG",9766,8122,1644,9766
"17311","07_report/CpG_context_sampling_30299_311_trimmed_bismark_bt2.CpG",9808,8115,1693,9808
"17312","07_report/CpG_context_sampling_30299_312_trimmed_bismark_bt2.CpG",9811,8129,1682,9811
"17313","07_report/CpG_context_sampling_30299_313_trimmed_bismark_bt2.CpG",9791,8117,1674,9791
"17314","07_report/CpG_context_sampling_30299_314_trimmed_bismark_bt2.CpG",9717,8054,1663,9717
"17315","07_report/CpG_context_sampling_30299_315_trimmed_bismark_bt2.CpG",9658,8074,1584,9658
"17316","07_report/CpG_context_sampling_30299_316_trimmed_bismark_bt2.CpG",9719,8062,1657,9719
"17317","07_report/CpG_context_sampling_30299_317_trimmed_bismark_bt2.CpG",9786,8190,1596,9786
"17318","07_report/CpG_context_sampling_30299_318_trimmed_bismark_bt2.CpG",9761,8121,1640,9761
"17319","07_report/CpG_context_sampling_30299_319_trimmed_bismark_bt2.CpG",9724,8103,1621,9724
"17320","07_report/CpG_context_sampling_30299_320_trimmed_bismark_bt2.CpG",9660,7971,1689,9660
"17321","07_report/CpG_context_sampling_30299_321_trimmed_bismark_bt2.CpG",9790,8123,1667,9790
"17322","07_report/CpG_context_sampling_30299_322_trimmed_bismark_bt2.CpG",9896,8242,1654,9896
"17323","07_report/CpG_context_sampling_30299_323_trimmed_bismark_bt2.CpG",9705,7970,1735,9705
"17324","07_report/CpG_context_sampling_30299_324_trimmed_bismark_bt2.CpG",9748,8056,1692,9748
"17325","07_report/CpG_context_sampling_30299_325_trimmed_bismark_bt2.CpG",9961,8303,1658,9961
"17326","07_report/CpG_context_sampling_30299_326_trimmed_bismark_bt2.CpG",9765,8136,1629,9765
"17327","07_report/CpG_context_sampling_30299_327_trimmed_bismark_bt2.CpG",9776,8141,1635,9776
"17328","07_report/CpG_context_sampling_30299_328_trimmed_bismark_bt2.CpG",9720,8114,1606,9720
"17329","07_report/CpG_context_sampling_30299_329_trimmed_bismark_bt2.CpG",9763,8147,1616,9763
"17330","07_report/CpG_context_sampling_30299_330_trimmed_bismark_bt2.CpG",9704,8033,1671,9704
"17331","07_report/CpG_context_sampling_30299_331_trimmed_bismark_bt2.CpG",9840,8152,1688,9840
"17332","07_report/CpG_context_sampling_30299_332_trimmed_bismark_bt2.CpG",9760,8165,1595,9760
"17333","07_report/CpG_context_sampling_30299_333_trimmed_bismark_bt2.CpG",9629,8070,1559,9629
"17334","07_report/CpG_context_sampling_30299_334_trimmed_bismark_bt2.CpG",9770,8120,1650,9770
"17335","07_report/CpG_context_sampling_30299_335_trimmed_bismark_bt2.CpG",9693,8105,1588,9693
"17336","07_report/CpG_context_sampling_30299_336_trimmed_bismark_bt2.CpG",9760,8076,1684,9760
"17337","07_report/CpG_context_sampling_30299_337_trimmed_bismark_bt2.CpG",9785,8150,1635,9785
"17338","07_report/CpG_context_sampling_30299_338_trimmed_bismark_bt2.CpG",9902,8249,1653,9902
"17339","07_report/CpG_context_sampling_30299_339_trimmed_bismark_bt2.CpG",9716,8054,1662,9716
"17340","07_report/CpG_context_sampling_30299_340_trimmed_bismark_bt2.CpG",9679,7995,1684,9679
"17341","07_report/CpG_context_sampling_30299_341_trimmed_bismark_bt2.CpG",9731,8064,1667,9731
"17342","07_report/CpG_context_sampling_30299_342_trimmed_bismark_bt2.CpG",9718,8101,1617,9718
"17343","07_report/CpG_context_sampling_30299_343_trimmed_bismark_bt2.CpG",9816,8173,1643,9816
"17344","07_report/CpG_context_sampling_30299_344_trimmed_bismark_bt2.CpG",9890,8270,1620,9890
"17345","07_report/CpG_context_sampling_30299_345_trimmed_bismark_bt2.CpG",9826,8168,1658,9826
"17346","07_report/CpG_context_sampling_30299_346_trimmed_bismark_bt2.CpG",9804,8087,1717,9804
"17347","07_report/CpG_context_sampling_30299_347_trimmed_bismark_bt2.CpG",9810,8137,1673,9810
"17348","07_report/CpG_context_sampling_30299_348_trimmed_bismark_bt2.CpG",9776,8135,1641,9776
"17349","07_report/CpG_context_sampling_30299_349_trimmed_bismark_bt2.CpG",9839,8241,1598,9839
"17350","07_report/CpG_context_sampling_30299_350_trimmed_bismark_bt2.CpG",9886,8184,1702,9886
"17351","07_report/CpG_context_sampling_30299_351_trimmed_bismark_bt2.CpG",9838,8186,1652,9838
"17352","07_report/CpG_context_sampling_30299_352_trimmed_bismark_bt2.CpG",9713,8089,1624,9713
"17353","07_report/CpG_context_sampling_30299_353_trimmed_bismark_bt2.CpG",9713,8155,1558,9713
"17354","07_report/CpG_context_sampling_30299_354_trimmed_bismark_bt2.CpG",9824,8099,1725,9824
"17355","07_report/CpG_context_sampling_30299_355_trimmed_bismark_bt2.CpG",9696,8078,1618,9696
"17356","07_report/CpG_context_sampling_30299_356_trimmed_bismark_bt2.CpG",9831,8252,1579,9831
"17357","07_report/CpG_context_sampling_30299_357_trimmed_bismark_bt2.CpG",9780,8091,1689,9780
"17358","07_report/CpG_context_sampling_30299_358_trimmed_bismark_bt2.CpG",9747,8054,1693,9747
"17359","07_report/CpG_context_sampling_30299_359_trimmed_bismark_bt2.CpG",9964,8307,1657,9964
"17360","07_report/CpG_context_sampling_30299_360_trimmed_bismark_bt2.CpG",9701,8069,1632,9701
"17361","07_report/CpG_context_sampling_30299_361_trimmed_bismark_bt2.CpG",9646,8044,1602,9646
"17362","07_report/CpG_context_sampling_30299_362_trimmed_bismark_bt2.CpG",9676,8035,1641,9676
"17363","07_report/CpG_context_sampling_30299_363_trimmed_bismark_bt2.CpG",9779,8186,1593,9779
"17364","07_report/CpG_context_sampling_30299_364_trimmed_bismark_bt2.CpG",9836,8191,1645,9836
"17365","07_report/CpG_context_sampling_30299_365_trimmed_bismark_bt2.CpG",9793,8188,1605,9793
"17366","07_report/CpG_context_sampling_30299_366_trimmed_bismark_bt2.CpG",9944,8274,1670,9944
"17367","07_report/CpG_context_sampling_30299_367_trimmed_bismark_bt2.CpG",9848,8157,1691,9848
"17368","07_report/CpG_context_sampling_30299_368_trimmed_bismark_bt2.CpG",9719,8057,1662,9719
"17369","07_report/CpG_context_sampling_30299_369_trimmed_bismark_bt2.CpG",9647,8052,1595,9647
"17370","07_report/CpG_context_sampling_30299_370_trimmed_bismark_bt2.CpG",9812,8115,1697,9812
"17371","07_report/CpG_context_sampling_30299_371_trimmed_bismark_bt2.CpG",9853,8145,1708,9853
"17372","07_report/CpG_context_sampling_30299_372_trimmed_bismark_bt2.CpG",9882,8213,1669,9882
"17373","07_report/CpG_context_sampling_30299_373_trimmed_bismark_bt2.CpG",9766,8114,1652,9766
"17374","07_report/CpG_context_sampling_30299_374_trimmed_bismark_bt2.CpG",9980,8317,1663,9980
"17375","07_report/CpG_context_sampling_30299_375_trimmed_bismark_bt2.CpG",9821,8232,1589,9821
"17376","07_report/CpG_context_sampling_30299_376_trimmed_bismark_bt2.CpG",9825,8236,1589,9825
"17377","07_report/CpG_context_sampling_30299_377_trimmed_bismark_bt2.CpG",9856,8201,1655,9856
"17378","07_report/CpG_context_sampling_30299_378_trimmed_bismark_bt2.CpG",9681,8054,1627,9681
"17379","07_report/CpG_context_sampling_30299_379_trimmed_bismark_bt2.CpG",9747,8042,1705,9747
"17380","07_report/CpG_context_sampling_30299_380_trimmed_bismark_bt2.CpG",9907,8226,1681,9907
"17381","07_report/CpG_context_sampling_30299_381_trimmed_bismark_bt2.CpG",9826,8175,1651,9826
"17382","07_report/CpG_context_sampling_30299_382_trimmed_bismark_bt2.CpG",9826,8068,1758,9826
"17383","07_report/CpG_context_sampling_30299_383_trimmed_bismark_bt2.CpG",9817,8190,1627,9817
"17384","07_report/CpG_context_sampling_30299_384_trimmed_bismark_bt2.CpG",9742,8060,1682,9742
"17385","07_report/CpG_context_sampling_30299_385_trimmed_bismark_bt2.CpG",9847,8220,1627,9847
"17386","07_report/CpG_context_sampling_30299_386_trimmed_bismark_bt2.CpG",9895,8135,1760,9895
"17387","07_report/CpG_context_sampling_30299_387_trimmed_bismark_bt2.CpG",9736,8101,1635,9736
"17388","07_report/CpG_context_sampling_30299_388_trimmed_bismark_bt2.CpG",9667,8054,1613,9667
"17389","07_report/CpG_context_sampling_30299_389_trimmed_bismark_bt2.CpG",9794,8169,1625,9794
"17390","07_report/CpG_context_sampling_30299_390_trimmed_bismark_bt2.CpG",9907,8310,1597,9907
"17391","07_report/CpG_context_sampling_30299_391_trimmed_bismark_bt2.CpG",9741,8084,1657,9741
"17392","07_report/CpG_context_sampling_30299_392_trimmed_bismark_bt2.CpG",9780,8098,1682,9780
"17393","07_report/CpG_context_sampling_30299_393_trimmed_bismark_bt2.CpG",9819,8151,1668,9819
"17394","07_report/CpG_context_sampling_30299_394_trimmed_bismark_bt2.CpG",9861,8198,1663,9861
"17395","07_report/CpG_context_sampling_30299_395_trimmed_bismark_bt2.CpG",9843,8190,1653,9843
"17396","07_report/CpG_context_sampling_30299_396_trimmed_bismark_bt2.CpG",9714,8068,1646,9714
"17397","07_report/CpG_context_sampling_30299_397_trimmed_bismark_bt2.CpG",9704,8082,1622,9704
"17398","07_report/CpG_context_sampling_30299_398_trimmed_bismark_bt2.CpG",9693,8073,1620,9693
"17399","07_report/CpG_context_sampling_30299_399_trimmed_bismark_bt2.CpG",9896,8260,1636,9896
"17400","07_report/CpG_context_sampling_30299_400_trimmed_bismark_bt2.CpG",9732,8077,1655,9732
"17401","07_report/CpG_context_sampling_30299_401_trimmed_bismark_bt2.CpG",9645,8002,1643,9645
"17402","07_report/CpG_context_sampling_30299_402_trimmed_bismark_bt2.CpG",9845,8192,1653,9845
"17403","07_report/CpG_context_sampling_30299_403_trimmed_bismark_bt2.CpG",9795,8122,1673,9795
"17404","07_report/CpG_context_sampling_30299_404_trimmed_bismark_bt2.CpG",9865,8247,1618,9865
"17405","07_report/CpG_context_sampling_30299_405_trimmed_bismark_bt2.CpG",9695,8044,1651,9695
"17406","07_report/CpG_context_sampling_30299_406_trimmed_bismark_bt2.CpG",9893,8124,1769,9893
"17407","07_report/CpG_context_sampling_30299_407_trimmed_bismark_bt2.CpG",9851,8160,1691,9851
"17408","07_report/CpG_context_sampling_30299_408_trimmed_bismark_bt2.CpG",9690,8059,1631,9690
"17409","07_report/CpG_context_sampling_30299_409_trimmed_bismark_bt2.CpG",9835,8196,1639,9835
"17410","07_report/CpG_context_sampling_30299_410_trimmed_bismark_bt2.CpG",9855,8228,1627,9855
"17411","07_report/CpG_context_sampling_30299_411_trimmed_bismark_bt2.CpG",9949,8286,1663,9949
"17412","07_report/CpG_context_sampling_30299_412_trimmed_bismark_bt2.CpG",9768,8139,1629,9768
"17413","07_report/CpG_context_sampling_30299_413_trimmed_bismark_bt2.CpG",9879,8246,1633,9879
"17414","07_report/CpG_context_sampling_30299_414_trimmed_bismark_bt2.CpG",9703,8076,1627,9703
"17415","07_report/CpG_context_sampling_30299_415_trimmed_bismark_bt2.CpG",9747,8077,1670,9747
"17416","07_report/CpG_context_sampling_30299_416_trimmed_bismark_bt2.CpG",9809,8202,1607,9809
"17417","07_report/CpG_context_sampling_30299_417_trimmed_bismark_bt2.CpG",9766,8116,1650,9766
"17418","07_report/CpG_context_sampling_30299_418_trimmed_bismark_bt2.CpG",9905,8259,1646,9905
"17419","07_report/CpG_context_sampling_30299_419_trimmed_bismark_bt2.CpG",9813,8155,1658,9813
"17420","07_report/CpG_context_sampling_30299_420_trimmed_bismark_bt2.CpG",9871,8163,1708,9871
"17421","07_report/CpG_context_sampling_30299_421_trimmed_bismark_bt2.CpG",9732,8165,1567,9732
"17422","07_report/CpG_context_sampling_30299_422_trimmed_bismark_bt2.CpG",9785,8136,1649,9785
"17423","07_report/CpG_context_sampling_30299_423_trimmed_bismark_bt2.CpG",9681,8108,1573,9681
"17424","07_report/CpG_context_sampling_30299_424_trimmed_bismark_bt2.CpG",9820,8193,1627,9820
"17425","07_report/CpG_context_sampling_30299_425_trimmed_bismark_bt2.CpG",9848,8136,1712,9848
"17426","07_report/CpG_context_sampling_30299_426_trimmed_bismark_bt2.CpG",9708,8101,1607,9708
"17427","07_report/CpG_context_sampling_30299_427_trimmed_bismark_bt2.CpG",9638,8048,1590,9638
"17428","07_report/CpG_context_sampling_30299_428_trimmed_bismark_bt2.CpG",9711,8118,1593,9711
"17429","07_report/CpG_context_sampling_30299_429_trimmed_bismark_bt2.CpG",9730,8053,1677,9730
"17430","07_report/CpG_context_sampling_30299_430_trimmed_bismark_bt2.CpG",9907,8291,1616,9907
"17431","07_report/CpG_context_sampling_30299_431_trimmed_bismark_bt2.CpG",9672,8042,1630,9672
"17432","07_report/CpG_context_sampling_30299_432_trimmed_bismark_bt2.CpG",9699,8064,1635,9699
"17433","07_report/CpG_context_sampling_30299_433_trimmed_bismark_bt2.CpG",9835,8224,1611,9835
"17434","07_report/CpG_context_sampling_30299_434_trimmed_bismark_bt2.CpG",9836,8195,1641,9836
"17435","07_report/CpG_context_sampling_30299_435_trimmed_bismark_bt2.CpG",9786,8158,1628,9786
"17436","07_report/CpG_context_sampling_30299_436_trimmed_bismark_bt2.CpG",9787,8084,1703,9787
"17437","07_report/CpG_context_sampling_30299_437_trimmed_bismark_bt2.CpG",9847,8180,1667,9847
"17438","07_report/CpG_context_sampling_30299_438_trimmed_bismark_bt2.CpG",9942,8229,1713,9942
"17439","07_report/CpG_context_sampling_30299_439_trimmed_bismark_bt2.CpG",9663,8021,1642,9663
"17440","07_report/CpG_context_sampling_30299_440_trimmed_bismark_bt2.CpG",9754,8089,1665,9754
"17441","07_report/CpG_context_sampling_30299_441_trimmed_bismark_bt2.CpG",9648,8067,1581,9648
"17442","07_report/CpG_context_sampling_30299_442_trimmed_bismark_bt2.CpG",9676,8008,1668,9676
"17443","07_report/CpG_context_sampling_30299_443_trimmed_bismark_bt2.CpG",9666,8056,1610,9666
"17444","07_report/CpG_context_sampling_30299_444_trimmed_bismark_bt2.CpG",9920,8221,1699,9920
"17445","07_report/CpG_context_sampling_30299_445_trimmed_bismark_bt2.CpG",9717,8067,1650,9717
"17446","07_report/CpG_context_sampling_30299_446_trimmed_bismark_bt2.CpG",9780,8136,1644,9780
"17447","07_report/CpG_context_sampling_30299_447_trimmed_bismark_bt2.CpG",9954,8254,1700,9954
"17448","07_report/CpG_context_sampling_30299_448_trimmed_bismark_bt2.CpG",9830,8158,1672,9830
"17449","07_report/CpG_context_sampling_30299_449_trimmed_bismark_bt2.CpG",9863,8231,1632,9863
"17450","07_report/CpG_context_sampling_30299_450_trimmed_bismark_bt2.CpG",9814,8185,1629,9814
"17451","07_report/CpG_context_sampling_30299_451_trimmed_bismark_bt2.CpG",9826,8223,1603,9826
"17452","07_report/CpG_context_sampling_30299_452_trimmed_bismark_bt2.CpG",9729,8084,1645,9729
"17453","07_report/CpG_context_sampling_30299_453_trimmed_bismark_bt2.CpG",9703,8051,1652,9703
"17454","07_report/CpG_context_sampling_30299_454_trimmed_bismark_bt2.CpG",9705,7955,1750,9705
"17455","07_report/CpG_context_sampling_30299_455_trimmed_bismark_bt2.CpG",9791,8110,1681,9791
"17456","07_report/CpG_context_sampling_30299_456_trimmed_bismark_bt2.CpG",9888,8172,1716,9888
"17457","07_report/CpG_context_sampling_30299_457_trimmed_bismark_bt2.CpG",9877,8201,1676,9877
"17458","07_report/CpG_context_sampling_30299_458_trimmed_bismark_bt2.CpG",9737,8173,1564,9737
"17459","07_report/CpG_context_sampling_30299_459_trimmed_bismark_bt2.CpG",9737,8086,1651,9737
"17460","07_report/CpG_context_sampling_30299_460_trimmed_bismark_bt2.CpG",9852,8155,1697,9852
"17461","07_report/CpG_context_sampling_30299_461_trimmed_bismark_bt2.CpG",9816,8246,1570,9816
"17462","07_report/CpG_context_sampling_30299_462_trimmed_bismark_bt2.CpG",9673,8101,1572,9673
"17463","07_report/CpG_context_sampling_30299_463_trimmed_bismark_bt2.CpG",9740,8169,1571,9740
"17464","07_report/CpG_context_sampling_30299_464_trimmed_bismark_bt2.CpG",9891,8181,1710,9891
"17465","07_report/CpG_context_sampling_30299_465_trimmed_bismark_bt2.CpG",9852,8220,1632,9852
"17466","07_report/CpG_context_sampling_30299_466_trimmed_bismark_bt2.CpG",9852,8185,1667,9852
"17467","07_report/CpG_context_sampling_30299_467_trimmed_bismark_bt2.CpG",9746,8067,1679,9746
"17468","07_report/CpG_context_sampling_30299_468_trimmed_bismark_bt2.CpG",9791,8117,1674,9791
"17469","07_report/CpG_context_sampling_30299_469_trimmed_bismark_bt2.CpG",9709,8078,1631,9709
"17470","07_report/CpG_context_sampling_30299_470_trimmed_bismark_bt2.CpG",9578,7923,1655,9578
"17471","07_report/CpG_context_sampling_30299_471_trimmed_bismark_bt2.CpG",9860,8223,1637,9860
"17472","07_report/CpG_context_sampling_30299_472_trimmed_bismark_bt2.CpG",9693,8097,1596,9693
"17473","07_report/CpG_context_sampling_30299_473_trimmed_bismark_bt2.CpG",9809,8165,1644,9809
"17474","07_report/CpG_context_sampling_30299_474_trimmed_bismark_bt2.CpG",9804,8173,1631,9804
"17475","07_report/CpG_context_sampling_30299_475_trimmed_bismark_bt2.CpG",9862,8216,1646,9862
"17476","07_report/CpG_context_sampling_30299_476_trimmed_bismark_bt2.CpG",9753,8114,1639,9753
"17477","07_report/CpG_context_sampling_30299_477_trimmed_bismark_bt2.CpG",9807,8133,1674,9807
"17478","07_report/CpG_context_sampling_30299_478_trimmed_bismark_bt2.CpG",9770,8072,1698,9770
"17479","07_report/CpG_context_sampling_30299_479_trimmed_bismark_bt2.CpG",9707,8081,1626,9707
"17480","07_report/CpG_context_sampling_30299_480_trimmed_bismark_bt2.CpG",9795,8080,1715,9795
"17481","07_report/CpG_context_sampling_30299_481_trimmed_bismark_bt2.CpG",9947,8309,1638,9947
"17482","07_report/CpG_context_sampling_30299_482_trimmed_bismark_bt2.CpG",9739,8061,1678,9739
"17483","07_report/CpG_context_sampling_30299_483_trimmed_bismark_bt2.CpG",9681,8080,1601,9681
"17484","07_report/CpG_context_sampling_30299_484_trimmed_bismark_bt2.CpG",9686,8119,1567,9686
"17485","07_report/CpG_context_sampling_30299_485_trimmed_bismark_bt2.CpG",9628,8000,1628,9628
"17486","07_report/CpG_context_sampling_30299_486_trimmed_bismark_bt2.CpG",9745,8148,1597,9745
"17487","07_report/CpG_context_sampling_30299_487_trimmed_bismark_bt2.CpG",9751,8019,1732,9751
"17488","07_report/CpG_context_sampling_30299_488_trimmed_bismark_bt2.CpG",9642,8019,1623,9642
"17489","07_report/CpG_context_sampling_30299_489_trimmed_bismark_bt2.CpG",9655,8052,1603,9655
"17490","07_report/CpG_context_sampling_30299_490_trimmed_bismark_bt2.CpG",9911,8271,1640,9911
"17491","07_report/CpG_context_sampling_30299_491_trimmed_bismark_bt2.CpG",9774,8104,1670,9774
"17492","07_report/CpG_context_sampling_30299_492_trimmed_bismark_bt2.CpG",9771,8171,1600,9771
"17493","07_report/CpG_context_sampling_30299_493_trimmed_bismark_bt2.CpG",9685,8061,1624,9685
"17494","07_report/CpG_context_sampling_30299_494_trimmed_bismark_bt2.CpG",9743,8047,1696,9743
"17495","07_report/CpG_context_sampling_30299_495_trimmed_bismark_bt2.CpG",9809,8141,1668,9809
"17496","07_report/CpG_context_sampling_30299_496_trimmed_bismark_bt2.CpG",9762,8135,1627,9762
"17497","07_report/CpG_context_sampling_30299_497_trimmed_bismark_bt2.CpG",9805,8150,1655,9805
"17498","07_report/CpG_context_sampling_30299_498_trimmed_bismark_bt2.CpG",9724,8092,1632,9724
"17499","07_report/CpG_context_sampling_30299_499_trimmed_bismark_bt2.CpG",9848,8165,1683,9848
"17500","07_report/CpG_context_sampling_30299_500_trimmed_bismark_bt2.CpG",9670,8013,1657,9670
"17501","07_report/CpG_context_sampling_30299_501_trimmed_bismark_bt2.CpG",9754,8132,1622,9754
"17502","07_report/CpG_context_sampling_30299_502_trimmed_bismark_bt2.CpG",9750,8111,1639,9750
"17503","07_report/CpG_context_sampling_30299_503_trimmed_bismark_bt2.CpG",9776,8092,1684,9776
"17504","07_report/CpG_context_sampling_30299_504_trimmed_bismark_bt2.CpG",9934,8266,1668,9934
"17505","07_report/CpG_context_sampling_30299_505_trimmed_bismark_bt2.CpG",9773,8157,1616,9773
"17506","07_report/CpG_context_sampling_30299_506_trimmed_bismark_bt2.CpG",9700,8066,1634,9700
"17507","07_report/CpG_context_sampling_30299_507_trimmed_bismark_bt2.CpG",9743,8068,1675,9743
"17508","07_report/CpG_context_sampling_30299_508_trimmed_bismark_bt2.CpG",9847,8193,1654,9847
"17509","07_report/CpG_context_sampling_30299_509_trimmed_bismark_bt2.CpG",9805,8161,1644,9805
"17510","07_report/CpG_context_sampling_30299_510_trimmed_bismark_bt2.CpG",9830,8172,1658,9830
"17511","07_report/CpG_context_sampling_30299_511_trimmed_bismark_bt2.CpG",9749,8101,1648,9749
"17512","07_report/CpG_context_sampling_30299_512_trimmed_bismark_bt2.CpG",9758,8176,1582,9758
"17513","07_report/CpG_context_sampling_30299_513_trimmed_bismark_bt2.CpG",9787,8099,1688,9787
"17514","07_report/CpG_context_sampling_30299_514_trimmed_bismark_bt2.CpG",9967,8284,1683,9967
"17515","07_report/CpG_context_sampling_30299_515_trimmed_bismark_bt2.CpG",9783,8152,1631,9783
"17516","07_report/CpG_context_sampling_30299_516_trimmed_bismark_bt2.CpG",9725,8098,1627,9725
"17517","07_report/CpG_context_sampling_30299_517_trimmed_bismark_bt2.CpG",9737,8064,1673,9737
"17518","07_report/CpG_context_sampling_30299_518_trimmed_bismark_bt2.CpG",9740,8030,1710,9740
"17519","07_report/CpG_context_sampling_30299_519_trimmed_bismark_bt2.CpG",9877,8215,1662,9877
"17520","07_report/CpG_context_sampling_30299_520_trimmed_bismark_bt2.CpG",9781,8118,1663,9781
"17521","07_report/CpG_context_sampling_30299_521_trimmed_bismark_bt2.CpG",9807,8176,1631,9807
"17522","07_report/CpG_context_sampling_30299_522_trimmed_bismark_bt2.CpG",9829,8167,1662,9829
"17523","07_report/CpG_context_sampling_30299_523_trimmed_bismark_bt2.CpG",9739,8087,1652,9739
"17524","07_report/CpG_context_sampling_30299_524_trimmed_bismark_bt2.CpG",9810,8233,1577,9810
"17525","07_report/CpG_context_sampling_30299_525_trimmed_bismark_bt2.CpG",9780,8062,1718,9780
"17526","07_report/CpG_context_sampling_30299_526_trimmed_bismark_bt2.CpG",9811,8244,1567,9811
"17527","07_report/CpG_context_sampling_30299_527_trimmed_bismark_bt2.CpG",9778,8107,1671,9778
"17528","07_report/CpG_context_sampling_30299_528_trimmed_bismark_bt2.CpG",9770,8031,1739,9770
"17529","07_report/CpG_context_sampling_30299_529_trimmed_bismark_bt2.CpG",9790,8139,1651,9790
"17530","07_report/CpG_context_sampling_30299_530_trimmed_bismark_bt2.CpG",9802,8126,1676,9802
"17531","07_report/CpG_context_sampling_30299_531_trimmed_bismark_bt2.CpG",9791,8151,1640,9791
"17532","07_report/CpG_context_sampling_30299_532_trimmed_bismark_bt2.CpG",9821,8162,1659,9821
"17533","07_report/CpG_context_sampling_30299_533_trimmed_bismark_bt2.CpG",9754,8133,1621,9754
"17534","07_report/CpG_context_sampling_30299_534_trimmed_bismark_bt2.CpG",9844,8178,1666,9844
"17535","07_report/CpG_context_sampling_30299_535_trimmed_bismark_bt2.CpG",9868,8248,1620,9868
"17536","07_report/CpG_context_sampling_30299_536_trimmed_bismark_bt2.CpG",9847,8122,1725,9847
"17537","07_report/CpG_context_sampling_30299_537_trimmed_bismark_bt2.CpG",9858,8210,1648,9858
"17538","07_report/CpG_context_sampling_30299_538_trimmed_bismark_bt2.CpG",9703,8063,1640,9703
"17539","07_report/CpG_context_sampling_30299_539_trimmed_bismark_bt2.CpG",9671,8128,1543,9671
"17540","07_report/CpG_context_sampling_30299_540_trimmed_bismark_bt2.CpG",9667,8076,1591,9667
"17541","07_report/CpG_context_sampling_30299_541_trimmed_bismark_bt2.CpG",9732,8066,1666,9732
"17542","07_report/CpG_context_sampling_30299_542_trimmed_bismark_bt2.CpG",9537,7928,1609,9537
"17543","07_report/CpG_context_sampling_30299_543_trimmed_bismark_bt2.CpG",9750,8142,1608,9750
"17544","07_report/CpG_context_sampling_30299_544_trimmed_bismark_bt2.CpG",9776,8137,1639,9776
"17545","07_report/CpG_context_sampling_30299_545_trimmed_bismark_bt2.CpG",9890,8210,1680,9890
"17546","07_report/CpG_context_sampling_30299_546_trimmed_bismark_bt2.CpG",9732,8102,1630,9732
"17547","07_report/CpG_context_sampling_30299_547_trimmed_bismark_bt2.CpG",9789,8192,1597,9789
"17548","07_report/CpG_context_sampling_30299_548_trimmed_bismark_bt2.CpG",9764,8090,1674,9764
"17549","07_report/CpG_context_sampling_30299_549_trimmed_bismark_bt2.CpG",9758,8135,1623,9758
"17550","07_report/CpG_context_sampling_30299_550_trimmed_bismark_bt2.CpG",9725,8087,1638,9725
"17551","07_report/CpG_context_sampling_30299_551_trimmed_bismark_bt2.CpG",9730,8093,1637,9730
"17552","07_report/CpG_context_sampling_30299_552_trimmed_bismark_bt2.CpG",9664,8041,1623,9664
"17553","07_report/CpG_context_sampling_30299_553_trimmed_bismark_bt2.CpG",9717,8080,1637,9717
"17554","07_report/CpG_context_sampling_30299_554_trimmed_bismark_bt2.CpG",9809,8158,1651,9809
"17555","07_report/CpG_context_sampling_30299_555_trimmed_bismark_bt2.CpG",9772,8151,1621,9772
"17556","07_report/CpG_context_sampling_30299_556_trimmed_bismark_bt2.CpG",9708,8069,1639,9708
"17557","07_report/CpG_context_sampling_30299_557_trimmed_bismark_bt2.CpG",9801,8130,1671,9801
"17558","07_report/CpG_context_sampling_30299_558_trimmed_bismark_bt2.CpG",9865,8104,1761,9865
"17559","07_report/CpG_context_sampling_30299_559_trimmed_bismark_bt2.CpG",9807,8161,1646,9807
"17560","07_report/CpG_context_sampling_30299_560_trimmed_bismark_bt2.CpG",9932,8235,1697,9932
"17561","07_report/CpG_context_sampling_30299_561_trimmed_bismark_bt2.CpG",9769,8118,1651,9769
"17562","07_report/CpG_context_sampling_30299_562_trimmed_bismark_bt2.CpG",9895,8267,1628,9895
"17563","07_report/CpG_context_sampling_30299_563_trimmed_bismark_bt2.CpG",9894,8208,1686,9894
"17564","07_report/CpG_context_sampling_30299_564_trimmed_bismark_bt2.CpG",9916,8256,1660,9916
"17565","07_report/CpG_context_sampling_30299_565_trimmed_bismark_bt2.CpG",9758,8096,1662,9758
"17566","07_report/CpG_context_sampling_30299_566_trimmed_bismark_bt2.CpG",9829,8185,1644,9829
"17567","07_report/CpG_context_sampling_30299_567_trimmed_bismark_bt2.CpG",9709,8057,1652,9709
"17568","07_report/CpG_context_sampling_30299_568_trimmed_bismark_bt2.CpG",9701,8013,1688,9701
"17569","07_report/CpG_context_sampling_30299_569_trimmed_bismark_bt2.CpG",9958,8272,1686,9958
"17570","07_report/CpG_context_sampling_30299_570_trimmed_bismark_bt2.CpG",9644,8026,1618,9644
"17571","07_report/CpG_context_sampling_30299_571_trimmed_bismark_bt2.CpG",9704,8108,1596,9704
"17572","07_report/CpG_context_sampling_30299_572_trimmed_bismark_bt2.CpG",9702,8045,1657,9702
"17573","07_report/CpG_context_sampling_30299_573_trimmed_bismark_bt2.CpG",9741,8109,1632,9741
"17574","07_report/CpG_context_sampling_30299_574_trimmed_bismark_bt2.CpG",9807,8187,1620,9807
"17575","07_report/CpG_context_sampling_30299_575_trimmed_bismark_bt2.CpG",9906,8278,1628,9906
"17576","07_report/CpG_context_sampling_30299_576_trimmed_bismark_bt2.CpG",9857,8214,1643,9857
"17577","07_report/CpG_context_sampling_30299_577_trimmed_bismark_bt2.CpG",9710,8072,1638,9710
"17578","07_report/CpG_context_sampling_30299_578_trimmed_bismark_bt2.CpG",9885,8246,1639,9885
"17579","07_report/CpG_context_sampling_30299_579_trimmed_bismark_bt2.CpG",9834,8177,1657,9834
"17580","07_report/CpG_context_sampling_30299_580_trimmed_bismark_bt2.CpG",9915,8208,1707,9915
"17581","07_report/CpG_context_sampling_30299_581_trimmed_bismark_bt2.CpG",9683,8007,1676,9683
"17582","07_report/CpG_context_sampling_30299_582_trimmed_bismark_bt2.CpG",9920,8261,1659,9920
"17583","07_report/CpG_context_sampling_30299_583_trimmed_bismark_bt2.CpG",9717,8086,1631,9717
"17584","07_report/CpG_context_sampling_30299_584_trimmed_bismark_bt2.CpG",9835,8195,1640,9835
"17585","07_report/CpG_context_sampling_30299_585_trimmed_bismark_bt2.CpG",9914,8219,1695,9914
"17586","07_report/CpG_context_sampling_30299_586_trimmed_bismark_bt2.CpG",9923,8235,1688,9923
"17587","07_report/CpG_context_sampling_30299_587_trimmed_bismark_bt2.CpG",9835,8144,1691,9835
"17588","07_report/CpG_context_sampling_30299_588_trimmed_bismark_bt2.CpG",9886,8246,1640,9886
"17589","07_report/CpG_context_sampling_30299_589_trimmed_bismark_bt2.CpG",9780,8165,1615,9780
"17590","07_report/CpG_context_sampling_30299_590_trimmed_bismark_bt2.CpG",9821,8153,1668,9821
"17591","07_report/CpG_context_sampling_30299_591_trimmed_bismark_bt2.CpG",9789,8122,1667,9789
"17592","07_report/CpG_context_sampling_30299_592_trimmed_bismark_bt2.CpG",9849,8191,1658,9849
"17593","07_report/CpG_context_sampling_30299_593_trimmed_bismark_bt2.CpG",9884,8157,1727,9884
"17594","07_report/CpG_context_sampling_30299_594_trimmed_bismark_bt2.CpG",9817,8157,1660,9817
"17595","07_report/CpG_context_sampling_30299_595_trimmed_bismark_bt2.CpG",9722,8084,1638,9722
"17596","07_report/CpG_context_sampling_30299_596_trimmed_bismark_bt2.CpG",9585,7986,1599,9585
"17597","07_report/CpG_context_sampling_30299_597_trimmed_bismark_bt2.CpG",9757,8140,1617,9757
"17598","07_report/CpG_context_sampling_30299_598_trimmed_bismark_bt2.CpG",9841,8200,1641,9841
"17599","07_report/CpG_context_sampling_30299_599_trimmed_bismark_bt2.CpG",9742,8091,1651,9742
"17600","07_report/CpG_context_sampling_30299_600_trimmed_bismark_bt2.CpG",9727,8017,1710,9727
"17601","07_report/CpG_context_sampling_30299_601_trimmed_bismark_bt2.CpG",9925,8304,1621,9925
"17602","07_report/CpG_context_sampling_30299_602_trimmed_bismark_bt2.CpG",9757,8082,1675,9757
"17603","07_report/CpG_context_sampling_30299_603_trimmed_bismark_bt2.CpG",9642,8032,1610,9642
"17604","07_report/CpG_context_sampling_30299_604_trimmed_bismark_bt2.CpG",9691,8216,1475,9691
"17605","07_report/CpG_context_sampling_30299_605_trimmed_bismark_bt2.CpG",9787,8127,1660,9787
"17606","07_report/CpG_context_sampling_30299_606_trimmed_bismark_bt2.CpG",9706,8097,1609,9706
"17607","07_report/CpG_context_sampling_30299_607_trimmed_bismark_bt2.CpG",9778,8184,1594,9778
"17608","07_report/CpG_context_sampling_30299_608_trimmed_bismark_bt2.CpG",9792,8147,1645,9792
"17609","07_report/CpG_context_sampling_30299_609_trimmed_bismark_bt2.CpG",9886,8218,1668,9886
"17610","07_report/CpG_context_sampling_30299_610_trimmed_bismark_bt2.CpG",9829,8159,1670,9829
"17611","07_report/CpG_context_sampling_30299_611_trimmed_bismark_bt2.CpG",9882,8245,1637,9882
"17612","07_report/CpG_context_sampling_30299_612_trimmed_bismark_bt2.CpG",9797,8114,1683,9797
"17613","07_report/CpG_context_sampling_30299_613_trimmed_bismark_bt2.CpG",9745,8124,1621,9745
"17614","07_report/CpG_context_sampling_30299_614_trimmed_bismark_bt2.CpG",9881,8171,1710,9881
"17615","07_report/CpG_context_sampling_30299_615_trimmed_bismark_bt2.CpG",9781,8137,1644,9781
"17616","07_report/CpG_context_sampling_30299_616_trimmed_bismark_bt2.CpG",9838,8127,1711,9838
"17617","07_report/CpG_context_sampling_30299_617_trimmed_bismark_bt2.CpG",9701,8051,1650,9701
"17618","07_report/CpG_context_sampling_30299_618_trimmed_bismark_bt2.CpG",9706,8074,1632,9706
"17619","07_report/CpG_context_sampling_30299_619_trimmed_bismark_bt2.CpG",9678,8024,1654,9678
"17620","07_report/CpG_context_sampling_30299_620_trimmed_bismark_bt2.CpG",9658,8024,1634,9658
"17621","07_report/CpG_context_sampling_30299_621_trimmed_bismark_bt2.CpG",9799,8159,1640,9799
"17622","07_report/CpG_context_sampling_30299_622_trimmed_bismark_bt2.CpG",9841,8127,1714,9841
"17623","07_report/CpG_context_sampling_30299_623_trimmed_bismark_bt2.CpG",9806,8197,1609,9806
"17624","07_report/CpG_context_sampling_30299_624_trimmed_bismark_bt2.CpG",9638,8118,1520,9638
"17625","07_report/CpG_context_sampling_30299_625_trimmed_bismark_bt2.CpG",9700,8027,1673,9700
"17626","07_report/CpG_context_sampling_30299_626_trimmed_bismark_bt2.CpG",9657,7995,1662,9657
"17627","07_report/CpG_context_sampling_30299_627_trimmed_bismark_bt2.CpG",9872,8211,1661,9872
"17628","07_report/CpG_context_sampling_30299_628_trimmed_bismark_bt2.CpG",9824,8210,1614,9824
"17629","07_report/CpG_context_sampling_30299_629_trimmed_bismark_bt2.CpG",9721,8057,1664,9721
"17630","07_report/CpG_context_sampling_30299_630_trimmed_bismark_bt2.CpG",9838,8208,1630,9838
"17631","07_report/CpG_context_sampling_30299_631_trimmed_bismark_bt2.CpG",9800,8186,1614,9800
"17632","07_report/CpG_context_sampling_30299_632_trimmed_bismark_bt2.CpG",9766,8132,1634,9766
"17633","07_report/CpG_context_sampling_30299_633_trimmed_bismark_bt2.CpG",9802,8154,1648,9802
"17634","07_report/CpG_context_sampling_30299_634_trimmed_bismark_bt2.CpG",9914,8203,1711,9914
"17635","07_report/CpG_context_sampling_30299_635_trimmed_bismark_bt2.CpG",9886,8198,1688,9886
"17636","07_report/CpG_context_sampling_30299_636_trimmed_bismark_bt2.CpG",9950,8296,1654,9950
"17637","07_report/CpG_context_sampling_30299_637_trimmed_bismark_bt2.CpG",9869,8165,1704,9869
"17638","07_report/CpG_context_sampling_30299_638_trimmed_bismark_bt2.CpG",9699,8133,1566,9699
"17639","07_report/CpG_context_sampling_30299_639_trimmed_bismark_bt2.CpG",9858,8224,1634,9858
"17640","07_report/CpG_context_sampling_30299_640_trimmed_bismark_bt2.CpG",9912,8221,1691,9912
"17641","07_report/CpG_context_sampling_30299_641_trimmed_bismark_bt2.CpG",9609,7960,1649,9609
"17642","07_report/CpG_context_sampling_30299_642_trimmed_bismark_bt2.CpG",9776,8111,1665,9776
"17643","07_report/CpG_context_sampling_30299_643_trimmed_bismark_bt2.CpG",10061,8384,1677,10061
"17644","07_report/CpG_context_sampling_30299_644_trimmed_bismark_bt2.CpG",9753,8115,1638,9753
"17645","07_report/CpG_context_sampling_30299_645_trimmed_bismark_bt2.CpG",9815,8119,1696,9815
"17646","07_report/CpG_context_sampling_30299_646_trimmed_bismark_bt2.CpG",9822,8142,1680,9822
"17647","07_report/CpG_context_sampling_30299_647_trimmed_bismark_bt2.CpG",9861,8149,1712,9861
"17648","07_report/CpG_context_sampling_30299_648_trimmed_bismark_bt2.CpG",9909,8256,1653,9909
"17649","07_report/CpG_context_sampling_30299_649_trimmed_bismark_bt2.CpG",9876,8183,1693,9876
"17650","07_report/CpG_context_sampling_30299_650_trimmed_bismark_bt2.CpG",9875,8244,1631,9875
"17651","07_report/CpG_context_sampling_30299_651_trimmed_bismark_bt2.CpG",9932,8238,1694,9932
"17652","07_report/CpG_context_sampling_30299_652_trimmed_bismark_bt2.CpG",9732,8102,1630,9732
"17653","07_report/CpG_context_sampling_30299_653_trimmed_bismark_bt2.CpG",9666,8026,1640,9666
"17654","07_report/CpG_context_sampling_30299_654_trimmed_bismark_bt2.CpG",9758,8113,1645,9758
"17655","07_report/CpG_context_sampling_30299_655_trimmed_bismark_bt2.CpG",9710,8059,1651,9710
"17656","07_report/CpG_context_sampling_30299_656_trimmed_bismark_bt2.CpG",9606,8000,1606,9606
"17657","07_report/CpG_context_sampling_30299_657_trimmed_bismark_bt2.CpG",9825,8179,1646,9825
"17658","07_report/CpG_context_sampling_30299_658_trimmed_bismark_bt2.CpG",9820,8194,1626,9820
"17659","07_report/CpG_context_sampling_30299_659_trimmed_bismark_bt2.CpG",9865,8171,1694,9865
"17660","07_report/CpG_context_sampling_30299_660_trimmed_bismark_bt2.CpG",9702,8109,1593,9702
"17661","07_report/CpG_context_sampling_30299_661_trimmed_bismark_bt2.CpG",9660,8071,1589,9660
"17662","07_report/CpG_context_sampling_30299_662_trimmed_bismark_bt2.CpG",9740,8023,1717,9740
"17663","07_report/CpG_context_sampling_30299_663_trimmed_bismark_bt2.CpG",9752,8094,1658,9752
"17664","07_report/CpG_context_sampling_30299_664_trimmed_bismark_bt2.CpG",9731,8092,1639,9731
"17665","07_report/CpG_context_sampling_30299_665_trimmed_bismark_bt2.CpG",9733,8156,1577,9733
"17666","07_report/CpG_context_sampling_30299_666_trimmed_bismark_bt2.CpG",9798,8152,1646,9798
"17667","07_report/CpG_context_sampling_30299_667_trimmed_bismark_bt2.CpG",9762,8046,1716,9762
"17668","07_report/CpG_context_sampling_30299_668_trimmed_bismark_bt2.CpG",9739,8102,1637,9739
"17669","07_report/CpG_context_sampling_30299_669_trimmed_bismark_bt2.CpG",9838,8153,1685,9838
"17670","07_report/CpG_context_sampling_30299_670_trimmed_bismark_bt2.CpG",9855,8220,1635,9855
"17671","07_report/CpG_context_sampling_30299_671_trimmed_bismark_bt2.CpG",9849,8219,1630,9849
"17672","07_report/CpG_context_sampling_30299_672_trimmed_bismark_bt2.CpG",9699,8093,1606,9699
"17673","07_report/CpG_context_sampling_30299_673_trimmed_bismark_bt2.CpG",9922,8202,1720,9922
"17674","07_report/CpG_context_sampling_30299_674_trimmed_bismark_bt2.CpG",9786,8103,1683,9786
"17675","07_report/CpG_context_sampling_30299_675_trimmed_bismark_bt2.CpG",9927,8278,1649,9927
"17676","07_report/CpG_context_sampling_30299_676_trimmed_bismark_bt2.CpG",9785,8182,1603,9785
"17677","07_report/CpG_context_sampling_30299_677_trimmed_bismark_bt2.CpG",9984,8292,1692,9984
"17678","07_report/CpG_context_sampling_30299_678_trimmed_bismark_bt2.CpG",9822,8133,1689,9822
"17679","07_report/CpG_context_sampling_30299_679_trimmed_bismark_bt2.CpG",9663,8080,1583,9663
"17680","07_report/CpG_context_sampling_30299_680_trimmed_bismark_bt2.CpG",9783,8101,1682,9783
"17681","07_report/CpG_context_sampling_30299_681_trimmed_bismark_bt2.CpG",9960,8266,1694,9960
"17682","07_report/CpG_context_sampling_30299_682_trimmed_bismark_bt2.CpG",10006,8348,1658,10006
"17683","07_report/CpG_context_sampling_30299_683_trimmed_bismark_bt2.CpG",9837,8200,1637,9837
"17684","07_report/CpG_context_sampling_30299_684_trimmed_bismark_bt2.CpG",9807,8187,1620,9807
"17685","07_report/CpG_context_sampling_30299_685_trimmed_bismark_bt2.CpG",9769,8087,1682,9769
"17686","07_report/CpG_context_sampling_30299_686_trimmed_bismark_bt2.CpG",9818,8198,1620,9818
"17687","07_report/CpG_context_sampling_30299_687_trimmed_bismark_bt2.CpG",9761,8139,1622,9761
"17688","07_report/CpG_context_sampling_30299_688_trimmed_bismark_bt2.CpG",9851,8165,1686,9851
"17689","07_report/CpG_context_sampling_30299_689_trimmed_bismark_bt2.CpG",9858,8175,1683,9858
"17690","07_report/CpG_context_sampling_30299_690_trimmed_bismark_bt2.CpG",9835,8218,1617,9835
"17691","07_report/CpG_context_sampling_30299_691_trimmed_bismark_bt2.CpG",9766,8096,1670,9766
"17692","07_report/CpG_context_sampling_30299_692_trimmed_bismark_bt2.CpG",9665,8009,1656,9665
"17693","07_report/CpG_context_sampling_30299_693_trimmed_bismark_bt2.CpG",9791,8140,1651,9791
"17694","07_report/CpG_context_sampling_30299_694_trimmed_bismark_bt2.CpG",9780,8131,1649,9780
"17695","07_report/CpG_context_sampling_30299_695_trimmed_bismark_bt2.CpG",9678,8011,1667,9678
"17696","07_report/CpG_context_sampling_30299_696_trimmed_bismark_bt2.CpG",9839,8215,1624,9839
"17697","07_report/CpG_context_sampling_30299_697_trimmed_bismark_bt2.CpG",9924,8254,1670,9924
"17698","07_report/CpG_context_sampling_30299_698_trimmed_bismark_bt2.CpG",9867,8227,1640,9867
"17699","07_report/CpG_context_sampling_30299_699_trimmed_bismark_bt2.CpG",9846,8176,1670,9846
"17700","07_report/CpG_context_sampling_30299_700_trimmed_bismark_bt2.CpG",9754,8153,1601,9754
"17701","07_report/CpG_context_sampling_30299_701_trimmed_bismark_bt2.CpG",9815,8153,1662,9815
"17702","07_report/CpG_context_sampling_30299_702_trimmed_bismark_bt2.CpG",9953,8316,1637,9953
"17703","07_report/CpG_context_sampling_30299_703_trimmed_bismark_bt2.CpG",9670,8029,1641,9670
"17704","07_report/CpG_context_sampling_30299_704_trimmed_bismark_bt2.CpG",9885,8211,1674,9885
"17705","07_report/CpG_context_sampling_30299_705_trimmed_bismark_bt2.CpG",9758,8124,1634,9758
"17706","07_report/CpG_context_sampling_30299_706_trimmed_bismark_bt2.CpG",9767,8152,1615,9767
"17707","07_report/CpG_context_sampling_30299_707_trimmed_bismark_bt2.CpG",10018,8319,1699,10018
"17708","07_report/CpG_context_sampling_30299_708_trimmed_bismark_bt2.CpG",9829,8189,1640,9829
"17709","07_report/CpG_context_sampling_30299_709_trimmed_bismark_bt2.CpG",9981,8318,1663,9981
"17710","07_report/CpG_context_sampling_30299_710_trimmed_bismark_bt2.CpG",9868,8213,1655,9868
"17711","07_report/CpG_context_sampling_30299_711_trimmed_bismark_bt2.CpG",9783,8115,1668,9783
"17712","07_report/CpG_context_sampling_30299_712_trimmed_bismark_bt2.CpG",9815,8149,1666,9815
"17713","07_report/CpG_context_sampling_30299_713_trimmed_bismark_bt2.CpG",9972,8278,1694,9972
"17714","07_report/CpG_context_sampling_30299_714_trimmed_bismark_bt2.CpG",9866,8200,1666,9866
"17715","07_report/CpG_context_sampling_30299_715_trimmed_bismark_bt2.CpG",9717,8050,1667,9717
"17716","07_report/CpG_context_sampling_30299_716_trimmed_bismark_bt2.CpG",9898,8244,1654,9898
"17717","07_report/CpG_context_sampling_30299_717_trimmed_bismark_bt2.CpG",9776,8151,1625,9776
"17718","07_report/CpG_context_sampling_30299_718_trimmed_bismark_bt2.CpG",9778,8154,1624,9778
"17719","07_report/CpG_context_sampling_30299_719_trimmed_bismark_bt2.CpG",9671,8084,1587,9671
"17720","07_report/CpG_context_sampling_30299_720_trimmed_bismark_bt2.CpG",9710,8073,1637,9710
"17721","07_report/CpG_context_sampling_30299_721_trimmed_bismark_bt2.CpG",9813,8165,1648,9813
"17722","07_report/CpG_context_sampling_30299_722_trimmed_bismark_bt2.CpG",9780,8190,1590,9780
"17723","07_report/CpG_context_sampling_30299_723_trimmed_bismark_bt2.CpG",9807,8179,1628,9807
"17724","07_report/CpG_context_sampling_30299_724_trimmed_bismark_bt2.CpG",9779,8128,1651,9779
"17725","07_report/CpG_context_sampling_30299_725_trimmed_bismark_bt2.CpG",9823,8162,1661,9823
"17726","07_report/CpG_context_sampling_30299_726_trimmed_bismark_bt2.CpG",9863,8245,1618,9863
"17727","07_report/CpG_context_sampling_30299_727_trimmed_bismark_bt2.CpG",9893,8220,1673,9893
"17728","07_report/CpG_context_sampling_30299_728_trimmed_bismark_bt2.CpG",9696,8009,1687,9696
"17729","07_report/CpG_context_sampling_30299_729_trimmed_bismark_bt2.CpG",9834,8177,1657,9834
"17730","07_report/CpG_context_sampling_30299_730_trimmed_bismark_bt2.CpG",9751,8111,1640,9751
"17731","07_report/CpG_context_sampling_30299_731_trimmed_bismark_bt2.CpG",9771,8084,1687,9771
"17732","07_report/CpG_context_sampling_30299_732_trimmed_bismark_bt2.CpG",9768,8172,1596,9768
"17733","07_report/CpG_context_sampling_30299_733_trimmed_bismark_bt2.CpG",9794,8181,1613,9794
"17734","07_report/CpG_context_sampling_30299_734_trimmed_bismark_bt2.CpG",9693,8056,1637,9693
"17735","07_report/CpG_context_sampling_30299_735_trimmed_bismark_bt2.CpG",9727,8057,1670,9727
"17736","07_report/CpG_context_sampling_30299_736_trimmed_bismark_bt2.CpG",9551,7883,1668,9551
"17737","07_report/CpG_context_sampling_30299_737_trimmed_bismark_bt2.CpG",9699,8030,1669,9699
"17738","07_report/CpG_context_sampling_30299_738_trimmed_bismark_bt2.CpG",9656,7970,1686,9656
"17739","07_report/CpG_context_sampling_30299_739_trimmed_bismark_bt2.CpG",9905,8287,1618,9905
"17740","07_report/CpG_context_sampling_30299_740_trimmed_bismark_bt2.CpG",9702,8097,1605,9702
"17741","07_report/CpG_context_sampling_30299_741_trimmed_bismark_bt2.CpG",9855,8171,1684,9855
"17742","07_report/CpG_context_sampling_30299_742_trimmed_bismark_bt2.CpG",9796,8183,1613,9796
"17743","07_report/CpG_context_sampling_30299_743_trimmed_bismark_bt2.CpG",9691,8064,1627,9691
"17744","07_report/CpG_context_sampling_30299_744_trimmed_bismark_bt2.CpG",9799,8144,1655,9799
"17745","07_report/CpG_context_sampling_30299_745_trimmed_bismark_bt2.CpG",9743,8151,1592,9743
"17746","07_report/CpG_context_sampling_30299_746_trimmed_bismark_bt2.CpG",9778,8127,1651,9778
"17747","07_report/CpG_context_sampling_30299_747_trimmed_bismark_bt2.CpG",9815,8158,1657,9815
"17748","07_report/CpG_context_sampling_30299_748_trimmed_bismark_bt2.CpG",9838,8191,1647,9838
"17749","07_report/CpG_context_sampling_30299_749_trimmed_bismark_bt2.CpG",9682,8046,1636,9682
"17750","07_report/CpG_context_sampling_30299_750_trimmed_bismark_bt2.CpG",9705,8068,1637,9705
"17751","07_report/CpG_context_sampling_30299_751_trimmed_bismark_bt2.CpG",9917,8252,1665,9917
"17752","07_report/CpG_context_sampling_30299_752_trimmed_bismark_bt2.CpG",9974,8326,1648,9974
"17753","07_report/CpG_context_sampling_30299_753_trimmed_bismark_bt2.CpG",9896,8233,1663,9896
"17754","07_report/CpG_context_sampling_30299_754_trimmed_bismark_bt2.CpG",9772,8158,1614,9772
"17755","07_report/CpG_context_sampling_30299_755_trimmed_bismark_bt2.CpG",9734,8079,1655,9734
"17756","07_report/CpG_context_sampling_30299_756_trimmed_bismark_bt2.CpG",9863,8239,1624,9863
"17757","07_report/CpG_context_sampling_30299_757_trimmed_bismark_bt2.CpG",9882,8235,1647,9882
"17758","07_report/CpG_context_sampling_30299_758_trimmed_bismark_bt2.CpG",9839,8194,1645,9839
"17759","07_report/CpG_context_sampling_30299_759_trimmed_bismark_bt2.CpG",9749,8109,1640,9749
"17760","07_report/CpG_context_sampling_30299_760_trimmed_bismark_bt2.CpG",9807,8148,1659,9807
"17761","07_report/CpG_context_sampling_30299_761_trimmed_bismark_bt2.CpG",9964,8263,1701,9964
"17762","07_report/CpG_context_sampling_30299_762_trimmed_bismark_bt2.CpG",9743,8098,1645,9743
"17763","07_report/CpG_context_sampling_30299_763_trimmed_bismark_bt2.CpG",9896,8252,1644,9896
"17764","07_report/CpG_context_sampling_30299_764_trimmed_bismark_bt2.CpG",9886,8245,1641,9886
"17765","07_report/CpG_context_sampling_30299_765_trimmed_bismark_bt2.CpG",9696,8061,1635,9696
"17766","07_report/CpG_context_sampling_30299_766_trimmed_bismark_bt2.CpG",9889,8244,1645,9889
"17767","07_report/CpG_context_sampling_30299_767_trimmed_bismark_bt2.CpG",9785,8153,1632,9785
"17768","07_report/CpG_context_sampling_30299_768_trimmed_bismark_bt2.CpG",9760,8092,1668,9760
"17769","07_report/CpG_context_sampling_30299_769_trimmed_bismark_bt2.CpG",9852,8102,1750,9852
"17770","07_report/CpG_context_sampling_30299_770_trimmed_bismark_bt2.CpG",9687,8046,1641,9687
"17771","07_report/CpG_context_sampling_30299_771_trimmed_bismark_bt2.CpG",9811,8138,1673,9811
"17772","07_report/CpG_context_sampling_30299_772_trimmed_bismark_bt2.CpG",9769,8134,1635,9769
"17773","07_report/CpG_context_sampling_30299_773_trimmed_bismark_bt2.CpG",9884,8224,1660,9884
"17774","07_report/CpG_context_sampling_30299_774_trimmed_bismark_bt2.CpG",9774,8106,1668,9774
"17775","07_report/CpG_context_sampling_30299_775_trimmed_bismark_bt2.CpG",9941,8286,1655,9941
"17776","07_report/CpG_context_sampling_30299_776_trimmed_bismark_bt2.CpG",9631,7972,1659,9631
"17777","07_report/CpG_context_sampling_30299_777_trimmed_bismark_bt2.CpG",9809,8143,1666,9809
"17778","07_report/CpG_context_sampling_30299_778_trimmed_bismark_bt2.CpG",9839,8149,1690,9839
"17779","07_report/CpG_context_sampling_30299_779_trimmed_bismark_bt2.CpG",9878,8272,1606,9878
"17780","07_report/CpG_context_sampling_30299_780_trimmed_bismark_bt2.CpG",10011,8356,1655,10011
"17781","07_report/CpG_context_sampling_30299_781_trimmed_bismark_bt2.CpG",9726,8102,1624,9726
"17782","07_report/CpG_context_sampling_30299_782_trimmed_bismark_bt2.CpG",9783,8155,1628,9783
"17783","07_report/CpG_context_sampling_30299_783_trimmed_bismark_bt2.CpG",9652,8020,1632,9652
"17784","07_report/CpG_context_sampling_30299_784_trimmed_bismark_bt2.CpG",9654,8062,1592,9654
"17785","07_report/CpG_context_sampling_30299_785_trimmed_bismark_bt2.CpG",9895,8161,1734,9895
"17786","07_report/CpG_context_sampling_30299_786_trimmed_bismark_bt2.CpG",9951,8224,1727,9951
"17787","07_report/CpG_context_sampling_30299_787_trimmed_bismark_bt2.CpG",9788,8098,1690,9788
"17788","07_report/CpG_context_sampling_30299_788_trimmed_bismark_bt2.CpG",9854,8156,1698,9854
"17789","07_report/CpG_context_sampling_30299_789_trimmed_bismark_bt2.CpG",9705,8048,1657,9705
"17790","07_report/CpG_context_sampling_30299_790_trimmed_bismark_bt2.CpG",9846,8217,1629,9846
"17791","07_report/CpG_context_sampling_30299_791_trimmed_bismark_bt2.CpG",9841,8178,1663,9841
"17792","07_report/CpG_context_sampling_30299_792_trimmed_bismark_bt2.CpG",9860,8177,1683,9860
"17793","07_report/CpG_context_sampling_30299_793_trimmed_bismark_bt2.CpG",9736,8070,1666,9736
"17794","07_report/CpG_context_sampling_30299_794_trimmed_bismark_bt2.CpG",9829,8152,1677,9829
"17795","07_report/CpG_context_sampling_30299_795_trimmed_bismark_bt2.CpG",9776,8068,1708,9776
"17796","07_report/CpG_context_sampling_30299_796_trimmed_bismark_bt2.CpG",9799,8168,1631,9799
"17797","07_report/CpG_context_sampling_30299_797_trimmed_bismark_bt2.CpG",9837,8119,1718,9837
"17798","07_report/CpG_context_sampling_30299_798_trimmed_bismark_bt2.CpG",9786,8198,1588,9786
"17799","07_report/CpG_context_sampling_30299_799_trimmed_bismark_bt2.CpG",9711,8000,1711,9711
"17800","07_report/CpG_context_sampling_30299_800_trimmed_bismark_bt2.CpG",9789,8187,1602,9789
"17801","07_report/CpG_context_sampling_30299_801_trimmed_bismark_bt2.CpG",9755,8116,1639,9755
"17802","07_report/CpG_context_sampling_30299_802_trimmed_bismark_bt2.CpG",9628,7983,1645,9628
"17803","07_report/CpG_context_sampling_30299_803_trimmed_bismark_bt2.CpG",9677,8104,1573,9677
"17804","07_report/CpG_context_sampling_30299_804_trimmed_bismark_bt2.CpG",9704,8021,1683,9704
"17805","07_report/CpG_context_sampling_30299_805_trimmed_bismark_bt2.CpG",9928,8257,1671,9928
"17806","07_report/CpG_context_sampling_30299_806_trimmed_bismark_bt2.CpG",9697,8104,1593,9697
"17807","07_report/CpG_context_sampling_30299_807_trimmed_bismark_bt2.CpG",9829,8184,1645,9829
"17808","07_report/CpG_context_sampling_30299_808_trimmed_bismark_bt2.CpG",9637,8105,1532,9637
"17809","07_report/CpG_context_sampling_30299_809_trimmed_bismark_bt2.CpG",10021,8232,1789,10021
"17810","07_report/CpG_context_sampling_30299_810_trimmed_bismark_bt2.CpG",9724,8086,1638,9724
"17811","07_report/CpG_context_sampling_30299_811_trimmed_bismark_bt2.CpG",9751,8126,1625,9751
"17812","07_report/CpG_context_sampling_30299_812_trimmed_bismark_bt2.CpG",9749,8118,1631,9749
"17813","07_report/CpG_context_sampling_30299_813_trimmed_bismark_bt2.CpG",9810,8119,1691,9810
"17814","07_report/CpG_context_sampling_30299_814_trimmed_bismark_bt2.CpG",9853,8266,1587,9853
"17815","07_report/CpG_context_sampling_30299_815_trimmed_bismark_bt2.CpG",9802,8219,1583,9802
"17816","07_report/CpG_context_sampling_30299_816_trimmed_bismark_bt2.CpG",9970,8339,1631,9970
"17817","07_report/CpG_context_sampling_30299_817_trimmed_bismark_bt2.CpG",9704,7996,1708,9704
"17818","07_report/CpG_context_sampling_30299_818_trimmed_bismark_bt2.CpG",9681,8004,1677,9681
"17819","07_report/CpG_context_sampling_30299_819_trimmed_bismark_bt2.CpG",9856,8156,1700,9856
"17820","07_report/CpG_context_sampling_30299_820_trimmed_bismark_bt2.CpG",9645,8000,1645,9645
"17821","07_report/CpG_context_sampling_30299_821_trimmed_bismark_bt2.CpG",9908,8223,1685,9908
"17822","07_report/CpG_context_sampling_30299_822_trimmed_bismark_bt2.CpG",9788,8130,1658,9788
"17823","07_report/CpG_context_sampling_30299_823_trimmed_bismark_bt2.CpG",9844,8154,1690,9844
"17824","07_report/CpG_context_sampling_30299_824_trimmed_bismark_bt2.CpG",9734,8085,1649,9734
"17825","07_report/CpG_context_sampling_30299_825_trimmed_bismark_bt2.CpG",9798,8033,1765,9798
"17826","07_report/CpG_context_sampling_30299_826_trimmed_bismark_bt2.CpG",9879,8207,1672,9879
"17827","07_report/CpG_context_sampling_30299_827_trimmed_bismark_bt2.CpG",9960,8267,1693,9960
"17828","07_report/CpG_context_sampling_30299_828_trimmed_bismark_bt2.CpG",9903,8234,1669,9903
"17829","07_report/CpG_context_sampling_30299_829_trimmed_bismark_bt2.CpG",9885,8204,1681,9885
"17830","07_report/CpG_context_sampling_30299_830_trimmed_bismark_bt2.CpG",9893,8230,1663,9893
"17831","07_report/CpG_context_sampling_30299_831_trimmed_bismark_bt2.CpG",9773,8119,1654,9773
"17832","07_report/CpG_context_sampling_30299_832_trimmed_bismark_bt2.CpG",9746,8111,1635,9746
"17833","07_report/CpG_context_sampling_30299_833_trimmed_bismark_bt2.CpG",9796,8093,1703,9796
"17834","07_report/CpG_context_sampling_30299_834_trimmed_bismark_bt2.CpG",9831,8187,1644,9831
"17835","07_report/CpG_context_sampling_30299_835_trimmed_bismark_bt2.CpG",9896,8236,1660,9896
"17836","07_report/CpG_context_sampling_30299_836_trimmed_bismark_bt2.CpG",9696,8109,1587,9696
"17837","07_report/CpG_context_sampling_30299_837_trimmed_bismark_bt2.CpG",9689,8048,1641,9689
"17838","07_report/CpG_context_sampling_30299_838_trimmed_bismark_bt2.CpG",9809,8217,1592,9809
"17839","07_report/CpG_context_sampling_30299_839_trimmed_bismark_bt2.CpG",9763,8193,1570,9763
"17840","07_report/CpG_context_sampling_30299_840_trimmed_bismark_bt2.CpG",9798,8113,1685,9798
"17841","07_report/CpG_context_sampling_30299_841_trimmed_bismark_bt2.CpG",9873,8246,1627,9873
"17842","07_report/CpG_context_sampling_30299_842_trimmed_bismark_bt2.CpG",9755,8051,1704,9755
"17843","07_report/CpG_context_sampling_30299_843_trimmed_bismark_bt2.CpG",9792,8115,1677,9792
"17844","07_report/CpG_context_sampling_30299_844_trimmed_bismark_bt2.CpG",9898,8254,1644,9898
"17845","07_report/CpG_context_sampling_30299_845_trimmed_bismark_bt2.CpG",9823,8187,1636,9823
"17846","07_report/CpG_context_sampling_30299_846_trimmed_bismark_bt2.CpG",9617,8009,1608,9617
"17847","07_report/CpG_context_sampling_30299_847_trimmed_bismark_bt2.CpG",9835,8211,1624,9835
"17848","07_report/CpG_context_sampling_30299_848_trimmed_bismark_bt2.CpG",9757,8129,1628,9757
"17849","07_report/CpG_context_sampling_30299_849_trimmed_bismark_bt2.CpG",9667,7987,1680,9667
"17850","07_report/CpG_context_sampling_30299_850_trimmed_bismark_bt2.CpG",9750,8072,1678,9750
"17851","07_report/CpG_context_sampling_30299_851_trimmed_bismark_bt2.CpG",9931,8275,1656,9931
"17852","07_report/CpG_context_sampling_30299_852_trimmed_bismark_bt2.CpG",9814,8191,1623,9814
"17853","07_report/CpG_context_sampling_30299_853_trimmed_bismark_bt2.CpG",9706,8108,1598,9706
"17854","07_report/CpG_context_sampling_30299_854_trimmed_bismark_bt2.CpG",9783,8153,1630,9783
"17855","07_report/CpG_context_sampling_30299_855_trimmed_bismark_bt2.CpG",9913,8216,1697,9913
"17856","07_report/CpG_context_sampling_30299_856_trimmed_bismark_bt2.CpG",9725,8127,1598,9725
"17857","07_report/CpG_context_sampling_30299_857_trimmed_bismark_bt2.CpG",9845,8208,1637,9845
"17858","07_report/CpG_context_sampling_30299_858_trimmed_bismark_bt2.CpG",9726,8085,1641,9726
"17859","07_report/CpG_context_sampling_30299_859_trimmed_bismark_bt2.CpG",9883,8172,1711,9883
"17860","07_report/CpG_context_sampling_30299_860_trimmed_bismark_bt2.CpG",9771,8144,1627,9771
"17861","07_report/CpG_context_sampling_30299_861_trimmed_bismark_bt2.CpG",9635,8034,1601,9635
"17862","07_report/CpG_context_sampling_30299_862_trimmed_bismark_bt2.CpG",9754,8036,1718,9754
"17863","07_report/CpG_context_sampling_30299_863_trimmed_bismark_bt2.CpG",9871,8143,1728,9871
"17864","07_report/CpG_context_sampling_30299_864_trimmed_bismark_bt2.CpG",9725,8045,1680,9725
"17865","07_report/CpG_context_sampling_30299_865_trimmed_bismark_bt2.CpG",9905,8218,1687,9905
"17866","07_report/CpG_context_sampling_30299_866_trimmed_bismark_bt2.CpG",9824,8141,1683,9824
"17867","07_report/CpG_context_sampling_30299_867_trimmed_bismark_bt2.CpG",9699,8071,1628,9699
"17868","07_report/CpG_context_sampling_30299_868_trimmed_bismark_bt2.CpG",9912,8236,1676,9912
"17869","07_report/CpG_context_sampling_30299_869_trimmed_bismark_bt2.CpG",9769,8134,1635,9769
"17870","07_report/CpG_context_sampling_30299_870_trimmed_bismark_bt2.CpG",9737,8003,1734,9737
"17871","07_report/CpG_context_sampling_30299_871_trimmed_bismark_bt2.CpG",9727,8113,1614,9727
"17872","07_report/CpG_context_sampling_30299_872_trimmed_bismark_bt2.CpG",9713,8033,1680,9713
"17873","07_report/CpG_context_sampling_30299_873_trimmed_bismark_bt2.CpG",9660,8023,1637,9660
"17874","07_report/CpG_context_sampling_30299_874_trimmed_bismark_bt2.CpG",9665,8070,1595,9665
"17875","07_report/CpG_context_sampling_30299_875_trimmed_bismark_bt2.CpG",9923,8217,1706,9923
"17876","07_report/CpG_context_sampling_30299_876_trimmed_bismark_bt2.CpG",9763,8150,1613,9763
"17877","07_report/CpG_context_sampling_30299_877_trimmed_bismark_bt2.CpG",9707,8102,1605,9707
"17878","07_report/CpG_context_sampling_30299_878_trimmed_bismark_bt2.CpG",9819,8128,1691,9819
"17879","07_report/CpG_context_sampling_30299_879_trimmed_bismark_bt2.CpG",9877,8194,1683,9877
"17880","07_report/CpG_context_sampling_30299_880_trimmed_bismark_bt2.CpG",9888,8201,1687,9888
"17881","07_report/CpG_context_sampling_30299_881_trimmed_bismark_bt2.CpG",9878,8210,1668,9878
"17882","07_report/CpG_context_sampling_30299_882_trimmed_bismark_bt2.CpG",9866,8153,1713,9866
"17883","07_report/CpG_context_sampling_30299_883_trimmed_bismark_bt2.CpG",9754,8094,1660,9754
"17884","07_report/CpG_context_sampling_30299_884_trimmed_bismark_bt2.CpG",9845,8235,1610,9845
"17885","07_report/CpG_context_sampling_30299_885_trimmed_bismark_bt2.CpG",9860,8176,1684,9860
"17886","07_report/CpG_context_sampling_30299_886_trimmed_bismark_bt2.CpG",9809,8125,1684,9809
"17887","07_report/CpG_context_sampling_30299_887_trimmed_bismark_bt2.CpG",9679,8016,1663,9679
"17888","07_report/CpG_context_sampling_30299_888_trimmed_bismark_bt2.CpG",9809,8118,1691,9809
"17889","07_report/CpG_context_sampling_30299_889_trimmed_bismark_bt2.CpG",9718,8090,1628,9718
"17890","07_report/CpG_context_sampling_30299_890_trimmed_bismark_bt2.CpG",9824,8173,1651,9824
"17891","07_report/CpG_context_sampling_30299_891_trimmed_bismark_bt2.CpG",9875,8208,1667,9875
"17892","07_report/CpG_context_sampling_30299_892_trimmed_bismark_bt2.CpG",9774,8128,1646,9774
"17893","07_report/CpG_context_sampling_30299_893_trimmed_bismark_bt2.CpG",9842,8186,1656,9842
"17894","07_report/CpG_context_sampling_30299_894_trimmed_bismark_bt2.CpG",9708,8055,1653,9708
"17895","07_report/CpG_context_sampling_30299_895_trimmed_bismark_bt2.CpG",9722,8083,1639,9722
"17896","07_report/CpG_context_sampling_30299_896_trimmed_bismark_bt2.CpG",9868,8226,1642,9868
"17897","07_report/CpG_context_sampling_30299_897_trimmed_bismark_bt2.CpG",9859,8202,1657,9859
"17898","07_report/CpG_context_sampling_30299_898_trimmed_bismark_bt2.CpG",9814,8151,1663,9814
"17899","07_report/CpG_context_sampling_30299_899_trimmed_bismark_bt2.CpG",9868,8180,1688,9868
"17900","07_report/CpG_context_sampling_30299_900_trimmed_bismark_bt2.CpG",9807,8117,1690,9807
"17901","07_report/CpG_context_sampling_30299_901_trimmed_bismark_bt2.CpG",9791,8067,1724,9791
"17902","07_report/CpG_context_sampling_30299_902_trimmed_bismark_bt2.CpG",9819,8143,1676,9819
"17903","07_report/CpG_context_sampling_30299_903_trimmed_bismark_bt2.CpG",9790,8115,1675,9790
"17904","07_report/CpG_context_sampling_30299_904_trimmed_bismark_bt2.CpG",9754,8125,1629,9754
"17905","07_report/CpG_context_sampling_30299_905_trimmed_bismark_bt2.CpG",9662,8047,1615,9662
"17906","07_report/CpG_context_sampling_30299_906_trimmed_bismark_bt2.CpG",9887,8179,1708,9887
"17907","07_report/CpG_context_sampling_30299_907_trimmed_bismark_bt2.CpG",9913,8298,1615,9913
"17908","07_report/CpG_context_sampling_30299_908_trimmed_bismark_bt2.CpG",9748,8099,1649,9748
"17909","07_report/CpG_context_sampling_30299_909_trimmed_bismark_bt2.CpG",9883,8227,1656,9883
"17910","07_report/CpG_context_sampling_30299_910_trimmed_bismark_bt2.CpG",9799,8201,1598,9799
"17911","07_report/CpG_context_sampling_30299_911_trimmed_bismark_bt2.CpG",9834,8209,1625,9834
"17912","07_report/CpG_context_sampling_30299_912_trimmed_bismark_bt2.CpG",9690,8085,1605,9690
"17913","07_report/CpG_context_sampling_30299_913_trimmed_bismark_bt2.CpG",9680,8057,1623,9680
"17914","07_report/CpG_context_sampling_30299_914_trimmed_bismark_bt2.CpG",9868,8199,1669,9868
"17915","07_report/CpG_context_sampling_30299_915_trimmed_bismark_bt2.CpG",9853,8176,1677,9853
"17916","07_report/CpG_context_sampling_30299_916_trimmed_bismark_bt2.CpG",9822,8169,1653,9822
"17917","07_report/CpG_context_sampling_30299_917_trimmed_bismark_bt2.CpG",9626,7982,1644,9626
"17918","07_report/CpG_context_sampling_30299_918_trimmed_bismark_bt2.CpG",9757,8124,1633,9757
"17919","07_report/CpG_context_sampling_30299_919_trimmed_bismark_bt2.CpG",9692,7992,1700,9692
"17920","07_report/CpG_context_sampling_30299_920_trimmed_bismark_bt2.CpG",9837,8165,1672,9837
"17921","07_report/CpG_context_sampling_30299_921_trimmed_bismark_bt2.CpG",9801,8217,1584,9801
"17922","07_report/CpG_context_sampling_30299_922_trimmed_bismark_bt2.CpG",9721,8033,1688,9721
"17923","07_report/CpG_context_sampling_30299_923_trimmed_bismark_bt2.CpG",9903,8266,1637,9903
"17924","07_report/CpG_context_sampling_30299_924_trimmed_bismark_bt2.CpG",9775,8169,1606,9775
"17925","07_report/CpG_context_sampling_30299_925_trimmed_bismark_bt2.CpG",9790,8081,1709,9790
"17926","07_report/CpG_context_sampling_30299_926_trimmed_bismark_bt2.CpG",9890,8179,1711,9890
"17927","07_report/CpG_context_sampling_30299_927_trimmed_bismark_bt2.CpG",9863,8131,1732,9863
"17928","07_report/CpG_context_sampling_30299_928_trimmed_bismark_bt2.CpG",9722,8060,1662,9722
"17929","07_report/CpG_context_sampling_30299_929_trimmed_bismark_bt2.CpG",9739,8072,1667,9739
"17930","07_report/CpG_context_sampling_30299_930_trimmed_bismark_bt2.CpG",9791,8177,1614,9791
"17931","07_report/CpG_context_sampling_30299_931_trimmed_bismark_bt2.CpG",9916,8179,1737,9916
"17932","07_report/CpG_context_sampling_30299_932_trimmed_bismark_bt2.CpG",9779,8134,1645,9779
"17933","07_report/CpG_context_sampling_30299_933_trimmed_bismark_bt2.CpG",9715,8020,1695,9715
"17934","07_report/CpG_context_sampling_30299_934_trimmed_bismark_bt2.CpG",9881,8269,1612,9881
"17935","07_report/CpG_context_sampling_30299_935_trimmed_bismark_bt2.CpG",9942,8288,1654,9942
"17936","07_report/CpG_context_sampling_30299_936_trimmed_bismark_bt2.CpG",9975,8313,1662,9975
"17937","07_report/CpG_context_sampling_30299_937_trimmed_bismark_bt2.CpG",9587,8034,1553,9587
"17938","07_report/CpG_context_sampling_30299_938_trimmed_bismark_bt2.CpG",9795,8131,1664,9795
"17939","07_report/CpG_context_sampling_30299_939_trimmed_bismark_bt2.CpG",9834,8167,1667,9834
"17940","07_report/CpG_context_sampling_30299_940_trimmed_bismark_bt2.CpG",9805,8098,1707,9805
"17941","07_report/CpG_context_sampling_30299_941_trimmed_bismark_bt2.CpG",9679,8023,1656,9679
"17942","07_report/CpG_context_sampling_30299_942_trimmed_bismark_bt2.CpG",9713,8116,1597,9713
"17943","07_report/CpG_context_sampling_30299_943_trimmed_bismark_bt2.CpG",9749,8205,1544,9749
"17944","07_report/CpG_context_sampling_30299_944_trimmed_bismark_bt2.CpG",9826,8220,1606,9826
"17945","07_report/CpG_context_sampling_30299_945_trimmed_bismark_bt2.CpG",9887,8266,1621,9887
"17946","07_report/CpG_context_sampling_30299_946_trimmed_bismark_bt2.CpG",9775,8097,1678,9775
"17947","07_report/CpG_context_sampling_30299_947_trimmed_bismark_bt2.CpG",9784,8107,1677,9784
"17948","07_report/CpG_context_sampling_30299_948_trimmed_bismark_bt2.CpG",9730,8057,1673,9730
"17949","07_report/CpG_context_sampling_30299_949_trimmed_bismark_bt2.CpG",9709,8013,1696,9709
"17950","07_report/CpG_context_sampling_30299_950_trimmed_bismark_bt2.CpG",9831,8128,1703,9831
"17951","07_report/CpG_context_sampling_30299_951_trimmed_bismark_bt2.CpG",9793,8104,1689,9793
"17952","07_report/CpG_context_sampling_30299_952_trimmed_bismark_bt2.CpG",9763,8139,1624,9763
"17953","07_report/CpG_context_sampling_30299_953_trimmed_bismark_bt2.CpG",9879,8240,1639,9879
"17954","07_report/CpG_context_sampling_30299_954_trimmed_bismark_bt2.CpG",9839,8173,1666,9839
"17955","07_report/CpG_context_sampling_30299_955_trimmed_bismark_bt2.CpG",9833,8175,1658,9833
"17956","07_report/CpG_context_sampling_30299_956_trimmed_bismark_bt2.CpG",9707,8092,1615,9707
"17957","07_report/CpG_context_sampling_30299_957_trimmed_bismark_bt2.CpG",9848,8152,1696,9848
"17958","07_report/CpG_context_sampling_30299_958_trimmed_bismark_bt2.CpG",9728,8081,1647,9728
"17959","07_report/CpG_context_sampling_30299_959_trimmed_bismark_bt2.CpG",9806,8082,1724,9806
"17960","07_report/CpG_context_sampling_30299_960_trimmed_bismark_bt2.CpG",9704,8111,1593,9704
"17961","07_report/CpG_context_sampling_30299_961_trimmed_bismark_bt2.CpG",9695,7975,1720,9695
"17962","07_report/CpG_context_sampling_30299_962_trimmed_bismark_bt2.CpG",9818,8115,1703,9818
"17963","07_report/CpG_context_sampling_30299_963_trimmed_bismark_bt2.CpG",9642,8071,1571,9642
"17964","07_report/CpG_context_sampling_30299_964_trimmed_bismark_bt2.CpG",9882,8249,1633,9882
"17965","07_report/CpG_context_sampling_30299_965_trimmed_bismark_bt2.CpG",9721,8088,1633,9721
"17966","07_report/CpG_context_sampling_30299_966_trimmed_bismark_bt2.CpG",9769,8092,1677,9769
"17967","07_report/CpG_context_sampling_30299_967_trimmed_bismark_bt2.CpG",9856,8218,1638,9856
"17968","07_report/CpG_context_sampling_30299_968_trimmed_bismark_bt2.CpG",9839,8209,1630,9839
"17969","07_report/CpG_context_sampling_30299_969_trimmed_bismark_bt2.CpG",9782,8219,1563,9782
"17970","07_report/CpG_context_sampling_30299_970_trimmed_bismark_bt2.CpG",9960,8384,1576,9960
"17971","07_report/CpG_context_sampling_30299_971_trimmed_bismark_bt2.CpG",9866,8175,1691,9866
"17972","07_report/CpG_context_sampling_30299_972_trimmed_bismark_bt2.CpG",9846,8196,1650,9846
"17973","07_report/CpG_context_sampling_30299_973_trimmed_bismark_bt2.CpG",9828,8134,1694,9828
"17974","07_report/CpG_context_sampling_30299_974_trimmed_bismark_bt2.CpG",9745,8049,1696,9745
"17975","07_report/CpG_context_sampling_30299_975_trimmed_bismark_bt2.CpG",9693,8047,1646,9693
"17976","07_report/CpG_context_sampling_30299_976_trimmed_bismark_bt2.CpG",9902,8258,1644,9902
"17977","07_report/CpG_context_sampling_30299_977_trimmed_bismark_bt2.CpG",9908,8224,1684,9908
"17978","07_report/CpG_context_sampling_30299_978_trimmed_bismark_bt2.CpG",9724,8119,1605,9724
"17979","07_report/CpG_context_sampling_30299_979_trimmed_bismark_bt2.CpG",9674,8089,1585,9674
"17980","07_report/CpG_context_sampling_30299_980_trimmed_bismark_bt2.CpG",9838,8205,1633,9838
"17981","07_report/CpG_context_sampling_30299_981_trimmed_bismark_bt2.CpG",9781,8159,1622,9781
"17982","07_report/CpG_context_sampling_30299_982_trimmed_bismark_bt2.CpG",9736,8145,1591,9736
"17983","07_report/CpG_context_sampling_30299_983_trimmed_bismark_bt2.CpG",9900,8253,1647,9900
"17984","07_report/CpG_context_sampling_30299_984_trimmed_bismark_bt2.CpG",9813,8106,1707,9813
"17985","07_report/CpG_context_sampling_30299_985_trimmed_bismark_bt2.CpG",9643,8018,1625,9643
"17986","07_report/CpG_context_sampling_30299_986_trimmed_bismark_bt2.CpG",9821,8186,1635,9821
"17987","07_report/CpG_context_sampling_30299_987_trimmed_bismark_bt2.CpG",9689,8021,1668,9689
"17988","07_report/CpG_context_sampling_30299_988_trimmed_bismark_bt2.CpG",9743,8109,1634,9743
"17989","07_report/CpG_context_sampling_30299_989_trimmed_bismark_bt2.CpG",9746,8160,1586,9746
"17990","07_report/CpG_context_sampling_30299_990_trimmed_bismark_bt2.CpG",9939,8244,1695,9939
"17991","07_report/CpG_context_sampling_30299_991_trimmed_bismark_bt2.CpG",9858,8153,1705,9858
"17992","07_report/CpG_context_sampling_30299_992_trimmed_bismark_bt2.CpG",10040,8380,1660,10040
"17993","07_report/CpG_context_sampling_30299_993_trimmed_bismark_bt2.CpG",9857,8224,1633,9857
"17994","07_report/CpG_context_sampling_30299_994_trimmed_bismark_bt2.CpG",9726,8093,1633,9726
"17995","07_report/CpG_context_sampling_30299_995_trimmed_bismark_bt2.CpG",9767,8104,1663,9767
"17996","07_report/CpG_context_sampling_30299_996_trimmed_bismark_bt2.CpG",9793,8111,1682,9793
"17997","07_report/CpG_context_sampling_30299_997_trimmed_bismark_bt2.CpG",9727,8079,1648,9727
"17998","07_report/CpG_context_sampling_30299_998_trimmed_bismark_bt2.CpG",9788,8079,1709,9788
"17999","07_report/CpG_context_sampling_30299_999_trimmed_bismark_bt2.CpG",9738,8068,1670,9738
"18000","07_report/CpG_context_sampling_30299_1000_trimmed_bismark_bt2.CpG",9686,8039,1647,9686
"18001","07_report/CpG_context_sampling_33665_1_trimmed_bismark_bt2.CpG",10934,9044,1890,10934
"18002","07_report/CpG_context_sampling_33665_2_trimmed_bismark_bt2.CpG",10834,9069,1765,10834
"18003","07_report/CpG_context_sampling_33665_3_trimmed_bismark_bt2.CpG",11036,9225,1811,11036
"18004","07_report/CpG_context_sampling_33665_4_trimmed_bismark_bt2.CpG",10753,8947,1806,10753
"18005","07_report/CpG_context_sampling_33665_5_trimmed_bismark_bt2.CpG",10930,9096,1834,10930
"18006","07_report/CpG_context_sampling_33665_6_trimmed_bismark_bt2.CpG",10792,9024,1768,10792
"18007","07_report/CpG_context_sampling_33665_7_trimmed_bismark_bt2.CpG",10769,9014,1755,10769
"18008","07_report/CpG_context_sampling_33665_8_trimmed_bismark_bt2.CpG",11004,9187,1817,11004
"18009","07_report/CpG_context_sampling_33665_9_trimmed_bismark_bt2.CpG",10912,9082,1830,10912
"18010","07_report/CpG_context_sampling_33665_10_trimmed_bismark_bt2.CpG",10928,9079,1849,10928
"18011","07_report/CpG_context_sampling_33665_11_trimmed_bismark_bt2.CpG",11025,9080,1945,11025
"18012","07_report/CpG_context_sampling_33665_12_trimmed_bismark_bt2.CpG",10940,9141,1799,10940
"18013","07_report/CpG_context_sampling_33665_13_trimmed_bismark_bt2.CpG",10852,8996,1856,10852
"18014","07_report/CpG_context_sampling_33665_14_trimmed_bismark_bt2.CpG",11002,9123,1879,11002
"18015","07_report/CpG_context_sampling_33665_15_trimmed_bismark_bt2.CpG",10886,8982,1904,10886
"18016","07_report/CpG_context_sampling_33665_16_trimmed_bismark_bt2.CpG",10769,8902,1867,10769
"18017","07_report/CpG_context_sampling_33665_17_trimmed_bismark_bt2.CpG",11022,9181,1841,11022
"18018","07_report/CpG_context_sampling_33665_18_trimmed_bismark_bt2.CpG",10866,9071,1795,10866
"18019","07_report/CpG_context_sampling_33665_19_trimmed_bismark_bt2.CpG",10791,8977,1814,10791
"18020","07_report/CpG_context_sampling_33665_20_trimmed_bismark_bt2.CpG",10830,8949,1881,10830
"18021","07_report/CpG_context_sampling_33665_21_trimmed_bismark_bt2.CpG",10871,9092,1779,10871
"18022","07_report/CpG_context_sampling_33665_22_trimmed_bismark_bt2.CpG",10741,8986,1755,10741
"18023","07_report/CpG_context_sampling_33665_23_trimmed_bismark_bt2.CpG",10904,9055,1849,10904
"18024","07_report/CpG_context_sampling_33665_24_trimmed_bismark_bt2.CpG",10956,9095,1861,10956
"18025","07_report/CpG_context_sampling_33665_25_trimmed_bismark_bt2.CpG",10923,9005,1918,10923
"18026","07_report/CpG_context_sampling_33665_26_trimmed_bismark_bt2.CpG",10829,9075,1754,10829
"18027","07_report/CpG_context_sampling_33665_27_trimmed_bismark_bt2.CpG",10898,9041,1857,10898
"18028","07_report/CpG_context_sampling_33665_28_trimmed_bismark_bt2.CpG",10939,9037,1902,10939
"18029","07_report/CpG_context_sampling_33665_29_trimmed_bismark_bt2.CpG",10855,8984,1871,10855
"18030","07_report/CpG_context_sampling_33665_30_trimmed_bismark_bt2.CpG",10778,8958,1820,10778
"18031","07_report/CpG_context_sampling_33665_31_trimmed_bismark_bt2.CpG",10856,8977,1879,10856
"18032","07_report/CpG_context_sampling_33665_32_trimmed_bismark_bt2.CpG",10931,9077,1854,10931
"18033","07_report/CpG_context_sampling_33665_33_trimmed_bismark_bt2.CpG",10955,9166,1789,10955
"18034","07_report/CpG_context_sampling_33665_34_trimmed_bismark_bt2.CpG",10728,8950,1778,10728
"18035","07_report/CpG_context_sampling_33665_35_trimmed_bismark_bt2.CpG",10939,9160,1779,10939
"18036","07_report/CpG_context_sampling_33665_36_trimmed_bismark_bt2.CpG",11040,9213,1827,11040
"18037","07_report/CpG_context_sampling_33665_37_trimmed_bismark_bt2.CpG",10911,9068,1843,10911
"18038","07_report/CpG_context_sampling_33665_38_trimmed_bismark_bt2.CpG",10908,9035,1873,10908
"18039","07_report/CpG_context_sampling_33665_39_trimmed_bismark_bt2.CpG",11023,9129,1894,11023
"18040","07_report/CpG_context_sampling_33665_40_trimmed_bismark_bt2.CpG",10928,9110,1818,10928
"18041","07_report/CpG_context_sampling_33665_41_trimmed_bismark_bt2.CpG",10860,9004,1856,10860
"18042","07_report/CpG_context_sampling_33665_42_trimmed_bismark_bt2.CpG",11039,9198,1841,11039
"18043","07_report/CpG_context_sampling_33665_43_trimmed_bismark_bt2.CpG",10839,9049,1790,10839
"18044","07_report/CpG_context_sampling_33665_44_trimmed_bismark_bt2.CpG",10931,9134,1797,10931
"18045","07_report/CpG_context_sampling_33665_45_trimmed_bismark_bt2.CpG",10976,9117,1859,10976
"18046","07_report/CpG_context_sampling_33665_46_trimmed_bismark_bt2.CpG",10978,9151,1827,10978
"18047","07_report/CpG_context_sampling_33665_47_trimmed_bismark_bt2.CpG",10786,8993,1793,10786
"18048","07_report/CpG_context_sampling_33665_48_trimmed_bismark_bt2.CpG",10724,8872,1852,10724
"18049","07_report/CpG_context_sampling_33665_49_trimmed_bismark_bt2.CpG",10835,8990,1845,10835
"18050","07_report/CpG_context_sampling_33665_50_trimmed_bismark_bt2.CpG",10838,8941,1897,10838
"18051","07_report/CpG_context_sampling_33665_51_trimmed_bismark_bt2.CpG",10892,9148,1744,10892
"18052","07_report/CpG_context_sampling_33665_52_trimmed_bismark_bt2.CpG",10996,9201,1795,10996
"18053","07_report/CpG_context_sampling_33665_53_trimmed_bismark_bt2.CpG",10890,9052,1838,10890
"18054","07_report/CpG_context_sampling_33665_54_trimmed_bismark_bt2.CpG",10921,9084,1837,10921
"18055","07_report/CpG_context_sampling_33665_55_trimmed_bismark_bt2.CpG",10772,8994,1778,10772
"18056","07_report/CpG_context_sampling_33665_56_trimmed_bismark_bt2.CpG",10880,9113,1767,10880
"18057","07_report/CpG_context_sampling_33665_57_trimmed_bismark_bt2.CpG",10912,9034,1878,10912
"18058","07_report/CpG_context_sampling_33665_58_trimmed_bismark_bt2.CpG",10834,9050,1784,10834
"18059","07_report/CpG_context_sampling_33665_59_trimmed_bismark_bt2.CpG",10893,8984,1909,10893
"18060","07_report/CpG_context_sampling_33665_60_trimmed_bismark_bt2.CpG",10805,8962,1843,10805
"18061","07_report/CpG_context_sampling_33665_61_trimmed_bismark_bt2.CpG",10920,9010,1910,10920
"18062","07_report/CpG_context_sampling_33665_62_trimmed_bismark_bt2.CpG",10717,8814,1903,10717
"18063","07_report/CpG_context_sampling_33665_63_trimmed_bismark_bt2.CpG",10709,8879,1830,10709
"18064","07_report/CpG_context_sampling_33665_64_trimmed_bismark_bt2.CpG",10838,8949,1889,10838
"18065","07_report/CpG_context_sampling_33665_65_trimmed_bismark_bt2.CpG",10905,9085,1820,10905
"18066","07_report/CpG_context_sampling_33665_66_trimmed_bismark_bt2.CpG",10754,8923,1831,10754
"18067","07_report/CpG_context_sampling_33665_67_trimmed_bismark_bt2.CpG",11102,9200,1902,11102
"18068","07_report/CpG_context_sampling_33665_68_trimmed_bismark_bt2.CpG",10704,8916,1788,10704
"18069","07_report/CpG_context_sampling_33665_69_trimmed_bismark_bt2.CpG",10893,9053,1840,10893
"18070","07_report/CpG_context_sampling_33665_70_trimmed_bismark_bt2.CpG",10887,9086,1801,10887
"18071","07_report/CpG_context_sampling_33665_71_trimmed_bismark_bt2.CpG",10737,8994,1743,10737
"18072","07_report/CpG_context_sampling_33665_72_trimmed_bismark_bt2.CpG",11010,9113,1897,11010
"18073","07_report/CpG_context_sampling_33665_73_trimmed_bismark_bt2.CpG",10989,9134,1855,10989
"18074","07_report/CpG_context_sampling_33665_74_trimmed_bismark_bt2.CpG",10939,9026,1913,10939
"18075","07_report/CpG_context_sampling_33665_75_trimmed_bismark_bt2.CpG",10899,9069,1830,10899
"18076","07_report/CpG_context_sampling_33665_76_trimmed_bismark_bt2.CpG",10919,9147,1772,10919
"18077","07_report/CpG_context_sampling_33665_77_trimmed_bismark_bt2.CpG",10921,9073,1848,10921
"18078","07_report/CpG_context_sampling_33665_78_trimmed_bismark_bt2.CpG",10784,8845,1939,10784
"18079","07_report/CpG_context_sampling_33665_79_trimmed_bismark_bt2.CpG",10902,9058,1844,10902
"18080","07_report/CpG_context_sampling_33665_80_trimmed_bismark_bt2.CpG",11023,9190,1833,11023
"18081","07_report/CpG_context_sampling_33665_81_trimmed_bismark_bt2.CpG",10767,8892,1875,10767
"18082","07_report/CpG_context_sampling_33665_82_trimmed_bismark_bt2.CpG",10908,9073,1835,10908
"18083","07_report/CpG_context_sampling_33665_83_trimmed_bismark_bt2.CpG",10995,9192,1803,10995
"18084","07_report/CpG_context_sampling_33665_84_trimmed_bismark_bt2.CpG",10950,9066,1884,10950
"18085","07_report/CpG_context_sampling_33665_85_trimmed_bismark_bt2.CpG",10961,9042,1919,10961
"18086","07_report/CpG_context_sampling_33665_86_trimmed_bismark_bt2.CpG",10928,9077,1851,10928
"18087","07_report/CpG_context_sampling_33665_87_trimmed_bismark_bt2.CpG",10968,9117,1851,10968
"18088","07_report/CpG_context_sampling_33665_88_trimmed_bismark_bt2.CpG",10950,9043,1907,10950
"18089","07_report/CpG_context_sampling_33665_89_trimmed_bismark_bt2.CpG",10890,9068,1822,10890
"18090","07_report/CpG_context_sampling_33665_90_trimmed_bismark_bt2.CpG",10798,8986,1812,10798
"18091","07_report/CpG_context_sampling_33665_91_trimmed_bismark_bt2.CpG",10914,9010,1904,10914
"18092","07_report/CpG_context_sampling_33665_92_trimmed_bismark_bt2.CpG",10827,8975,1852,10827
"18093","07_report/CpG_context_sampling_33665_93_trimmed_bismark_bt2.CpG",10823,9042,1781,10823
"18094","07_report/CpG_context_sampling_33665_94_trimmed_bismark_bt2.CpG",10981,9138,1843,10981
"18095","07_report/CpG_context_sampling_33665_95_trimmed_bismark_bt2.CpG",10968,9103,1865,10968
"18096","07_report/CpG_context_sampling_33665_96_trimmed_bismark_bt2.CpG",10852,8987,1865,10852
"18097","07_report/CpG_context_sampling_33665_97_trimmed_bismark_bt2.CpG",10827,9000,1827,10827
"18098","07_report/CpG_context_sampling_33665_98_trimmed_bismark_bt2.CpG",10821,9004,1817,10821
"18099","07_report/CpG_context_sampling_33665_99_trimmed_bismark_bt2.CpG",10914,9037,1877,10914
"18100","07_report/CpG_context_sampling_33665_100_trimmed_bismark_bt2.CpG",10873,8995,1878,10873
"18101","07_report/CpG_context_sampling_33665_101_trimmed_bismark_bt2.CpG",10938,9127,1811,10938
"18102","07_report/CpG_context_sampling_33665_102_trimmed_bismark_bt2.CpG",10872,9051,1821,10872
"18103","07_report/CpG_context_sampling_33665_103_trimmed_bismark_bt2.CpG",10796,8959,1837,10796
"18104","07_report/CpG_context_sampling_33665_104_trimmed_bismark_bt2.CpG",10838,9050,1788,10838
"18105","07_report/CpG_context_sampling_33665_105_trimmed_bismark_bt2.CpG",10742,8893,1849,10742
"18106","07_report/CpG_context_sampling_33665_106_trimmed_bismark_bt2.CpG",11085,9213,1872,11085
"18107","07_report/CpG_context_sampling_33665_107_trimmed_bismark_bt2.CpG",10819,8968,1851,10819
"18108","07_report/CpG_context_sampling_33665_108_trimmed_bismark_bt2.CpG",11038,9198,1840,11038
"18109","07_report/CpG_context_sampling_33665_109_trimmed_bismark_bt2.CpG",10841,9101,1740,10841
"18110","07_report/CpG_context_sampling_33665_110_trimmed_bismark_bt2.CpG",10827,8976,1851,10827
"18111","07_report/CpG_context_sampling_33665_111_trimmed_bismark_bt2.CpG",10817,9046,1771,10817
"18112","07_report/CpG_context_sampling_33665_112_trimmed_bismark_bt2.CpG",10907,9055,1852,10907
"18113","07_report/CpG_context_sampling_33665_113_trimmed_bismark_bt2.CpG",10884,9015,1869,10884
"18114","07_report/CpG_context_sampling_33665_114_trimmed_bismark_bt2.CpG",10925,9128,1797,10925
"18115","07_report/CpG_context_sampling_33665_115_trimmed_bismark_bt2.CpG",10922,9104,1818,10922
"18116","07_report/CpG_context_sampling_33665_116_trimmed_bismark_bt2.CpG",10897,9106,1791,10897
"18117","07_report/CpG_context_sampling_33665_117_trimmed_bismark_bt2.CpG",10918,9042,1876,10918
"18118","07_report/CpG_context_sampling_33665_118_trimmed_bismark_bt2.CpG",11104,9185,1919,11104
"18119","07_report/CpG_context_sampling_33665_119_trimmed_bismark_bt2.CpG",10979,9093,1886,10979
"18120","07_report/CpG_context_sampling_33665_120_trimmed_bismark_bt2.CpG",10987,9175,1812,10987
"18121","07_report/CpG_context_sampling_33665_121_trimmed_bismark_bt2.CpG",11002,9160,1842,11002
"18122","07_report/CpG_context_sampling_33665_122_trimmed_bismark_bt2.CpG",10890,9092,1798,10890
"18123","07_report/CpG_context_sampling_33665_123_trimmed_bismark_bt2.CpG",10965,9110,1855,10965
"18124","07_report/CpG_context_sampling_33665_124_trimmed_bismark_bt2.CpG",10675,8838,1837,10675
"18125","07_report/CpG_context_sampling_33665_125_trimmed_bismark_bt2.CpG",10939,9058,1881,10939
"18126","07_report/CpG_context_sampling_33665_126_trimmed_bismark_bt2.CpG",10902,9101,1801,10902
"18127","07_report/CpG_context_sampling_33665_127_trimmed_bismark_bt2.CpG",10926,9043,1883,10926
"18128","07_report/CpG_context_sampling_33665_128_trimmed_bismark_bt2.CpG",10778,8922,1856,10778
"18129","07_report/CpG_context_sampling_33665_129_trimmed_bismark_bt2.CpG",10847,9079,1768,10847
"18130","07_report/CpG_context_sampling_33665_130_trimmed_bismark_bt2.CpG",10797,8996,1801,10797
"18131","07_report/CpG_context_sampling_33665_131_trimmed_bismark_bt2.CpG",10766,8965,1801,10766
"18132","07_report/CpG_context_sampling_33665_132_trimmed_bismark_bt2.CpG",10790,8972,1818,10790
"18133","07_report/CpG_context_sampling_33665_133_trimmed_bismark_bt2.CpG",10972,9071,1901,10972
"18134","07_report/CpG_context_sampling_33665_134_trimmed_bismark_bt2.CpG",10763,9004,1759,10763
"18135","07_report/CpG_context_sampling_33665_135_trimmed_bismark_bt2.CpG",10847,9000,1847,10847
"18136","07_report/CpG_context_sampling_33665_136_trimmed_bismark_bt2.CpG",10791,8968,1823,10791
"18137","07_report/CpG_context_sampling_33665_137_trimmed_bismark_bt2.CpG",10802,8978,1824,10802
"18138","07_report/CpG_context_sampling_33665_138_trimmed_bismark_bt2.CpG",10699,8853,1846,10699
"18139","07_report/CpG_context_sampling_33665_139_trimmed_bismark_bt2.CpG",10968,9100,1868,10968
"18140","07_report/CpG_context_sampling_33665_140_trimmed_bismark_bt2.CpG",10769,8958,1811,10769
"18141","07_report/CpG_context_sampling_33665_141_trimmed_bismark_bt2.CpG",10938,9118,1820,10938
"18142","07_report/CpG_context_sampling_33665_142_trimmed_bismark_bt2.CpG",10872,9090,1782,10872
"18143","07_report/CpG_context_sampling_33665_143_trimmed_bismark_bt2.CpG",11069,9169,1900,11069
"18144","07_report/CpG_context_sampling_33665_144_trimmed_bismark_bt2.CpG",10715,8866,1849,10715
"18145","07_report/CpG_context_sampling_33665_145_trimmed_bismark_bt2.CpG",10771,8981,1790,10771
"18146","07_report/CpG_context_sampling_33665_146_trimmed_bismark_bt2.CpG",10971,9167,1804,10971
"18147","07_report/CpG_context_sampling_33665_147_trimmed_bismark_bt2.CpG",10915,9055,1860,10915
"18148","07_report/CpG_context_sampling_33665_148_trimmed_bismark_bt2.CpG",11004,9107,1897,11004
"18149","07_report/CpG_context_sampling_33665_149_trimmed_bismark_bt2.CpG",10847,9031,1816,10847
"18150","07_report/CpG_context_sampling_33665_150_trimmed_bismark_bt2.CpG",10794,9035,1759,10794
"18151","07_report/CpG_context_sampling_33665_151_trimmed_bismark_bt2.CpG",10798,8980,1818,10798
"18152","07_report/CpG_context_sampling_33665_152_trimmed_bismark_bt2.CpG",10790,9012,1778,10790
"18153","07_report/CpG_context_sampling_33665_153_trimmed_bismark_bt2.CpG",10928,9056,1872,10928
"18154","07_report/CpG_context_sampling_33665_154_trimmed_bismark_bt2.CpG",10916,9087,1829,10916
"18155","07_report/CpG_context_sampling_33665_155_trimmed_bismark_bt2.CpG",10950,9207,1743,10950
"18156","07_report/CpG_context_sampling_33665_156_trimmed_bismark_bt2.CpG",10934,9063,1871,10934
"18157","07_report/CpG_context_sampling_33665_157_trimmed_bismark_bt2.CpG",10977,9141,1836,10977
"18158","07_report/CpG_context_sampling_33665_158_trimmed_bismark_bt2.CpG",10824,9046,1778,10824
"18159","07_report/CpG_context_sampling_33665_159_trimmed_bismark_bt2.CpG",10923,9061,1862,10923
"18160","07_report/CpG_context_sampling_33665_160_trimmed_bismark_bt2.CpG",10964,9136,1828,10964
"18161","07_report/CpG_context_sampling_33665_161_trimmed_bismark_bt2.CpG",10912,9087,1825,10912
"18162","07_report/CpG_context_sampling_33665_162_trimmed_bismark_bt2.CpG",10788,8961,1827,10788
"18163","07_report/CpG_context_sampling_33665_163_trimmed_bismark_bt2.CpG",10919,9031,1888,10919
"18164","07_report/CpG_context_sampling_33665_164_trimmed_bismark_bt2.CpG",10858,8993,1865,10858
"18165","07_report/CpG_context_sampling_33665_165_trimmed_bismark_bt2.CpG",10967,9061,1906,10967
"18166","07_report/CpG_context_sampling_33665_166_trimmed_bismark_bt2.CpG",10789,8976,1813,10789
"18167","07_report/CpG_context_sampling_33665_167_trimmed_bismark_bt2.CpG",11173,9262,1911,11173
"18168","07_report/CpG_context_sampling_33665_168_trimmed_bismark_bt2.CpG",10799,8934,1865,10799
"18169","07_report/CpG_context_sampling_33665_169_trimmed_bismark_bt2.CpG",10973,9107,1866,10973
"18170","07_report/CpG_context_sampling_33665_170_trimmed_bismark_bt2.CpG",10925,9069,1856,10925
"18171","07_report/CpG_context_sampling_33665_171_trimmed_bismark_bt2.CpG",10827,9024,1803,10827
"18172","07_report/CpG_context_sampling_33665_172_trimmed_bismark_bt2.CpG",10889,9099,1790,10889
"18173","07_report/CpG_context_sampling_33665_173_trimmed_bismark_bt2.CpG",10939,9092,1847,10939
"18174","07_report/CpG_context_sampling_33665_174_trimmed_bismark_bt2.CpG",10914,9042,1872,10914
"18175","07_report/CpG_context_sampling_33665_175_trimmed_bismark_bt2.CpG",10755,9027,1728,10755
"18176","07_report/CpG_context_sampling_33665_176_trimmed_bismark_bt2.CpG",10883,9005,1878,10883
"18177","07_report/CpG_context_sampling_33665_177_trimmed_bismark_bt2.CpG",10924,9091,1833,10924
"18178","07_report/CpG_context_sampling_33665_178_trimmed_bismark_bt2.CpG",10913,9133,1780,10913
"18179","07_report/CpG_context_sampling_33665_179_trimmed_bismark_bt2.CpG",10986,9101,1885,10986
"18180","07_report/CpG_context_sampling_33665_180_trimmed_bismark_bt2.CpG",10931,9062,1869,10931
"18181","07_report/CpG_context_sampling_33665_181_trimmed_bismark_bt2.CpG",11025,9148,1877,11025
"18182","07_report/CpG_context_sampling_33665_182_trimmed_bismark_bt2.CpG",10945,9095,1850,10945
"18183","07_report/CpG_context_sampling_33665_183_trimmed_bismark_bt2.CpG",10645,8794,1851,10645
"18184","07_report/CpG_context_sampling_33665_184_trimmed_bismark_bt2.CpG",10870,9022,1848,10870
"18185","07_report/CpG_context_sampling_33665_185_trimmed_bismark_bt2.CpG",10850,9013,1837,10850
"18186","07_report/CpG_context_sampling_33665_186_trimmed_bismark_bt2.CpG",10845,8982,1863,10845
"18187","07_report/CpG_context_sampling_33665_187_trimmed_bismark_bt2.CpG",10748,8930,1818,10748
"18188","07_report/CpG_context_sampling_33665_188_trimmed_bismark_bt2.CpG",10863,8966,1897,10863
"18189","07_report/CpG_context_sampling_33665_189_trimmed_bismark_bt2.CpG",10911,9094,1817,10911
"18190","07_report/CpG_context_sampling_33665_190_trimmed_bismark_bt2.CpG",10896,9098,1798,10896
"18191","07_report/CpG_context_sampling_33665_191_trimmed_bismark_bt2.CpG",10771,8944,1827,10771
"18192","07_report/CpG_context_sampling_33665_192_trimmed_bismark_bt2.CpG",11072,9097,1975,11072
"18193","07_report/CpG_context_sampling_33665_193_trimmed_bismark_bt2.CpG",10969,9110,1859,10969
"18194","07_report/CpG_context_sampling_33665_194_trimmed_bismark_bt2.CpG",11070,9173,1897,11070
"18195","07_report/CpG_context_sampling_33665_195_trimmed_bismark_bt2.CpG",10966,9103,1863,10966
"18196","07_report/CpG_context_sampling_33665_196_trimmed_bismark_bt2.CpG",10959,9088,1871,10959
"18197","07_report/CpG_context_sampling_33665_197_trimmed_bismark_bt2.CpG",10964,9133,1831,10964
"18198","07_report/CpG_context_sampling_33665_198_trimmed_bismark_bt2.CpG",10797,9008,1789,10797
"18199","07_report/CpG_context_sampling_33665_199_trimmed_bismark_bt2.CpG",10808,8974,1834,10808
"18200","07_report/CpG_context_sampling_33665_200_trimmed_bismark_bt2.CpG",10872,9009,1863,10872
"18201","07_report/CpG_context_sampling_33665_201_trimmed_bismark_bt2.CpG",11024,9156,1868,11024
"18202","07_report/CpG_context_sampling_33665_202_trimmed_bismark_bt2.CpG",10889,9011,1878,10889
"18203","07_report/CpG_context_sampling_33665_203_trimmed_bismark_bt2.CpG",10919,9115,1804,10919
"18204","07_report/CpG_context_sampling_33665_204_trimmed_bismark_bt2.CpG",10780,8964,1816,10780
"18205","07_report/CpG_context_sampling_33665_205_trimmed_bismark_bt2.CpG",11022,9117,1905,11022
"18206","07_report/CpG_context_sampling_33665_206_trimmed_bismark_bt2.CpG",10891,9004,1887,10891
"18207","07_report/CpG_context_sampling_33665_207_trimmed_bismark_bt2.CpG",11004,9120,1884,11004
"18208","07_report/CpG_context_sampling_33665_208_trimmed_bismark_bt2.CpG",11049,9257,1792,11049
"18209","07_report/CpG_context_sampling_33665_209_trimmed_bismark_bt2.CpG",10961,9064,1897,10961
"18210","07_report/CpG_context_sampling_33665_210_trimmed_bismark_bt2.CpG",10898,9049,1849,10898
"18211","07_report/CpG_context_sampling_33665_211_trimmed_bismark_bt2.CpG",10999,9153,1846,10999
"18212","07_report/CpG_context_sampling_33665_212_trimmed_bismark_bt2.CpG",10918,9068,1850,10918
"18213","07_report/CpG_context_sampling_33665_213_trimmed_bismark_bt2.CpG",10828,8964,1864,10828
"18214","07_report/CpG_context_sampling_33665_214_trimmed_bismark_bt2.CpG",11028,9215,1813,11028
"18215","07_report/CpG_context_sampling_33665_215_trimmed_bismark_bt2.CpG",10982,9184,1798,10982
"18216","07_report/CpG_context_sampling_33665_216_trimmed_bismark_bt2.CpG",10831,9025,1806,10831
"18217","07_report/CpG_context_sampling_33665_217_trimmed_bismark_bt2.CpG",10968,9076,1892,10968
"18218","07_report/CpG_context_sampling_33665_218_trimmed_bismark_bt2.CpG",10885,8991,1894,10885
"18219","07_report/CpG_context_sampling_33665_219_trimmed_bismark_bt2.CpG",10912,9060,1852,10912
"18220","07_report/CpG_context_sampling_33665_220_trimmed_bismark_bt2.CpG",10811,9019,1792,10811
"18221","07_report/CpG_context_sampling_33665_221_trimmed_bismark_bt2.CpG",10841,9030,1811,10841
"18222","07_report/CpG_context_sampling_33665_222_trimmed_bismark_bt2.CpG",10897,9085,1812,10897
"18223","07_report/CpG_context_sampling_33665_223_trimmed_bismark_bt2.CpG",10935,9102,1833,10935
"18224","07_report/CpG_context_sampling_33665_224_trimmed_bismark_bt2.CpG",10989,9147,1842,10989
"18225","07_report/CpG_context_sampling_33665_225_trimmed_bismark_bt2.CpG",10618,8835,1783,10618
"18226","07_report/CpG_context_sampling_33665_226_trimmed_bismark_bt2.CpG",10947,9103,1844,10947
"18227","07_report/CpG_context_sampling_33665_227_trimmed_bismark_bt2.CpG",11071,9263,1808,11071
"18228","07_report/CpG_context_sampling_33665_228_trimmed_bismark_bt2.CpG",10674,8838,1836,10674
"18229","07_report/CpG_context_sampling_33665_229_trimmed_bismark_bt2.CpG",10693,8963,1730,10693
"18230","07_report/CpG_context_sampling_33665_230_trimmed_bismark_bt2.CpG",10851,8928,1923,10851
"18231","07_report/CpG_context_sampling_33665_231_trimmed_bismark_bt2.CpG",10924,9073,1851,10924
"18232","07_report/CpG_context_sampling_33665_232_trimmed_bismark_bt2.CpG",10938,9100,1838,10938
"18233","07_report/CpG_context_sampling_33665_233_trimmed_bismark_bt2.CpG",11050,9181,1869,11050
"18234","07_report/CpG_context_sampling_33665_234_trimmed_bismark_bt2.CpG",10929,9112,1817,10929
"18235","07_report/CpG_context_sampling_33665_235_trimmed_bismark_bt2.CpG",10896,9053,1843,10896
"18236","07_report/CpG_context_sampling_33665_236_trimmed_bismark_bt2.CpG",10898,9010,1888,10898
"18237","07_report/CpG_context_sampling_33665_237_trimmed_bismark_bt2.CpG",10911,9038,1873,10911
"18238","07_report/CpG_context_sampling_33665_238_trimmed_bismark_bt2.CpG",10788,8902,1886,10788
"18239","07_report/CpG_context_sampling_33665_239_trimmed_bismark_bt2.CpG",10942,9095,1847,10942
"18240","07_report/CpG_context_sampling_33665_240_trimmed_bismark_bt2.CpG",10723,8886,1837,10723
"18241","07_report/CpG_context_sampling_33665_241_trimmed_bismark_bt2.CpG",10802,9076,1726,10802
"18242","07_report/CpG_context_sampling_33665_242_trimmed_bismark_bt2.CpG",10886,9056,1830,10886
"18243","07_report/CpG_context_sampling_33665_243_trimmed_bismark_bt2.CpG",10842,8967,1875,10842
"18244","07_report/CpG_context_sampling_33665_244_trimmed_bismark_bt2.CpG",10915,9019,1896,10915
"18245","07_report/CpG_context_sampling_33665_245_trimmed_bismark_bt2.CpG",10891,9110,1781,10891
"18246","07_report/CpG_context_sampling_33665_246_trimmed_bismark_bt2.CpG",10935,9087,1848,10935
"18247","07_report/CpG_context_sampling_33665_247_trimmed_bismark_bt2.CpG",11062,9250,1812,11062
"18248","07_report/CpG_context_sampling_33665_248_trimmed_bismark_bt2.CpG",10902,9120,1782,10902
"18249","07_report/CpG_context_sampling_33665_249_trimmed_bismark_bt2.CpG",11004,9185,1819,11004
"18250","07_report/CpG_context_sampling_33665_250_trimmed_bismark_bt2.CpG",10725,8908,1817,10725
"18251","07_report/CpG_context_sampling_33665_251_trimmed_bismark_bt2.CpG",11025,9183,1842,11025
"18252","07_report/CpG_context_sampling_33665_252_trimmed_bismark_bt2.CpG",10758,8943,1815,10758
"18253","07_report/CpG_context_sampling_33665_253_trimmed_bismark_bt2.CpG",11025,9146,1879,11025
"18254","07_report/CpG_context_sampling_33665_254_trimmed_bismark_bt2.CpG",10813,9007,1806,10813
"18255","07_report/CpG_context_sampling_33665_255_trimmed_bismark_bt2.CpG",10771,8970,1801,10771
"18256","07_report/CpG_context_sampling_33665_256_trimmed_bismark_bt2.CpG",11056,9211,1845,11056
"18257","07_report/CpG_context_sampling_33665_257_trimmed_bismark_bt2.CpG",10886,9071,1815,10886
"18258","07_report/CpG_context_sampling_33665_258_trimmed_bismark_bt2.CpG",10948,9104,1844,10948
"18259","07_report/CpG_context_sampling_33665_259_trimmed_bismark_bt2.CpG",10743,8920,1823,10743
"18260","07_report/CpG_context_sampling_33665_260_trimmed_bismark_bt2.CpG",10843,9009,1834,10843
"18261","07_report/CpG_context_sampling_33665_261_trimmed_bismark_bt2.CpG",10860,9009,1851,10860
"18262","07_report/CpG_context_sampling_33665_262_trimmed_bismark_bt2.CpG",10912,9166,1746,10912
"18263","07_report/CpG_context_sampling_33665_263_trimmed_bismark_bt2.CpG",10852,9020,1832,10852
"18264","07_report/CpG_context_sampling_33665_264_trimmed_bismark_bt2.CpG",10880,9112,1768,10880
"18265","07_report/CpG_context_sampling_33665_265_trimmed_bismark_bt2.CpG",10869,8942,1927,10869
"18266","07_report/CpG_context_sampling_33665_266_trimmed_bismark_bt2.CpG",10852,9040,1812,10852
"18267","07_report/CpG_context_sampling_33665_267_trimmed_bismark_bt2.CpG",10985,9147,1838,10985
"18268","07_report/CpG_context_sampling_33665_268_trimmed_bismark_bt2.CpG",10913,9036,1877,10913
"18269","07_report/CpG_context_sampling_33665_269_trimmed_bismark_bt2.CpG",10850,9046,1804,10850
"18270","07_report/CpG_context_sampling_33665_270_trimmed_bismark_bt2.CpG",11112,9206,1906,11112
"18271","07_report/CpG_context_sampling_33665_271_trimmed_bismark_bt2.CpG",10930,9145,1785,10930
"18272","07_report/CpG_context_sampling_33665_272_trimmed_bismark_bt2.CpG",10937,9107,1830,10937
"18273","07_report/CpG_context_sampling_33665_273_trimmed_bismark_bt2.CpG",10958,9133,1825,10958
"18274","07_report/CpG_context_sampling_33665_274_trimmed_bismark_bt2.CpG",10862,9047,1815,10862
"18275","07_report/CpG_context_sampling_33665_275_trimmed_bismark_bt2.CpG",11038,9176,1862,11038
"18276","07_report/CpG_context_sampling_33665_276_trimmed_bismark_bt2.CpG",10814,9024,1790,10814
"18277","07_report/CpG_context_sampling_33665_277_trimmed_bismark_bt2.CpG",10844,8980,1864,10844
"18278","07_report/CpG_context_sampling_33665_278_trimmed_bismark_bt2.CpG",10940,9107,1833,10940
"18279","07_report/CpG_context_sampling_33665_279_trimmed_bismark_bt2.CpG",10694,8925,1769,10694
"18280","07_report/CpG_context_sampling_33665_280_trimmed_bismark_bt2.CpG",10870,9016,1854,10870
"18281","07_report/CpG_context_sampling_33665_281_trimmed_bismark_bt2.CpG",10849,9001,1848,10849
"18282","07_report/CpG_context_sampling_33665_282_trimmed_bismark_bt2.CpG",10808,8996,1812,10808
"18283","07_report/CpG_context_sampling_33665_283_trimmed_bismark_bt2.CpG",11036,9157,1879,11036
"18284","07_report/CpG_context_sampling_33665_284_trimmed_bismark_bt2.CpG",10818,8990,1828,10818
"18285","07_report/CpG_context_sampling_33665_285_trimmed_bismark_bt2.CpG",10959,9115,1844,10959
"18286","07_report/CpG_context_sampling_33665_286_trimmed_bismark_bt2.CpG",10778,8943,1835,10778
"18287","07_report/CpG_context_sampling_33665_287_trimmed_bismark_bt2.CpG",10874,9019,1855,10874
"18288","07_report/CpG_context_sampling_33665_288_trimmed_bismark_bt2.CpG",10811,8968,1843,10811
"18289","07_report/CpG_context_sampling_33665_289_trimmed_bismark_bt2.CpG",10875,9022,1853,10875
"18290","07_report/CpG_context_sampling_33665_290_trimmed_bismark_bt2.CpG",10815,8984,1831,10815
"18291","07_report/CpG_context_sampling_33665_291_trimmed_bismark_bt2.CpG",10959,9071,1888,10959
"18292","07_report/CpG_context_sampling_33665_292_trimmed_bismark_bt2.CpG",10852,9040,1812,10852
"18293","07_report/CpG_context_sampling_33665_293_trimmed_bismark_bt2.CpG",10978,9158,1820,10978
"18294","07_report/CpG_context_sampling_33665_294_trimmed_bismark_bt2.CpG",11015,9166,1849,11015
"18295","07_report/CpG_context_sampling_33665_295_trimmed_bismark_bt2.CpG",10748,8950,1798,10748
"18296","07_report/CpG_context_sampling_33665_296_trimmed_bismark_bt2.CpG",10878,9032,1846,10878
"18297","07_report/CpG_context_sampling_33665_297_trimmed_bismark_bt2.CpG",10887,9086,1801,10887
"18298","07_report/CpG_context_sampling_33665_298_trimmed_bismark_bt2.CpG",10960,9133,1827,10960
"18299","07_report/CpG_context_sampling_33665_299_trimmed_bismark_bt2.CpG",10980,9110,1870,10980
"18300","07_report/CpG_context_sampling_33665_300_trimmed_bismark_bt2.CpG",10842,8980,1862,10842
"18301","07_report/CpG_context_sampling_33665_301_trimmed_bismark_bt2.CpG",10874,9033,1841,10874
"18302","07_report/CpG_context_sampling_33665_302_trimmed_bismark_bt2.CpG",10811,8962,1849,10811
"18303","07_report/CpG_context_sampling_33665_303_trimmed_bismark_bt2.CpG",10758,9022,1736,10758
"18304","07_report/CpG_context_sampling_33665_304_trimmed_bismark_bt2.CpG",10817,9042,1775,10817
"18305","07_report/CpG_context_sampling_33665_305_trimmed_bismark_bt2.CpG",10843,8953,1890,10843
"18306","07_report/CpG_context_sampling_33665_306_trimmed_bismark_bt2.CpG",10713,8979,1734,10713
"18307","07_report/CpG_context_sampling_33665_307_trimmed_bismark_bt2.CpG",10987,9137,1850,10987
"18308","07_report/CpG_context_sampling_33665_308_trimmed_bismark_bt2.CpG",10943,9014,1929,10943
"18309","07_report/CpG_context_sampling_33665_309_trimmed_bismark_bt2.CpG",10874,9038,1836,10874
"18310","07_report/CpG_context_sampling_33665_310_trimmed_bismark_bt2.CpG",10751,8936,1815,10751
"18311","07_report/CpG_context_sampling_33665_311_trimmed_bismark_bt2.CpG",10825,9014,1811,10825
"18312","07_report/CpG_context_sampling_33665_312_trimmed_bismark_bt2.CpG",10915,9023,1892,10915
"18313","07_report/CpG_context_sampling_33665_313_trimmed_bismark_bt2.CpG",10779,8965,1814,10779
"18314","07_report/CpG_context_sampling_33665_314_trimmed_bismark_bt2.CpG",10883,9060,1823,10883
"18315","07_report/CpG_context_sampling_33665_315_trimmed_bismark_bt2.CpG",10794,8963,1831,10794
"18316","07_report/CpG_context_sampling_33665_316_trimmed_bismark_bt2.CpG",10797,8916,1881,10797
"18317","07_report/CpG_context_sampling_33665_317_trimmed_bismark_bt2.CpG",10832,9032,1800,10832
"18318","07_report/CpG_context_sampling_33665_318_trimmed_bismark_bt2.CpG",10850,9029,1821,10850
"18319","07_report/CpG_context_sampling_33665_319_trimmed_bismark_bt2.CpG",10799,8952,1847,10799
"18320","07_report/CpG_context_sampling_33665_320_trimmed_bismark_bt2.CpG",10804,8942,1862,10804
"18321","07_report/CpG_context_sampling_33665_321_trimmed_bismark_bt2.CpG",10893,9021,1872,10893
"18322","07_report/CpG_context_sampling_33665_322_trimmed_bismark_bt2.CpG",10858,8997,1861,10858
"18323","07_report/CpG_context_sampling_33665_323_trimmed_bismark_bt2.CpG",10886,9051,1835,10886
"18324","07_report/CpG_context_sampling_33665_324_trimmed_bismark_bt2.CpG",10899,9091,1808,10899
"18325","07_report/CpG_context_sampling_33665_325_trimmed_bismark_bt2.CpG",10665,8815,1850,10665
"18326","07_report/CpG_context_sampling_33665_326_trimmed_bismark_bt2.CpG",10785,8989,1796,10785
"18327","07_report/CpG_context_sampling_33665_327_trimmed_bismark_bt2.CpG",10732,8911,1821,10732
"18328","07_report/CpG_context_sampling_33665_328_trimmed_bismark_bt2.CpG",10933,9056,1877,10933
"18329","07_report/CpG_context_sampling_33665_329_trimmed_bismark_bt2.CpG",10876,8993,1883,10876
"18330","07_report/CpG_context_sampling_33665_330_trimmed_bismark_bt2.CpG",10817,9000,1817,10817
"18331","07_report/CpG_context_sampling_33665_331_trimmed_bismark_bt2.CpG",10879,8986,1893,10879
"18332","07_report/CpG_context_sampling_33665_332_trimmed_bismark_bt2.CpG",10829,8990,1839,10829
"18333","07_report/CpG_context_sampling_33665_333_trimmed_bismark_bt2.CpG",10694,8964,1730,10694
"18334","07_report/CpG_context_sampling_33665_334_trimmed_bismark_bt2.CpG",10809,8954,1855,10809
"18335","07_report/CpG_context_sampling_33665_335_trimmed_bismark_bt2.CpG",10902,9144,1758,10902
"18336","07_report/CpG_context_sampling_33665_336_trimmed_bismark_bt2.CpG",10846,9050,1796,10846
"18337","07_report/CpG_context_sampling_33665_337_trimmed_bismark_bt2.CpG",10993,9183,1810,10993
"18338","07_report/CpG_context_sampling_33665_338_trimmed_bismark_bt2.CpG",11001,9169,1832,11001
"18339","07_report/CpG_context_sampling_33665_339_trimmed_bismark_bt2.CpG",10869,8979,1890,10869
"18340","07_report/CpG_context_sampling_33665_340_trimmed_bismark_bt2.CpG",10977,9152,1825,10977
"18341","07_report/CpG_context_sampling_33665_341_trimmed_bismark_bt2.CpG",10855,8977,1878,10855
"18342","07_report/CpG_context_sampling_33665_342_trimmed_bismark_bt2.CpG",10795,8998,1797,10795
"18343","07_report/CpG_context_sampling_33665_343_trimmed_bismark_bt2.CpG",11000,9168,1832,11000
"18344","07_report/CpG_context_sampling_33665_344_trimmed_bismark_bt2.CpG",10867,9022,1845,10867
"18345","07_report/CpG_context_sampling_33665_345_trimmed_bismark_bt2.CpG",10855,9038,1817,10855
"18346","07_report/CpG_context_sampling_33665_346_trimmed_bismark_bt2.CpG",10745,8967,1778,10745
"18347","07_report/CpG_context_sampling_33665_347_trimmed_bismark_bt2.CpG",10830,8978,1852,10830
"18348","07_report/CpG_context_sampling_33665_348_trimmed_bismark_bt2.CpG",10852,8988,1864,10852
"18349","07_report/CpG_context_sampling_33665_349_trimmed_bismark_bt2.CpG",10693,8871,1822,10693
"18350","07_report/CpG_context_sampling_33665_350_trimmed_bismark_bt2.CpG",10714,8967,1747,10714
"18351","07_report/CpG_context_sampling_33665_351_trimmed_bismark_bt2.CpG",10855,9062,1793,10855
"18352","07_report/CpG_context_sampling_33665_352_trimmed_bismark_bt2.CpG",10875,8984,1891,10875
"18353","07_report/CpG_context_sampling_33665_353_trimmed_bismark_bt2.CpG",10886,9087,1799,10886
"18354","07_report/CpG_context_sampling_33665_354_trimmed_bismark_bt2.CpG",10888,9034,1854,10888
"18355","07_report/CpG_context_sampling_33665_355_trimmed_bismark_bt2.CpG",10885,9036,1849,10885
"18356","07_report/CpG_context_sampling_33665_356_trimmed_bismark_bt2.CpG",11084,9265,1819,11084
"18357","07_report/CpG_context_sampling_33665_357_trimmed_bismark_bt2.CpG",10900,9063,1837,10900
"18358","07_report/CpG_context_sampling_33665_358_trimmed_bismark_bt2.CpG",10840,9039,1801,10840
"18359","07_report/CpG_context_sampling_33665_359_trimmed_bismark_bt2.CpG",10900,8995,1905,10900
"18360","07_report/CpG_context_sampling_33665_360_trimmed_bismark_bt2.CpG",10984,9180,1804,10984
"18361","07_report/CpG_context_sampling_33665_361_trimmed_bismark_bt2.CpG",10830,8974,1856,10830
"18362","07_report/CpG_context_sampling_33665_362_trimmed_bismark_bt2.CpG",11100,9233,1867,11100
"18363","07_report/CpG_context_sampling_33665_363_trimmed_bismark_bt2.CpG",10944,9100,1844,10944
"18364","07_report/CpG_context_sampling_33665_364_trimmed_bismark_bt2.CpG",10903,9024,1879,10903
"18365","07_report/CpG_context_sampling_33665_365_trimmed_bismark_bt2.CpG",10959,9043,1916,10959
"18366","07_report/CpG_context_sampling_33665_366_trimmed_bismark_bt2.CpG",10883,9025,1858,10883
"18367","07_report/CpG_context_sampling_33665_367_trimmed_bismark_bt2.CpG",10886,8992,1894,10886
"18368","07_report/CpG_context_sampling_33665_368_trimmed_bismark_bt2.CpG",11031,9192,1839,11031
"18369","07_report/CpG_context_sampling_33665_369_trimmed_bismark_bt2.CpG",10828,8945,1883,10828
"18370","07_report/CpG_context_sampling_33665_370_trimmed_bismark_bt2.CpG",10973,9100,1873,10973
"18371","07_report/CpG_context_sampling_33665_371_trimmed_bismark_bt2.CpG",10893,9066,1827,10893
"18372","07_report/CpG_context_sampling_33665_372_trimmed_bismark_bt2.CpG",10889,9073,1816,10889
"18373","07_report/CpG_context_sampling_33665_373_trimmed_bismark_bt2.CpG",10998,9218,1780,10998
"18374","07_report/CpG_context_sampling_33665_374_trimmed_bismark_bt2.CpG",10869,9056,1813,10869
"18375","07_report/CpG_context_sampling_33665_375_trimmed_bismark_bt2.CpG",10896,9022,1874,10896
"18376","07_report/CpG_context_sampling_33665_376_trimmed_bismark_bt2.CpG",10840,9007,1833,10840
"18377","07_report/CpG_context_sampling_33665_377_trimmed_bismark_bt2.CpG",11015,9171,1844,11015
"18378","07_report/CpG_context_sampling_33665_378_trimmed_bismark_bt2.CpG",10910,9101,1809,10910
"18379","07_report/CpG_context_sampling_33665_379_trimmed_bismark_bt2.CpG",10952,9078,1874,10952
"18380","07_report/CpG_context_sampling_33665_380_trimmed_bismark_bt2.CpG",10823,8995,1828,10823
"18381","07_report/CpG_context_sampling_33665_381_trimmed_bismark_bt2.CpG",10765,8950,1815,10765
"18382","07_report/CpG_context_sampling_33665_382_trimmed_bismark_bt2.CpG",10922,9012,1910,10922
"18383","07_report/CpG_context_sampling_33665_383_trimmed_bismark_bt2.CpG",11005,9121,1884,11005
"18384","07_report/CpG_context_sampling_33665_384_trimmed_bismark_bt2.CpG",10945,9046,1899,10945
"18385","07_report/CpG_context_sampling_33665_385_trimmed_bismark_bt2.CpG",10790,8969,1821,10790
"18386","07_report/CpG_context_sampling_33665_386_trimmed_bismark_bt2.CpG",10783,8970,1813,10783
"18387","07_report/CpG_context_sampling_33665_387_trimmed_bismark_bt2.CpG",10949,9143,1806,10949
"18388","07_report/CpG_context_sampling_33665_388_trimmed_bismark_bt2.CpG",10900,9054,1846,10900
"18389","07_report/CpG_context_sampling_33665_389_trimmed_bismark_bt2.CpG",11036,9192,1844,11036
"18390","07_report/CpG_context_sampling_33665_390_trimmed_bismark_bt2.CpG",10841,8976,1865,10841
"18391","07_report/CpG_context_sampling_33665_391_trimmed_bismark_bt2.CpG",10891,9150,1741,10891
"18392","07_report/CpG_context_sampling_33665_392_trimmed_bismark_bt2.CpG",10651,8844,1807,10651
"18393","07_report/CpG_context_sampling_33665_393_trimmed_bismark_bt2.CpG",10788,8980,1808,10788
"18394","07_report/CpG_context_sampling_33665_394_trimmed_bismark_bt2.CpG",10785,8942,1843,10785
"18395","07_report/CpG_context_sampling_33665_395_trimmed_bismark_bt2.CpG",10816,9005,1811,10816
"18396","07_report/CpG_context_sampling_33665_396_trimmed_bismark_bt2.CpG",10796,8951,1845,10796
"18397","07_report/CpG_context_sampling_33665_397_trimmed_bismark_bt2.CpG",11012,9162,1850,11012
"18398","07_report/CpG_context_sampling_33665_398_trimmed_bismark_bt2.CpG",10926,9049,1877,10926
"18399","07_report/CpG_context_sampling_33665_399_trimmed_bismark_bt2.CpG",10811,9077,1734,10811
"18400","07_report/CpG_context_sampling_33665_400_trimmed_bismark_bt2.CpG",10992,9150,1842,10992
"18401","07_report/CpG_context_sampling_33665_401_trimmed_bismark_bt2.CpG",10933,9121,1812,10933
"18402","07_report/CpG_context_sampling_33665_402_trimmed_bismark_bt2.CpG",10958,9033,1925,10958
"18403","07_report/CpG_context_sampling_33665_403_trimmed_bismark_bt2.CpG",10875,9001,1874,10875
"18404","07_report/CpG_context_sampling_33665_404_trimmed_bismark_bt2.CpG",10768,8931,1837,10768
"18405","07_report/CpG_context_sampling_33665_405_trimmed_bismark_bt2.CpG",10874,9048,1826,10874
"18406","07_report/CpG_context_sampling_33665_406_trimmed_bismark_bt2.CpG",10939,9043,1896,10939
"18407","07_report/CpG_context_sampling_33665_407_trimmed_bismark_bt2.CpG",10774,9035,1739,10774
"18408","07_report/CpG_context_sampling_33665_408_trimmed_bismark_bt2.CpG",10783,9012,1771,10783
"18409","07_report/CpG_context_sampling_33665_409_trimmed_bismark_bt2.CpG",10895,9060,1835,10895
"18410","07_report/CpG_context_sampling_33665_410_trimmed_bismark_bt2.CpG",10860,9069,1791,10860
"18411","07_report/CpG_context_sampling_33665_411_trimmed_bismark_bt2.CpG",10949,9116,1833,10949
"18412","07_report/CpG_context_sampling_33665_412_trimmed_bismark_bt2.CpG",10935,9040,1895,10935
"18413","07_report/CpG_context_sampling_33665_413_trimmed_bismark_bt2.CpG",10946,9091,1855,10946
"18414","07_report/CpG_context_sampling_33665_414_trimmed_bismark_bt2.CpG",10918,9066,1852,10918
"18415","07_report/CpG_context_sampling_33665_415_trimmed_bismark_bt2.CpG",10811,8974,1837,10811
"18416","07_report/CpG_context_sampling_33665_416_trimmed_bismark_bt2.CpG",10777,8913,1864,10777
"18417","07_report/CpG_context_sampling_33665_417_trimmed_bismark_bt2.CpG",10714,8893,1821,10714
"18418","07_report/CpG_context_sampling_33665_418_trimmed_bismark_bt2.CpG",10938,9143,1795,10938
"18419","07_report/CpG_context_sampling_33665_419_trimmed_bismark_bt2.CpG",10900,9073,1827,10900
"18420","07_report/CpG_context_sampling_33665_420_trimmed_bismark_bt2.CpG",10834,8959,1875,10834
"18421","07_report/CpG_context_sampling_33665_421_trimmed_bismark_bt2.CpG",10916,9080,1836,10916
"18422","07_report/CpG_context_sampling_33665_422_trimmed_bismark_bt2.CpG",10913,9086,1827,10913
"18423","07_report/CpG_context_sampling_33665_423_trimmed_bismark_bt2.CpG",11002,9128,1874,11002
"18424","07_report/CpG_context_sampling_33665_424_trimmed_bismark_bt2.CpG",10819,8990,1829,10819
"18425","07_report/CpG_context_sampling_33665_425_trimmed_bismark_bt2.CpG",10821,9002,1819,10821
"18426","07_report/CpG_context_sampling_33665_426_trimmed_bismark_bt2.CpG",10885,8987,1898,10885
"18427","07_report/CpG_context_sampling_33665_427_trimmed_bismark_bt2.CpG",11014,9193,1821,11014
"18428","07_report/CpG_context_sampling_33665_428_trimmed_bismark_bt2.CpG",10869,9006,1863,10869
"18429","07_report/CpG_context_sampling_33665_429_trimmed_bismark_bt2.CpG",10802,8914,1888,10802
"18430","07_report/CpG_context_sampling_33665_430_trimmed_bismark_bt2.CpG",10909,9051,1858,10909
"18431","07_report/CpG_context_sampling_33665_431_trimmed_bismark_bt2.CpG",10865,8985,1880,10865
"18432","07_report/CpG_context_sampling_33665_432_trimmed_bismark_bt2.CpG",10812,8991,1821,10812
"18433","07_report/CpG_context_sampling_33665_433_trimmed_bismark_bt2.CpG",10947,9068,1879,10947
"18434","07_report/CpG_context_sampling_33665_434_trimmed_bismark_bt2.CpG",11001,9168,1833,11001
"18435","07_report/CpG_context_sampling_33665_435_trimmed_bismark_bt2.CpG",10751,8974,1777,10751
"18436","07_report/CpG_context_sampling_33665_436_trimmed_bismark_bt2.CpG",11004,9171,1833,11004
"18437","07_report/CpG_context_sampling_33665_437_trimmed_bismark_bt2.CpG",10772,8957,1815,10772
"18438","07_report/CpG_context_sampling_33665_438_trimmed_bismark_bt2.CpG",10903,9015,1888,10903
"18439","07_report/CpG_context_sampling_33665_439_trimmed_bismark_bt2.CpG",10896,9076,1820,10896
"18440","07_report/CpG_context_sampling_33665_440_trimmed_bismark_bt2.CpG",10859,8972,1887,10859
"18441","07_report/CpG_context_sampling_33665_441_trimmed_bismark_bt2.CpG",10819,8904,1915,10819
"18442","07_report/CpG_context_sampling_33665_442_trimmed_bismark_bt2.CpG",10847,8996,1851,10847
"18443","07_report/CpG_context_sampling_33665_443_trimmed_bismark_bt2.CpG",10944,9064,1880,10944
"18444","07_report/CpG_context_sampling_33665_444_trimmed_bismark_bt2.CpG",10906,9060,1846,10906
"18445","07_report/CpG_context_sampling_33665_445_trimmed_bismark_bt2.CpG",10857,9068,1789,10857
"18446","07_report/CpG_context_sampling_33665_446_trimmed_bismark_bt2.CpG",10947,9078,1869,10947
"18447","07_report/CpG_context_sampling_33665_447_trimmed_bismark_bt2.CpG",10923,9026,1897,10923
"18448","07_report/CpG_context_sampling_33665_448_trimmed_bismark_bt2.CpG",11084,9232,1852,11084
"18449","07_report/CpG_context_sampling_33665_449_trimmed_bismark_bt2.CpG",10928,9124,1804,10928
"18450","07_report/CpG_context_sampling_33665_450_trimmed_bismark_bt2.CpG",10931,9084,1847,10931
"18451","07_report/CpG_context_sampling_33665_451_trimmed_bismark_bt2.CpG",10799,9017,1782,10799
"18452","07_report/CpG_context_sampling_33665_452_trimmed_bismark_bt2.CpG",11039,9179,1860,11039
"18453","07_report/CpG_context_sampling_33665_453_trimmed_bismark_bt2.CpG",10950,9112,1838,10950
"18454","07_report/CpG_context_sampling_33665_454_trimmed_bismark_bt2.CpG",10837,9023,1814,10837
"18455","07_report/CpG_context_sampling_33665_455_trimmed_bismark_bt2.CpG",11075,9214,1861,11075
"18456","07_report/CpG_context_sampling_33665_456_trimmed_bismark_bt2.CpG",10926,9090,1836,10926
"18457","07_report/CpG_context_sampling_33665_457_trimmed_bismark_bt2.CpG",10825,9006,1819,10825
"18458","07_report/CpG_context_sampling_33665_458_trimmed_bismark_bt2.CpG",10843,9003,1840,10843
"18459","07_report/CpG_context_sampling_33665_459_trimmed_bismark_bt2.CpG",10866,9063,1803,10866
"18460","07_report/CpG_context_sampling_33665_460_trimmed_bismark_bt2.CpG",10891,9111,1780,10891
"18461","07_report/CpG_context_sampling_33665_461_trimmed_bismark_bt2.CpG",10839,8979,1860,10839
"18462","07_report/CpG_context_sampling_33665_462_trimmed_bismark_bt2.CpG",10923,9055,1868,10923
"18463","07_report/CpG_context_sampling_33665_463_trimmed_bismark_bt2.CpG",10900,9122,1778,10900
"18464","07_report/CpG_context_sampling_33665_464_trimmed_bismark_bt2.CpG",10764,8971,1793,10764
"18465","07_report/CpG_context_sampling_33665_465_trimmed_bismark_bt2.CpG",10858,9063,1795,10858
"18466","07_report/CpG_context_sampling_33665_466_trimmed_bismark_bt2.CpG",10679,8878,1801,10679
"18467","07_report/CpG_context_sampling_33665_467_trimmed_bismark_bt2.CpG",11030,9162,1868,11030
"18468","07_report/CpG_context_sampling_33665_468_trimmed_bismark_bt2.CpG",10709,8895,1814,10709
"18469","07_report/CpG_context_sampling_33665_469_trimmed_bismark_bt2.CpG",10946,9110,1836,10946
"18470","07_report/CpG_context_sampling_33665_470_trimmed_bismark_bt2.CpG",11057,9157,1900,11057
"18471","07_report/CpG_context_sampling_33665_471_trimmed_bismark_bt2.CpG",10880,9090,1790,10880
"18472","07_report/CpG_context_sampling_33665_472_trimmed_bismark_bt2.CpG",10846,9072,1774,10846
"18473","07_report/CpG_context_sampling_33665_473_trimmed_bismark_bt2.CpG",11106,9228,1878,11106
"18474","07_report/CpG_context_sampling_33665_474_trimmed_bismark_bt2.CpG",10803,9024,1779,10803
"18475","07_report/CpG_context_sampling_33665_475_trimmed_bismark_bt2.CpG",10776,8935,1841,10776
"18476","07_report/CpG_context_sampling_33665_476_trimmed_bismark_bt2.CpG",10816,9021,1795,10816
"18477","07_report/CpG_context_sampling_33665_477_trimmed_bismark_bt2.CpG",10892,9110,1782,10892
"18478","07_report/CpG_context_sampling_33665_478_trimmed_bismark_bt2.CpG",10774,9008,1766,10774
"18479","07_report/CpG_context_sampling_33665_479_trimmed_bismark_bt2.CpG",10875,9005,1870,10875
"18480","07_report/CpG_context_sampling_33665_480_trimmed_bismark_bt2.CpG",10795,8950,1845,10795
"18481","07_report/CpG_context_sampling_33665_481_trimmed_bismark_bt2.CpG",10964,9068,1896,10964
"18482","07_report/CpG_context_sampling_33665_482_trimmed_bismark_bt2.CpG",10694,8879,1815,10694
"18483","07_report/CpG_context_sampling_33665_483_trimmed_bismark_bt2.CpG",10887,8975,1912,10887
"18484","07_report/CpG_context_sampling_33665_484_trimmed_bismark_bt2.CpG",10958,9094,1864,10958
"18485","07_report/CpG_context_sampling_33665_485_trimmed_bismark_bt2.CpG",10831,9078,1753,10831
"18486","07_report/CpG_context_sampling_33665_486_trimmed_bismark_bt2.CpG",10958,9107,1851,10958
"18487","07_report/CpG_context_sampling_33665_487_trimmed_bismark_bt2.CpG",10805,8948,1857,10805
"18488","07_report/CpG_context_sampling_33665_488_trimmed_bismark_bt2.CpG",10774,8943,1831,10774
"18489","07_report/CpG_context_sampling_33665_489_trimmed_bismark_bt2.CpG",11028,9227,1801,11028
"18490","07_report/CpG_context_sampling_33665_490_trimmed_bismark_bt2.CpG",10922,9099,1823,10922
"18491","07_report/CpG_context_sampling_33665_491_trimmed_bismark_bt2.CpG",10791,8997,1794,10791
"18492","07_report/CpG_context_sampling_33665_492_trimmed_bismark_bt2.CpG",10964,9181,1783,10964
"18493","07_report/CpG_context_sampling_33665_493_trimmed_bismark_bt2.CpG",10998,9122,1876,10998
"18494","07_report/CpG_context_sampling_33665_494_trimmed_bismark_bt2.CpG",10971,9137,1834,10971
"18495","07_report/CpG_context_sampling_33665_495_trimmed_bismark_bt2.CpG",10797,9017,1780,10797
"18496","07_report/CpG_context_sampling_33665_496_trimmed_bismark_bt2.CpG",11015,9186,1829,11015
"18497","07_report/CpG_context_sampling_33665_497_trimmed_bismark_bt2.CpG",10985,9175,1810,10985
"18498","07_report/CpG_context_sampling_33665_498_trimmed_bismark_bt2.CpG",10982,9128,1854,10982
"18499","07_report/CpG_context_sampling_33665_499_trimmed_bismark_bt2.CpG",10972,9208,1764,10972
"18500","07_report/CpG_context_sampling_33665_500_trimmed_bismark_bt2.CpG",10926,9127,1799,10926
"18501","07_report/CpG_context_sampling_33665_501_trimmed_bismark_bt2.CpG",10835,9005,1830,10835
"18502","07_report/CpG_context_sampling_33665_502_trimmed_bismark_bt2.CpG",10864,9024,1840,10864
"18503","07_report/CpG_context_sampling_33665_503_trimmed_bismark_bt2.CpG",10910,9122,1788,10910
"18504","07_report/CpG_context_sampling_33665_504_trimmed_bismark_bt2.CpG",10890,9041,1849,10890
"18505","07_report/CpG_context_sampling_33665_505_trimmed_bismark_bt2.CpG",10887,9056,1831,10887
"18506","07_report/CpG_context_sampling_33665_506_trimmed_bismark_bt2.CpG",10874,8982,1892,10874
"18507","07_report/CpG_context_sampling_33665_507_trimmed_bismark_bt2.CpG",10781,8948,1833,10781
"18508","07_report/CpG_context_sampling_33665_508_trimmed_bismark_bt2.CpG",10803,8976,1827,10803
"18509","07_report/CpG_context_sampling_33665_509_trimmed_bismark_bt2.CpG",10922,9148,1774,10922
"18510","07_report/CpG_context_sampling_33665_510_trimmed_bismark_bt2.CpG",10843,9034,1809,10843
"18511","07_report/CpG_context_sampling_33665_511_trimmed_bismark_bt2.CpG",10895,9066,1829,10895
"18512","07_report/CpG_context_sampling_33665_512_trimmed_bismark_bt2.CpG",10847,9013,1834,10847
"18513","07_report/CpG_context_sampling_33665_513_trimmed_bismark_bt2.CpG",10771,8945,1826,10771
"18514","07_report/CpG_context_sampling_33665_514_trimmed_bismark_bt2.CpG",10984,9110,1874,10984
"18515","07_report/CpG_context_sampling_33665_515_trimmed_bismark_bt2.CpG",10811,8944,1867,10811
"18516","07_report/CpG_context_sampling_33665_516_trimmed_bismark_bt2.CpG",10845,9009,1836,10845
"18517","07_report/CpG_context_sampling_33665_517_trimmed_bismark_bt2.CpG",10924,9043,1881,10924
"18518","07_report/CpG_context_sampling_33665_518_trimmed_bismark_bt2.CpG",11085,9169,1916,11085
"18519","07_report/CpG_context_sampling_33665_519_trimmed_bismark_bt2.CpG",10831,9012,1819,10831
"18520","07_report/CpG_context_sampling_33665_520_trimmed_bismark_bt2.CpG",10895,9052,1843,10895
"18521","07_report/CpG_context_sampling_33665_521_trimmed_bismark_bt2.CpG",11015,9180,1835,11015
"18522","07_report/CpG_context_sampling_33665_522_trimmed_bismark_bt2.CpG",10886,9077,1809,10886
"18523","07_report/CpG_context_sampling_33665_523_trimmed_bismark_bt2.CpG",10881,9033,1848,10881
"18524","07_report/CpG_context_sampling_33665_524_trimmed_bismark_bt2.CpG",10942,9068,1874,10942
"18525","07_report/CpG_context_sampling_33665_525_trimmed_bismark_bt2.CpG",10905,9058,1847,10905
"18526","07_report/CpG_context_sampling_33665_526_trimmed_bismark_bt2.CpG",10983,9177,1806,10983
"18527","07_report/CpG_context_sampling_33665_527_trimmed_bismark_bt2.CpG",10795,8989,1806,10795
"18528","07_report/CpG_context_sampling_33665_528_trimmed_bismark_bt2.CpG",10949,9099,1850,10949
"18529","07_report/CpG_context_sampling_33665_529_trimmed_bismark_bt2.CpG",10934,8999,1935,10934
"18530","07_report/CpG_context_sampling_33665_530_trimmed_bismark_bt2.CpG",10708,8943,1765,10708
"18531","07_report/CpG_context_sampling_33665_531_trimmed_bismark_bt2.CpG",10938,9132,1806,10938
"18532","07_report/CpG_context_sampling_33665_532_trimmed_bismark_bt2.CpG",10806,8949,1857,10806
"18533","07_report/CpG_context_sampling_33665_533_trimmed_bismark_bt2.CpG",10846,9113,1733,10846
"18534","07_report/CpG_context_sampling_33665_534_trimmed_bismark_bt2.CpG",11071,9264,1807,11071
"18535","07_report/CpG_context_sampling_33665_535_trimmed_bismark_bt2.CpG",10867,9023,1844,10867
"18536","07_report/CpG_context_sampling_33665_536_trimmed_bismark_bt2.CpG",11014,9197,1817,11014
"18537","07_report/CpG_context_sampling_33665_537_trimmed_bismark_bt2.CpG",10940,9087,1853,10940
"18538","07_report/CpG_context_sampling_33665_538_trimmed_bismark_bt2.CpG",10996,9150,1846,10996
"18539","07_report/CpG_context_sampling_33665_539_trimmed_bismark_bt2.CpG",10822,9009,1813,10822
"18540","07_report/CpG_context_sampling_33665_540_trimmed_bismark_bt2.CpG",10998,9203,1795,10998
"18541","07_report/CpG_context_sampling_33665_541_trimmed_bismark_bt2.CpG",10818,8986,1832,10818
"18542","07_report/CpG_context_sampling_33665_542_trimmed_bismark_bt2.CpG",10897,9054,1843,10897
"18543","07_report/CpG_context_sampling_33665_543_trimmed_bismark_bt2.CpG",10769,8938,1831,10769
"18544","07_report/CpG_context_sampling_33665_544_trimmed_bismark_bt2.CpG",11107,9293,1814,11107
"18545","07_report/CpG_context_sampling_33665_545_trimmed_bismark_bt2.CpG",10890,9070,1820,10890
"18546","07_report/CpG_context_sampling_33665_546_trimmed_bismark_bt2.CpG",10841,9007,1834,10841
"18547","07_report/CpG_context_sampling_33665_547_trimmed_bismark_bt2.CpG",10884,9068,1816,10884
"18548","07_report/CpG_context_sampling_33665_548_trimmed_bismark_bt2.CpG",10908,9081,1827,10908
"18549","07_report/CpG_context_sampling_33665_549_trimmed_bismark_bt2.CpG",10950,9054,1896,10950
"18550","07_report/CpG_context_sampling_33665_550_trimmed_bismark_bt2.CpG",10887,9096,1791,10887
"18551","07_report/CpG_context_sampling_33665_551_trimmed_bismark_bt2.CpG",11035,9234,1801,11035
"18552","07_report/CpG_context_sampling_33665_552_trimmed_bismark_bt2.CpG",10773,8870,1903,10773
"18553","07_report/CpG_context_sampling_33665_553_trimmed_bismark_bt2.CpG",10926,9003,1923,10926
"18554","07_report/CpG_context_sampling_33665_554_trimmed_bismark_bt2.CpG",10872,9056,1816,10872
"18555","07_report/CpG_context_sampling_33665_555_trimmed_bismark_bt2.CpG",10881,9096,1785,10881
"18556","07_report/CpG_context_sampling_33665_556_trimmed_bismark_bt2.CpG",10845,9035,1810,10845
"18557","07_report/CpG_context_sampling_33665_557_trimmed_bismark_bt2.CpG",10901,9018,1883,10901
"18558","07_report/CpG_context_sampling_33665_558_trimmed_bismark_bt2.CpG",10875,9061,1814,10875
"18559","07_report/CpG_context_sampling_33665_559_trimmed_bismark_bt2.CpG",10892,9087,1805,10892
"18560","07_report/CpG_context_sampling_33665_560_trimmed_bismark_bt2.CpG",10872,9022,1850,10872
"18561","07_report/CpG_context_sampling_33665_561_trimmed_bismark_bt2.CpG",10830,9019,1811,10830
"18562","07_report/CpG_context_sampling_33665_562_trimmed_bismark_bt2.CpG",10907,9059,1848,10907
"18563","07_report/CpG_context_sampling_33665_563_trimmed_bismark_bt2.CpG",10881,9057,1824,10881
"18564","07_report/CpG_context_sampling_33665_564_trimmed_bismark_bt2.CpG",10929,9167,1762,10929
"18565","07_report/CpG_context_sampling_33665_565_trimmed_bismark_bt2.CpG",10900,9062,1838,10900
"18566","07_report/CpG_context_sampling_33665_566_trimmed_bismark_bt2.CpG",10793,8979,1814,10793
"18567","07_report/CpG_context_sampling_33665_567_trimmed_bismark_bt2.CpG",10768,8926,1842,10768
"18568","07_report/CpG_context_sampling_33665_568_trimmed_bismark_bt2.CpG",10679,8893,1786,10679
"18569","07_report/CpG_context_sampling_33665_569_trimmed_bismark_bt2.CpG",10785,8946,1839,10785
"18570","07_report/CpG_context_sampling_33665_570_trimmed_bismark_bt2.CpG",10827,9015,1812,10827
"18571","07_report/CpG_context_sampling_33665_571_trimmed_bismark_bt2.CpG",10843,9017,1826,10843
"18572","07_report/CpG_context_sampling_33665_572_trimmed_bismark_bt2.CpG",10981,9086,1895,10981
"18573","07_report/CpG_context_sampling_33665_573_trimmed_bismark_bt2.CpG",10880,9045,1835,10880
"18574","07_report/CpG_context_sampling_33665_574_trimmed_bismark_bt2.CpG",10955,9106,1849,10955
"18575","07_report/CpG_context_sampling_33665_575_trimmed_bismark_bt2.CpG",10906,9037,1869,10906
"18576","07_report/CpG_context_sampling_33665_576_trimmed_bismark_bt2.CpG",10804,9000,1804,10804
"18577","07_report/CpG_context_sampling_33665_577_trimmed_bismark_bt2.CpG",10922,9110,1812,10922
"18578","07_report/CpG_context_sampling_33665_578_trimmed_bismark_bt2.CpG",10899,9063,1836,10899
"18579","07_report/CpG_context_sampling_33665_579_trimmed_bismark_bt2.CpG",10863,9028,1835,10863
"18580","07_report/CpG_context_sampling_33665_580_trimmed_bismark_bt2.CpG",10846,9028,1818,10846
"18581","07_report/CpG_context_sampling_33665_581_trimmed_bismark_bt2.CpG",10915,9016,1899,10915
"18582","07_report/CpG_context_sampling_33665_582_trimmed_bismark_bt2.CpG",10903,8993,1910,10903
"18583","07_report/CpG_context_sampling_33665_583_trimmed_bismark_bt2.CpG",10825,9011,1814,10825
"18584","07_report/CpG_context_sampling_33665_584_trimmed_bismark_bt2.CpG",10839,9057,1782,10839
"18585","07_report/CpG_context_sampling_33665_585_trimmed_bismark_bt2.CpG",10953,9156,1797,10953
"18586","07_report/CpG_context_sampling_33665_586_trimmed_bismark_bt2.CpG",10787,8950,1837,10787
"18587","07_report/CpG_context_sampling_33665_587_trimmed_bismark_bt2.CpG",10943,9076,1867,10943
"18588","07_report/CpG_context_sampling_33665_588_trimmed_bismark_bt2.CpG",10918,9102,1816,10918
"18589","07_report/CpG_context_sampling_33665_589_trimmed_bismark_bt2.CpG",10956,9048,1908,10956
"18590","07_report/CpG_context_sampling_33665_590_trimmed_bismark_bt2.CpG",10888,9048,1840,10888
"18591","07_report/CpG_context_sampling_33665_591_trimmed_bismark_bt2.CpG",10918,9025,1893,10918
"18592","07_report/CpG_context_sampling_33665_592_trimmed_bismark_bt2.CpG",10918,9051,1867,10918
"18593","07_report/CpG_context_sampling_33665_593_trimmed_bismark_bt2.CpG",10868,9021,1847,10868
"18594","07_report/CpG_context_sampling_33665_594_trimmed_bismark_bt2.CpG",10784,8987,1797,10784
"18595","07_report/CpG_context_sampling_33665_595_trimmed_bismark_bt2.CpG",10922,9142,1780,10922
"18596","07_report/CpG_context_sampling_33665_596_trimmed_bismark_bt2.CpG",10973,9050,1923,10973
"18597","07_report/CpG_context_sampling_33665_597_trimmed_bismark_bt2.CpG",10881,9150,1731,10881
"18598","07_report/CpG_context_sampling_33665_598_trimmed_bismark_bt2.CpG",11070,9187,1883,11070
"18599","07_report/CpG_context_sampling_33665_599_trimmed_bismark_bt2.CpG",10898,9047,1851,10898
"18600","07_report/CpG_context_sampling_33665_600_trimmed_bismark_bt2.CpG",10884,9076,1808,10884
"18601","07_report/CpG_context_sampling_33665_601_trimmed_bismark_bt2.CpG",10786,8904,1882,10786
"18602","07_report/CpG_context_sampling_33665_602_trimmed_bismark_bt2.CpG",10669,8838,1831,10669
"18603","07_report/CpG_context_sampling_33665_603_trimmed_bismark_bt2.CpG",10989,9082,1907,10989
"18604","07_report/CpG_context_sampling_33665_604_trimmed_bismark_bt2.CpG",10835,9088,1747,10835
"18605","07_report/CpG_context_sampling_33665_605_trimmed_bismark_bt2.CpG",10882,9095,1787,10882
"18606","07_report/CpG_context_sampling_33665_606_trimmed_bismark_bt2.CpG",10946,9082,1864,10946
"18607","07_report/CpG_context_sampling_33665_607_trimmed_bismark_bt2.CpG",11030,9194,1836,11030
"18608","07_report/CpG_context_sampling_33665_608_trimmed_bismark_bt2.CpG",10980,9043,1937,10980
"18609","07_report/CpG_context_sampling_33665_609_trimmed_bismark_bt2.CpG",10889,9057,1832,10889
"18610","07_report/CpG_context_sampling_33665_610_trimmed_bismark_bt2.CpG",10731,8865,1866,10731
"18611","07_report/CpG_context_sampling_33665_611_trimmed_bismark_bt2.CpG",10739,8944,1795,10739
"18612","07_report/CpG_context_sampling_33665_612_trimmed_bismark_bt2.CpG",10942,9093,1849,10942
"18613","07_report/CpG_context_sampling_33665_613_trimmed_bismark_bt2.CpG",10987,9149,1838,10987
"18614","07_report/CpG_context_sampling_33665_614_trimmed_bismark_bt2.CpG",10933,9130,1803,10933
"18615","07_report/CpG_context_sampling_33665_615_trimmed_bismark_bt2.CpG",10987,9185,1802,10987
"18616","07_report/CpG_context_sampling_33665_616_trimmed_bismark_bt2.CpG",10882,9029,1853,10882
"18617","07_report/CpG_context_sampling_33665_617_trimmed_bismark_bt2.CpG",10855,9023,1832,10855
"18618","07_report/CpG_context_sampling_33665_618_trimmed_bismark_bt2.CpG",10775,8967,1808,10775
"18619","07_report/CpG_context_sampling_33665_619_trimmed_bismark_bt2.CpG",10896,9054,1842,10896
"18620","07_report/CpG_context_sampling_33665_620_trimmed_bismark_bt2.CpG",10859,9045,1814,10859
"18621","07_report/CpG_context_sampling_33665_621_trimmed_bismark_bt2.CpG",10949,9100,1849,10949
"18622","07_report/CpG_context_sampling_33665_622_trimmed_bismark_bt2.CpG",10860,9026,1834,10860
"18623","07_report/CpG_context_sampling_33665_623_trimmed_bismark_bt2.CpG",10877,9078,1799,10877
"18624","07_report/CpG_context_sampling_33665_624_trimmed_bismark_bt2.CpG",10819,8965,1854,10819
"18625","07_report/CpG_context_sampling_33665_625_trimmed_bismark_bt2.CpG",10861,9038,1823,10861
"18626","07_report/CpG_context_sampling_33665_626_trimmed_bismark_bt2.CpG",10751,8963,1788,10751
"18627","07_report/CpG_context_sampling_33665_627_trimmed_bismark_bt2.CpG",10923,9066,1857,10923
"18628","07_report/CpG_context_sampling_33665_628_trimmed_bismark_bt2.CpG",10971,9147,1824,10971
"18629","07_report/CpG_context_sampling_33665_629_trimmed_bismark_bt2.CpG",10910,9045,1865,10910
"18630","07_report/CpG_context_sampling_33665_630_trimmed_bismark_bt2.CpG",10917,9079,1838,10917
"18631","07_report/CpG_context_sampling_33665_631_trimmed_bismark_bt2.CpG",11003,9062,1941,11003
"18632","07_report/CpG_context_sampling_33665_632_trimmed_bismark_bt2.CpG",10922,9114,1808,10922
"18633","07_report/CpG_context_sampling_33665_633_trimmed_bismark_bt2.CpG",10945,9110,1835,10945
"18634","07_report/CpG_context_sampling_33665_634_trimmed_bismark_bt2.CpG",10868,9058,1810,10868
"18635","07_report/CpG_context_sampling_33665_635_trimmed_bismark_bt2.CpG",10998,9162,1836,10998
"18636","07_report/CpG_context_sampling_33665_636_trimmed_bismark_bt2.CpG",10794,9012,1782,10794
"18637","07_report/CpG_context_sampling_33665_637_trimmed_bismark_bt2.CpG",10944,9105,1839,10944
"18638","07_report/CpG_context_sampling_33665_638_trimmed_bismark_bt2.CpG",10903,9129,1774,10903
"18639","07_report/CpG_context_sampling_33665_639_trimmed_bismark_bt2.CpG",10925,9070,1855,10925
"18640","07_report/CpG_context_sampling_33665_640_trimmed_bismark_bt2.CpG",10873,9071,1802,10873
"18641","07_report/CpG_context_sampling_33665_641_trimmed_bismark_bt2.CpG",10809,8962,1847,10809
"18642","07_report/CpG_context_sampling_33665_642_trimmed_bismark_bt2.CpG",10928,9084,1844,10928
"18643","07_report/CpG_context_sampling_33665_643_trimmed_bismark_bt2.CpG",10902,9092,1810,10902
"18644","07_report/CpG_context_sampling_33665_644_trimmed_bismark_bt2.CpG",10861,9010,1851,10861
"18645","07_report/CpG_context_sampling_33665_645_trimmed_bismark_bt2.CpG",10952,9152,1800,10952
"18646","07_report/CpG_context_sampling_33665_646_trimmed_bismark_bt2.CpG",10936,9083,1853,10936
"18647","07_report/CpG_context_sampling_33665_647_trimmed_bismark_bt2.CpG",10860,8984,1876,10860
"18648","07_report/CpG_context_sampling_33665_648_trimmed_bismark_bt2.CpG",10963,9148,1815,10963
"18649","07_report/CpG_context_sampling_33665_649_trimmed_bismark_bt2.CpG",10800,8977,1823,10800
"18650","07_report/CpG_context_sampling_33665_650_trimmed_bismark_bt2.CpG",10922,9093,1829,10922
"18651","07_report/CpG_context_sampling_33665_651_trimmed_bismark_bt2.CpG",10880,9084,1796,10880
"18652","07_report/CpG_context_sampling_33665_652_trimmed_bismark_bt2.CpG",10951,9072,1879,10951
"18653","07_report/CpG_context_sampling_33665_653_trimmed_bismark_bt2.CpG",10754,8898,1856,10754
"18654","07_report/CpG_context_sampling_33665_654_trimmed_bismark_bt2.CpG",10781,8940,1841,10781
"18655","07_report/CpG_context_sampling_33665_655_trimmed_bismark_bt2.CpG",10756,8927,1829,10756
"18656","07_report/CpG_context_sampling_33665_656_trimmed_bismark_bt2.CpG",10853,9060,1793,10853
"18657","07_report/CpG_context_sampling_33665_657_trimmed_bismark_bt2.CpG",10988,9113,1875,10988
"18658","07_report/CpG_context_sampling_33665_658_trimmed_bismark_bt2.CpG",10921,9020,1901,10921
"18659","07_report/CpG_context_sampling_33665_659_trimmed_bismark_bt2.CpG",10823,8998,1825,10823
"18660","07_report/CpG_context_sampling_33665_660_trimmed_bismark_bt2.CpG",10757,8922,1835,10757
"18661","07_report/CpG_context_sampling_33665_661_trimmed_bismark_bt2.CpG",10932,9091,1841,10932
"18662","07_report/CpG_context_sampling_33665_662_trimmed_bismark_bt2.CpG",10889,9098,1791,10889
"18663","07_report/CpG_context_sampling_33665_663_trimmed_bismark_bt2.CpG",10848,9055,1793,10848
"18664","07_report/CpG_context_sampling_33665_664_trimmed_bismark_bt2.CpG",10933,9090,1843,10933
"18665","07_report/CpG_context_sampling_33665_665_trimmed_bismark_bt2.CpG",10928,9060,1868,10928
"18666","07_report/CpG_context_sampling_33665_666_trimmed_bismark_bt2.CpG",10872,9003,1869,10872
"18667","07_report/CpG_context_sampling_33665_667_trimmed_bismark_bt2.CpG",10896,8993,1903,10896
"18668","07_report/CpG_context_sampling_33665_668_trimmed_bismark_bt2.CpG",11010,9158,1852,11010
"18669","07_report/CpG_context_sampling_33665_669_trimmed_bismark_bt2.CpG",10927,9061,1866,10927
"18670","07_report/CpG_context_sampling_33665_670_trimmed_bismark_bt2.CpG",11019,9148,1871,11019
"18671","07_report/CpG_context_sampling_33665_671_trimmed_bismark_bt2.CpG",10936,9152,1784,10936
"18672","07_report/CpG_context_sampling_33665_672_trimmed_bismark_bt2.CpG",10764,8878,1886,10764
"18673","07_report/CpG_context_sampling_33665_673_trimmed_bismark_bt2.CpG",10869,8938,1931,10869
"18674","07_report/CpG_context_sampling_33665_674_trimmed_bismark_bt2.CpG",11154,9314,1840,11154
"18675","07_report/CpG_context_sampling_33665_675_trimmed_bismark_bt2.CpG",10782,8929,1853,10782
"18676","07_report/CpG_context_sampling_33665_676_trimmed_bismark_bt2.CpG",10966,9165,1801,10966
"18677","07_report/CpG_context_sampling_33665_677_trimmed_bismark_bt2.CpG",10797,9034,1763,10797
"18678","07_report/CpG_context_sampling_33665_678_trimmed_bismark_bt2.CpG",10944,9103,1841,10944
"18679","07_report/CpG_context_sampling_33665_679_trimmed_bismark_bt2.CpG",11030,9135,1895,11030
"18680","07_report/CpG_context_sampling_33665_680_trimmed_bismark_bt2.CpG",10830,9008,1822,10830
"18681","07_report/CpG_context_sampling_33665_681_trimmed_bismark_bt2.CpG",10905,9126,1779,10905
"18682","07_report/CpG_context_sampling_33665_682_trimmed_bismark_bt2.CpG",10936,9192,1744,10936
"18683","07_report/CpG_context_sampling_33665_683_trimmed_bismark_bt2.CpG",10849,9032,1817,10849
"18684","07_report/CpG_context_sampling_33665_684_trimmed_bismark_bt2.CpG",11020,9241,1779,11020
"18685","07_report/CpG_context_sampling_33665_685_trimmed_bismark_bt2.CpG",10933,9082,1851,10933
"18686","07_report/CpG_context_sampling_33665_686_trimmed_bismark_bt2.CpG",11009,9176,1833,11009
"18687","07_report/CpG_context_sampling_33665_687_trimmed_bismark_bt2.CpG",10669,8850,1819,10669
"18688","07_report/CpG_context_sampling_33665_688_trimmed_bismark_bt2.CpG",10755,8974,1781,10755
"18689","07_report/CpG_context_sampling_33665_689_trimmed_bismark_bt2.CpG",10839,9048,1791,10839
"18690","07_report/CpG_context_sampling_33665_690_trimmed_bismark_bt2.CpG",10915,9098,1817,10915
"18691","07_report/CpG_context_sampling_33665_691_trimmed_bismark_bt2.CpG",10972,9161,1811,10972
"18692","07_report/CpG_context_sampling_33665_692_trimmed_bismark_bt2.CpG",10925,9061,1864,10925
"18693","07_report/CpG_context_sampling_33665_693_trimmed_bismark_bt2.CpG",10925,9129,1796,10925
"18694","07_report/CpG_context_sampling_33665_694_trimmed_bismark_bt2.CpG",10885,9043,1842,10885
"18695","07_report/CpG_context_sampling_33665_695_trimmed_bismark_bt2.CpG",10886,9013,1873,10886
"18696","07_report/CpG_context_sampling_33665_696_trimmed_bismark_bt2.CpG",10842,9045,1797,10842
"18697","07_report/CpG_context_sampling_33665_697_trimmed_bismark_bt2.CpG",10854,9021,1833,10854
"18698","07_report/CpG_context_sampling_33665_698_trimmed_bismark_bt2.CpG",10822,8973,1849,10822
"18699","07_report/CpG_context_sampling_33665_699_trimmed_bismark_bt2.CpG",10868,9060,1808,10868
"18700","07_report/CpG_context_sampling_33665_700_trimmed_bismark_bt2.CpG",10773,8986,1787,10773
"18701","07_report/CpG_context_sampling_33665_701_trimmed_bismark_bt2.CpG",10851,9031,1820,10851
"18702","07_report/CpG_context_sampling_33665_702_trimmed_bismark_bt2.CpG",10944,9101,1843,10944
"18703","07_report/CpG_context_sampling_33665_703_trimmed_bismark_bt2.CpG",10995,9125,1870,10995
"18704","07_report/CpG_context_sampling_33665_704_trimmed_bismark_bt2.CpG",10976,9137,1839,10976
"18705","07_report/CpG_context_sampling_33665_705_trimmed_bismark_bt2.CpG",10776,9012,1764,10776
"18706","07_report/CpG_context_sampling_33665_706_trimmed_bismark_bt2.CpG",10934,9124,1810,10934
"18707","07_report/CpG_context_sampling_33665_707_trimmed_bismark_bt2.CpG",10963,9061,1902,10963
"18708","07_report/CpG_context_sampling_33665_708_trimmed_bismark_bt2.CpG",10995,9106,1889,10995
"18709","07_report/CpG_context_sampling_33665_709_trimmed_bismark_bt2.CpG",10681,8808,1873,10681
"18710","07_report/CpG_context_sampling_33665_710_trimmed_bismark_bt2.CpG",10948,9107,1841,10948
"18711","07_report/CpG_context_sampling_33665_711_trimmed_bismark_bt2.CpG",10874,9021,1853,10874
"18712","07_report/CpG_context_sampling_33665_712_trimmed_bismark_bt2.CpG",10864,9040,1824,10864
"18713","07_report/CpG_context_sampling_33665_713_trimmed_bismark_bt2.CpG",10832,8946,1886,10832
"18714","07_report/CpG_context_sampling_33665_714_trimmed_bismark_bt2.CpG",10814,8999,1815,10814
"18715","07_report/CpG_context_sampling_33665_715_trimmed_bismark_bt2.CpG",11026,9078,1948,11026
"18716","07_report/CpG_context_sampling_33665_716_trimmed_bismark_bt2.CpG",10774,8899,1875,10774
"18717","07_report/CpG_context_sampling_33665_717_trimmed_bismark_bt2.CpG",10794,9024,1770,10794
"18718","07_report/CpG_context_sampling_33665_718_trimmed_bismark_bt2.CpG",10940,9137,1803,10940
"18719","07_report/CpG_context_sampling_33665_719_trimmed_bismark_bt2.CpG",10816,9015,1801,10816
"18720","07_report/CpG_context_sampling_33665_720_trimmed_bismark_bt2.CpG",10865,9014,1851,10865
"18721","07_report/CpG_context_sampling_33665_721_trimmed_bismark_bt2.CpG",10666,8874,1792,10666
"18722","07_report/CpG_context_sampling_33665_722_trimmed_bismark_bt2.CpG",10913,9138,1775,10913
"18723","07_report/CpG_context_sampling_33665_723_trimmed_bismark_bt2.CpG",11056,9143,1913,11056
"18724","07_report/CpG_context_sampling_33665_724_trimmed_bismark_bt2.CpG",10976,9139,1837,10976
"18725","07_report/CpG_context_sampling_33665_725_trimmed_bismark_bt2.CpG",10707,8869,1838,10707
"18726","07_report/CpG_context_sampling_33665_726_trimmed_bismark_bt2.CpG",10878,9053,1825,10878
"18727","07_report/CpG_context_sampling_33665_727_trimmed_bismark_bt2.CpG",10964,9100,1864,10964
"18728","07_report/CpG_context_sampling_33665_728_trimmed_bismark_bt2.CpG",10827,9009,1818,10827
"18729","07_report/CpG_context_sampling_33665_729_trimmed_bismark_bt2.CpG",10953,9176,1777,10953
"18730","07_report/CpG_context_sampling_33665_730_trimmed_bismark_bt2.CpG",11094,9278,1816,11094
"18731","07_report/CpG_context_sampling_33665_731_trimmed_bismark_bt2.CpG",10882,9001,1881,10882
"18732","07_report/CpG_context_sampling_33665_732_trimmed_bismark_bt2.CpG",10953,9127,1826,10953
"18733","07_report/CpG_context_sampling_33665_733_trimmed_bismark_bt2.CpG",10720,8918,1802,10720
"18734","07_report/CpG_context_sampling_33665_734_trimmed_bismark_bt2.CpG",10942,9068,1874,10942
"18735","07_report/CpG_context_sampling_33665_735_trimmed_bismark_bt2.CpG",10778,8960,1818,10778
"18736","07_report/CpG_context_sampling_33665_736_trimmed_bismark_bt2.CpG",10937,9053,1884,10937
"18737","07_report/CpG_context_sampling_33665_737_trimmed_bismark_bt2.CpG",10930,9064,1866,10930
"18738","07_report/CpG_context_sampling_33665_738_trimmed_bismark_bt2.CpG",10948,9134,1814,10948
"18739","07_report/CpG_context_sampling_33665_739_trimmed_bismark_bt2.CpG",10994,9162,1832,10994
"18740","07_report/CpG_context_sampling_33665_740_trimmed_bismark_bt2.CpG",10764,8923,1841,10764
"18741","07_report/CpG_context_sampling_33665_741_trimmed_bismark_bt2.CpG",10949,9073,1876,10949
"18742","07_report/CpG_context_sampling_33665_742_trimmed_bismark_bt2.CpG",10995,9169,1826,10995
"18743","07_report/CpG_context_sampling_33665_743_trimmed_bismark_bt2.CpG",10971,9158,1813,10971
"18744","07_report/CpG_context_sampling_33665_744_trimmed_bismark_bt2.CpG",10922,9077,1845,10922
"18745","07_report/CpG_context_sampling_33665_745_trimmed_bismark_bt2.CpG",10838,9020,1818,10838
"18746","07_report/CpG_context_sampling_33665_746_trimmed_bismark_bt2.CpG",10985,9064,1921,10985
"18747","07_report/CpG_context_sampling_33665_747_trimmed_bismark_bt2.CpG",10995,9095,1900,10995
"18748","07_report/CpG_context_sampling_33665_748_trimmed_bismark_bt2.CpG",10858,9051,1807,10858
"18749","07_report/CpG_context_sampling_33665_749_trimmed_bismark_bt2.CpG",10821,9030,1791,10821
"18750","07_report/CpG_context_sampling_33665_750_trimmed_bismark_bt2.CpG",10978,9042,1936,10978
"18751","07_report/CpG_context_sampling_33665_751_trimmed_bismark_bt2.CpG",10779,8963,1816,10779
"18752","07_report/CpG_context_sampling_33665_752_trimmed_bismark_bt2.CpG",10883,8974,1909,10883
"18753","07_report/CpG_context_sampling_33665_753_trimmed_bismark_bt2.CpG",10859,9057,1802,10859
"18754","07_report/CpG_context_sampling_33665_754_trimmed_bismark_bt2.CpG",10864,8981,1883,10864
"18755","07_report/CpG_context_sampling_33665_755_trimmed_bismark_bt2.CpG",10984,9207,1777,10984
"18756","07_report/CpG_context_sampling_33665_756_trimmed_bismark_bt2.CpG",10955,9193,1762,10955
"18757","07_report/CpG_context_sampling_33665_757_trimmed_bismark_bt2.CpG",10952,9161,1791,10952
"18758","07_report/CpG_context_sampling_33665_758_trimmed_bismark_bt2.CpG",10937,9083,1854,10937
"18759","07_report/CpG_context_sampling_33665_759_trimmed_bismark_bt2.CpG",10810,8959,1851,10810
"18760","07_report/CpG_context_sampling_33665_760_trimmed_bismark_bt2.CpG",10762,8982,1780,10762
"18761","07_report/CpG_context_sampling_33665_761_trimmed_bismark_bt2.CpG",10784,8967,1817,10784
"18762","07_report/CpG_context_sampling_33665_762_trimmed_bismark_bt2.CpG",10867,9050,1817,10867
"18763","07_report/CpG_context_sampling_33665_763_trimmed_bismark_bt2.CpG",10811,9035,1776,10811
"18764","07_report/CpG_context_sampling_33665_764_trimmed_bismark_bt2.CpG",10928,9147,1781,10928
"18765","07_report/CpG_context_sampling_33665_765_trimmed_bismark_bt2.CpG",11047,9246,1801,11047
"18766","07_report/CpG_context_sampling_33665_766_trimmed_bismark_bt2.CpG",10861,9049,1812,10861
"18767","07_report/CpG_context_sampling_33665_767_trimmed_bismark_bt2.CpG",10984,9183,1801,10984
"18768","07_report/CpG_context_sampling_33665_768_trimmed_bismark_bt2.CpG",10831,9058,1773,10831
"18769","07_report/CpG_context_sampling_33665_769_trimmed_bismark_bt2.CpG",10911,9039,1872,10911
"18770","07_report/CpG_context_sampling_33665_770_trimmed_bismark_bt2.CpG",10958,9117,1841,10958
"18771","07_report/CpG_context_sampling_33665_771_trimmed_bismark_bt2.CpG",10847,9069,1778,10847
"18772","07_report/CpG_context_sampling_33665_772_trimmed_bismark_bt2.CpG",10839,9003,1836,10839
"18773","07_report/CpG_context_sampling_33665_773_trimmed_bismark_bt2.CpG",10934,9036,1898,10934
"18774","07_report/CpG_context_sampling_33665_774_trimmed_bismark_bt2.CpG",11000,9193,1807,11000
"18775","07_report/CpG_context_sampling_33665_775_trimmed_bismark_bt2.CpG",10924,9036,1888,10924
"18776","07_report/CpG_context_sampling_33665_776_trimmed_bismark_bt2.CpG",10811,8957,1854,10811
"18777","07_report/CpG_context_sampling_33665_777_trimmed_bismark_bt2.CpG",10893,9079,1814,10893
"18778","07_report/CpG_context_sampling_33665_778_trimmed_bismark_bt2.CpG",10964,9182,1782,10964
"18779","07_report/CpG_context_sampling_33665_779_trimmed_bismark_bt2.CpG",10981,9037,1944,10981
"18780","07_report/CpG_context_sampling_33665_780_trimmed_bismark_bt2.CpG",10826,9082,1744,10826
"18781","07_report/CpG_context_sampling_33665_781_trimmed_bismark_bt2.CpG",10896,9072,1824,10896
"18782","07_report/CpG_context_sampling_33665_782_trimmed_bismark_bt2.CpG",10926,9048,1878,10926
"18783","07_report/CpG_context_sampling_33665_783_trimmed_bismark_bt2.CpG",10932,9125,1807,10932
"18784","07_report/CpG_context_sampling_33665_784_trimmed_bismark_bt2.CpG",10912,9059,1853,10912
"18785","07_report/CpG_context_sampling_33665_785_trimmed_bismark_bt2.CpG",10980,9225,1755,10980
"18786","07_report/CpG_context_sampling_33665_786_trimmed_bismark_bt2.CpG",10911,9020,1891,10911
"18787","07_report/CpG_context_sampling_33665_787_trimmed_bismark_bt2.CpG",10847,9033,1814,10847
"18788","07_report/CpG_context_sampling_33665_788_trimmed_bismark_bt2.CpG",10958,9102,1856,10958
"18789","07_report/CpG_context_sampling_33665_789_trimmed_bismark_bt2.CpG",10976,9129,1847,10976
"18790","07_report/CpG_context_sampling_33665_790_trimmed_bismark_bt2.CpG",11092,9173,1919,11092
"18791","07_report/CpG_context_sampling_33665_791_trimmed_bismark_bt2.CpG",10859,9082,1777,10859
"18792","07_report/CpG_context_sampling_33665_792_trimmed_bismark_bt2.CpG",10880,9073,1807,10880
"18793","07_report/CpG_context_sampling_33665_793_trimmed_bismark_bt2.CpG",10908,9082,1826,10908
"18794","07_report/CpG_context_sampling_33665_794_trimmed_bismark_bt2.CpG",10893,9131,1762,10893
"18795","07_report/CpG_context_sampling_33665_795_trimmed_bismark_bt2.CpG",10956,9113,1843,10956
"18796","07_report/CpG_context_sampling_33665_796_trimmed_bismark_bt2.CpG",10878,9027,1851,10878
"18797","07_report/CpG_context_sampling_33665_797_trimmed_bismark_bt2.CpG",10821,8954,1867,10821
"18798","07_report/CpG_context_sampling_33665_798_trimmed_bismark_bt2.CpG",10943,9071,1872,10943
"18799","07_report/CpG_context_sampling_33665_799_trimmed_bismark_bt2.CpG",10858,9014,1844,10858
"18800","07_report/CpG_context_sampling_33665_800_trimmed_bismark_bt2.CpG",10872,9063,1809,10872
"18801","07_report/CpG_context_sampling_33665_801_trimmed_bismark_bt2.CpG",10900,9077,1823,10900
"18802","07_report/CpG_context_sampling_33665_802_trimmed_bismark_bt2.CpG",10909,9033,1876,10909
"18803","07_report/CpG_context_sampling_33665_803_trimmed_bismark_bt2.CpG",10905,9099,1806,10905
"18804","07_report/CpG_context_sampling_33665_804_trimmed_bismark_bt2.CpG",10914,9068,1846,10914
"18805","07_report/CpG_context_sampling_33665_805_trimmed_bismark_bt2.CpG",10923,9098,1825,10923
"18806","07_report/CpG_context_sampling_33665_806_trimmed_bismark_bt2.CpG",10841,8994,1847,10841
"18807","07_report/CpG_context_sampling_33665_807_trimmed_bismark_bt2.CpG",10778,9042,1736,10778
"18808","07_report/CpG_context_sampling_33665_808_trimmed_bismark_bt2.CpG",10859,8971,1888,10859
"18809","07_report/CpG_context_sampling_33665_809_trimmed_bismark_bt2.CpG",10922,9148,1774,10922
"18810","07_report/CpG_context_sampling_33665_810_trimmed_bismark_bt2.CpG",10744,8925,1819,10744
"18811","07_report/CpG_context_sampling_33665_811_trimmed_bismark_bt2.CpG",10925,9114,1811,10925
"18812","07_report/CpG_context_sampling_33665_812_trimmed_bismark_bt2.CpG",10817,8991,1826,10817
"18813","07_report/CpG_context_sampling_33665_813_trimmed_bismark_bt2.CpG",11010,9115,1895,11010
"18814","07_report/CpG_context_sampling_33665_814_trimmed_bismark_bt2.CpG",10795,8986,1809,10795
"18815","07_report/CpG_context_sampling_33665_815_trimmed_bismark_bt2.CpG",10845,9013,1832,10845
"18816","07_report/CpG_context_sampling_33665_816_trimmed_bismark_bt2.CpG",10974,9101,1873,10974
"18817","07_report/CpG_context_sampling_33665_817_trimmed_bismark_bt2.CpG",10776,8967,1809,10776
"18818","07_report/CpG_context_sampling_33665_818_trimmed_bismark_bt2.CpG",10761,8959,1802,10761
"18819","07_report/CpG_context_sampling_33665_819_trimmed_bismark_bt2.CpG",10987,9080,1907,10987
"18820","07_report/CpG_context_sampling_33665_820_trimmed_bismark_bt2.CpG",10962,9178,1784,10962
"18821","07_report/CpG_context_sampling_33665_821_trimmed_bismark_bt2.CpG",10850,9029,1821,10850
"18822","07_report/CpG_context_sampling_33665_822_trimmed_bismark_bt2.CpG",10884,9025,1859,10884
"18823","07_report/CpG_context_sampling_33665_823_trimmed_bismark_bt2.CpG",10962,9152,1810,10962
"18824","07_report/CpG_context_sampling_33665_824_trimmed_bismark_bt2.CpG",10920,9061,1859,10920
"18825","07_report/CpG_context_sampling_33665_825_trimmed_bismark_bt2.CpG",10849,9003,1846,10849
"18826","07_report/CpG_context_sampling_33665_826_trimmed_bismark_bt2.CpG",10990,9091,1899,10990
"18827","07_report/CpG_context_sampling_33665_827_trimmed_bismark_bt2.CpG",10845,8989,1856,10845
"18828","07_report/CpG_context_sampling_33665_828_trimmed_bismark_bt2.CpG",10975,9053,1922,10975
"18829","07_report/CpG_context_sampling_33665_829_trimmed_bismark_bt2.CpG",10828,8961,1867,10828
"18830","07_report/CpG_context_sampling_33665_830_trimmed_bismark_bt2.CpG",10926,9111,1815,10926
"18831","07_report/CpG_context_sampling_33665_831_trimmed_bismark_bt2.CpG",10818,8966,1852,10818
"18832","07_report/CpG_context_sampling_33665_832_trimmed_bismark_bt2.CpG",11001,9130,1871,11001
"18833","07_report/CpG_context_sampling_33665_833_trimmed_bismark_bt2.CpG",10934,9055,1879,10934
"18834","07_report/CpG_context_sampling_33665_834_trimmed_bismark_bt2.CpG",10824,8969,1855,10824
"18835","07_report/CpG_context_sampling_33665_835_trimmed_bismark_bt2.CpG",10840,9070,1770,10840
"18836","07_report/CpG_context_sampling_33665_836_trimmed_bismark_bt2.CpG",10841,8951,1890,10841
"18837","07_report/CpG_context_sampling_33665_837_trimmed_bismark_bt2.CpG",10789,8911,1878,10789
"18838","07_report/CpG_context_sampling_33665_838_trimmed_bismark_bt2.CpG",10778,8950,1828,10778
"18839","07_report/CpG_context_sampling_33665_839_trimmed_bismark_bt2.CpG",10822,9029,1793,10822
"18840","07_report/CpG_context_sampling_33665_840_trimmed_bismark_bt2.CpG",10785,8965,1820,10785
"18841","07_report/CpG_context_sampling_33665_841_trimmed_bismark_bt2.CpG",10893,9021,1872,10893
"18842","07_report/CpG_context_sampling_33665_842_trimmed_bismark_bt2.CpG",10863,9099,1764,10863
"18843","07_report/CpG_context_sampling_33665_843_trimmed_bismark_bt2.CpG",10934,9080,1854,10934
"18844","07_report/CpG_context_sampling_33665_844_trimmed_bismark_bt2.CpG",10932,9025,1907,10932
"18845","07_report/CpG_context_sampling_33665_845_trimmed_bismark_bt2.CpG",11141,9244,1897,11141
"18846","07_report/CpG_context_sampling_33665_846_trimmed_bismark_bt2.CpG",10775,8954,1821,10775
"18847","07_report/CpG_context_sampling_33665_847_trimmed_bismark_bt2.CpG",10806,8945,1861,10806
"18848","07_report/CpG_context_sampling_33665_848_trimmed_bismark_bt2.CpG",10947,9059,1888,10947
"18849","07_report/CpG_context_sampling_33665_849_trimmed_bismark_bt2.CpG",10846,9037,1809,10846
"18850","07_report/CpG_context_sampling_33665_850_trimmed_bismark_bt2.CpG",10798,8923,1875,10798
"18851","07_report/CpG_context_sampling_33665_851_trimmed_bismark_bt2.CpG",10758,8984,1774,10758
"18852","07_report/CpG_context_sampling_33665_852_trimmed_bismark_bt2.CpG",10986,9179,1807,10986
"18853","07_report/CpG_context_sampling_33665_853_trimmed_bismark_bt2.CpG",10896,9078,1818,10896
"18854","07_report/CpG_context_sampling_33665_854_trimmed_bismark_bt2.CpG",10981,9173,1808,10981
"18855","07_report/CpG_context_sampling_33665_855_trimmed_bismark_bt2.CpG",10879,9065,1814,10879
"18856","07_report/CpG_context_sampling_33665_856_trimmed_bismark_bt2.CpG",11124,9195,1929,11124
"18857","07_report/CpG_context_sampling_33665_857_trimmed_bismark_bt2.CpG",10979,9076,1903,10979
"18858","07_report/CpG_context_sampling_33665_858_trimmed_bismark_bt2.CpG",10829,9014,1815,10829
"18859","07_report/CpG_context_sampling_33665_859_trimmed_bismark_bt2.CpG",10987,9127,1860,10987
"18860","07_report/CpG_context_sampling_33665_860_trimmed_bismark_bt2.CpG",10757,8961,1796,10757
"18861","07_report/CpG_context_sampling_33665_861_trimmed_bismark_bt2.CpG",10954,9197,1757,10954
"18862","07_report/CpG_context_sampling_33665_862_trimmed_bismark_bt2.CpG",10981,9144,1837,10981
"18863","07_report/CpG_context_sampling_33665_863_trimmed_bismark_bt2.CpG",10930,9039,1891,10930
"18864","07_report/CpG_context_sampling_33665_864_trimmed_bismark_bt2.CpG",10946,9131,1815,10946
"18865","07_report/CpG_context_sampling_33665_865_trimmed_bismark_bt2.CpG",10934,9096,1838,10934
"18866","07_report/CpG_context_sampling_33665_866_trimmed_bismark_bt2.CpG",10864,9060,1804,10864
"18867","07_report/CpG_context_sampling_33665_867_trimmed_bismark_bt2.CpG",10847,9041,1806,10847
"18868","07_report/CpG_context_sampling_33665_868_trimmed_bismark_bt2.CpG",10864,9080,1784,10864
"18869","07_report/CpG_context_sampling_33665_869_trimmed_bismark_bt2.CpG",10733,8956,1777,10733
"18870","07_report/CpG_context_sampling_33665_870_trimmed_bismark_bt2.CpG",10844,9036,1808,10844
"18871","07_report/CpG_context_sampling_33665_871_trimmed_bismark_bt2.CpG",10913,8963,1950,10913
"18872","07_report/CpG_context_sampling_33665_872_trimmed_bismark_bt2.CpG",10901,9057,1844,10901
"18873","07_report/CpG_context_sampling_33665_873_trimmed_bismark_bt2.CpG",10840,8989,1851,10840
"18874","07_report/CpG_context_sampling_33665_874_trimmed_bismark_bt2.CpG",10891,9013,1878,10891
"18875","07_report/CpG_context_sampling_33665_875_trimmed_bismark_bt2.CpG",10681,8917,1764,10681
"18876","07_report/CpG_context_sampling_33665_876_trimmed_bismark_bt2.CpG",10835,8972,1863,10835
"18877","07_report/CpG_context_sampling_33665_877_trimmed_bismark_bt2.CpG",10987,9118,1869,10987
"18878","07_report/CpG_context_sampling_33665_878_trimmed_bismark_bt2.CpG",10957,9136,1821,10957
"18879","07_report/CpG_context_sampling_33665_879_trimmed_bismark_bt2.CpG",10809,8930,1879,10809
"18880","07_report/CpG_context_sampling_33665_880_trimmed_bismark_bt2.CpG",10859,9020,1839,10859
"18881","07_report/CpG_context_sampling_33665_881_trimmed_bismark_bt2.CpG",10751,8886,1865,10751
"18882","07_report/CpG_context_sampling_33665_882_trimmed_bismark_bt2.CpG",10773,9041,1732,10773
"18883","07_report/CpG_context_sampling_33665_883_trimmed_bismark_bt2.CpG",10805,9017,1788,10805
"18884","07_report/CpG_context_sampling_33665_884_trimmed_bismark_bt2.CpG",11042,9226,1816,11042
"18885","07_report/CpG_context_sampling_33665_885_trimmed_bismark_bt2.CpG",10816,8950,1866,10816
"18886","07_report/CpG_context_sampling_33665_886_trimmed_bismark_bt2.CpG",10899,9073,1826,10899
"18887","07_report/CpG_context_sampling_33665_887_trimmed_bismark_bt2.CpG",10794,8951,1843,10794
"18888","07_report/CpG_context_sampling_33665_888_trimmed_bismark_bt2.CpG",10923,9081,1842,10923
"18889","07_report/CpG_context_sampling_33665_889_trimmed_bismark_bt2.CpG",10837,9045,1792,10837
"18890","07_report/CpG_context_sampling_33665_890_trimmed_bismark_bt2.CpG",10837,9050,1787,10837
"18891","07_report/CpG_context_sampling_33665_891_trimmed_bismark_bt2.CpG",10782,8971,1811,10782
"18892","07_report/CpG_context_sampling_33665_892_trimmed_bismark_bt2.CpG",10836,8934,1902,10836
"18893","07_report/CpG_context_sampling_33665_893_trimmed_bismark_bt2.CpG",10919,9090,1829,10919
"18894","07_report/CpG_context_sampling_33665_894_trimmed_bismark_bt2.CpG",10845,8969,1876,10845
"18895","07_report/CpG_context_sampling_33665_895_trimmed_bismark_bt2.CpG",10986,9117,1869,10986
"18896","07_report/CpG_context_sampling_33665_896_trimmed_bismark_bt2.CpG",10766,8943,1823,10766
"18897","07_report/CpG_context_sampling_33665_897_trimmed_bismark_bt2.CpG",10842,9044,1798,10842
"18898","07_report/CpG_context_sampling_33665_898_trimmed_bismark_bt2.CpG",10872,9068,1804,10872
"18899","07_report/CpG_context_sampling_33665_899_trimmed_bismark_bt2.CpG",10806,8954,1852,10806
"18900","07_report/CpG_context_sampling_33665_900_trimmed_bismark_bt2.CpG",10895,9082,1813,10895
"18901","07_report/CpG_context_sampling_33665_901_trimmed_bismark_bt2.CpG",10905,9066,1839,10905
"18902","07_report/CpG_context_sampling_33665_902_trimmed_bismark_bt2.CpG",10946,9097,1849,10946
"18903","07_report/CpG_context_sampling_33665_903_trimmed_bismark_bt2.CpG",10924,9179,1745,10924
"18904","07_report/CpG_context_sampling_33665_904_trimmed_bismark_bt2.CpG",10975,9069,1906,10975
"18905","07_report/CpG_context_sampling_33665_905_trimmed_bismark_bt2.CpG",10801,8962,1839,10801
"18906","07_report/CpG_context_sampling_33665_906_trimmed_bismark_bt2.CpG",10831,8952,1879,10831
"18907","07_report/CpG_context_sampling_33665_907_trimmed_bismark_bt2.CpG",10987,9144,1843,10987
"18908","07_report/CpG_context_sampling_33665_908_trimmed_bismark_bt2.CpG",10914,9064,1850,10914
"18909","07_report/CpG_context_sampling_33665_909_trimmed_bismark_bt2.CpG",10877,9046,1831,10877
"18910","07_report/CpG_context_sampling_33665_910_trimmed_bismark_bt2.CpG",10965,9139,1826,10965
"18911","07_report/CpG_context_sampling_33665_911_trimmed_bismark_bt2.CpG",10973,9189,1784,10973
"18912","07_report/CpG_context_sampling_33665_912_trimmed_bismark_bt2.CpG",10959,9126,1833,10959
"18913","07_report/CpG_context_sampling_33665_913_trimmed_bismark_bt2.CpG",10816,9000,1816,10816
"18914","07_report/CpG_context_sampling_33665_914_trimmed_bismark_bt2.CpG",10930,9113,1817,10930
"18915","07_report/CpG_context_sampling_33665_915_trimmed_bismark_bt2.CpG",10728,8907,1821,10728
"18916","07_report/CpG_context_sampling_33665_916_trimmed_bismark_bt2.CpG",10981,9136,1845,10981
"18917","07_report/CpG_context_sampling_33665_917_trimmed_bismark_bt2.CpG",10826,8970,1856,10826
"18918","07_report/CpG_context_sampling_33665_918_trimmed_bismark_bt2.CpG",10832,8971,1861,10832
"18919","07_report/CpG_context_sampling_33665_919_trimmed_bismark_bt2.CpG",10986,9135,1851,10986
"18920","07_report/CpG_context_sampling_33665_920_trimmed_bismark_bt2.CpG",10896,9036,1860,10896
"18921","07_report/CpG_context_sampling_33665_921_trimmed_bismark_bt2.CpG",10877,9097,1780,10877
"18922","07_report/CpG_context_sampling_33665_922_trimmed_bismark_bt2.CpG",10885,9081,1804,10885
"18923","07_report/CpG_context_sampling_33665_923_trimmed_bismark_bt2.CpG",10916,9049,1867,10916
"18924","07_report/CpG_context_sampling_33665_924_trimmed_bismark_bt2.CpG",10968,9092,1876,10968
"18925","07_report/CpG_context_sampling_33665_925_trimmed_bismark_bt2.CpG",10847,9037,1810,10847
"18926","07_report/CpG_context_sampling_33665_926_trimmed_bismark_bt2.CpG",10910,9124,1786,10910
"18927","07_report/CpG_context_sampling_33665_927_trimmed_bismark_bt2.CpG",10794,9038,1756,10794
"18928","07_report/CpG_context_sampling_33665_928_trimmed_bismark_bt2.CpG",11018,9177,1841,11018
"18929","07_report/CpG_context_sampling_33665_929_trimmed_bismark_bt2.CpG",10814,9008,1806,10814
"18930","07_report/CpG_context_sampling_33665_930_trimmed_bismark_bt2.CpG",10932,9041,1891,10932
"18931","07_report/CpG_context_sampling_33665_931_trimmed_bismark_bt2.CpG",10990,9107,1883,10990
"18932","07_report/CpG_context_sampling_33665_932_trimmed_bismark_bt2.CpG",10840,8968,1872,10840
"18933","07_report/CpG_context_sampling_33665_933_trimmed_bismark_bt2.CpG",10966,9129,1837,10966
"18934","07_report/CpG_context_sampling_33665_934_trimmed_bismark_bt2.CpG",10965,9069,1896,10965
"18935","07_report/CpG_context_sampling_33665_935_trimmed_bismark_bt2.CpG",10956,9154,1802,10956
"18936","07_report/CpG_context_sampling_33665_936_trimmed_bismark_bt2.CpG",10996,9153,1843,10996
"18937","07_report/CpG_context_sampling_33665_937_trimmed_bismark_bt2.CpG",10993,9142,1851,10993
"18938","07_report/CpG_context_sampling_33665_938_trimmed_bismark_bt2.CpG",10914,9087,1827,10914
"18939","07_report/CpG_context_sampling_33665_939_trimmed_bismark_bt2.CpG",11002,9104,1898,11002
"18940","07_report/CpG_context_sampling_33665_940_trimmed_bismark_bt2.CpG",10973,9066,1907,10973
"18941","07_report/CpG_context_sampling_33665_941_trimmed_bismark_bt2.CpG",10901,9086,1815,10901
"18942","07_report/CpG_context_sampling_33665_942_trimmed_bismark_bt2.CpG",10876,9039,1837,10876
"18943","07_report/CpG_context_sampling_33665_943_trimmed_bismark_bt2.CpG",10944,9215,1729,10944
"18944","07_report/CpG_context_sampling_33665_944_trimmed_bismark_bt2.CpG",10923,9116,1807,10923
"18945","07_report/CpG_context_sampling_33665_945_trimmed_bismark_bt2.CpG",10834,9101,1733,10834
"18946","07_report/CpG_context_sampling_33665_946_trimmed_bismark_bt2.CpG",10820,9049,1771,10820
"18947","07_report/CpG_context_sampling_33665_947_trimmed_bismark_bt2.CpG",10910,9054,1856,10910
"18948","07_report/CpG_context_sampling_33665_948_trimmed_bismark_bt2.CpG",10796,9033,1763,10796
"18949","07_report/CpG_context_sampling_33665_949_trimmed_bismark_bt2.CpG",10872,8998,1874,10872
"18950","07_report/CpG_context_sampling_33665_950_trimmed_bismark_bt2.CpG",10871,9049,1822,10871
"18951","07_report/CpG_context_sampling_33665_951_trimmed_bismark_bt2.CpG",10798,9044,1754,10798
"18952","07_report/CpG_context_sampling_33665_952_trimmed_bismark_bt2.CpG",10930,9118,1812,10930
"18953","07_report/CpG_context_sampling_33665_953_trimmed_bismark_bt2.CpG",10844,8967,1877,10844
"18954","07_report/CpG_context_sampling_33665_954_trimmed_bismark_bt2.CpG",10942,9050,1892,10942
"18955","07_report/CpG_context_sampling_33665_955_trimmed_bismark_bt2.CpG",10821,8988,1833,10821
"18956","07_report/CpG_context_sampling_33665_956_trimmed_bismark_bt2.CpG",10935,9098,1837,10935
"18957","07_report/CpG_context_sampling_33665_957_trimmed_bismark_bt2.CpG",10677,8904,1773,10677
"18958","07_report/CpG_context_sampling_33665_958_trimmed_bismark_bt2.CpG",10899,9008,1891,10899
"18959","07_report/CpG_context_sampling_33665_959_trimmed_bismark_bt2.CpG",10925,9130,1795,10925
"18960","07_report/CpG_context_sampling_33665_960_trimmed_bismark_bt2.CpG",10914,9123,1791,10914
"18961","07_report/CpG_context_sampling_33665_961_trimmed_bismark_bt2.CpG",10955,9136,1819,10955
"18962","07_report/CpG_context_sampling_33665_962_trimmed_bismark_bt2.CpG",10863,9081,1782,10863
"18963","07_report/CpG_context_sampling_33665_963_trimmed_bismark_bt2.CpG",10852,9012,1840,10852
"18964","07_report/CpG_context_sampling_33665_964_trimmed_bismark_bt2.CpG",10952,9119,1833,10952
"18965","07_report/CpG_context_sampling_33665_965_trimmed_bismark_bt2.CpG",10945,9115,1830,10945
"18966","07_report/CpG_context_sampling_33665_966_trimmed_bismark_bt2.CpG",10749,8930,1819,10749
"18967","07_report/CpG_context_sampling_33665_967_trimmed_bismark_bt2.CpG",10896,9105,1791,10896
"18968","07_report/CpG_context_sampling_33665_968_trimmed_bismark_bt2.CpG",10963,9089,1874,10963
"18969","07_report/CpG_context_sampling_33665_969_trimmed_bismark_bt2.CpG",11006,9130,1876,11006
"18970","07_report/CpG_context_sampling_33665_970_trimmed_bismark_bt2.CpG",10939,9089,1850,10939
"18971","07_report/CpG_context_sampling_33665_971_trimmed_bismark_bt2.CpG",10929,9066,1863,10929
"18972","07_report/CpG_context_sampling_33665_972_trimmed_bismark_bt2.CpG",10825,8950,1875,10825
"18973","07_report/CpG_context_sampling_33665_973_trimmed_bismark_bt2.CpG",10903,9064,1839,10903
"18974","07_report/CpG_context_sampling_33665_974_trimmed_bismark_bt2.CpG",10980,9199,1781,10980
"18975","07_report/CpG_context_sampling_33665_975_trimmed_bismark_bt2.CpG",10939,9135,1804,10939
"18976","07_report/CpG_context_sampling_33665_976_trimmed_bismark_bt2.CpG",10659,8790,1869,10659
"18977","07_report/CpG_context_sampling_33665_977_trimmed_bismark_bt2.CpG",10797,9015,1782,10797
"18978","07_report/CpG_context_sampling_33665_978_trimmed_bismark_bt2.CpG",10796,9024,1772,10796
"18979","07_report/CpG_context_sampling_33665_979_trimmed_bismark_bt2.CpG",10669,8885,1784,10669
"18980","07_report/CpG_context_sampling_33665_980_trimmed_bismark_bt2.CpG",11073,9231,1842,11073
"18981","07_report/CpG_context_sampling_33665_981_trimmed_bismark_bt2.CpG",10915,9082,1833,10915
"18982","07_report/CpG_context_sampling_33665_982_trimmed_bismark_bt2.CpG",11002,9222,1780,11002
"18983","07_report/CpG_context_sampling_33665_983_trimmed_bismark_bt2.CpG",10920,9135,1785,10920
"18984","07_report/CpG_context_sampling_33665_984_trimmed_bismark_bt2.CpG",10869,9027,1842,10869
"18985","07_report/CpG_context_sampling_33665_985_trimmed_bismark_bt2.CpG",10891,9096,1795,10891
"18986","07_report/CpG_context_sampling_33665_986_trimmed_bismark_bt2.CpG",10870,8974,1896,10870
"18987","07_report/CpG_context_sampling_33665_987_trimmed_bismark_bt2.CpG",10828,8992,1836,10828
"18988","07_report/CpG_context_sampling_33665_988_trimmed_bismark_bt2.CpG",10730,8949,1781,10730
"18989","07_report/CpG_context_sampling_33665_989_trimmed_bismark_bt2.CpG",10825,8986,1839,10825
"18990","07_report/CpG_context_sampling_33665_990_trimmed_bismark_bt2.CpG",10878,9085,1793,10878
"18991","07_report/CpG_context_sampling_33665_991_trimmed_bismark_bt2.CpG",10948,9180,1768,10948
"18992","07_report/CpG_context_sampling_33665_992_trimmed_bismark_bt2.CpG",10699,8884,1815,10699
"18993","07_report/CpG_context_sampling_33665_993_trimmed_bismark_bt2.CpG",10760,8940,1820,10760
"18994","07_report/CpG_context_sampling_33665_994_trimmed_bismark_bt2.CpG",10923,9118,1805,10923
"18995","07_report/CpG_context_sampling_33665_995_trimmed_bismark_bt2.CpG",10863,9031,1832,10863
"18996","07_report/CpG_context_sampling_33665_996_trimmed_bismark_bt2.CpG",10801,8964,1837,10801
"18997","07_report/CpG_context_sampling_33665_997_trimmed_bismark_bt2.CpG",10935,9176,1759,10935
"18998","07_report/CpG_context_sampling_33665_998_trimmed_bismark_bt2.CpG",10722,8908,1814,10722
"18999","07_report/CpG_context_sampling_33665_999_trimmed_bismark_bt2.CpG",10884,9037,1847,10884
"19000","07_report/CpG_context_sampling_33665_1000_trimmed_bismark_bt2.CpG",10967,9152,1815,10967
"19001","07_report/CpG_context_sampling_37032_1_trimmed_bismark_bt2.CpG",12088,10036,2052,12088
"19002","07_report/CpG_context_sampling_37032_2_trimmed_bismark_bt2.CpG",11968,9919,2049,11968
"19003","07_report/CpG_context_sampling_37032_3_trimmed_bismark_bt2.CpG",11890,9822,2068,11890
"19004","07_report/CpG_context_sampling_37032_4_trimmed_bismark_bt2.CpG",12060,10023,2037,12060
"19005","07_report/CpG_context_sampling_37032_5_trimmed_bismark_bt2.CpG",12039,9996,2043,12039
"19006","07_report/CpG_context_sampling_37032_6_trimmed_bismark_bt2.CpG",11835,9835,2000,11835
"19007","07_report/CpG_context_sampling_37032_7_trimmed_bismark_bt2.CpG",11970,9988,1982,11970
"19008","07_report/CpG_context_sampling_37032_8_trimmed_bismark_bt2.CpG",11869,9888,1981,11869
"19009","07_report/CpG_context_sampling_37032_9_trimmed_bismark_bt2.CpG",12039,10016,2023,12039
"19010","07_report/CpG_context_sampling_37032_10_trimmed_bismark_bt2.CpG",11874,9890,1984,11874
"19011","07_report/CpG_context_sampling_37032_11_trimmed_bismark_bt2.CpG",12172,10202,1970,12172
"19012","07_report/CpG_context_sampling_37032_12_trimmed_bismark_bt2.CpG",11857,9839,2018,11857
"19013","07_report/CpG_context_sampling_37032_13_trimmed_bismark_bt2.CpG",11915,9978,1937,11915
"19014","07_report/CpG_context_sampling_37032_14_trimmed_bismark_bt2.CpG",12127,10109,2018,12127
"19015","07_report/CpG_context_sampling_37032_15_trimmed_bismark_bt2.CpG",12027,9917,2110,12027
"19016","07_report/CpG_context_sampling_37032_16_trimmed_bismark_bt2.CpG",11920,9948,1972,11920
"19017","07_report/CpG_context_sampling_37032_17_trimmed_bismark_bt2.CpG",11957,9959,1998,11957
"19018","07_report/CpG_context_sampling_37032_18_trimmed_bismark_bt2.CpG",11861,9860,2001,11861
"19019","07_report/CpG_context_sampling_37032_19_trimmed_bismark_bt2.CpG",11961,9948,2013,11961
"19020","07_report/CpG_context_sampling_37032_20_trimmed_bismark_bt2.CpG",11965,9958,2007,11965
"19021","07_report/CpG_context_sampling_37032_21_trimmed_bismark_bt2.CpG",11856,9915,1941,11856
"19022","07_report/CpG_context_sampling_37032_22_trimmed_bismark_bt2.CpG",12139,10142,1997,12139
"19023","07_report/CpG_context_sampling_37032_23_trimmed_bismark_bt2.CpG",12127,10104,2023,12127
"19024","07_report/CpG_context_sampling_37032_24_trimmed_bismark_bt2.CpG",11916,9852,2064,11916
"19025","07_report/CpG_context_sampling_37032_25_trimmed_bismark_bt2.CpG",12008,9952,2056,12008
"19026","07_report/CpG_context_sampling_37032_26_trimmed_bismark_bt2.CpG",11973,9934,2039,11973
"19027","07_report/CpG_context_sampling_37032_27_trimmed_bismark_bt2.CpG",11875,9956,1919,11875
"19028","07_report/CpG_context_sampling_37032_28_trimmed_bismark_bt2.CpG",11922,9916,2006,11922
"19029","07_report/CpG_context_sampling_37032_29_trimmed_bismark_bt2.CpG",11968,9966,2002,11968
"19030","07_report/CpG_context_sampling_37032_30_trimmed_bismark_bt2.CpG",11874,9856,2018,11874
"19031","07_report/CpG_context_sampling_37032_31_trimmed_bismark_bt2.CpG",12118,10122,1996,12118
"19032","07_report/CpG_context_sampling_37032_32_trimmed_bismark_bt2.CpG",11846,9882,1964,11846
"19033","07_report/CpG_context_sampling_37032_33_trimmed_bismark_bt2.CpG",11977,10012,1965,11977
"19034","07_report/CpG_context_sampling_37032_34_trimmed_bismark_bt2.CpG",11884,9861,2023,11884
"19035","07_report/CpG_context_sampling_37032_35_trimmed_bismark_bt2.CpG",12034,9937,2097,12034
"19036","07_report/CpG_context_sampling_37032_36_trimmed_bismark_bt2.CpG",11902,9873,2029,11902
"19037","07_report/CpG_context_sampling_37032_37_trimmed_bismark_bt2.CpG",11793,9766,2027,11793
"19038","07_report/CpG_context_sampling_37032_38_trimmed_bismark_bt2.CpG",12050,10000,2050,12050
"19039","07_report/CpG_context_sampling_37032_39_trimmed_bismark_bt2.CpG",12101,10048,2053,12101
"19040","07_report/CpG_context_sampling_37032_40_trimmed_bismark_bt2.CpG",11884,9839,2045,11884
"19041","07_report/CpG_context_sampling_37032_41_trimmed_bismark_bt2.CpG",11875,9903,1972,11875
"19042","07_report/CpG_context_sampling_37032_42_trimmed_bismark_bt2.CpG",11906,9820,2086,11906
"19043","07_report/CpG_context_sampling_37032_43_trimmed_bismark_bt2.CpG",12061,10050,2011,12061
"19044","07_report/CpG_context_sampling_37032_44_trimmed_bismark_bt2.CpG",11912,9883,2029,11912
"19045","07_report/CpG_context_sampling_37032_45_trimmed_bismark_bt2.CpG",11894,9890,2004,11894
"19046","07_report/CpG_context_sampling_37032_46_trimmed_bismark_bt2.CpG",11908,9847,2061,11908
"19047","07_report/CpG_context_sampling_37032_47_trimmed_bismark_bt2.CpG",12093,10063,2030,12093
"19048","07_report/CpG_context_sampling_37032_48_trimmed_bismark_bt2.CpG",11955,9927,2028,11955
"19049","07_report/CpG_context_sampling_37032_49_trimmed_bismark_bt2.CpG",11926,9889,2037,11926
"19050","07_report/CpG_context_sampling_37032_50_trimmed_bismark_bt2.CpG",11937,9987,1950,11937
"19051","07_report/CpG_context_sampling_37032_51_trimmed_bismark_bt2.CpG",11850,9803,2047,11850
"19052","07_report/CpG_context_sampling_37032_52_trimmed_bismark_bt2.CpG",12045,9963,2082,12045
"19053","07_report/CpG_context_sampling_37032_53_trimmed_bismark_bt2.CpG",11986,9952,2034,11986
"19054","07_report/CpG_context_sampling_37032_54_trimmed_bismark_bt2.CpG",12027,9980,2047,12027
"19055","07_report/CpG_context_sampling_37032_55_trimmed_bismark_bt2.CpG",11852,9778,2074,11852
"19056","07_report/CpG_context_sampling_37032_56_trimmed_bismark_bt2.CpG",11964,9870,2094,11964
"19057","07_report/CpG_context_sampling_37032_57_trimmed_bismark_bt2.CpG",12022,9985,2037,12022
"19058","07_report/CpG_context_sampling_37032_58_trimmed_bismark_bt2.CpG",12018,9991,2027,12018
"19059","07_report/CpG_context_sampling_37032_59_trimmed_bismark_bt2.CpG",11983,9878,2105,11983
"19060","07_report/CpG_context_sampling_37032_60_trimmed_bismark_bt2.CpG",12037,9960,2077,12037
"19061","07_report/CpG_context_sampling_37032_61_trimmed_bismark_bt2.CpG",11943,9893,2050,11943
"19062","07_report/CpG_context_sampling_37032_62_trimmed_bismark_bt2.CpG",12087,9999,2088,12087
"19063","07_report/CpG_context_sampling_37032_63_trimmed_bismark_bt2.CpG",12073,10066,2007,12073
"19064","07_report/CpG_context_sampling_37032_64_trimmed_bismark_bt2.CpG",11919,9915,2004,11919
"19065","07_report/CpG_context_sampling_37032_65_trimmed_bismark_bt2.CpG",11973,10005,1968,11973
"19066","07_report/CpG_context_sampling_37032_66_trimmed_bismark_bt2.CpG",11842,9884,1958,11842
"19067","07_report/CpG_context_sampling_37032_67_trimmed_bismark_bt2.CpG",12019,9956,2063,12019
"19068","07_report/CpG_context_sampling_37032_68_trimmed_bismark_bt2.CpG",12012,9960,2052,12012
"19069","07_report/CpG_context_sampling_37032_69_trimmed_bismark_bt2.CpG",11959,9968,1991,11959
"19070","07_report/CpG_context_sampling_37032_70_trimmed_bismark_bt2.CpG",12059,10072,1987,12059
"19071","07_report/CpG_context_sampling_37032_71_trimmed_bismark_bt2.CpG",11870,9849,2021,11870
"19072","07_report/CpG_context_sampling_37032_72_trimmed_bismark_bt2.CpG",12026,9959,2067,12026
"19073","07_report/CpG_context_sampling_37032_73_trimmed_bismark_bt2.CpG",12079,10017,2062,12079
"19074","07_report/CpG_context_sampling_37032_74_trimmed_bismark_bt2.CpG",11910,9888,2022,11910
"19075","07_report/CpG_context_sampling_37032_75_trimmed_bismark_bt2.CpG",11895,9921,1974,11895
"19076","07_report/CpG_context_sampling_37032_76_trimmed_bismark_bt2.CpG",12067,9973,2094,12067
"19077","07_report/CpG_context_sampling_37032_77_trimmed_bismark_bt2.CpG",11933,9955,1978,11933
"19078","07_report/CpG_context_sampling_37032_78_trimmed_bismark_bt2.CpG",12041,9968,2073,12041
"19079","07_report/CpG_context_sampling_37032_79_trimmed_bismark_bt2.CpG",12037,10106,1931,12037
"19080","07_report/CpG_context_sampling_37032_80_trimmed_bismark_bt2.CpG",11948,10002,1946,11948
"19081","07_report/CpG_context_sampling_37032_81_trimmed_bismark_bt2.CpG",11937,9956,1981,11937
"19082","07_report/CpG_context_sampling_37032_82_trimmed_bismark_bt2.CpG",11920,9876,2044,11920
"19083","07_report/CpG_context_sampling_37032_83_trimmed_bismark_bt2.CpG",11888,9904,1984,11888
"19084","07_report/CpG_context_sampling_37032_84_trimmed_bismark_bt2.CpG",12040,9998,2042,12040
"19085","07_report/CpG_context_sampling_37032_85_trimmed_bismark_bt2.CpG",12053,9971,2082,12053
"19086","07_report/CpG_context_sampling_37032_86_trimmed_bismark_bt2.CpG",11899,9979,1920,11899
"19087","07_report/CpG_context_sampling_37032_87_trimmed_bismark_bt2.CpG",11860,9877,1983,11860
"19088","07_report/CpG_context_sampling_37032_88_trimmed_bismark_bt2.CpG",11934,9926,2008,11934
"19089","07_report/CpG_context_sampling_37032_89_trimmed_bismark_bt2.CpG",11955,9970,1985,11955
"19090","07_report/CpG_context_sampling_37032_90_trimmed_bismark_bt2.CpG",12113,10046,2067,12113
"19091","07_report/CpG_context_sampling_37032_91_trimmed_bismark_bt2.CpG",11979,9972,2007,11979
"19092","07_report/CpG_context_sampling_37032_92_trimmed_bismark_bt2.CpG",11996,9984,2012,11996
"19093","07_report/CpG_context_sampling_37032_93_trimmed_bismark_bt2.CpG",11989,9966,2023,11989
"19094","07_report/CpG_context_sampling_37032_94_trimmed_bismark_bt2.CpG",11978,9956,2022,11978
"19095","07_report/CpG_context_sampling_37032_95_trimmed_bismark_bt2.CpG",11964,9956,2008,11964
"19096","07_report/CpG_context_sampling_37032_96_trimmed_bismark_bt2.CpG",11982,10007,1975,11982
"19097","07_report/CpG_context_sampling_37032_97_trimmed_bismark_bt2.CpG",11950,9955,1995,11950
"19098","07_report/CpG_context_sampling_37032_98_trimmed_bismark_bt2.CpG",11831,9877,1954,11831
"19099","07_report/CpG_context_sampling_37032_99_trimmed_bismark_bt2.CpG",11908,9834,2074,11908
"19100","07_report/CpG_context_sampling_37032_100_trimmed_bismark_bt2.CpG",12123,10024,2099,12123
"19101","07_report/CpG_context_sampling_37032_101_trimmed_bismark_bt2.CpG",11940,9875,2065,11940
"19102","07_report/CpG_context_sampling_37032_102_trimmed_bismark_bt2.CpG",11968,9887,2081,11968
"19103","07_report/CpG_context_sampling_37032_103_trimmed_bismark_bt2.CpG",11936,9826,2110,11936
"19104","07_report/CpG_context_sampling_37032_104_trimmed_bismark_bt2.CpG",12025,9945,2080,12025
"19105","07_report/CpG_context_sampling_37032_105_trimmed_bismark_bt2.CpG",12044,9995,2049,12044
"19106","07_report/CpG_context_sampling_37032_106_trimmed_bismark_bt2.CpG",11964,9902,2062,11964
"19107","07_report/CpG_context_sampling_37032_107_trimmed_bismark_bt2.CpG",11971,9971,2000,11971
"19108","07_report/CpG_context_sampling_37032_108_trimmed_bismark_bt2.CpG",11990,9940,2050,11990
"19109","07_report/CpG_context_sampling_37032_109_trimmed_bismark_bt2.CpG",11928,9839,2089,11928
"19110","07_report/CpG_context_sampling_37032_110_trimmed_bismark_bt2.CpG",12033,10031,2002,12033
"19111","07_report/CpG_context_sampling_37032_111_trimmed_bismark_bt2.CpG",11887,9906,1981,11887
"19112","07_report/CpG_context_sampling_37032_112_trimmed_bismark_bt2.CpG",11972,9988,1984,11972
"19113","07_report/CpG_context_sampling_37032_113_trimmed_bismark_bt2.CpG",11923,9898,2025,11923
"19114","07_report/CpG_context_sampling_37032_114_trimmed_bismark_bt2.CpG",11944,9972,1972,11944
"19115","07_report/CpG_context_sampling_37032_115_trimmed_bismark_bt2.CpG",11870,9870,2000,11870
"19116","07_report/CpG_context_sampling_37032_116_trimmed_bismark_bt2.CpG",11997,9968,2029,11997
"19117","07_report/CpG_context_sampling_37032_117_trimmed_bismark_bt2.CpG",11906,9903,2003,11906
"19118","07_report/CpG_context_sampling_37032_118_trimmed_bismark_bt2.CpG",11781,9815,1966,11781
"19119","07_report/CpG_context_sampling_37032_119_trimmed_bismark_bt2.CpG",12059,10063,1996,12059
"19120","07_report/CpG_context_sampling_37032_120_trimmed_bismark_bt2.CpG",11806,9877,1929,11806
"19121","07_report/CpG_context_sampling_37032_121_trimmed_bismark_bt2.CpG",11916,9863,2053,11916
"19122","07_report/CpG_context_sampling_37032_122_trimmed_bismark_bt2.CpG",11950,9884,2066,11950
"19123","07_report/CpG_context_sampling_37032_123_trimmed_bismark_bt2.CpG",11875,9871,2004,11875
"19124","07_report/CpG_context_sampling_37032_124_trimmed_bismark_bt2.CpG",11896,9866,2030,11896
"19125","07_report/CpG_context_sampling_37032_125_trimmed_bismark_bt2.CpG",11931,9862,2069,11931
"19126","07_report/CpG_context_sampling_37032_126_trimmed_bismark_bt2.CpG",11846,9863,1983,11846
"19127","07_report/CpG_context_sampling_37032_127_trimmed_bismark_bt2.CpG",11914,9884,2030,11914
"19128","07_report/CpG_context_sampling_37032_128_trimmed_bismark_bt2.CpG",11974,9925,2049,11974
"19129","07_report/CpG_context_sampling_37032_129_trimmed_bismark_bt2.CpG",11941,9918,2023,11941
"19130","07_report/CpG_context_sampling_37032_130_trimmed_bismark_bt2.CpG",11875,9967,1908,11875
"19131","07_report/CpG_context_sampling_37032_131_trimmed_bismark_bt2.CpG",11995,9931,2064,11995
"19132","07_report/CpG_context_sampling_37032_132_trimmed_bismark_bt2.CpG",12111,9986,2125,12111
"19133","07_report/CpG_context_sampling_37032_133_trimmed_bismark_bt2.CpG",12047,10121,1926,12047
"19134","07_report/CpG_context_sampling_37032_134_trimmed_bismark_bt2.CpG",11788,9808,1980,11788
"19135","07_report/CpG_context_sampling_37032_135_trimmed_bismark_bt2.CpG",12037,9964,2073,12037
"19136","07_report/CpG_context_sampling_37032_136_trimmed_bismark_bt2.CpG",12033,9971,2062,12033
"19137","07_report/CpG_context_sampling_37032_137_trimmed_bismark_bt2.CpG",12060,10024,2036,12060
"19138","07_report/CpG_context_sampling_37032_138_trimmed_bismark_bt2.CpG",12050,10008,2042,12050
"19139","07_report/CpG_context_sampling_37032_139_trimmed_bismark_bt2.CpG",12009,9977,2032,12009
"19140","07_report/CpG_context_sampling_37032_140_trimmed_bismark_bt2.CpG",12064,10004,2060,12064
"19141","07_report/CpG_context_sampling_37032_141_trimmed_bismark_bt2.CpG",11914,9898,2016,11914
"19142","07_report/CpG_context_sampling_37032_142_trimmed_bismark_bt2.CpG",12014,9980,2034,12014
"19143","07_report/CpG_context_sampling_37032_143_trimmed_bismark_bt2.CpG",12065,10100,1965,12065
"19144","07_report/CpG_context_sampling_37032_144_trimmed_bismark_bt2.CpG",12001,10020,1981,12001
"19145","07_report/CpG_context_sampling_37032_145_trimmed_bismark_bt2.CpG",11979,9896,2083,11979
"19146","07_report/CpG_context_sampling_37032_146_trimmed_bismark_bt2.CpG",11935,9932,2003,11935
"19147","07_report/CpG_context_sampling_37032_147_trimmed_bismark_bt2.CpG",12031,9944,2087,12031
"19148","07_report/CpG_context_sampling_37032_148_trimmed_bismark_bt2.CpG",12031,9975,2056,12031
"19149","07_report/CpG_context_sampling_37032_149_trimmed_bismark_bt2.CpG",12089,10061,2028,12089
"19150","07_report/CpG_context_sampling_37032_150_trimmed_bismark_bt2.CpG",11909,9897,2012,11909
"19151","07_report/CpG_context_sampling_37032_151_trimmed_bismark_bt2.CpG",11978,9971,2007,11978
"19152","07_report/CpG_context_sampling_37032_152_trimmed_bismark_bt2.CpG",11904,9936,1968,11904
"19153","07_report/CpG_context_sampling_37032_153_trimmed_bismark_bt2.CpG",11846,9798,2048,11846
"19154","07_report/CpG_context_sampling_37032_154_trimmed_bismark_bt2.CpG",11996,10014,1982,11996
"19155","07_report/CpG_context_sampling_37032_155_trimmed_bismark_bt2.CpG",12004,9944,2060,12004
"19156","07_report/CpG_context_sampling_37032_156_trimmed_bismark_bt2.CpG",11901,9896,2005,11901
"19157","07_report/CpG_context_sampling_37032_157_trimmed_bismark_bt2.CpG",12014,10049,1965,12014
"19158","07_report/CpG_context_sampling_37032_158_trimmed_bismark_bt2.CpG",11883,9890,1993,11883
"19159","07_report/CpG_context_sampling_37032_159_trimmed_bismark_bt2.CpG",11940,9925,2015,11940
"19160","07_report/CpG_context_sampling_37032_160_trimmed_bismark_bt2.CpG",11966,9916,2050,11966
"19161","07_report/CpG_context_sampling_37032_161_trimmed_bismark_bt2.CpG",11945,9940,2005,11945
"19162","07_report/CpG_context_sampling_37032_162_trimmed_bismark_bt2.CpG",11956,9933,2023,11956
"19163","07_report/CpG_context_sampling_37032_163_trimmed_bismark_bt2.CpG",11891,9799,2092,11891
"19164","07_report/CpG_context_sampling_37032_164_trimmed_bismark_bt2.CpG",11928,9924,2004,11928
"19165","07_report/CpG_context_sampling_37032_165_trimmed_bismark_bt2.CpG",11880,9885,1995,11880
"19166","07_report/CpG_context_sampling_37032_166_trimmed_bismark_bt2.CpG",11974,9871,2103,11974
"19167","07_report/CpG_context_sampling_37032_167_trimmed_bismark_bt2.CpG",11991,10078,1913,11991
"19168","07_report/CpG_context_sampling_37032_168_trimmed_bismark_bt2.CpG",12104,10055,2049,12104
"19169","07_report/CpG_context_sampling_37032_169_trimmed_bismark_bt2.CpG",11944,9981,1963,11944
"19170","07_report/CpG_context_sampling_37032_170_trimmed_bismark_bt2.CpG",12136,10084,2052,12136
"19171","07_report/CpG_context_sampling_37032_171_trimmed_bismark_bt2.CpG",11892,9898,1994,11892
"19172","07_report/CpG_context_sampling_37032_172_trimmed_bismark_bt2.CpG",11960,9910,2050,11960
"19173","07_report/CpG_context_sampling_37032_173_trimmed_bismark_bt2.CpG",11762,9789,1973,11762
"19174","07_report/CpG_context_sampling_37032_174_trimmed_bismark_bt2.CpG",12216,10191,2025,12216
"19175","07_report/CpG_context_sampling_37032_175_trimmed_bismark_bt2.CpG",11977,9983,1994,11977
"19176","07_report/CpG_context_sampling_37032_176_trimmed_bismark_bt2.CpG",12041,10048,1993,12041
"19177","07_report/CpG_context_sampling_37032_177_trimmed_bismark_bt2.CpG",11965,9924,2041,11965
"19178","07_report/CpG_context_sampling_37032_178_trimmed_bismark_bt2.CpG",11984,9980,2004,11984
"19179","07_report/CpG_context_sampling_37032_179_trimmed_bismark_bt2.CpG",12163,10062,2101,12163
"19180","07_report/CpG_context_sampling_37032_180_trimmed_bismark_bt2.CpG",11846,9885,1961,11846
"19181","07_report/CpG_context_sampling_37032_181_trimmed_bismark_bt2.CpG",12060,10042,2018,12060
"19182","07_report/CpG_context_sampling_37032_182_trimmed_bismark_bt2.CpG",11973,9951,2022,11973
"19183","07_report/CpG_context_sampling_37032_183_trimmed_bismark_bt2.CpG",12000,9990,2010,12000
"19184","07_report/CpG_context_sampling_37032_184_trimmed_bismark_bt2.CpG",12053,10054,1999,12053
"19185","07_report/CpG_context_sampling_37032_185_trimmed_bismark_bt2.CpG",12051,10050,2001,12051
"19186","07_report/CpG_context_sampling_37032_186_trimmed_bismark_bt2.CpG",11980,10035,1945,11980
"19187","07_report/CpG_context_sampling_37032_187_trimmed_bismark_bt2.CpG",11970,10001,1969,11970
"19188","07_report/CpG_context_sampling_37032_188_trimmed_bismark_bt2.CpG",11926,9913,2013,11926
"19189","07_report/CpG_context_sampling_37032_189_trimmed_bismark_bt2.CpG",11740,9743,1997,11740
"19190","07_report/CpG_context_sampling_37032_190_trimmed_bismark_bt2.CpG",11861,9796,2065,11861
"19191","07_report/CpG_context_sampling_37032_191_trimmed_bismark_bt2.CpG",12055,10092,1963,12055
"19192","07_report/CpG_context_sampling_37032_192_trimmed_bismark_bt2.CpG",11926,9888,2038,11926
"19193","07_report/CpG_context_sampling_37032_193_trimmed_bismark_bt2.CpG",12219,10135,2084,12219
"19194","07_report/CpG_context_sampling_37032_194_trimmed_bismark_bt2.CpG",12040,10042,1998,12040
"19195","07_report/CpG_context_sampling_37032_195_trimmed_bismark_bt2.CpG",11957,9931,2026,11957
"19196","07_report/CpG_context_sampling_37032_196_trimmed_bismark_bt2.CpG",11837,9843,1994,11837
"19197","07_report/CpG_context_sampling_37032_197_trimmed_bismark_bt2.CpG",11883,9871,2012,11883
"19198","07_report/CpG_context_sampling_37032_198_trimmed_bismark_bt2.CpG",11957,9891,2066,11957
"19199","07_report/CpG_context_sampling_37032_199_trimmed_bismark_bt2.CpG",12022,10096,1926,12022
"19200","07_report/CpG_context_sampling_37032_200_trimmed_bismark_bt2.CpG",12069,9995,2074,12069
"19201","07_report/CpG_context_sampling_37032_201_trimmed_bismark_bt2.CpG",12009,9979,2030,12009
"19202","07_report/CpG_context_sampling_37032_202_trimmed_bismark_bt2.CpG",11932,9895,2037,11932
"19203","07_report/CpG_context_sampling_37032_203_trimmed_bismark_bt2.CpG",11884,9890,1994,11884
"19204","07_report/CpG_context_sampling_37032_204_trimmed_bismark_bt2.CpG",11878,9920,1958,11878
"19205","07_report/CpG_context_sampling_37032_205_trimmed_bismark_bt2.CpG",11970,9891,2079,11970
"19206","07_report/CpG_context_sampling_37032_206_trimmed_bismark_bt2.CpG",11992,9961,2031,11992
"19207","07_report/CpG_context_sampling_37032_207_trimmed_bismark_bt2.CpG",12068,10062,2006,12068
"19208","07_report/CpG_context_sampling_37032_208_trimmed_bismark_bt2.CpG",12066,10066,2000,12066
"19209","07_report/CpG_context_sampling_37032_209_trimmed_bismark_bt2.CpG",11978,10001,1977,11978
"19210","07_report/CpG_context_sampling_37032_210_trimmed_bismark_bt2.CpG",12080,10034,2046,12080
"19211","07_report/CpG_context_sampling_37032_211_trimmed_bismark_bt2.CpG",11775,9826,1949,11775
"19212","07_report/CpG_context_sampling_37032_212_trimmed_bismark_bt2.CpG",12121,10009,2112,12121
"19213","07_report/CpG_context_sampling_37032_213_trimmed_bismark_bt2.CpG",11911,9899,2012,11911
"19214","07_report/CpG_context_sampling_37032_214_trimmed_bismark_bt2.CpG",11988,9919,2069,11988
"19215","07_report/CpG_context_sampling_37032_215_trimmed_bismark_bt2.CpG",11988,10004,1984,11988
"19216","07_report/CpG_context_sampling_37032_216_trimmed_bismark_bt2.CpG",11956,9881,2075,11956
"19217","07_report/CpG_context_sampling_37032_217_trimmed_bismark_bt2.CpG",12057,10022,2035,12057
"19218","07_report/CpG_context_sampling_37032_218_trimmed_bismark_bt2.CpG",11914,9872,2042,11914
"19219","07_report/CpG_context_sampling_37032_219_trimmed_bismark_bt2.CpG",11951,9888,2063,11951
"19220","07_report/CpG_context_sampling_37032_220_trimmed_bismark_bt2.CpG",11848,9842,2006,11848
"19221","07_report/CpG_context_sampling_37032_221_trimmed_bismark_bt2.CpG",11883,9856,2027,11883
"19222","07_report/CpG_context_sampling_37032_222_trimmed_bismark_bt2.CpG",12003,10009,1994,12003
"19223","07_report/CpG_context_sampling_37032_223_trimmed_bismark_bt2.CpG",11884,9860,2024,11884
"19224","07_report/CpG_context_sampling_37032_224_trimmed_bismark_bt2.CpG",11975,9881,2094,11975
"19225","07_report/CpG_context_sampling_37032_225_trimmed_bismark_bt2.CpG",11927,9926,2001,11927
"19226","07_report/CpG_context_sampling_37032_226_trimmed_bismark_bt2.CpG",11936,9943,1993,11936
"19227","07_report/CpG_context_sampling_37032_227_trimmed_bismark_bt2.CpG",11902,9919,1983,11902
"19228","07_report/CpG_context_sampling_37032_228_trimmed_bismark_bt2.CpG",11903,9759,2144,11903
"19229","07_report/CpG_context_sampling_37032_229_trimmed_bismark_bt2.CpG",11998,9967,2031,11998
"19230","07_report/CpG_context_sampling_37032_230_trimmed_bismark_bt2.CpG",11962,9926,2036,11962
"19231","07_report/CpG_context_sampling_37032_231_trimmed_bismark_bt2.CpG",12093,10071,2022,12093
"19232","07_report/CpG_context_sampling_37032_232_trimmed_bismark_bt2.CpG",12039,10027,2012,12039
"19233","07_report/CpG_context_sampling_37032_233_trimmed_bismark_bt2.CpG",12119,10102,2017,12119
"19234","07_report/CpG_context_sampling_37032_234_trimmed_bismark_bt2.CpG",12103,10072,2031,12103
"19235","07_report/CpG_context_sampling_37032_235_trimmed_bismark_bt2.CpG",11855,9824,2031,11855
"19236","07_report/CpG_context_sampling_37032_236_trimmed_bismark_bt2.CpG",12033,9929,2104,12033
"19237","07_report/CpG_context_sampling_37032_237_trimmed_bismark_bt2.CpG",12027,9997,2030,12027
"19238","07_report/CpG_context_sampling_37032_238_trimmed_bismark_bt2.CpG",12035,9988,2047,12035
"19239","07_report/CpG_context_sampling_37032_239_trimmed_bismark_bt2.CpG",11838,9845,1993,11838
"19240","07_report/CpG_context_sampling_37032_240_trimmed_bismark_bt2.CpG",11916,9894,2022,11916
"19241","07_report/CpG_context_sampling_37032_241_trimmed_bismark_bt2.CpG",11869,9838,2031,11869
"19242","07_report/CpG_context_sampling_37032_242_trimmed_bismark_bt2.CpG",11970,10016,1954,11970
"19243","07_report/CpG_context_sampling_37032_243_trimmed_bismark_bt2.CpG",11990,10001,1989,11990
"19244","07_report/CpG_context_sampling_37032_244_trimmed_bismark_bt2.CpG",12010,10036,1974,12010
"19245","07_report/CpG_context_sampling_37032_245_trimmed_bismark_bt2.CpG",12063,10080,1983,12063
"19246","07_report/CpG_context_sampling_37032_246_trimmed_bismark_bt2.CpG",11871,9849,2022,11871
"19247","07_report/CpG_context_sampling_37032_247_trimmed_bismark_bt2.CpG",11962,9891,2071,11962
"19248","07_report/CpG_context_sampling_37032_248_trimmed_bismark_bt2.CpG",11947,9948,1999,11947
"19249","07_report/CpG_context_sampling_37032_249_trimmed_bismark_bt2.CpG",11978,9980,1998,11978
"19250","07_report/CpG_context_sampling_37032_250_trimmed_bismark_bt2.CpG",11806,9804,2002,11806
"19251","07_report/CpG_context_sampling_37032_251_trimmed_bismark_bt2.CpG",11929,9897,2032,11929
"19252","07_report/CpG_context_sampling_37032_252_trimmed_bismark_bt2.CpG",11932,9944,1988,11932
"19253","07_report/CpG_context_sampling_37032_253_trimmed_bismark_bt2.CpG",11915,9871,2044,11915
"19254","07_report/CpG_context_sampling_37032_254_trimmed_bismark_bt2.CpG",12005,9958,2047,12005
"19255","07_report/CpG_context_sampling_37032_255_trimmed_bismark_bt2.CpG",11957,9961,1996,11957
"19256","07_report/CpG_context_sampling_37032_256_trimmed_bismark_bt2.CpG",12092,10015,2077,12092
"19257","07_report/CpG_context_sampling_37032_257_trimmed_bismark_bt2.CpG",11950,9916,2034,11950
"19258","07_report/CpG_context_sampling_37032_258_trimmed_bismark_bt2.CpG",11920,9905,2015,11920
"19259","07_report/CpG_context_sampling_37032_259_trimmed_bismark_bt2.CpG",11951,9924,2027,11951
"19260","07_report/CpG_context_sampling_37032_260_trimmed_bismark_bt2.CpG",12088,10016,2072,12088
"19261","07_report/CpG_context_sampling_37032_261_trimmed_bismark_bt2.CpG",12023,9963,2060,12023
"19262","07_report/CpG_context_sampling_37032_262_trimmed_bismark_bt2.CpG",12119,10040,2079,12119
"19263","07_report/CpG_context_sampling_37032_263_trimmed_bismark_bt2.CpG",12041,9994,2047,12041
"19264","07_report/CpG_context_sampling_37032_264_trimmed_bismark_bt2.CpG",12061,10094,1967,12061
"19265","07_report/CpG_context_sampling_37032_265_trimmed_bismark_bt2.CpG",11978,9959,2019,11978
"19266","07_report/CpG_context_sampling_37032_266_trimmed_bismark_bt2.CpG",11973,9934,2039,11973
"19267","07_report/CpG_context_sampling_37032_267_trimmed_bismark_bt2.CpG",12026,9902,2124,12026
"19268","07_report/CpG_context_sampling_37032_268_trimmed_bismark_bt2.CpG",11948,9883,2065,11948
"19269","07_report/CpG_context_sampling_37032_269_trimmed_bismark_bt2.CpG",12088,10081,2007,12088
"19270","07_report/CpG_context_sampling_37032_270_trimmed_bismark_bt2.CpG",12023,9967,2056,12023
"19271","07_report/CpG_context_sampling_37032_271_trimmed_bismark_bt2.CpG",12013,9980,2033,12013
"19272","07_report/CpG_context_sampling_37032_272_trimmed_bismark_bt2.CpG",12034,10050,1984,12034
"19273","07_report/CpG_context_sampling_37032_273_trimmed_bismark_bt2.CpG",11911,9936,1975,11911
"19274","07_report/CpG_context_sampling_37032_274_trimmed_bismark_bt2.CpG",12050,9863,2187,12050
"19275","07_report/CpG_context_sampling_37032_275_trimmed_bismark_bt2.CpG",11884,9877,2007,11884
"19276","07_report/CpG_context_sampling_37032_276_trimmed_bismark_bt2.CpG",11871,9873,1998,11871
"19277","07_report/CpG_context_sampling_37032_277_trimmed_bismark_bt2.CpG",11842,9839,2003,11842
"19278","07_report/CpG_context_sampling_37032_278_trimmed_bismark_bt2.CpG",12060,10021,2039,12060
"19279","07_report/CpG_context_sampling_37032_279_trimmed_bismark_bt2.CpG",12014,9980,2034,12014
"19280","07_report/CpG_context_sampling_37032_280_trimmed_bismark_bt2.CpG",12015,9953,2062,12015
"19281","07_report/CpG_context_sampling_37032_281_trimmed_bismark_bt2.CpG",11933,9859,2074,11933
"19282","07_report/CpG_context_sampling_37032_282_trimmed_bismark_bt2.CpG",11873,9911,1962,11873
"19283","07_report/CpG_context_sampling_37032_283_trimmed_bismark_bt2.CpG",11917,9942,1975,11917
"19284","07_report/CpG_context_sampling_37032_284_trimmed_bismark_bt2.CpG",12181,10105,2076,12181
"19285","07_report/CpG_context_sampling_37032_285_trimmed_bismark_bt2.CpG",11923,9925,1998,11923
"19286","07_report/CpG_context_sampling_37032_286_trimmed_bismark_bt2.CpG",11959,10018,1941,11959
"19287","07_report/CpG_context_sampling_37032_287_trimmed_bismark_bt2.CpG",12107,10002,2105,12107
"19288","07_report/CpG_context_sampling_37032_288_trimmed_bismark_bt2.CpG",11980,9993,1987,11980
"19289","07_report/CpG_context_sampling_37032_289_trimmed_bismark_bt2.CpG",11941,9985,1956,11941
"19290","07_report/CpG_context_sampling_37032_290_trimmed_bismark_bt2.CpG",12002,10024,1978,12002
"19291","07_report/CpG_context_sampling_37032_291_trimmed_bismark_bt2.CpG",11867,9874,1993,11867
"19292","07_report/CpG_context_sampling_37032_292_trimmed_bismark_bt2.CpG",11896,9937,1959,11896
"19293","07_report/CpG_context_sampling_37032_293_trimmed_bismark_bt2.CpG",11972,9958,2014,11972
"19294","07_report/CpG_context_sampling_37032_294_trimmed_bismark_bt2.CpG",11889,9913,1976,11889
"19295","07_report/CpG_context_sampling_37032_295_trimmed_bismark_bt2.CpG",11956,9907,2049,11956
"19296","07_report/CpG_context_sampling_37032_296_trimmed_bismark_bt2.CpG",11984,9920,2064,11984
"19297","07_report/CpG_context_sampling_37032_297_trimmed_bismark_bt2.CpG",11955,9962,1993,11955
"19298","07_report/CpG_context_sampling_37032_298_trimmed_bismark_bt2.CpG",12077,10026,2051,12077
"19299","07_report/CpG_context_sampling_37032_299_trimmed_bismark_bt2.CpG",12109,10057,2052,12109
"19300","07_report/CpG_context_sampling_37032_300_trimmed_bismark_bt2.CpG",12102,10006,2096,12102
"19301","07_report/CpG_context_sampling_37032_301_trimmed_bismark_bt2.CpG",11970,9982,1988,11970
"19302","07_report/CpG_context_sampling_37032_302_trimmed_bismark_bt2.CpG",11873,9928,1945,11873
"19303","07_report/CpG_context_sampling_37032_303_trimmed_bismark_bt2.CpG",12082,10042,2040,12082
"19304","07_report/CpG_context_sampling_37032_304_trimmed_bismark_bt2.CpG",11992,9956,2036,11992
"19305","07_report/CpG_context_sampling_37032_305_trimmed_bismark_bt2.CpG",11857,9843,2014,11857
"19306","07_report/CpG_context_sampling_37032_306_trimmed_bismark_bt2.CpG",12018,10072,1946,12018
"19307","07_report/CpG_context_sampling_37032_307_trimmed_bismark_bt2.CpG",11891,9859,2032,11891
"19308","07_report/CpG_context_sampling_37032_308_trimmed_bismark_bt2.CpG",12078,10050,2028,12078
"19309","07_report/CpG_context_sampling_37032_309_trimmed_bismark_bt2.CpG",12098,10008,2090,12098
"19310","07_report/CpG_context_sampling_37032_310_trimmed_bismark_bt2.CpG",12092,10032,2060,12092
"19311","07_report/CpG_context_sampling_37032_311_trimmed_bismark_bt2.CpG",12001,9993,2008,12001
"19312","07_report/CpG_context_sampling_37032_312_trimmed_bismark_bt2.CpG",11907,9943,1964,11907
"19313","07_report/CpG_context_sampling_37032_313_trimmed_bismark_bt2.CpG",11921,9938,1983,11921
"19314","07_report/CpG_context_sampling_37032_314_trimmed_bismark_bt2.CpG",11880,9940,1940,11880
"19315","07_report/CpG_context_sampling_37032_315_trimmed_bismark_bt2.CpG",11829,9853,1976,11829
"19316","07_report/CpG_context_sampling_37032_316_trimmed_bismark_bt2.CpG",11916,9925,1991,11916
"19317","07_report/CpG_context_sampling_37032_317_trimmed_bismark_bt2.CpG",12012,10036,1976,12012
"19318","07_report/CpG_context_sampling_37032_318_trimmed_bismark_bt2.CpG",11938,9914,2024,11938
"19319","07_report/CpG_context_sampling_37032_319_trimmed_bismark_bt2.CpG",11986,9960,2026,11986
"19320","07_report/CpG_context_sampling_37032_320_trimmed_bismark_bt2.CpG",11949,10005,1944,11949
"19321","07_report/CpG_context_sampling_37032_321_trimmed_bismark_bt2.CpG",11878,9849,2029,11878
"19322","07_report/CpG_context_sampling_37032_322_trimmed_bismark_bt2.CpG",12071,10055,2016,12071
"19323","07_report/CpG_context_sampling_37032_323_trimmed_bismark_bt2.CpG",11922,9848,2074,11922
"19324","07_report/CpG_context_sampling_37032_324_trimmed_bismark_bt2.CpG",12031,9930,2101,12031
"19325","07_report/CpG_context_sampling_37032_325_trimmed_bismark_bt2.CpG",12067,9907,2160,12067
"19326","07_report/CpG_context_sampling_37032_326_trimmed_bismark_bt2.CpG",12117,10121,1996,12117
"19327","07_report/CpG_context_sampling_37032_327_trimmed_bismark_bt2.CpG",11902,9897,2005,11902
"19328","07_report/CpG_context_sampling_37032_328_trimmed_bismark_bt2.CpG",12057,9967,2090,12057
"19329","07_report/CpG_context_sampling_37032_329_trimmed_bismark_bt2.CpG",12096,10009,2087,12096
"19330","07_report/CpG_context_sampling_37032_330_trimmed_bismark_bt2.CpG",11975,10007,1968,11975
"19331","07_report/CpG_context_sampling_37032_331_trimmed_bismark_bt2.CpG",12023,10047,1976,12023
"19332","07_report/CpG_context_sampling_37032_332_trimmed_bismark_bt2.CpG",11879,9864,2015,11879
"19333","07_report/CpG_context_sampling_37032_333_trimmed_bismark_bt2.CpG",11959,9889,2070,11959
"19334","07_report/CpG_context_sampling_37032_334_trimmed_bismark_bt2.CpG",12013,10014,1999,12013
"19335","07_report/CpG_context_sampling_37032_335_trimmed_bismark_bt2.CpG",11857,9910,1947,11857
"19336","07_report/CpG_context_sampling_37032_336_trimmed_bismark_bt2.CpG",11884,9908,1976,11884
"19337","07_report/CpG_context_sampling_37032_337_trimmed_bismark_bt2.CpG",11822,9884,1938,11822
"19338","07_report/CpG_context_sampling_37032_338_trimmed_bismark_bt2.CpG",12116,10123,1993,12116
"19339","07_report/CpG_context_sampling_37032_339_trimmed_bismark_bt2.CpG",12099,10064,2035,12099
"19340","07_report/CpG_context_sampling_37032_340_trimmed_bismark_bt2.CpG",12033,10043,1990,12033
"19341","07_report/CpG_context_sampling_37032_341_trimmed_bismark_bt2.CpG",12011,10002,2009,12011
"19342","07_report/CpG_context_sampling_37032_342_trimmed_bismark_bt2.CpG",11830,9799,2031,11830
"19343","07_report/CpG_context_sampling_37032_343_trimmed_bismark_bt2.CpG",12024,9966,2058,12024
"19344","07_report/CpG_context_sampling_37032_344_trimmed_bismark_bt2.CpG",12053,10049,2004,12053
"19345","07_report/CpG_context_sampling_37032_345_trimmed_bismark_bt2.CpG",11934,9845,2089,11934
"19346","07_report/CpG_context_sampling_37032_346_trimmed_bismark_bt2.CpG",11961,9924,2037,11961
"19347","07_report/CpG_context_sampling_37032_347_trimmed_bismark_bt2.CpG",11978,10025,1953,11978
"19348","07_report/CpG_context_sampling_37032_348_trimmed_bismark_bt2.CpG",11812,9780,2032,11812
"19349","07_report/CpG_context_sampling_37032_349_trimmed_bismark_bt2.CpG",11947,9943,2004,11947
"19350","07_report/CpG_context_sampling_37032_350_trimmed_bismark_bt2.CpG",11956,9960,1996,11956
"19351","07_report/CpG_context_sampling_37032_351_trimmed_bismark_bt2.CpG",11940,9959,1981,11940
"19352","07_report/CpG_context_sampling_37032_352_trimmed_bismark_bt2.CpG",12013,10077,1936,12013
"19353","07_report/CpG_context_sampling_37032_353_trimmed_bismark_bt2.CpG",11995,10005,1990,11995
"19354","07_report/CpG_context_sampling_37032_354_trimmed_bismark_bt2.CpG",11917,9820,2097,11917
"19355","07_report/CpG_context_sampling_37032_355_trimmed_bismark_bt2.CpG",11938,9937,2001,11938
"19356","07_report/CpG_context_sampling_37032_356_trimmed_bismark_bt2.CpG",12001,9991,2010,12001
"19357","07_report/CpG_context_sampling_37032_357_trimmed_bismark_bt2.CpG",11925,9900,2025,11925
"19358","07_report/CpG_context_sampling_37032_358_trimmed_bismark_bt2.CpG",11946,9821,2125,11946
"19359","07_report/CpG_context_sampling_37032_359_trimmed_bismark_bt2.CpG",11924,9914,2010,11924
"19360","07_report/CpG_context_sampling_37032_360_trimmed_bismark_bt2.CpG",11936,9988,1948,11936
"19361","07_report/CpG_context_sampling_37032_361_trimmed_bismark_bt2.CpG",12159,10118,2041,12159
"19362","07_report/CpG_context_sampling_37032_362_trimmed_bismark_bt2.CpG",11981,9892,2089,11981
"19363","07_report/CpG_context_sampling_37032_363_trimmed_bismark_bt2.CpG",11912,9917,1995,11912
"19364","07_report/CpG_context_sampling_37032_364_trimmed_bismark_bt2.CpG",11878,9848,2030,11878
"19365","07_report/CpG_context_sampling_37032_365_trimmed_bismark_bt2.CpG",11919,9914,2005,11919
"19366","07_report/CpG_context_sampling_37032_366_trimmed_bismark_bt2.CpG",11843,9837,2006,11843
"19367","07_report/CpG_context_sampling_37032_367_trimmed_bismark_bt2.CpG",12096,10095,2001,12096
"19368","07_report/CpG_context_sampling_37032_368_trimmed_bismark_bt2.CpG",11910,9936,1974,11910
"19369","07_report/CpG_context_sampling_37032_369_trimmed_bismark_bt2.CpG",11954,9997,1957,11954
"19370","07_report/CpG_context_sampling_37032_370_trimmed_bismark_bt2.CpG",11948,9913,2035,11948
"19371","07_report/CpG_context_sampling_37032_371_trimmed_bismark_bt2.CpG",11978,9855,2123,11978
"19372","07_report/CpG_context_sampling_37032_372_trimmed_bismark_bt2.CpG",12019,10097,1922,12019
"19373","07_report/CpG_context_sampling_37032_373_trimmed_bismark_bt2.CpG",12141,10065,2076,12141
"19374","07_report/CpG_context_sampling_37032_374_trimmed_bismark_bt2.CpG",11840,9871,1969,11840
"19375","07_report/CpG_context_sampling_37032_375_trimmed_bismark_bt2.CpG",11890,9807,2083,11890
"19376","07_report/CpG_context_sampling_37032_376_trimmed_bismark_bt2.CpG",12011,9980,2031,12011
"19377","07_report/CpG_context_sampling_37032_377_trimmed_bismark_bt2.CpG",12079,9990,2089,12079
"19378","07_report/CpG_context_sampling_37032_378_trimmed_bismark_bt2.CpG",11975,9866,2109,11975
"19379","07_report/CpG_context_sampling_37032_379_trimmed_bismark_bt2.CpG",12012,9967,2045,12012
"19380","07_report/CpG_context_sampling_37032_380_trimmed_bismark_bt2.CpG",11792,9796,1996,11792
"19381","07_report/CpG_context_sampling_37032_381_trimmed_bismark_bt2.CpG",11884,9931,1953,11884
"19382","07_report/CpG_context_sampling_37032_382_trimmed_bismark_bt2.CpG",11982,9975,2007,11982
"19383","07_report/CpG_context_sampling_37032_383_trimmed_bismark_bt2.CpG",11910,9886,2024,11910
"19384","07_report/CpG_context_sampling_37032_384_trimmed_bismark_bt2.CpG",12000,9991,2009,12000
"19385","07_report/CpG_context_sampling_37032_385_trimmed_bismark_bt2.CpG",12018,9994,2024,12018
"19386","07_report/CpG_context_sampling_37032_386_trimmed_bismark_bt2.CpG",11872,9837,2035,11872
"19387","07_report/CpG_context_sampling_37032_387_trimmed_bismark_bt2.CpG",11952,9959,1993,11952
"19388","07_report/CpG_context_sampling_37032_388_trimmed_bismark_bt2.CpG",12151,10070,2081,12151
"19389","07_report/CpG_context_sampling_37032_389_trimmed_bismark_bt2.CpG",11972,9996,1976,11972
"19390","07_report/CpG_context_sampling_37032_390_trimmed_bismark_bt2.CpG",12013,10017,1996,12013
"19391","07_report/CpG_context_sampling_37032_391_trimmed_bismark_bt2.CpG",11847,9812,2035,11847
"19392","07_report/CpG_context_sampling_37032_392_trimmed_bismark_bt2.CpG",12044,9989,2055,12044
"19393","07_report/CpG_context_sampling_37032_393_trimmed_bismark_bt2.CpG",11972,9997,1975,11972
"19394","07_report/CpG_context_sampling_37032_394_trimmed_bismark_bt2.CpG",11916,9896,2020,11916
"19395","07_report/CpG_context_sampling_37032_395_trimmed_bismark_bt2.CpG",11844,9860,1984,11844
"19396","07_report/CpG_context_sampling_37032_396_trimmed_bismark_bt2.CpG",11952,9970,1982,11952
"19397","07_report/CpG_context_sampling_37032_397_trimmed_bismark_bt2.CpG",12008,9945,2063,12008
"19398","07_report/CpG_context_sampling_37032_398_trimmed_bismark_bt2.CpG",11785,9734,2051,11785
"19399","07_report/CpG_context_sampling_37032_399_trimmed_bismark_bt2.CpG",12086,10099,1987,12086
"19400","07_report/CpG_context_sampling_37032_400_trimmed_bismark_bt2.CpG",11914,9911,2003,11914
"19401","07_report/CpG_context_sampling_37032_401_trimmed_bismark_bt2.CpG",11992,9995,1997,11992
"19402","07_report/CpG_context_sampling_37032_402_trimmed_bismark_bt2.CpG",11817,9799,2018,11817
"19403","07_report/CpG_context_sampling_37032_403_trimmed_bismark_bt2.CpG",11879,9914,1965,11879
"19404","07_report/CpG_context_sampling_37032_404_trimmed_bismark_bt2.CpG",11927,9902,2025,11927
"19405","07_report/CpG_context_sampling_37032_405_trimmed_bismark_bt2.CpG",11993,9949,2044,11993
"19406","07_report/CpG_context_sampling_37032_406_trimmed_bismark_bt2.CpG",12030,9955,2075,12030
"19407","07_report/CpG_context_sampling_37032_407_trimmed_bismark_bt2.CpG",12054,10060,1994,12054
"19408","07_report/CpG_context_sampling_37032_408_trimmed_bismark_bt2.CpG",12062,10087,1975,12062
"19409","07_report/CpG_context_sampling_37032_409_trimmed_bismark_bt2.CpG",11891,9893,1998,11891
"19410","07_report/CpG_context_sampling_37032_410_trimmed_bismark_bt2.CpG",11989,9934,2055,11989
"19411","07_report/CpG_context_sampling_37032_411_trimmed_bismark_bt2.CpG",11964,9932,2032,11964
"19412","07_report/CpG_context_sampling_37032_412_trimmed_bismark_bt2.CpG",12062,9992,2070,12062
"19413","07_report/CpG_context_sampling_37032_413_trimmed_bismark_bt2.CpG",11934,9872,2062,11934
"19414","07_report/CpG_context_sampling_37032_414_trimmed_bismark_bt2.CpG",12068,10064,2004,12068
"19415","07_report/CpG_context_sampling_37032_415_trimmed_bismark_bt2.CpG",11916,9905,2011,11916
"19416","07_report/CpG_context_sampling_37032_416_trimmed_bismark_bt2.CpG",12068,10064,2004,12068
"19417","07_report/CpG_context_sampling_37032_417_trimmed_bismark_bt2.CpG",12072,10061,2011,12072
"19418","07_report/CpG_context_sampling_37032_418_trimmed_bismark_bt2.CpG",11934,9870,2064,11934
"19419","07_report/CpG_context_sampling_37032_419_trimmed_bismark_bt2.CpG",11858,9869,1989,11858
"19420","07_report/CpG_context_sampling_37032_420_trimmed_bismark_bt2.CpG",12077,10019,2058,12077
"19421","07_report/CpG_context_sampling_37032_421_trimmed_bismark_bt2.CpG",11971,9928,2043,11971
"19422","07_report/CpG_context_sampling_37032_422_trimmed_bismark_bt2.CpG",11952,9962,1990,11952
"19423","07_report/CpG_context_sampling_37032_423_trimmed_bismark_bt2.CpG",12031,10030,2001,12031
"19424","07_report/CpG_context_sampling_37032_424_trimmed_bismark_bt2.CpG",12170,10135,2035,12170
"19425","07_report/CpG_context_sampling_37032_425_trimmed_bismark_bt2.CpG",11981,9930,2051,11981
"19426","07_report/CpG_context_sampling_37032_426_trimmed_bismark_bt2.CpG",12031,9948,2083,12031
"19427","07_report/CpG_context_sampling_37032_427_trimmed_bismark_bt2.CpG",11784,9719,2065,11784
"19428","07_report/CpG_context_sampling_37032_428_trimmed_bismark_bt2.CpG",12050,10033,2017,12050
"19429","07_report/CpG_context_sampling_37032_429_trimmed_bismark_bt2.CpG",12109,10061,2048,12109
"19430","07_report/CpG_context_sampling_37032_430_trimmed_bismark_bt2.CpG",12033,10027,2006,12033
"19431","07_report/CpG_context_sampling_37032_431_trimmed_bismark_bt2.CpG",12029,10007,2022,12029
"19432","07_report/CpG_context_sampling_37032_432_trimmed_bismark_bt2.CpG",12062,10026,2036,12062
"19433","07_report/CpG_context_sampling_37032_433_trimmed_bismark_bt2.CpG",11853,9868,1985,11853
"19434","07_report/CpG_context_sampling_37032_434_trimmed_bismark_bt2.CpG",11968,9925,2043,11968
"19435","07_report/CpG_context_sampling_37032_435_trimmed_bismark_bt2.CpG",12113,10061,2052,12113
"19436","07_report/CpG_context_sampling_37032_436_trimmed_bismark_bt2.CpG",11843,9863,1980,11843
"19437","07_report/CpG_context_sampling_37032_437_trimmed_bismark_bt2.CpG",11852,9844,2008,11852
"19438","07_report/CpG_context_sampling_37032_438_trimmed_bismark_bt2.CpG",11915,9897,2018,11915
"19439","07_report/CpG_context_sampling_37032_439_trimmed_bismark_bt2.CpG",12028,9986,2042,12028
"19440","07_report/CpG_context_sampling_37032_440_trimmed_bismark_bt2.CpG",12031,9981,2050,12031
"19441","07_report/CpG_context_sampling_37032_441_trimmed_bismark_bt2.CpG",12110,10054,2056,12110
"19442","07_report/CpG_context_sampling_37032_442_trimmed_bismark_bt2.CpG",11976,9926,2050,11976
"19443","07_report/CpG_context_sampling_37032_443_trimmed_bismark_bt2.CpG",11900,9867,2033,11900
"19444","07_report/CpG_context_sampling_37032_444_trimmed_bismark_bt2.CpG",11946,9947,1999,11946
"19445","07_report/CpG_context_sampling_37032_445_trimmed_bismark_bt2.CpG",11955,9986,1969,11955
"19446","07_report/CpG_context_sampling_37032_446_trimmed_bismark_bt2.CpG",12040,10014,2026,12040
"19447","07_report/CpG_context_sampling_37032_447_trimmed_bismark_bt2.CpG",11918,9834,2084,11918
"19448","07_report/CpG_context_sampling_37032_448_trimmed_bismark_bt2.CpG",11992,9917,2075,11992
"19449","07_report/CpG_context_sampling_37032_449_trimmed_bismark_bt2.CpG",12008,9946,2062,12008
"19450","07_report/CpG_context_sampling_37032_450_trimmed_bismark_bt2.CpG",11814,9850,1964,11814
"19451","07_report/CpG_context_sampling_37032_451_trimmed_bismark_bt2.CpG",12030,10031,1999,12030
"19452","07_report/CpG_context_sampling_37032_452_trimmed_bismark_bt2.CpG",11870,9837,2033,11870
"19453","07_report/CpG_context_sampling_37032_453_trimmed_bismark_bt2.CpG",12015,9940,2075,12015
"19454","07_report/CpG_context_sampling_37032_454_trimmed_bismark_bt2.CpG",11968,9938,2030,11968
"19455","07_report/CpG_context_sampling_37032_455_trimmed_bismark_bt2.CpG",12027,9969,2058,12027
"19456","07_report/CpG_context_sampling_37032_456_trimmed_bismark_bt2.CpG",12134,10064,2070,12134
"19457","07_report/CpG_context_sampling_37032_457_trimmed_bismark_bt2.CpG",12074,10074,2000,12074
"19458","07_report/CpG_context_sampling_37032_458_trimmed_bismark_bt2.CpG",11847,9772,2075,11847
"19459","07_report/CpG_context_sampling_37032_459_trimmed_bismark_bt2.CpG",11888,9911,1977,11888
"19460","07_report/CpG_context_sampling_37032_460_trimmed_bismark_bt2.CpG",11986,9910,2076,11986
"19461","07_report/CpG_context_sampling_37032_461_trimmed_bismark_bt2.CpG",12030,10012,2018,12030
"19462","07_report/CpG_context_sampling_37032_462_trimmed_bismark_bt2.CpG",11903,9890,2013,11903
"19463","07_report/CpG_context_sampling_37032_463_trimmed_bismark_bt2.CpG",12013,9928,2085,12013
"19464","07_report/CpG_context_sampling_37032_464_trimmed_bismark_bt2.CpG",12001,9992,2009,12001
"19465","07_report/CpG_context_sampling_37032_465_trimmed_bismark_bt2.CpG",12100,10040,2060,12100
"19466","07_report/CpG_context_sampling_37032_466_trimmed_bismark_bt2.CpG",12184,10107,2077,12184
"19467","07_report/CpG_context_sampling_37032_467_trimmed_bismark_bt2.CpG",12035,10012,2023,12035
"19468","07_report/CpG_context_sampling_37032_468_trimmed_bismark_bt2.CpG",11950,9849,2101,11950
"19469","07_report/CpG_context_sampling_37032_469_trimmed_bismark_bt2.CpG",12068,10034,2034,12068
"19470","07_report/CpG_context_sampling_37032_470_trimmed_bismark_bt2.CpG",12008,9907,2101,12008
"19471","07_report/CpG_context_sampling_37032_471_trimmed_bismark_bt2.CpG",11947,9929,2018,11947
"19472","07_report/CpG_context_sampling_37032_472_trimmed_bismark_bt2.CpG",12006,9942,2064,12006
"19473","07_report/CpG_context_sampling_37032_473_trimmed_bismark_bt2.CpG",11930,9938,1992,11930
"19474","07_report/CpG_context_sampling_37032_474_trimmed_bismark_bt2.CpG",11894,9950,1944,11894
"19475","07_report/CpG_context_sampling_37032_475_trimmed_bismark_bt2.CpG",11965,9923,2042,11965
"19476","07_report/CpG_context_sampling_37032_476_trimmed_bismark_bt2.CpG",11964,9988,1976,11964
"19477","07_report/CpG_context_sampling_37032_477_trimmed_bismark_bt2.CpG",11960,9929,2031,11960
"19478","07_report/CpG_context_sampling_37032_478_trimmed_bismark_bt2.CpG",11852,9859,1993,11852
"19479","07_report/CpG_context_sampling_37032_479_trimmed_bismark_bt2.CpG",11996,9991,2005,11996
"19480","07_report/CpG_context_sampling_37032_480_trimmed_bismark_bt2.CpG",12152,10122,2030,12152
"19481","07_report/CpG_context_sampling_37032_481_trimmed_bismark_bt2.CpG",11962,9963,1999,11962
"19482","07_report/CpG_context_sampling_37032_482_trimmed_bismark_bt2.CpG",12034,9971,2063,12034
"19483","07_report/CpG_context_sampling_37032_483_trimmed_bismark_bt2.CpG",11966,9961,2005,11966
"19484","07_report/CpG_context_sampling_37032_484_trimmed_bismark_bt2.CpG",12086,10032,2054,12086
"19485","07_report/CpG_context_sampling_37032_485_trimmed_bismark_bt2.CpG",11912,9904,2008,11912
"19486","07_report/CpG_context_sampling_37032_486_trimmed_bismark_bt2.CpG",12178,10181,1997,12178
"19487","07_report/CpG_context_sampling_37032_487_trimmed_bismark_bt2.CpG",11984,9899,2085,11984
"19488","07_report/CpG_context_sampling_37032_488_trimmed_bismark_bt2.CpG",11888,9905,1983,11888
"19489","07_report/CpG_context_sampling_37032_489_trimmed_bismark_bt2.CpG",12021,10049,1972,12021
"19490","07_report/CpG_context_sampling_37032_490_trimmed_bismark_bt2.CpG",11910,9957,1953,11910
"19491","07_report/CpG_context_sampling_37032_491_trimmed_bismark_bt2.CpG",12065,9989,2076,12065
"19492","07_report/CpG_context_sampling_37032_492_trimmed_bismark_bt2.CpG",11916,9895,2021,11916
"19493","07_report/CpG_context_sampling_37032_493_trimmed_bismark_bt2.CpG",11944,9978,1966,11944
"19494","07_report/CpG_context_sampling_37032_494_trimmed_bismark_bt2.CpG",12100,10030,2070,12100
"19495","07_report/CpG_context_sampling_37032_495_trimmed_bismark_bt2.CpG",11886,9927,1959,11886
"19496","07_report/CpG_context_sampling_37032_496_trimmed_bismark_bt2.CpG",12012,10011,2001,12012
"19497","07_report/CpG_context_sampling_37032_497_trimmed_bismark_bt2.CpG",11899,9899,2000,11899
"19498","07_report/CpG_context_sampling_37032_498_trimmed_bismark_bt2.CpG",12037,10086,1951,12037
"19499","07_report/CpG_context_sampling_37032_499_trimmed_bismark_bt2.CpG",12033,10050,1983,12033
"19500","07_report/CpG_context_sampling_37032_500_trimmed_bismark_bt2.CpG",12057,9993,2064,12057
"19501","07_report/CpG_context_sampling_37032_501_trimmed_bismark_bt2.CpG",11913,9878,2035,11913
"19502","07_report/CpG_context_sampling_37032_502_trimmed_bismark_bt2.CpG",11950,9930,2020,11950
"19503","07_report/CpG_context_sampling_37032_503_trimmed_bismark_bt2.CpG",11960,9919,2041,11960
"19504","07_report/CpG_context_sampling_37032_504_trimmed_bismark_bt2.CpG",12049,9955,2094,12049
"19505","07_report/CpG_context_sampling_37032_505_trimmed_bismark_bt2.CpG",12093,10013,2080,12093
"19506","07_report/CpG_context_sampling_37032_506_trimmed_bismark_bt2.CpG",11943,9925,2018,11943
"19507","07_report/CpG_context_sampling_37032_507_trimmed_bismark_bt2.CpG",12148,10112,2036,12148
"19508","07_report/CpG_context_sampling_37032_508_trimmed_bismark_bt2.CpG",11856,9832,2024,11856
"19509","07_report/CpG_context_sampling_37032_509_trimmed_bismark_bt2.CpG",11963,9947,2016,11963
"19510","07_report/CpG_context_sampling_37032_510_trimmed_bismark_bt2.CpG",11956,9951,2005,11956
"19511","07_report/CpG_context_sampling_37032_511_trimmed_bismark_bt2.CpG",11977,9940,2037,11977
"19512","07_report/CpG_context_sampling_37032_512_trimmed_bismark_bt2.CpG",12109,10127,1982,12109
"19513","07_report/CpG_context_sampling_37032_513_trimmed_bismark_bt2.CpG",11930,9932,1998,11930
"19514","07_report/CpG_context_sampling_37032_514_trimmed_bismark_bt2.CpG",11966,9929,2037,11966
"19515","07_report/CpG_context_sampling_37032_515_trimmed_bismark_bt2.CpG",11922,9911,2011,11922
"19516","07_report/CpG_context_sampling_37032_516_trimmed_bismark_bt2.CpG",11912,9912,2000,11912
"19517","07_report/CpG_context_sampling_37032_517_trimmed_bismark_bt2.CpG",11972,9952,2020,11972
"19518","07_report/CpG_context_sampling_37032_518_trimmed_bismark_bt2.CpG",12059,10048,2011,12059
"19519","07_report/CpG_context_sampling_37032_519_trimmed_bismark_bt2.CpG",12087,9993,2094,12087
"19520","07_report/CpG_context_sampling_37032_520_trimmed_bismark_bt2.CpG",12137,10095,2042,12137
"19521","07_report/CpG_context_sampling_37032_521_trimmed_bismark_bt2.CpG",11973,9876,2097,11973
"19522","07_report/CpG_context_sampling_37032_522_trimmed_bismark_bt2.CpG",11928,9929,1999,11928
"19523","07_report/CpG_context_sampling_37032_523_trimmed_bismark_bt2.CpG",11966,10002,1964,11966
"19524","07_report/CpG_context_sampling_37032_524_trimmed_bismark_bt2.CpG",11892,9911,1981,11892
"19525","07_report/CpG_context_sampling_37032_525_trimmed_bismark_bt2.CpG",12007,9944,2063,12007
"19526","07_report/CpG_context_sampling_37032_526_trimmed_bismark_bt2.CpG",11900,9973,1927,11900
"19527","07_report/CpG_context_sampling_37032_527_trimmed_bismark_bt2.CpG",11868,9905,1963,11868
"19528","07_report/CpG_context_sampling_37032_528_trimmed_bismark_bt2.CpG",11962,9937,2025,11962
"19529","07_report/CpG_context_sampling_37032_529_trimmed_bismark_bt2.CpG",11971,9905,2066,11971
"19530","07_report/CpG_context_sampling_37032_530_trimmed_bismark_bt2.CpG",12003,9951,2052,12003
"19531","07_report/CpG_context_sampling_37032_531_trimmed_bismark_bt2.CpG",11898,9901,1997,11898
"19532","07_report/CpG_context_sampling_37032_532_trimmed_bismark_bt2.CpG",11891,9857,2034,11891
"19533","07_report/CpG_context_sampling_37032_533_trimmed_bismark_bt2.CpG",11955,9910,2045,11955
"19534","07_report/CpG_context_sampling_37032_534_trimmed_bismark_bt2.CpG",11933,9924,2009,11933
"19535","07_report/CpG_context_sampling_37032_535_trimmed_bismark_bt2.CpG",11908,9903,2005,11908
"19536","07_report/CpG_context_sampling_37032_536_trimmed_bismark_bt2.CpG",11890,9897,1993,11890
"19537","07_report/CpG_context_sampling_37032_537_trimmed_bismark_bt2.CpG",12002,9958,2044,12002
"19538","07_report/CpG_context_sampling_37032_538_trimmed_bismark_bt2.CpG",12060,10114,1946,12060
"19539","07_report/CpG_context_sampling_37032_539_trimmed_bismark_bt2.CpG",12032,9941,2091,12032
"19540","07_report/CpG_context_sampling_37032_540_trimmed_bismark_bt2.CpG",12072,9987,2085,12072
"19541","07_report/CpG_context_sampling_37032_541_trimmed_bismark_bt2.CpG",11941,9952,1989,11941
"19542","07_report/CpG_context_sampling_37032_542_trimmed_bismark_bt2.CpG",11971,9979,1992,11971
"19543","07_report/CpG_context_sampling_37032_543_trimmed_bismark_bt2.CpG",11935,9974,1961,11935
"19544","07_report/CpG_context_sampling_37032_544_trimmed_bismark_bt2.CpG",12082,10008,2074,12082
"19545","07_report/CpG_context_sampling_37032_545_trimmed_bismark_bt2.CpG",12003,9968,2035,12003
"19546","07_report/CpG_context_sampling_37032_546_trimmed_bismark_bt2.CpG",12002,9886,2116,12002
"19547","07_report/CpG_context_sampling_37032_547_trimmed_bismark_bt2.CpG",11873,9902,1971,11873
"19548","07_report/CpG_context_sampling_37032_548_trimmed_bismark_bt2.CpG",11861,9850,2011,11861
"19549","07_report/CpG_context_sampling_37032_549_trimmed_bismark_bt2.CpG",11859,9818,2041,11859
"19550","07_report/CpG_context_sampling_37032_550_trimmed_bismark_bt2.CpG",11978,9911,2067,11978
"19551","07_report/CpG_context_sampling_37032_551_trimmed_bismark_bt2.CpG",11982,9926,2056,11982
"19552","07_report/CpG_context_sampling_37032_552_trimmed_bismark_bt2.CpG",11896,9830,2066,11896
"19553","07_report/CpG_context_sampling_37032_553_trimmed_bismark_bt2.CpG",11971,9941,2030,11971
"19554","07_report/CpG_context_sampling_37032_554_trimmed_bismark_bt2.CpG",12049,10070,1979,12049
"19555","07_report/CpG_context_sampling_37032_555_trimmed_bismark_bt2.CpG",11977,9905,2072,11977
"19556","07_report/CpG_context_sampling_37032_556_trimmed_bismark_bt2.CpG",12089,10011,2078,12089
"19557","07_report/CpG_context_sampling_37032_557_trimmed_bismark_bt2.CpG",11923,9860,2063,11923
"19558","07_report/CpG_context_sampling_37032_558_trimmed_bismark_bt2.CpG",11840,9834,2006,11840
"19559","07_report/CpG_context_sampling_37032_559_trimmed_bismark_bt2.CpG",12048,10006,2042,12048
"19560","07_report/CpG_context_sampling_37032_560_trimmed_bismark_bt2.CpG",11962,9987,1975,11962
"19561","07_report/CpG_context_sampling_37032_561_trimmed_bismark_bt2.CpG",11941,9924,2017,11941
"19562","07_report/CpG_context_sampling_37032_562_trimmed_bismark_bt2.CpG",12070,10020,2050,12070
"19563","07_report/CpG_context_sampling_37032_563_trimmed_bismark_bt2.CpG",12067,9941,2126,12067
"19564","07_report/CpG_context_sampling_37032_564_trimmed_bismark_bt2.CpG",11883,9849,2034,11883
"19565","07_report/CpG_context_sampling_37032_565_trimmed_bismark_bt2.CpG",11921,9935,1986,11921
"19566","07_report/CpG_context_sampling_37032_566_trimmed_bismark_bt2.CpG",12144,10130,2014,12144
"19567","07_report/CpG_context_sampling_37032_567_trimmed_bismark_bt2.CpG",12015,9914,2101,12015
"19568","07_report/CpG_context_sampling_37032_568_trimmed_bismark_bt2.CpG",11984,9908,2076,11984
"19569","07_report/CpG_context_sampling_37032_569_trimmed_bismark_bt2.CpG",12146,10028,2118,12146
"19570","07_report/CpG_context_sampling_37032_570_trimmed_bismark_bt2.CpG",11977,9895,2082,11977
"19571","07_report/CpG_context_sampling_37032_571_trimmed_bismark_bt2.CpG",12125,10086,2039,12125
"19572","07_report/CpG_context_sampling_37032_572_trimmed_bismark_bt2.CpG",11662,9688,1974,11662
"19573","07_report/CpG_context_sampling_37032_573_trimmed_bismark_bt2.CpG",12015,9962,2053,12015
"19574","07_report/CpG_context_sampling_37032_574_trimmed_bismark_bt2.CpG",12097,10059,2038,12097
"19575","07_report/CpG_context_sampling_37032_575_trimmed_bismark_bt2.CpG",12063,10100,1963,12063
"19576","07_report/CpG_context_sampling_37032_576_trimmed_bismark_bt2.CpG",11943,9903,2040,11943
"19577","07_report/CpG_context_sampling_37032_577_trimmed_bismark_bt2.CpG",12009,9958,2051,12009
"19578","07_report/CpG_context_sampling_37032_578_trimmed_bismark_bt2.CpG",12017,9889,2128,12017
"19579","07_report/CpG_context_sampling_37032_579_trimmed_bismark_bt2.CpG",11929,9861,2068,11929
"19580","07_report/CpG_context_sampling_37032_580_trimmed_bismark_bt2.CpG",11951,9937,2014,11951
"19581","07_report/CpG_context_sampling_37032_581_trimmed_bismark_bt2.CpG",11899,9989,1910,11899
"19582","07_report/CpG_context_sampling_37032_582_trimmed_bismark_bt2.CpG",11992,9992,2000,11992
"19583","07_report/CpG_context_sampling_37032_583_trimmed_bismark_bt2.CpG",11967,9916,2051,11967
"19584","07_report/CpG_context_sampling_37032_584_trimmed_bismark_bt2.CpG",12081,10042,2039,12081
"19585","07_report/CpG_context_sampling_37032_585_trimmed_bismark_bt2.CpG",11898,9837,2061,11898
"19586","07_report/CpG_context_sampling_37032_586_trimmed_bismark_bt2.CpG",11931,9940,1991,11931
"19587","07_report/CpG_context_sampling_37032_587_trimmed_bismark_bt2.CpG",11886,9913,1973,11886
"19588","07_report/CpG_context_sampling_37032_588_trimmed_bismark_bt2.CpG",11811,9770,2041,11811
"19589","07_report/CpG_context_sampling_37032_589_trimmed_bismark_bt2.CpG",12117,10049,2068,12117
"19590","07_report/CpG_context_sampling_37032_590_trimmed_bismark_bt2.CpG",11827,9845,1982,11827
"19591","07_report/CpG_context_sampling_37032_591_trimmed_bismark_bt2.CpG",12068,10000,2068,12068
"19592","07_report/CpG_context_sampling_37032_592_trimmed_bismark_bt2.CpG",11955,9956,1999,11955
"19593","07_report/CpG_context_sampling_37032_593_trimmed_bismark_bt2.CpG",12035,9954,2081,12035
"19594","07_report/CpG_context_sampling_37032_594_trimmed_bismark_bt2.CpG",12117,10101,2016,12117
"19595","07_report/CpG_context_sampling_37032_595_trimmed_bismark_bt2.CpG",11899,9853,2046,11899
"19596","07_report/CpG_context_sampling_37032_596_trimmed_bismark_bt2.CpG",11947,9891,2056,11947
"19597","07_report/CpG_context_sampling_37032_597_trimmed_bismark_bt2.CpG",11902,9926,1976,11902
"19598","07_report/CpG_context_sampling_37032_598_trimmed_bismark_bt2.CpG",11955,9908,2047,11955
"19599","07_report/CpG_context_sampling_37032_599_trimmed_bismark_bt2.CpG",11935,9964,1971,11935
"19600","07_report/CpG_context_sampling_37032_600_trimmed_bismark_bt2.CpG",12009,9920,2089,12009
"19601","07_report/CpG_context_sampling_37032_601_trimmed_bismark_bt2.CpG",12019,10011,2008,12019
"19602","07_report/CpG_context_sampling_37032_602_trimmed_bismark_bt2.CpG",12068,10006,2062,12068
"19603","07_report/CpG_context_sampling_37032_603_trimmed_bismark_bt2.CpG",12063,10039,2024,12063
"19604","07_report/CpG_context_sampling_37032_604_trimmed_bismark_bt2.CpG",11993,10001,1992,11993
"19605","07_report/CpG_context_sampling_37032_605_trimmed_bismark_bt2.CpG",11948,9868,2080,11948
"19606","07_report/CpG_context_sampling_37032_606_trimmed_bismark_bt2.CpG",11899,9904,1995,11899
"19607","07_report/CpG_context_sampling_37032_607_trimmed_bismark_bt2.CpG",11838,9801,2037,11838
"19608","07_report/CpG_context_sampling_37032_608_trimmed_bismark_bt2.CpG",11842,9892,1950,11842
"19609","07_report/CpG_context_sampling_37032_609_trimmed_bismark_bt2.CpG",11966,9904,2062,11966
"19610","07_report/CpG_context_sampling_37032_610_trimmed_bismark_bt2.CpG",11921,9873,2048,11921
"19611","07_report/CpG_context_sampling_37032_611_trimmed_bismark_bt2.CpG",12129,10117,2012,12129
"19612","07_report/CpG_context_sampling_37032_612_trimmed_bismark_bt2.CpG",11829,9803,2026,11829
"19613","07_report/CpG_context_sampling_37032_613_trimmed_bismark_bt2.CpG",11873,9843,2030,11873
"19614","07_report/CpG_context_sampling_37032_614_trimmed_bismark_bt2.CpG",11887,9942,1945,11887
"19615","07_report/CpG_context_sampling_37032_615_trimmed_bismark_bt2.CpG",12116,10075,2041,12116
"19616","07_report/CpG_context_sampling_37032_616_trimmed_bismark_bt2.CpG",11826,9815,2011,11826
"19617","07_report/CpG_context_sampling_37032_617_trimmed_bismark_bt2.CpG",12048,10040,2008,12048
"19618","07_report/CpG_context_sampling_37032_618_trimmed_bismark_bt2.CpG",12013,9946,2067,12013
"19619","07_report/CpG_context_sampling_37032_619_trimmed_bismark_bt2.CpG",12021,9953,2068,12021
"19620","07_report/CpG_context_sampling_37032_620_trimmed_bismark_bt2.CpG",11933,9982,1951,11933
"19621","07_report/CpG_context_sampling_37032_621_trimmed_bismark_bt2.CpG",11970,9964,2006,11970
"19622","07_report/CpG_context_sampling_37032_622_trimmed_bismark_bt2.CpG",11939,9869,2070,11939
"19623","07_report/CpG_context_sampling_37032_623_trimmed_bismark_bt2.CpG",12010,10072,1938,12010
"19624","07_report/CpG_context_sampling_37032_624_trimmed_bismark_bt2.CpG",11947,9971,1976,11947
"19625","07_report/CpG_context_sampling_37032_625_trimmed_bismark_bt2.CpG",12011,9997,2014,12011
"19626","07_report/CpG_context_sampling_37032_626_trimmed_bismark_bt2.CpG",11970,9895,2075,11970
"19627","07_report/CpG_context_sampling_37032_627_trimmed_bismark_bt2.CpG",11978,9975,2003,11978
"19628","07_report/CpG_context_sampling_37032_628_trimmed_bismark_bt2.CpG",11880,9865,2015,11880
"19629","07_report/CpG_context_sampling_37032_629_trimmed_bismark_bt2.CpG",11942,10017,1925,11942
"19630","07_report/CpG_context_sampling_37032_630_trimmed_bismark_bt2.CpG",11917,9911,2006,11917
"19631","07_report/CpG_context_sampling_37032_631_trimmed_bismark_bt2.CpG",11976,9922,2054,11976
"19632","07_report/CpG_context_sampling_37032_632_trimmed_bismark_bt2.CpG",11876,9951,1925,11876
"19633","07_report/CpG_context_sampling_37032_633_trimmed_bismark_bt2.CpG",11898,9849,2049,11898
"19634","07_report/CpG_context_sampling_37032_634_trimmed_bismark_bt2.CpG",11918,9863,2055,11918
"19635","07_report/CpG_context_sampling_37032_635_trimmed_bismark_bt2.CpG",11906,9946,1960,11906
"19636","07_report/CpG_context_sampling_37032_636_trimmed_bismark_bt2.CpG",11982,9964,2018,11982
"19637","07_report/CpG_context_sampling_37032_637_trimmed_bismark_bt2.CpG",12079,10109,1970,12079
"19638","07_report/CpG_context_sampling_37032_638_trimmed_bismark_bt2.CpG",12037,9988,2049,12037
"19639","07_report/CpG_context_sampling_37032_639_trimmed_bismark_bt2.CpG",12073,10014,2059,12073
"19640","07_report/CpG_context_sampling_37032_640_trimmed_bismark_bt2.CpG",11974,10002,1972,11974
"19641","07_report/CpG_context_sampling_37032_641_trimmed_bismark_bt2.CpG",11821,9886,1935,11821
"19642","07_report/CpG_context_sampling_37032_642_trimmed_bismark_bt2.CpG",12087,9998,2089,12087
"19643","07_report/CpG_context_sampling_37032_643_trimmed_bismark_bt2.CpG",11835,9890,1945,11835
"19644","07_report/CpG_context_sampling_37032_644_trimmed_bismark_bt2.CpG",11914,9885,2029,11914
"19645","07_report/CpG_context_sampling_37032_645_trimmed_bismark_bt2.CpG",12133,10068,2065,12133
"19646","07_report/CpG_context_sampling_37032_646_trimmed_bismark_bt2.CpG",11821,9819,2002,11821
"19647","07_report/CpG_context_sampling_37032_647_trimmed_bismark_bt2.CpG",11916,9964,1952,11916
"19648","07_report/CpG_context_sampling_37032_648_trimmed_bismark_bt2.CpG",12130,10066,2064,12130
"19649","07_report/CpG_context_sampling_37032_649_trimmed_bismark_bt2.CpG",11807,9787,2020,11807
"19650","07_report/CpG_context_sampling_37032_650_trimmed_bismark_bt2.CpG",12004,10003,2001,12004
"19651","07_report/CpG_context_sampling_37032_651_trimmed_bismark_bt2.CpG",12108,10058,2050,12108
"19652","07_report/CpG_context_sampling_37032_652_trimmed_bismark_bt2.CpG",11835,9834,2001,11835
"19653","07_report/CpG_context_sampling_37032_653_trimmed_bismark_bt2.CpG",11815,9765,2050,11815
"19654","07_report/CpG_context_sampling_37032_654_trimmed_bismark_bt2.CpG",12005,10083,1922,12005
"19655","07_report/CpG_context_sampling_37032_655_trimmed_bismark_bt2.CpG",12054,9990,2064,12054
"19656","07_report/CpG_context_sampling_37032_656_trimmed_bismark_bt2.CpG",11984,9967,2017,11984
"19657","07_report/CpG_context_sampling_37032_657_trimmed_bismark_bt2.CpG",11926,9890,2036,11926
"19658","07_report/CpG_context_sampling_37032_658_trimmed_bismark_bt2.CpG",11813,9743,2070,11813
"19659","07_report/CpG_context_sampling_37032_659_trimmed_bismark_bt2.CpG",12063,10024,2039,12063
"19660","07_report/CpG_context_sampling_37032_660_trimmed_bismark_bt2.CpG",11882,9854,2028,11882
"19661","07_report/CpG_context_sampling_37032_661_trimmed_bismark_bt2.CpG",11824,9794,2030,11824
"19662","07_report/CpG_context_sampling_37032_662_trimmed_bismark_bt2.CpG",12020,9981,2039,12020
"19663","07_report/CpG_context_sampling_37032_663_trimmed_bismark_bt2.CpG",12019,9991,2028,12019
"19664","07_report/CpG_context_sampling_37032_664_trimmed_bismark_bt2.CpG",11963,10005,1958,11963
"19665","07_report/CpG_context_sampling_37032_665_trimmed_bismark_bt2.CpG",12007,9975,2032,12007
"19666","07_report/CpG_context_sampling_37032_666_trimmed_bismark_bt2.CpG",11988,9927,2061,11988
"19667","07_report/CpG_context_sampling_37032_667_trimmed_bismark_bt2.CpG",12001,10037,1964,12001
"19668","07_report/CpG_context_sampling_37032_668_trimmed_bismark_bt2.CpG",12073,10002,2071,12073
"19669","07_report/CpG_context_sampling_37032_669_trimmed_bismark_bt2.CpG",11866,9884,1982,11866
"19670","07_report/CpG_context_sampling_37032_670_trimmed_bismark_bt2.CpG",12136,10047,2089,12136
"19671","07_report/CpG_context_sampling_37032_671_trimmed_bismark_bt2.CpG",12080,10111,1969,12080
"19672","07_report/CpG_context_sampling_37032_672_trimmed_bismark_bt2.CpG",11845,9838,2007,11845
"19673","07_report/CpG_context_sampling_37032_673_trimmed_bismark_bt2.CpG",11867,9880,1987,11867
"19674","07_report/CpG_context_sampling_37032_674_trimmed_bismark_bt2.CpG",12135,10051,2084,12135
"19675","07_report/CpG_context_sampling_37032_675_trimmed_bismark_bt2.CpG",11888,9879,2009,11888
"19676","07_report/CpG_context_sampling_37032_676_trimmed_bismark_bt2.CpG",12110,10089,2021,12110
"19677","07_report/CpG_context_sampling_37032_677_trimmed_bismark_bt2.CpG",11929,9925,2004,11929
"19678","07_report/CpG_context_sampling_37032_678_trimmed_bismark_bt2.CpG",11970,9976,1994,11970
"19679","07_report/CpG_context_sampling_37032_679_trimmed_bismark_bt2.CpG",11825,9848,1977,11825
"19680","07_report/CpG_context_sampling_37032_680_trimmed_bismark_bt2.CpG",11988,10001,1987,11988
"19681","07_report/CpG_context_sampling_37032_681_trimmed_bismark_bt2.CpG",12037,9963,2074,12037
"19682","07_report/CpG_context_sampling_37032_682_trimmed_bismark_bt2.CpG",12118,10079,2039,12118
"19683","07_report/CpG_context_sampling_37032_683_trimmed_bismark_bt2.CpG",11953,9945,2008,11953
"19684","07_report/CpG_context_sampling_37032_684_trimmed_bismark_bt2.CpG",11904,9899,2005,11904
"19685","07_report/CpG_context_sampling_37032_685_trimmed_bismark_bt2.CpG",11993,10023,1970,11993
"19686","07_report/CpG_context_sampling_37032_686_trimmed_bismark_bt2.CpG",11840,9849,1991,11840
"19687","07_report/CpG_context_sampling_37032_687_trimmed_bismark_bt2.CpG",12205,10203,2002,12205
"19688","07_report/CpG_context_sampling_37032_688_trimmed_bismark_bt2.CpG",12050,10017,2033,12050
"19689","07_report/CpG_context_sampling_37032_689_trimmed_bismark_bt2.CpG",11863,9811,2052,11863
"19690","07_report/CpG_context_sampling_37032_690_trimmed_bismark_bt2.CpG",11896,9926,1970,11896
"19691","07_report/CpG_context_sampling_37032_691_trimmed_bismark_bt2.CpG",12034,10014,2020,12034
"19692","07_report/CpG_context_sampling_37032_692_trimmed_bismark_bt2.CpG",11930,9907,2023,11930
"19693","07_report/CpG_context_sampling_37032_693_trimmed_bismark_bt2.CpG",12021,9997,2024,12021
"19694","07_report/CpG_context_sampling_37032_694_trimmed_bismark_bt2.CpG",12019,10042,1977,12019
"19695","07_report/CpG_context_sampling_37032_695_trimmed_bismark_bt2.CpG",11946,9936,2010,11946
"19696","07_report/CpG_context_sampling_37032_696_trimmed_bismark_bt2.CpG",11965,9904,2061,11965
"19697","07_report/CpG_context_sampling_37032_697_trimmed_bismark_bt2.CpG",12046,9983,2063,12046
"19698","07_report/CpG_context_sampling_37032_698_trimmed_bismark_bt2.CpG",11879,9940,1939,11879
"19699","07_report/CpG_context_sampling_37032_699_trimmed_bismark_bt2.CpG",11912,9917,1995,11912
"19700","07_report/CpG_context_sampling_37032_700_trimmed_bismark_bt2.CpG",11839,9864,1975,11839
"19701","07_report/CpG_context_sampling_37032_701_trimmed_bismark_bt2.CpG",12004,9998,2006,12004
"19702","07_report/CpG_context_sampling_37032_702_trimmed_bismark_bt2.CpG",11963,9963,2000,11963
"19703","07_report/CpG_context_sampling_37032_703_trimmed_bismark_bt2.CpG",12121,10030,2091,12121
"19704","07_report/CpG_context_sampling_37032_704_trimmed_bismark_bt2.CpG",12046,10005,2041,12046
"19705","07_report/CpG_context_sampling_37032_705_trimmed_bismark_bt2.CpG",11917,9876,2041,11917
"19706","07_report/CpG_context_sampling_37032_706_trimmed_bismark_bt2.CpG",12045,10013,2032,12045
"19707","07_report/CpG_context_sampling_37032_707_trimmed_bismark_bt2.CpG",11917,9901,2016,11917
"19708","07_report/CpG_context_sampling_37032_708_trimmed_bismark_bt2.CpG",12066,10058,2008,12066
"19709","07_report/CpG_context_sampling_37032_709_trimmed_bismark_bt2.CpG",12029,10008,2021,12029
"19710","07_report/CpG_context_sampling_37032_710_trimmed_bismark_bt2.CpG",11948,9958,1990,11948
"19711","07_report/CpG_context_sampling_37032_711_trimmed_bismark_bt2.CpG",12121,10105,2016,12121
"19712","07_report/CpG_context_sampling_37032_712_trimmed_bismark_bt2.CpG",12034,9952,2082,12034
"19713","07_report/CpG_context_sampling_37032_713_trimmed_bismark_bt2.CpG",12007,10068,1939,12007
"19714","07_report/CpG_context_sampling_37032_714_trimmed_bismark_bt2.CpG",11886,9879,2007,11886
"19715","07_report/CpG_context_sampling_37032_715_trimmed_bismark_bt2.CpG",12039,9974,2065,12039
"19716","07_report/CpG_context_sampling_37032_716_trimmed_bismark_bt2.CpG",11977,9989,1988,11977
"19717","07_report/CpG_context_sampling_37032_717_trimmed_bismark_bt2.CpG",11903,9921,1982,11903
"19718","07_report/CpG_context_sampling_37032_718_trimmed_bismark_bt2.CpG",11880,9803,2077,11880
"19719","07_report/CpG_context_sampling_37032_719_trimmed_bismark_bt2.CpG",11902,9896,2006,11902
"19720","07_report/CpG_context_sampling_37032_720_trimmed_bismark_bt2.CpG",11884,9812,2072,11884
"19721","07_report/CpG_context_sampling_37032_721_trimmed_bismark_bt2.CpG",11931,9904,2027,11931
"19722","07_report/CpG_context_sampling_37032_722_trimmed_bismark_bt2.CpG",12047,9985,2062,12047
"19723","07_report/CpG_context_sampling_37032_723_trimmed_bismark_bt2.CpG",11974,9971,2003,11974
"19724","07_report/CpG_context_sampling_37032_724_trimmed_bismark_bt2.CpG",12090,10022,2068,12090
"19725","07_report/CpG_context_sampling_37032_725_trimmed_bismark_bt2.CpG",11898,9918,1980,11898
"19726","07_report/CpG_context_sampling_37032_726_trimmed_bismark_bt2.CpG",11975,9944,2031,11975
"19727","07_report/CpG_context_sampling_37032_727_trimmed_bismark_bt2.CpG",12198,10090,2108,12198
"19728","07_report/CpG_context_sampling_37032_728_trimmed_bismark_bt2.CpG",11823,9857,1966,11823
"19729","07_report/CpG_context_sampling_37032_729_trimmed_bismark_bt2.CpG",11923,9832,2091,11923
"19730","07_report/CpG_context_sampling_37032_730_trimmed_bismark_bt2.CpG",11969,9989,1980,11969
"19731","07_report/CpG_context_sampling_37032_731_trimmed_bismark_bt2.CpG",11973,9857,2116,11973
"19732","07_report/CpG_context_sampling_37032_732_trimmed_bismark_bt2.CpG",12060,9999,2061,12060
"19733","07_report/CpG_context_sampling_37032_733_trimmed_bismark_bt2.CpG",11953,9992,1961,11953
"19734","07_report/CpG_context_sampling_37032_734_trimmed_bismark_bt2.CpG",11971,9897,2074,11971
"19735","07_report/CpG_context_sampling_37032_735_trimmed_bismark_bt2.CpG",11832,9845,1987,11832
"19736","07_report/CpG_context_sampling_37032_736_trimmed_bismark_bt2.CpG",12117,10080,2037,12117
"19737","07_report/CpG_context_sampling_37032_737_trimmed_bismark_bt2.CpG",12052,10065,1987,12052
"19738","07_report/CpG_context_sampling_37032_738_trimmed_bismark_bt2.CpG",11985,9985,2000,11985
"19739","07_report/CpG_context_sampling_37032_739_trimmed_bismark_bt2.CpG",12058,10023,2035,12058
"19740","07_report/CpG_context_sampling_37032_740_trimmed_bismark_bt2.CpG",11918,9998,1920,11918
"19741","07_report/CpG_context_sampling_37032_741_trimmed_bismark_bt2.CpG",12015,10008,2007,12015
"19742","07_report/CpG_context_sampling_37032_742_trimmed_bismark_bt2.CpG",11960,9928,2032,11960
"19743","07_report/CpG_context_sampling_37032_743_trimmed_bismark_bt2.CpG",11993,9986,2007,11993
"19744","07_report/CpG_context_sampling_37032_744_trimmed_bismark_bt2.CpG",12025,9982,2043,12025
"19745","07_report/CpG_context_sampling_37032_745_trimmed_bismark_bt2.CpG",12110,10080,2030,12110
"19746","07_report/CpG_context_sampling_37032_746_trimmed_bismark_bt2.CpG",12022,9998,2024,12022
"19747","07_report/CpG_context_sampling_37032_747_trimmed_bismark_bt2.CpG",11905,9892,2013,11905
"19748","07_report/CpG_context_sampling_37032_748_trimmed_bismark_bt2.CpG",11796,9730,2066,11796
"19749","07_report/CpG_context_sampling_37032_749_trimmed_bismark_bt2.CpG",11965,9986,1979,11965
"19750","07_report/CpG_context_sampling_37032_750_trimmed_bismark_bt2.CpG",11952,9883,2069,11952
"19751","07_report/CpG_context_sampling_37032_751_trimmed_bismark_bt2.CpG",11947,9897,2050,11947
"19752","07_report/CpG_context_sampling_37032_752_trimmed_bismark_bt2.CpG",11879,9832,2047,11879
"19753","07_report/CpG_context_sampling_37032_753_trimmed_bismark_bt2.CpG",12043,9975,2068,12043
"19754","07_report/CpG_context_sampling_37032_754_trimmed_bismark_bt2.CpG",11968,9938,2030,11968
"19755","07_report/CpG_context_sampling_37032_755_trimmed_bismark_bt2.CpG",11919,9907,2012,11919
"19756","07_report/CpG_context_sampling_37032_756_trimmed_bismark_bt2.CpG",11974,10019,1955,11974
"19757","07_report/CpG_context_sampling_37032_757_trimmed_bismark_bt2.CpG",11796,9788,2008,11796
"19758","07_report/CpG_context_sampling_37032_758_trimmed_bismark_bt2.CpG",11896,9910,1986,11896
"19759","07_report/CpG_context_sampling_37032_759_trimmed_bismark_bt2.CpG",12061,10067,1994,12061
"19760","07_report/CpG_context_sampling_37032_760_trimmed_bismark_bt2.CpG",11766,9747,2019,11766
"19761","07_report/CpG_context_sampling_37032_761_trimmed_bismark_bt2.CpG",11924,9882,2042,11924
"19762","07_report/CpG_context_sampling_37032_762_trimmed_bismark_bt2.CpG",12116,10079,2037,12116
"19763","07_report/CpG_context_sampling_37032_763_trimmed_bismark_bt2.CpG",11917,9864,2053,11917
"19764","07_report/CpG_context_sampling_37032_764_trimmed_bismark_bt2.CpG",12071,10005,2066,12071
"19765","07_report/CpG_context_sampling_37032_765_trimmed_bismark_bt2.CpG",11834,9903,1931,11834
"19766","07_report/CpG_context_sampling_37032_766_trimmed_bismark_bt2.CpG",11983,9888,2095,11983
"19767","07_report/CpG_context_sampling_37032_767_trimmed_bismark_bt2.CpG",11957,9959,1998,11957
"19768","07_report/CpG_context_sampling_37032_768_trimmed_bismark_bt2.CpG",12012,9986,2026,12012
"19769","07_report/CpG_context_sampling_37032_769_trimmed_bismark_bt2.CpG",11873,9894,1979,11873
"19770","07_report/CpG_context_sampling_37032_770_trimmed_bismark_bt2.CpG",11956,9948,2008,11956
"19771","07_report/CpG_context_sampling_37032_771_trimmed_bismark_bt2.CpG",11983,10009,1974,11983
"19772","07_report/CpG_context_sampling_37032_772_trimmed_bismark_bt2.CpG",11979,10021,1958,11979
"19773","07_report/CpG_context_sampling_37032_773_trimmed_bismark_bt2.CpG",11814,9813,2001,11814
"19774","07_report/CpG_context_sampling_37032_774_trimmed_bismark_bt2.CpG",11816,9834,1982,11816
"19775","07_report/CpG_context_sampling_37032_775_trimmed_bismark_bt2.CpG",12114,10017,2097,12114
"19776","07_report/CpG_context_sampling_37032_776_trimmed_bismark_bt2.CpG",12018,10019,1999,12018
"19777","07_report/CpG_context_sampling_37032_777_trimmed_bismark_bt2.CpG",11790,9724,2066,11790
"19778","07_report/CpG_context_sampling_37032_778_trimmed_bismark_bt2.CpG",11958,9940,2018,11958
"19779","07_report/CpG_context_sampling_37032_779_trimmed_bismark_bt2.CpG",11913,9896,2017,11913
"19780","07_report/CpG_context_sampling_37032_780_trimmed_bismark_bt2.CpG",11922,9935,1987,11922
"19781","07_report/CpG_context_sampling_37032_781_trimmed_bismark_bt2.CpG",11930,9935,1995,11930
"19782","07_report/CpG_context_sampling_37032_782_trimmed_bismark_bt2.CpG",12052,9993,2059,12052
"19783","07_report/CpG_context_sampling_37032_783_trimmed_bismark_bt2.CpG",11950,9943,2007,11950
"19784","07_report/CpG_context_sampling_37032_784_trimmed_bismark_bt2.CpG",11931,9868,2063,11931
"19785","07_report/CpG_context_sampling_37032_785_trimmed_bismark_bt2.CpG",11940,9922,2018,11940
"19786","07_report/CpG_context_sampling_37032_786_trimmed_bismark_bt2.CpG",11958,9888,2070,11958
"19787","07_report/CpG_context_sampling_37032_787_trimmed_bismark_bt2.CpG",11928,9932,1996,11928
"19788","07_report/CpG_context_sampling_37032_788_trimmed_bismark_bt2.CpG",11899,9848,2051,11899
"19789","07_report/CpG_context_sampling_37032_789_trimmed_bismark_bt2.CpG",11880,9848,2032,11880
"19790","07_report/CpG_context_sampling_37032_790_trimmed_bismark_bt2.CpG",11828,9769,2059,11828
"19791","07_report/CpG_context_sampling_37032_791_trimmed_bismark_bt2.CpG",11883,9909,1974,11883
"19792","07_report/CpG_context_sampling_37032_792_trimmed_bismark_bt2.CpG",11874,9888,1986,11874
"19793","07_report/CpG_context_sampling_37032_793_trimmed_bismark_bt2.CpG",11889,9837,2052,11889
"19794","07_report/CpG_context_sampling_37032_794_trimmed_bismark_bt2.CpG",12064,10070,1994,12064
"19795","07_report/CpG_context_sampling_37032_795_trimmed_bismark_bt2.CpG",11828,9875,1953,11828
"19796","07_report/CpG_context_sampling_37032_796_trimmed_bismark_bt2.CpG",11931,9873,2058,11931
"19797","07_report/CpG_context_sampling_37032_797_trimmed_bismark_bt2.CpG",11913,9916,1997,11913
"19798","07_report/CpG_context_sampling_37032_798_trimmed_bismark_bt2.CpG",11778,9859,1919,11778
"19799","07_report/CpG_context_sampling_37032_799_trimmed_bismark_bt2.CpG",11996,10075,1921,11996
"19800","07_report/CpG_context_sampling_37032_800_trimmed_bismark_bt2.CpG",11999,9968,2031,11999
"19801","07_report/CpG_context_sampling_37032_801_trimmed_bismark_bt2.CpG",12112,10060,2052,12112
"19802","07_report/CpG_context_sampling_37032_802_trimmed_bismark_bt2.CpG",12062,10097,1965,12062
"19803","07_report/CpG_context_sampling_37032_803_trimmed_bismark_bt2.CpG",11915,9835,2080,11915
"19804","07_report/CpG_context_sampling_37032_804_trimmed_bismark_bt2.CpG",12035,9967,2068,12035
"19805","07_report/CpG_context_sampling_37032_805_trimmed_bismark_bt2.CpG",11872,9907,1965,11872
"19806","07_report/CpG_context_sampling_37032_806_trimmed_bismark_bt2.CpG",12000,9952,2048,12000
"19807","07_report/CpG_context_sampling_37032_807_trimmed_bismark_bt2.CpG",11911,9864,2047,11911
"19808","07_report/CpG_context_sampling_37032_808_trimmed_bismark_bt2.CpG",12212,10182,2030,12212
"19809","07_report/CpG_context_sampling_37032_809_trimmed_bismark_bt2.CpG",11962,9994,1968,11962
"19810","07_report/CpG_context_sampling_37032_810_trimmed_bismark_bt2.CpG",12014,9950,2064,12014
"19811","07_report/CpG_context_sampling_37032_811_trimmed_bismark_bt2.CpG",11822,9798,2024,11822
"19812","07_report/CpG_context_sampling_37032_812_trimmed_bismark_bt2.CpG",11884,9815,2069,11884
"19813","07_report/CpG_context_sampling_37032_813_trimmed_bismark_bt2.CpG",11779,9810,1969,11779
"19814","07_report/CpG_context_sampling_37032_814_trimmed_bismark_bt2.CpG",11976,9902,2074,11976
"19815","07_report/CpG_context_sampling_37032_815_trimmed_bismark_bt2.CpG",12091,10058,2033,12091
"19816","07_report/CpG_context_sampling_37032_816_trimmed_bismark_bt2.CpG",11994,9973,2021,11994
"19817","07_report/CpG_context_sampling_37032_817_trimmed_bismark_bt2.CpG",11898,9935,1963,11898
"19818","07_report/CpG_context_sampling_37032_818_trimmed_bismark_bt2.CpG",11908,9879,2029,11908
"19819","07_report/CpG_context_sampling_37032_819_trimmed_bismark_bt2.CpG",11861,9844,2017,11861
"19820","07_report/CpG_context_sampling_37032_820_trimmed_bismark_bt2.CpG",11929,9867,2062,11929
"19821","07_report/CpG_context_sampling_37032_821_trimmed_bismark_bt2.CpG",11941,9913,2028,11941
"19822","07_report/CpG_context_sampling_37032_822_trimmed_bismark_bt2.CpG",11903,9909,1994,11903
"19823","07_report/CpG_context_sampling_37032_823_trimmed_bismark_bt2.CpG",11881,9960,1921,11881
"19824","07_report/CpG_context_sampling_37032_824_trimmed_bismark_bt2.CpG",11983,9990,1993,11983
"19825","07_report/CpG_context_sampling_37032_825_trimmed_bismark_bt2.CpG",11960,9948,2012,11960
"19826","07_report/CpG_context_sampling_37032_826_trimmed_bismark_bt2.CpG",12004,9867,2137,12004
"19827","07_report/CpG_context_sampling_37032_827_trimmed_bismark_bt2.CpG",11942,9918,2024,11942
"19828","07_report/CpG_context_sampling_37032_828_trimmed_bismark_bt2.CpG",12016,9991,2025,12016
"19829","07_report/CpG_context_sampling_37032_829_trimmed_bismark_bt2.CpG",11978,9958,2020,11978
"19830","07_report/CpG_context_sampling_37032_830_trimmed_bismark_bt2.CpG",11848,9824,2024,11848
"19831","07_report/CpG_context_sampling_37032_831_trimmed_bismark_bt2.CpG",11980,9956,2024,11980
"19832","07_report/CpG_context_sampling_37032_832_trimmed_bismark_bt2.CpG",11932,9953,1979,11932
"19833","07_report/CpG_context_sampling_37032_833_trimmed_bismark_bt2.CpG",11929,9862,2067,11929
"19834","07_report/CpG_context_sampling_37032_834_trimmed_bismark_bt2.CpG",11931,9981,1950,11931
"19835","07_report/CpG_context_sampling_37032_835_trimmed_bismark_bt2.CpG",11966,9911,2055,11966
"19836","07_report/CpG_context_sampling_37032_836_trimmed_bismark_bt2.CpG",11922,10016,1906,11922
"19837","07_report/CpG_context_sampling_37032_837_trimmed_bismark_bt2.CpG",11971,9952,2019,11971
"19838","07_report/CpG_context_sampling_37032_838_trimmed_bismark_bt2.CpG",11953,9906,2047,11953
"19839","07_report/CpG_context_sampling_37032_839_trimmed_bismark_bt2.CpG",12034,9935,2099,12034
"19840","07_report/CpG_context_sampling_37032_840_trimmed_bismark_bt2.CpG",11893,9939,1954,11893
"19841","07_report/CpG_context_sampling_37032_841_trimmed_bismark_bt2.CpG",11952,9946,2006,11952
"19842","07_report/CpG_context_sampling_37032_842_trimmed_bismark_bt2.CpG",12001,9969,2032,12001
"19843","07_report/CpG_context_sampling_37032_843_trimmed_bismark_bt2.CpG",11882,9826,2056,11882
"19844","07_report/CpG_context_sampling_37032_844_trimmed_bismark_bt2.CpG",11940,9945,1995,11940
"19845","07_report/CpG_context_sampling_37032_845_trimmed_bismark_bt2.CpG",11964,9976,1988,11964
"19846","07_report/CpG_context_sampling_37032_846_trimmed_bismark_bt2.CpG",12014,9949,2065,12014
"19847","07_report/CpG_context_sampling_37032_847_trimmed_bismark_bt2.CpG",12065,9983,2082,12065
"19848","07_report/CpG_context_sampling_37032_848_trimmed_bismark_bt2.CpG",11847,9850,1997,11847
"19849","07_report/CpG_context_sampling_37032_849_trimmed_bismark_bt2.CpG",12039,10056,1983,12039
"19850","07_report/CpG_context_sampling_37032_850_trimmed_bismark_bt2.CpG",11839,9827,2012,11839
"19851","07_report/CpG_context_sampling_37032_851_trimmed_bismark_bt2.CpG",11991,9951,2040,11991
"19852","07_report/CpG_context_sampling_37032_852_trimmed_bismark_bt2.CpG",11910,9898,2012,11910
"19853","07_report/CpG_context_sampling_37032_853_trimmed_bismark_bt2.CpG",11928,9907,2021,11928
"19854","07_report/CpG_context_sampling_37032_854_trimmed_bismark_bt2.CpG",11940,9930,2010,11940
"19855","07_report/CpG_context_sampling_37032_855_trimmed_bismark_bt2.CpG",12034,10043,1991,12034
"19856","07_report/CpG_context_sampling_37032_856_trimmed_bismark_bt2.CpG",11927,9841,2086,11927
"19857","07_report/CpG_context_sampling_37032_857_trimmed_bismark_bt2.CpG",11966,9957,2009,11966
"19858","07_report/CpG_context_sampling_37032_858_trimmed_bismark_bt2.CpG",11943,9947,1996,11943
"19859","07_report/CpG_context_sampling_37032_859_trimmed_bismark_bt2.CpG",11948,9926,2022,11948
"19860","07_report/CpG_context_sampling_37032_860_trimmed_bismark_bt2.CpG",11890,9846,2044,11890
"19861","07_report/CpG_context_sampling_37032_861_trimmed_bismark_bt2.CpG",11795,9811,1984,11795
"19862","07_report/CpG_context_sampling_37032_862_trimmed_bismark_bt2.CpG",11992,9957,2035,11992
"19863","07_report/CpG_context_sampling_37032_863_trimmed_bismark_bt2.CpG",12015,9976,2039,12015
"19864","07_report/CpG_context_sampling_37032_864_trimmed_bismark_bt2.CpG",11970,9972,1998,11970
"19865","07_report/CpG_context_sampling_37032_865_trimmed_bismark_bt2.CpG",11866,9834,2032,11866
"19866","07_report/CpG_context_sampling_37032_866_trimmed_bismark_bt2.CpG",11904,9898,2006,11904
"19867","07_report/CpG_context_sampling_37032_867_trimmed_bismark_bt2.CpG",11720,9787,1933,11720
"19868","07_report/CpG_context_sampling_37032_868_trimmed_bismark_bt2.CpG",12115,9998,2117,12115
"19869","07_report/CpG_context_sampling_37032_869_trimmed_bismark_bt2.CpG",11995,9991,2004,11995
"19870","07_report/CpG_context_sampling_37032_870_trimmed_bismark_bt2.CpG",11965,9985,1980,11965
"19871","07_report/CpG_context_sampling_37032_871_trimmed_bismark_bt2.CpG",12088,10105,1983,12088
"19872","07_report/CpG_context_sampling_37032_872_trimmed_bismark_bt2.CpG",12022,10083,1939,12022
"19873","07_report/CpG_context_sampling_37032_873_trimmed_bismark_bt2.CpG",12049,9962,2087,12049
"19874","07_report/CpG_context_sampling_37032_874_trimmed_bismark_bt2.CpG",12164,10073,2091,12164
"19875","07_report/CpG_context_sampling_37032_875_trimmed_bismark_bt2.CpG",11773,9833,1940,11773
"19876","07_report/CpG_context_sampling_37032_876_trimmed_bismark_bt2.CpG",12039,10019,2020,12039
"19877","07_report/CpG_context_sampling_37032_877_trimmed_bismark_bt2.CpG",11832,9851,1981,11832
"19878","07_report/CpG_context_sampling_37032_878_trimmed_bismark_bt2.CpG",11858,9861,1997,11858
"19879","07_report/CpG_context_sampling_37032_879_trimmed_bismark_bt2.CpG",11993,9988,2005,11993
"19880","07_report/CpG_context_sampling_37032_880_trimmed_bismark_bt2.CpG",12002,9943,2059,12002
"19881","07_report/CpG_context_sampling_37032_881_trimmed_bismark_bt2.CpG",11928,9852,2076,11928
"19882","07_report/CpG_context_sampling_37032_882_trimmed_bismark_bt2.CpG",11905,9926,1979,11905
"19883","07_report/CpG_context_sampling_37032_883_trimmed_bismark_bt2.CpG",12051,10000,2051,12051
"19884","07_report/CpG_context_sampling_37032_884_trimmed_bismark_bt2.CpG",11951,9810,2141,11951
"19885","07_report/CpG_context_sampling_37032_885_trimmed_bismark_bt2.CpG",12027,9978,2049,12027
"19886","07_report/CpG_context_sampling_37032_886_trimmed_bismark_bt2.CpG",11863,9824,2039,11863
"19887","07_report/CpG_context_sampling_37032_887_trimmed_bismark_bt2.CpG",11972,9861,2111,11972
"19888","07_report/CpG_context_sampling_37032_888_trimmed_bismark_bt2.CpG",12034,9994,2040,12034
"19889","07_report/CpG_context_sampling_37032_889_trimmed_bismark_bt2.CpG",11953,9948,2005,11953
"19890","07_report/CpG_context_sampling_37032_890_trimmed_bismark_bt2.CpG",12067,10014,2053,12067
"19891","07_report/CpG_context_sampling_37032_891_trimmed_bismark_bt2.CpG",12001,10020,1981,12001
"19892","07_report/CpG_context_sampling_37032_892_trimmed_bismark_bt2.CpG",12037,10048,1989,12037
"19893","07_report/CpG_context_sampling_37032_893_trimmed_bismark_bt2.CpG",11919,9913,2006,11919
"19894","07_report/CpG_context_sampling_37032_894_trimmed_bismark_bt2.CpG",12030,9961,2069,12030
"19895","07_report/CpG_context_sampling_37032_895_trimmed_bismark_bt2.CpG",12030,9898,2132,12030
"19896","07_report/CpG_context_sampling_37032_896_trimmed_bismark_bt2.CpG",12053,10027,2026,12053
"19897","07_report/CpG_context_sampling_37032_897_trimmed_bismark_bt2.CpG",11970,9951,2019,11970
"19898","07_report/CpG_context_sampling_37032_898_trimmed_bismark_bt2.CpG",11952,9920,2032,11952
"19899","07_report/CpG_context_sampling_37032_899_trimmed_bismark_bt2.CpG",11957,9923,2034,11957
"19900","07_report/CpG_context_sampling_37032_900_trimmed_bismark_bt2.CpG",11929,9911,2018,11929
"19901","07_report/CpG_context_sampling_37032_901_trimmed_bismark_bt2.CpG",11920,9900,2020,11920
"19902","07_report/CpG_context_sampling_37032_902_trimmed_bismark_bt2.CpG",12092,10099,1993,12092
"19903","07_report/CpG_context_sampling_37032_903_trimmed_bismark_bt2.CpG",12110,10074,2036,12110
"19904","07_report/CpG_context_sampling_37032_904_trimmed_bismark_bt2.CpG",11971,9951,2020,11971
"19905","07_report/CpG_context_sampling_37032_905_trimmed_bismark_bt2.CpG",12034,10005,2029,12034
"19906","07_report/CpG_context_sampling_37032_906_trimmed_bismark_bt2.CpG",11949,9887,2062,11949
"19907","07_report/CpG_context_sampling_37032_907_trimmed_bismark_bt2.CpG",11896,9920,1976,11896
"19908","07_report/CpG_context_sampling_37032_908_trimmed_bismark_bt2.CpG",12032,9952,2080,12032
"19909","07_report/CpG_context_sampling_37032_909_trimmed_bismark_bt2.CpG",11809,9814,1995,11809
"19910","07_report/CpG_context_sampling_37032_910_trimmed_bismark_bt2.CpG",11963,9988,1975,11963
"19911","07_report/CpG_context_sampling_37032_911_trimmed_bismark_bt2.CpG",12092,10094,1998,12092
"19912","07_report/CpG_context_sampling_37032_912_trimmed_bismark_bt2.CpG",11989,9975,2014,11989
"19913","07_report/CpG_context_sampling_37032_913_trimmed_bismark_bt2.CpG",12070,10087,1983,12070
"19914","07_report/CpG_context_sampling_37032_914_trimmed_bismark_bt2.CpG",12026,10022,2004,12026
"19915","07_report/CpG_context_sampling_37032_915_trimmed_bismark_bt2.CpG",11876,9836,2040,11876
"19916","07_report/CpG_context_sampling_37032_916_trimmed_bismark_bt2.CpG",11867,9855,2012,11867
"19917","07_report/CpG_context_sampling_37032_917_trimmed_bismark_bt2.CpG",12076,9957,2119,12076
"19918","07_report/CpG_context_sampling_37032_918_trimmed_bismark_bt2.CpG",11935,9939,1996,11935
"19919","07_report/CpG_context_sampling_37032_919_trimmed_bismark_bt2.CpG",12062,10036,2026,12062
"19920","07_report/CpG_context_sampling_37032_920_trimmed_bismark_bt2.CpG",12040,9998,2042,12040
"19921","07_report/CpG_context_sampling_37032_921_trimmed_bismark_bt2.CpG",11793,9839,1954,11793
"19922","07_report/CpG_context_sampling_37032_922_trimmed_bismark_bt2.CpG",12037,10060,1977,12037
"19923","07_report/CpG_context_sampling_37032_923_trimmed_bismark_bt2.CpG",12026,9996,2030,12026
"19924","07_report/CpG_context_sampling_37032_924_trimmed_bismark_bt2.CpG",11877,9802,2075,11877
"19925","07_report/CpG_context_sampling_37032_925_trimmed_bismark_bt2.CpG",12032,9945,2087,12032
"19926","07_report/CpG_context_sampling_37032_926_trimmed_bismark_bt2.CpG",12019,10063,1956,12019
"19927","07_report/CpG_context_sampling_37032_927_trimmed_bismark_bt2.CpG",11897,9817,2080,11897
"19928","07_report/CpG_context_sampling_37032_928_trimmed_bismark_bt2.CpG",11855,9825,2030,11855
"19929","07_report/CpG_context_sampling_37032_929_trimmed_bismark_bt2.CpG",12083,10068,2015,12083
"19930","07_report/CpG_context_sampling_37032_930_trimmed_bismark_bt2.CpG",11801,9778,2023,11801
"19931","07_report/CpG_context_sampling_37032_931_trimmed_bismark_bt2.CpG",11843,9844,1999,11843
"19932","07_report/CpG_context_sampling_37032_932_trimmed_bismark_bt2.CpG",11863,9888,1975,11863
"19933","07_report/CpG_context_sampling_37032_933_trimmed_bismark_bt2.CpG",11970,9964,2006,11970
"19934","07_report/CpG_context_sampling_37032_934_trimmed_bismark_bt2.CpG",12036,10079,1957,12036
"19935","07_report/CpG_context_sampling_37032_935_trimmed_bismark_bt2.CpG",11786,9779,2007,11786
"19936","07_report/CpG_context_sampling_37032_936_trimmed_bismark_bt2.CpG",11999,9992,2007,11999
"19937","07_report/CpG_context_sampling_37032_937_trimmed_bismark_bt2.CpG",12100,10059,2041,12100
"19938","07_report/CpG_context_sampling_37032_938_trimmed_bismark_bt2.CpG",12049,9983,2066,12049
"19939","07_report/CpG_context_sampling_37032_939_trimmed_bismark_bt2.CpG",11924,9886,2038,11924
"19940","07_report/CpG_context_sampling_37032_940_trimmed_bismark_bt2.CpG",11888,9920,1968,11888
"19941","07_report/CpG_context_sampling_37032_941_trimmed_bismark_bt2.CpG",12000,9951,2049,12000
"19942","07_report/CpG_context_sampling_37032_942_trimmed_bismark_bt2.CpG",11981,9968,2013,11981
"19943","07_report/CpG_context_sampling_37032_943_trimmed_bismark_bt2.CpG",11987,9913,2074,11987
"19944","07_report/CpG_context_sampling_37032_944_trimmed_bismark_bt2.CpG",12054,10065,1989,12054
"19945","07_report/CpG_context_sampling_37032_945_trimmed_bismark_bt2.CpG",11919,9932,1987,11919
"19946","07_report/CpG_context_sampling_37032_946_trimmed_bismark_bt2.CpG",11997,9996,2001,11997
"19947","07_report/CpG_context_sampling_37032_947_trimmed_bismark_bt2.CpG",12066,10000,2066,12066
"19948","07_report/CpG_context_sampling_37032_948_trimmed_bismark_bt2.CpG",12017,9978,2039,12017
"19949","07_report/CpG_context_sampling_37032_949_trimmed_bismark_bt2.CpG",12035,10035,2000,12035
"19950","07_report/CpG_context_sampling_37032_950_trimmed_bismark_bt2.CpG",12041,10058,1983,12041
"19951","07_report/CpG_context_sampling_37032_951_trimmed_bismark_bt2.CpG",11941,9994,1947,11941
"19952","07_report/CpG_context_sampling_37032_952_trimmed_bismark_bt2.CpG",11967,9979,1988,11967
"19953","07_report/CpG_context_sampling_37032_953_trimmed_bismark_bt2.CpG",11967,9956,2011,11967
"19954","07_report/CpG_context_sampling_37032_954_trimmed_bismark_bt2.CpG",11855,9915,1940,11855
"19955","07_report/CpG_context_sampling_37032_955_trimmed_bismark_bt2.CpG",12055,10024,2031,12055
"19956","07_report/CpG_context_sampling_37032_956_trimmed_bismark_bt2.CpG",12144,10117,2027,12144
"19957","07_report/CpG_context_sampling_37032_957_trimmed_bismark_bt2.CpG",11959,9979,1980,11959
"19958","07_report/CpG_context_sampling_37032_958_trimmed_bismark_bt2.CpG",11934,9836,2098,11934
"19959","07_report/CpG_context_sampling_37032_959_trimmed_bismark_bt2.CpG",12116,10070,2046,12116
"19960","07_report/CpG_context_sampling_37032_960_trimmed_bismark_bt2.CpG",11714,9774,1940,11714
"19961","07_report/CpG_context_sampling_37032_961_trimmed_bismark_bt2.CpG",11981,9992,1989,11981
"19962","07_report/CpG_context_sampling_37032_962_trimmed_bismark_bt2.CpG",12025,10006,2019,12025
"19963","07_report/CpG_context_sampling_37032_963_trimmed_bismark_bt2.CpG",12067,10042,2025,12067
"19964","07_report/CpG_context_sampling_37032_964_trimmed_bismark_bt2.CpG",11958,9913,2045,11958
"19965","07_report/CpG_context_sampling_37032_965_trimmed_bismark_bt2.CpG",11888,9902,1986,11888
"19966","07_report/CpG_context_sampling_37032_966_trimmed_bismark_bt2.CpG",12064,10049,2015,12064
"19967","07_report/CpG_context_sampling_37032_967_trimmed_bismark_bt2.CpG",11964,9927,2037,11964
"19968","07_report/CpG_context_sampling_37032_968_trimmed_bismark_bt2.CpG",11936,9901,2035,11936
"19969","07_report/CpG_context_sampling_37032_969_trimmed_bismark_bt2.CpG",11917,9806,2111,11917
"19970","07_report/CpG_context_sampling_37032_970_trimmed_bismark_bt2.CpG",12112,10041,2071,12112
"19971","07_report/CpG_context_sampling_37032_971_trimmed_bismark_bt2.CpG",11986,9986,2000,11986
"19972","07_report/CpG_context_sampling_37032_972_trimmed_bismark_bt2.CpG",12031,10044,1987,12031
"19973","07_report/CpG_context_sampling_37032_973_trimmed_bismark_bt2.CpG",11983,9940,2043,11983
"19974","07_report/CpG_context_sampling_37032_974_trimmed_bismark_bt2.CpG",12108,10027,2081,12108
"19975","07_report/CpG_context_sampling_37032_975_trimmed_bismark_bt2.CpG",11996,9933,2063,11996
"19976","07_report/CpG_context_sampling_37032_976_trimmed_bismark_bt2.CpG",11994,9899,2095,11994
"19977","07_report/CpG_context_sampling_37032_977_trimmed_bismark_bt2.CpG",11923,9941,1982,11923
"19978","07_report/CpG_context_sampling_37032_978_trimmed_bismark_bt2.CpG",12052,10025,2027,12052
"19979","07_report/CpG_context_sampling_37032_979_trimmed_bismark_bt2.CpG",11884,9935,1949,11884
"19980","07_report/CpG_context_sampling_37032_980_trimmed_bismark_bt2.CpG",11878,9817,2061,11878
"19981","07_report/CpG_context_sampling_37032_981_trimmed_bismark_bt2.CpG",11946,9962,1984,11946
"19982","07_report/CpG_context_sampling_37032_982_trimmed_bismark_bt2.CpG",12069,10088,1981,12069
"19983","07_report/CpG_context_sampling_37032_983_trimmed_bismark_bt2.CpG",12082,10056,2026,12082
"19984","07_report/CpG_context_sampling_37032_984_trimmed_bismark_bt2.CpG",11942,9921,2021,11942
"19985","07_report/CpG_context_sampling_37032_985_trimmed_bismark_bt2.CpG",11954,9937,2017,11954
"19986","07_report/CpG_context_sampling_37032_986_trimmed_bismark_bt2.CpG",12036,10021,2015,12036
"19987","07_report/CpG_context_sampling_37032_987_trimmed_bismark_bt2.CpG",11840,9823,2017,11840
"19988","07_report/CpG_context_sampling_37032_988_trimmed_bismark_bt2.CpG",12004,10015,1989,12004
"19989","07_report/CpG_context_sampling_37032_989_trimmed_bismark_bt2.CpG",11952,9973,1979,11952
"19990","07_report/CpG_context_sampling_37032_990_trimmed_bismark_bt2.CpG",11927,9878,2049,11927
"19991","07_report/CpG_context_sampling_37032_991_trimmed_bismark_bt2.CpG",11893,9923,1970,11893
"19992","07_report/CpG_context_sampling_37032_992_trimmed_bismark_bt2.CpG",11914,9873,2041,11914
"19993","07_report/CpG_context_sampling_37032_993_trimmed_bismark_bt2.CpG",11975,9995,1980,11975
"19994","07_report/CpG_context_sampling_37032_994_trimmed_bismark_bt2.CpG",11947,9922,2025,11947
"19995","07_report/CpG_context_sampling_37032_995_trimmed_bismark_bt2.CpG",12053,9992,2061,12053
"19996","07_report/CpG_context_sampling_37032_996_trimmed_bismark_bt2.CpG",11930,9928,2002,11930
"19997","07_report/CpG_context_sampling_37032_997_trimmed_bismark_bt2.CpG",12017,10038,1979,12017
"19998","07_report/CpG_context_sampling_37032_998_trimmed_bismark_bt2.CpG",12033,10062,1971,12033
"19999","07_report/CpG_context_sampling_37032_999_trimmed_bismark_bt2.CpG",11881,9846,2035,11881
"20000","07_report/CpG_context_sampling_37032_1000_trimmed_bismark_bt2.CpG",12069,10077,1992,12069
"20001","07_report/CpG_context_sampling_40398_1_trimmed_bismark_bt2.CpG",13089,10868,2221,13089
"20002","07_report/CpG_context_sampling_40398_2_trimmed_bismark_bt2.CpG",13200,11009,2191,13200
"20003","07_report/CpG_context_sampling_40398_3_trimmed_bismark_bt2.CpG",13072,10879,2193,13072
"20004","07_report/CpG_context_sampling_40398_4_trimmed_bismark_bt2.CpG",13056,10860,2196,13056
"20005","07_report/CpG_context_sampling_40398_5_trimmed_bismark_bt2.CpG",13207,10996,2211,13207
"20006","07_report/CpG_context_sampling_40398_6_trimmed_bismark_bt2.CpG",13074,10852,2222,13074
"20007","07_report/CpG_context_sampling_40398_7_trimmed_bismark_bt2.CpG",13262,11036,2226,13262
"20008","07_report/CpG_context_sampling_40398_8_trimmed_bismark_bt2.CpG",13068,10884,2184,13068
"20009","07_report/CpG_context_sampling_40398_9_trimmed_bismark_bt2.CpG",13240,11022,2218,13240
"20010","07_report/CpG_context_sampling_40398_10_trimmed_bismark_bt2.CpG",13013,10823,2190,13013
"20011","07_report/CpG_context_sampling_40398_11_trimmed_bismark_bt2.CpG",13240,11022,2218,13240
"20012","07_report/CpG_context_sampling_40398_12_trimmed_bismark_bt2.CpG",13084,10863,2221,13084
"20013","07_report/CpG_context_sampling_40398_13_trimmed_bismark_bt2.CpG",12840,10643,2197,12840
"20014","07_report/CpG_context_sampling_40398_14_trimmed_bismark_bt2.CpG",13125,10958,2167,13125
"20015","07_report/CpG_context_sampling_40398_15_trimmed_bismark_bt2.CpG",12982,10808,2174,12982
"20016","07_report/CpG_context_sampling_40398_16_trimmed_bismark_bt2.CpG",12973,10817,2156,12973
"20017","07_report/CpG_context_sampling_40398_17_trimmed_bismark_bt2.CpG",13035,10857,2178,13035
"20018","07_report/CpG_context_sampling_40398_18_trimmed_bismark_bt2.CpG",13096,10768,2328,13096
"20019","07_report/CpG_context_sampling_40398_19_trimmed_bismark_bt2.CpG",13158,10925,2233,13158
"20020","07_report/CpG_context_sampling_40398_20_trimmed_bismark_bt2.CpG",13120,11021,2099,13120
"20021","07_report/CpG_context_sampling_40398_21_trimmed_bismark_bt2.CpG",13140,10819,2321,13140
"20022","07_report/CpG_context_sampling_40398_22_trimmed_bismark_bt2.CpG",12849,10616,2233,12849
"20023","07_report/CpG_context_sampling_40398_23_trimmed_bismark_bt2.CpG",12989,10752,2237,12989
"20024","07_report/CpG_context_sampling_40398_24_trimmed_bismark_bt2.CpG",13110,10907,2203,13110
"20025","07_report/CpG_context_sampling_40398_25_trimmed_bismark_bt2.CpG",13011,10760,2251,13011
"20026","07_report/CpG_context_sampling_40398_26_trimmed_bismark_bt2.CpG",12987,10773,2214,12987
"20027","07_report/CpG_context_sampling_40398_27_trimmed_bismark_bt2.CpG",13240,11069,2171,13240
"20028","07_report/CpG_context_sampling_40398_28_trimmed_bismark_bt2.CpG",13076,10822,2254,13076
"20029","07_report/CpG_context_sampling_40398_29_trimmed_bismark_bt2.CpG",13143,10916,2227,13143
"20030","07_report/CpG_context_sampling_40398_30_trimmed_bismark_bt2.CpG",13043,10886,2157,13043
"20031","07_report/CpG_context_sampling_40398_31_trimmed_bismark_bt2.CpG",12981,10742,2239,12981
"20032","07_report/CpG_context_sampling_40398_32_trimmed_bismark_bt2.CpG",13051,10827,2224,13051
"20033","07_report/CpG_context_sampling_40398_33_trimmed_bismark_bt2.CpG",12956,10781,2175,12956
"20034","07_report/CpG_context_sampling_40398_34_trimmed_bismark_bt2.CpG",13023,10799,2224,13023
"20035","07_report/CpG_context_sampling_40398_35_trimmed_bismark_bt2.CpG",12922,10740,2182,12922
"20036","07_report/CpG_context_sampling_40398_36_trimmed_bismark_bt2.CpG",12966,10770,2196,12966
"20037","07_report/CpG_context_sampling_40398_37_trimmed_bismark_bt2.CpG",12932,10789,2143,12932
"20038","07_report/CpG_context_sampling_40398_38_trimmed_bismark_bt2.CpG",13034,10846,2188,13034
"20039","07_report/CpG_context_sampling_40398_39_trimmed_bismark_bt2.CpG",13106,10930,2176,13106
"20040","07_report/CpG_context_sampling_40398_40_trimmed_bismark_bt2.CpG",13061,10832,2229,13061
"20041","07_report/CpG_context_sampling_40398_41_trimmed_bismark_bt2.CpG",12969,10735,2234,12969
"20042","07_report/CpG_context_sampling_40398_42_trimmed_bismark_bt2.CpG",13011,10834,2177,13011
"20043","07_report/CpG_context_sampling_40398_43_trimmed_bismark_bt2.CpG",13063,10817,2246,13063
"20044","07_report/CpG_context_sampling_40398_44_trimmed_bismark_bt2.CpG",13250,11019,2231,13250
"20045","07_report/CpG_context_sampling_40398_45_trimmed_bismark_bt2.CpG",13157,10937,2220,13157
"20046","07_report/CpG_context_sampling_40398_46_trimmed_bismark_bt2.CpG",13114,10941,2173,13114
"20047","07_report/CpG_context_sampling_40398_47_trimmed_bismark_bt2.CpG",13011,10783,2228,13011
"20048","07_report/CpG_context_sampling_40398_48_trimmed_bismark_bt2.CpG",12989,10804,2185,12989
"20049","07_report/CpG_context_sampling_40398_49_trimmed_bismark_bt2.CpG",13108,10886,2222,13108
"20050","07_report/CpG_context_sampling_40398_50_trimmed_bismark_bt2.CpG",13053,10798,2255,13053
"20051","07_report/CpG_context_sampling_40398_51_trimmed_bismark_bt2.CpG",12964,10787,2177,12964
"20052","07_report/CpG_context_sampling_40398_52_trimmed_bismark_bt2.CpG",13060,10856,2204,13060
"20053","07_report/CpG_context_sampling_40398_53_trimmed_bismark_bt2.CpG",13156,10862,2294,13156
"20054","07_report/CpG_context_sampling_40398_54_trimmed_bismark_bt2.CpG",13034,10873,2161,13034
"20055","07_report/CpG_context_sampling_40398_55_trimmed_bismark_bt2.CpG",13047,10834,2213,13047
"20056","07_report/CpG_context_sampling_40398_56_trimmed_bismark_bt2.CpG",13087,10934,2153,13087
"20057","07_report/CpG_context_sampling_40398_57_trimmed_bismark_bt2.CpG",13202,11011,2191,13202
"20058","07_report/CpG_context_sampling_40398_58_trimmed_bismark_bt2.CpG",13067,10854,2213,13067
"20059","07_report/CpG_context_sampling_40398_59_trimmed_bismark_bt2.CpG",12989,10794,2195,12989
"20060","07_report/CpG_context_sampling_40398_60_trimmed_bismark_bt2.CpG",13009,10797,2212,13009
"20061","07_report/CpG_context_sampling_40398_61_trimmed_bismark_bt2.CpG",13132,11007,2125,13132
"20062","07_report/CpG_context_sampling_40398_62_trimmed_bismark_bt2.CpG",13012,10860,2152,13012
"20063","07_report/CpG_context_sampling_40398_63_trimmed_bismark_bt2.CpG",12998,10736,2262,12998
"20064","07_report/CpG_context_sampling_40398_64_trimmed_bismark_bt2.CpG",13107,10807,2300,13107
"20065","07_report/CpG_context_sampling_40398_65_trimmed_bismark_bt2.CpG",13004,10920,2084,13004
"20066","07_report/CpG_context_sampling_40398_66_trimmed_bismark_bt2.CpG",13107,10884,2223,13107
"20067","07_report/CpG_context_sampling_40398_67_trimmed_bismark_bt2.CpG",13234,10972,2262,13234
"20068","07_report/CpG_context_sampling_40398_68_trimmed_bismark_bt2.CpG",13012,10896,2116,13012
"20069","07_report/CpG_context_sampling_40398_69_trimmed_bismark_bt2.CpG",13076,10877,2199,13076
"20070","07_report/CpG_context_sampling_40398_70_trimmed_bismark_bt2.CpG",12987,10831,2156,12987
"20071","07_report/CpG_context_sampling_40398_71_trimmed_bismark_bt2.CpG",12973,10786,2187,12973
"20072","07_report/CpG_context_sampling_40398_72_trimmed_bismark_bt2.CpG",13026,10831,2195,13026
"20073","07_report/CpG_context_sampling_40398_73_trimmed_bismark_bt2.CpG",13043,10790,2253,13043
"20074","07_report/CpG_context_sampling_40398_74_trimmed_bismark_bt2.CpG",13106,10905,2201,13106
"20075","07_report/CpG_context_sampling_40398_75_trimmed_bismark_bt2.CpG",12982,10831,2151,12982
"20076","07_report/CpG_context_sampling_40398_76_trimmed_bismark_bt2.CpG",13020,10803,2217,13020
"20077","07_report/CpG_context_sampling_40398_77_trimmed_bismark_bt2.CpG",13198,11023,2175,13198
"20078","07_report/CpG_context_sampling_40398_78_trimmed_bismark_bt2.CpG",13150,10922,2228,13150
"20079","07_report/CpG_context_sampling_40398_79_trimmed_bismark_bt2.CpG",13041,10829,2212,13041
"20080","07_report/CpG_context_sampling_40398_80_trimmed_bismark_bt2.CpG",13007,10794,2213,13007
"20081","07_report/CpG_context_sampling_40398_81_trimmed_bismark_bt2.CpG",13083,10770,2313,13083
"20082","07_report/CpG_context_sampling_40398_82_trimmed_bismark_bt2.CpG",12990,10769,2221,12990
"20083","07_report/CpG_context_sampling_40398_83_trimmed_bismark_bt2.CpG",13113,10896,2217,13113
"20084","07_report/CpG_context_sampling_40398_84_trimmed_bismark_bt2.CpG",12963,10811,2152,12963
"20085","07_report/CpG_context_sampling_40398_85_trimmed_bismark_bt2.CpG",13225,11001,2224,13225
"20086","07_report/CpG_context_sampling_40398_86_trimmed_bismark_bt2.CpG",13083,10808,2275,13083
"20087","07_report/CpG_context_sampling_40398_87_trimmed_bismark_bt2.CpG",13151,10821,2330,13151
"20088","07_report/CpG_context_sampling_40398_88_trimmed_bismark_bt2.CpG",13062,10879,2183,13062
"20089","07_report/CpG_context_sampling_40398_89_trimmed_bismark_bt2.CpG",13068,10838,2230,13068
"20090","07_report/CpG_context_sampling_40398_90_trimmed_bismark_bt2.CpG",13107,10940,2167,13107
"20091","07_report/CpG_context_sampling_40398_91_trimmed_bismark_bt2.CpG",13034,10805,2229,13034
"20092","07_report/CpG_context_sampling_40398_92_trimmed_bismark_bt2.CpG",13086,10824,2262,13086
"20093","07_report/CpG_context_sampling_40398_93_trimmed_bismark_bt2.CpG",13048,10790,2258,13048
"20094","07_report/CpG_context_sampling_40398_94_trimmed_bismark_bt2.CpG",12933,10745,2188,12933
"20095","07_report/CpG_context_sampling_40398_95_trimmed_bismark_bt2.CpG",13162,10957,2205,13162
"20096","07_report/CpG_context_sampling_40398_96_trimmed_bismark_bt2.CpG",13104,10928,2176,13104
"20097","07_report/CpG_context_sampling_40398_97_trimmed_bismark_bt2.CpG",13010,10848,2162,13010
"20098","07_report/CpG_context_sampling_40398_98_trimmed_bismark_bt2.CpG",12948,10790,2158,12948
"20099","07_report/CpG_context_sampling_40398_99_trimmed_bismark_bt2.CpG",13171,11003,2168,13171
"20100","07_report/CpG_context_sampling_40398_100_trimmed_bismark_bt2.CpG",12942,10789,2153,12942
"20101","07_report/CpG_context_sampling_40398_101_trimmed_bismark_bt2.CpG",12971,10729,2242,12971
"20102","07_report/CpG_context_sampling_40398_102_trimmed_bismark_bt2.CpG",13058,10912,2146,13058
"20103","07_report/CpG_context_sampling_40398_103_trimmed_bismark_bt2.CpG",12992,10733,2259,12992
"20104","07_report/CpG_context_sampling_40398_104_trimmed_bismark_bt2.CpG",13139,10902,2237,13139
"20105","07_report/CpG_context_sampling_40398_105_trimmed_bismark_bt2.CpG",13028,10795,2233,13028
"20106","07_report/CpG_context_sampling_40398_106_trimmed_bismark_bt2.CpG",13090,10866,2224,13090
"20107","07_report/CpG_context_sampling_40398_107_trimmed_bismark_bt2.CpG",13092,10881,2211,13092
"20108","07_report/CpG_context_sampling_40398_108_trimmed_bismark_bt2.CpG",13028,10883,2145,13028
"20109","07_report/CpG_context_sampling_40398_109_trimmed_bismark_bt2.CpG",13008,10788,2220,13008
"20110","07_report/CpG_context_sampling_40398_110_trimmed_bismark_bt2.CpG",13138,10899,2239,13138
"20111","07_report/CpG_context_sampling_40398_111_trimmed_bismark_bt2.CpG",13069,10897,2172,13069
"20112","07_report/CpG_context_sampling_40398_112_trimmed_bismark_bt2.CpG",12986,10808,2178,12986
"20113","07_report/CpG_context_sampling_40398_113_trimmed_bismark_bt2.CpG",13087,10922,2165,13087
"20114","07_report/CpG_context_sampling_40398_114_trimmed_bismark_bt2.CpG",13144,10994,2150,13144
"20115","07_report/CpG_context_sampling_40398_115_trimmed_bismark_bt2.CpG",13005,10781,2224,13005
"20116","07_report/CpG_context_sampling_40398_116_trimmed_bismark_bt2.CpG",13208,10940,2268,13208
"20117","07_report/CpG_context_sampling_40398_117_trimmed_bismark_bt2.CpG",13017,10843,2174,13017
"20118","07_report/CpG_context_sampling_40398_118_trimmed_bismark_bt2.CpG",13083,10887,2196,13083
"20119","07_report/CpG_context_sampling_40398_119_trimmed_bismark_bt2.CpG",13136,10943,2193,13136
"20120","07_report/CpG_context_sampling_40398_120_trimmed_bismark_bt2.CpG",12950,10737,2213,12950
"20121","07_report/CpG_context_sampling_40398_121_trimmed_bismark_bt2.CpG",13102,10814,2288,13102
"20122","07_report/CpG_context_sampling_40398_122_trimmed_bismark_bt2.CpG",12997,10838,2159,12997
"20123","07_report/CpG_context_sampling_40398_123_trimmed_bismark_bt2.CpG",13006,10835,2171,13006
"20124","07_report/CpG_context_sampling_40398_124_trimmed_bismark_bt2.CpG",13078,10943,2135,13078
"20125","07_report/CpG_context_sampling_40398_125_trimmed_bismark_bt2.CpG",13102,10817,2285,13102
"20126","07_report/CpG_context_sampling_40398_126_trimmed_bismark_bt2.CpG",13061,10890,2171,13061
"20127","07_report/CpG_context_sampling_40398_127_trimmed_bismark_bt2.CpG",13015,10801,2214,13015
"20128","07_report/CpG_context_sampling_40398_128_trimmed_bismark_bt2.CpG",12906,10692,2214,12906
"20129","07_report/CpG_context_sampling_40398_129_trimmed_bismark_bt2.CpG",13014,10865,2149,13014
"20130","07_report/CpG_context_sampling_40398_130_trimmed_bismark_bt2.CpG",12964,10746,2218,12964
"20131","07_report/CpG_context_sampling_40398_131_trimmed_bismark_bt2.CpG",12933,10736,2197,12933
"20132","07_report/CpG_context_sampling_40398_132_trimmed_bismark_bt2.CpG",13160,11023,2137,13160
"20133","07_report/CpG_context_sampling_40398_133_trimmed_bismark_bt2.CpG",13124,10909,2215,13124
"20134","07_report/CpG_context_sampling_40398_134_trimmed_bismark_bt2.CpG",12998,10801,2197,12998
"20135","07_report/CpG_context_sampling_40398_135_trimmed_bismark_bt2.CpG",13045,10841,2204,13045
"20136","07_report/CpG_context_sampling_40398_136_trimmed_bismark_bt2.CpG",13157,10908,2249,13157
"20137","07_report/CpG_context_sampling_40398_137_trimmed_bismark_bt2.CpG",12978,10803,2175,12978
"20138","07_report/CpG_context_sampling_40398_138_trimmed_bismark_bt2.CpG",13021,10794,2227,13021
"20139","07_report/CpG_context_sampling_40398_139_trimmed_bismark_bt2.CpG",13035,10878,2157,13035
"20140","07_report/CpG_context_sampling_40398_140_trimmed_bismark_bt2.CpG",12990,10801,2189,12990
"20141","07_report/CpG_context_sampling_40398_141_trimmed_bismark_bt2.CpG",13126,10877,2249,13126
"20142","07_report/CpG_context_sampling_40398_142_trimmed_bismark_bt2.CpG",13073,10838,2235,13073
"20143","07_report/CpG_context_sampling_40398_143_trimmed_bismark_bt2.CpG",13089,10859,2230,13089
"20144","07_report/CpG_context_sampling_40398_144_trimmed_bismark_bt2.CpG",13057,10821,2236,13057
"20145","07_report/CpG_context_sampling_40398_145_trimmed_bismark_bt2.CpG",12954,10778,2176,12954
"20146","07_report/CpG_context_sampling_40398_146_trimmed_bismark_bt2.CpG",12976,10748,2228,12976
"20147","07_report/CpG_context_sampling_40398_147_trimmed_bismark_bt2.CpG",13084,10886,2198,13084
"20148","07_report/CpG_context_sampling_40398_148_trimmed_bismark_bt2.CpG",12884,10691,2193,12884
"20149","07_report/CpG_context_sampling_40398_149_trimmed_bismark_bt2.CpG",12961,10895,2066,12961
"20150","07_report/CpG_context_sampling_40398_150_trimmed_bismark_bt2.CpG",13060,10867,2193,13060
"20151","07_report/CpG_context_sampling_40398_151_trimmed_bismark_bt2.CpG",13147,10949,2198,13147
"20152","07_report/CpG_context_sampling_40398_152_trimmed_bismark_bt2.CpG",13017,10808,2209,13017
"20153","07_report/CpG_context_sampling_40398_153_trimmed_bismark_bt2.CpG",13013,10811,2202,13013
"20154","07_report/CpG_context_sampling_40398_154_trimmed_bismark_bt2.CpG",13019,10847,2172,13019
"20155","07_report/CpG_context_sampling_40398_155_trimmed_bismark_bt2.CpG",13010,10855,2155,13010
"20156","07_report/CpG_context_sampling_40398_156_trimmed_bismark_bt2.CpG",13118,10928,2190,13118
"20157","07_report/CpG_context_sampling_40398_157_trimmed_bismark_bt2.CpG",13007,10810,2197,13007
"20158","07_report/CpG_context_sampling_40398_158_trimmed_bismark_bt2.CpG",13087,10900,2187,13087
"20159","07_report/CpG_context_sampling_40398_159_trimmed_bismark_bt2.CpG",13068,10814,2254,13068
"20160","07_report/CpG_context_sampling_40398_160_trimmed_bismark_bt2.CpG",13101,10921,2180,13101
"20161","07_report/CpG_context_sampling_40398_161_trimmed_bismark_bt2.CpG",12954,10795,2159,12954
"20162","07_report/CpG_context_sampling_40398_162_trimmed_bismark_bt2.CpG",12998,10864,2134,12998
"20163","07_report/CpG_context_sampling_40398_163_trimmed_bismark_bt2.CpG",12977,10800,2177,12977
"20164","07_report/CpG_context_sampling_40398_164_trimmed_bismark_bt2.CpG",13150,10959,2191,13150
"20165","07_report/CpG_context_sampling_40398_165_trimmed_bismark_bt2.CpG",13027,10807,2220,13027
"20166","07_report/CpG_context_sampling_40398_166_trimmed_bismark_bt2.CpG",12915,10747,2168,12915
"20167","07_report/CpG_context_sampling_40398_167_trimmed_bismark_bt2.CpG",12924,10658,2266,12924
"20168","07_report/CpG_context_sampling_40398_168_trimmed_bismark_bt2.CpG",12989,10798,2191,12989
"20169","07_report/CpG_context_sampling_40398_169_trimmed_bismark_bt2.CpG",13189,10970,2219,13189
"20170","07_report/CpG_context_sampling_40398_170_trimmed_bismark_bt2.CpG",13099,10934,2165,13099
"20171","07_report/CpG_context_sampling_40398_171_trimmed_bismark_bt2.CpG",12972,10804,2168,12972
"20172","07_report/CpG_context_sampling_40398_172_trimmed_bismark_bt2.CpG",13051,10783,2268,13051
"20173","07_report/CpG_context_sampling_40398_173_trimmed_bismark_bt2.CpG",13158,11056,2102,13158
"20174","07_report/CpG_context_sampling_40398_174_trimmed_bismark_bt2.CpG",13046,10803,2243,13046
"20175","07_report/CpG_context_sampling_40398_175_trimmed_bismark_bt2.CpG",13161,10947,2214,13161
"20176","07_report/CpG_context_sampling_40398_176_trimmed_bismark_bt2.CpG",13113,10844,2269,13113
"20177","07_report/CpG_context_sampling_40398_177_trimmed_bismark_bt2.CpG",13045,10935,2110,13045
"20178","07_report/CpG_context_sampling_40398_178_trimmed_bismark_bt2.CpG",12974,10784,2190,12974
"20179","07_report/CpG_context_sampling_40398_179_trimmed_bismark_bt2.CpG",12977,10901,2076,12977
"20180","07_report/CpG_context_sampling_40398_180_trimmed_bismark_bt2.CpG",13003,10907,2096,13003
"20181","07_report/CpG_context_sampling_40398_181_trimmed_bismark_bt2.CpG",13043,10899,2144,13043
"20182","07_report/CpG_context_sampling_40398_182_trimmed_bismark_bt2.CpG",13095,10953,2142,13095
"20183","07_report/CpG_context_sampling_40398_183_trimmed_bismark_bt2.CpG",12998,10837,2161,12998
"20184","07_report/CpG_context_sampling_40398_184_trimmed_bismark_bt2.CpG",13024,10809,2215,13024
"20185","07_report/CpG_context_sampling_40398_185_trimmed_bismark_bt2.CpG",13113,10915,2198,13113
"20186","07_report/CpG_context_sampling_40398_186_trimmed_bismark_bt2.CpG",13006,10841,2165,13006
"20187","07_report/CpG_context_sampling_40398_187_trimmed_bismark_bt2.CpG",13018,10851,2167,13018
"20188","07_report/CpG_context_sampling_40398_188_trimmed_bismark_bt2.CpG",12932,10731,2201,12932
"20189","07_report/CpG_context_sampling_40398_189_trimmed_bismark_bt2.CpG",12966,10843,2123,12966
"20190","07_report/CpG_context_sampling_40398_190_trimmed_bismark_bt2.CpG",13021,10919,2102,13021
"20191","07_report/CpG_context_sampling_40398_191_trimmed_bismark_bt2.CpG",12978,10775,2203,12978
"20192","07_report/CpG_context_sampling_40398_192_trimmed_bismark_bt2.CpG",13161,10998,2163,13161
"20193","07_report/CpG_context_sampling_40398_193_trimmed_bismark_bt2.CpG",13086,10844,2242,13086
"20194","07_report/CpG_context_sampling_40398_194_trimmed_bismark_bt2.CpG",13096,10941,2155,13096
"20195","07_report/CpG_context_sampling_40398_195_trimmed_bismark_bt2.CpG",13222,10996,2226,13222
"20196","07_report/CpG_context_sampling_40398_196_trimmed_bismark_bt2.CpG",12952,10787,2165,12952
"20197","07_report/CpG_context_sampling_40398_197_trimmed_bismark_bt2.CpG",13164,10877,2287,13164
"20198","07_report/CpG_context_sampling_40398_198_trimmed_bismark_bt2.CpG",12947,10734,2213,12947
"20199","07_report/CpG_context_sampling_40398_199_trimmed_bismark_bt2.CpG",13170,10982,2188,13170
"20200","07_report/CpG_context_sampling_40398_200_trimmed_bismark_bt2.CpG",13016,10849,2167,13016
"20201","07_report/CpG_context_sampling_40398_201_trimmed_bismark_bt2.CpG",13044,10822,2222,13044
"20202","07_report/CpG_context_sampling_40398_202_trimmed_bismark_bt2.CpG",13025,10807,2218,13025
"20203","07_report/CpG_context_sampling_40398_203_trimmed_bismark_bt2.CpG",13055,10881,2174,13055
"20204","07_report/CpG_context_sampling_40398_204_trimmed_bismark_bt2.CpG",13051,10874,2177,13051
"20205","07_report/CpG_context_sampling_40398_205_trimmed_bismark_bt2.CpG",12991,10762,2229,12991
"20206","07_report/CpG_context_sampling_40398_206_trimmed_bismark_bt2.CpG",12953,10812,2141,12953
"20207","07_report/CpG_context_sampling_40398_207_trimmed_bismark_bt2.CpG",13038,10922,2116,13038
"20208","07_report/CpG_context_sampling_40398_208_trimmed_bismark_bt2.CpG",13065,10807,2258,13065
"20209","07_report/CpG_context_sampling_40398_209_trimmed_bismark_bt2.CpG",13204,10975,2229,13204
"20210","07_report/CpG_context_sampling_40398_210_trimmed_bismark_bt2.CpG",13268,11133,2135,13268
"20211","07_report/CpG_context_sampling_40398_211_trimmed_bismark_bt2.CpG",13100,10866,2234,13100
"20212","07_report/CpG_context_sampling_40398_212_trimmed_bismark_bt2.CpG",13055,10888,2167,13055
"20213","07_report/CpG_context_sampling_40398_213_trimmed_bismark_bt2.CpG",13048,10830,2218,13048
"20214","07_report/CpG_context_sampling_40398_214_trimmed_bismark_bt2.CpG",13236,10964,2272,13236
"20215","07_report/CpG_context_sampling_40398_215_trimmed_bismark_bt2.CpG",12989,10800,2189,12989
"20216","07_report/CpG_context_sampling_40398_216_trimmed_bismark_bt2.CpG",12958,10732,2226,12958
"20217","07_report/CpG_context_sampling_40398_217_trimmed_bismark_bt2.CpG",12960,10657,2303,12960
"20218","07_report/CpG_context_sampling_40398_218_trimmed_bismark_bt2.CpG",12853,10684,2169,12853
"20219","07_report/CpG_context_sampling_40398_219_trimmed_bismark_bt2.CpG",13217,11000,2217,13217
"20220","07_report/CpG_context_sampling_40398_220_trimmed_bismark_bt2.CpG",13006,10737,2269,13006
"20221","07_report/CpG_context_sampling_40398_221_trimmed_bismark_bt2.CpG",13214,10968,2246,13214
"20222","07_report/CpG_context_sampling_40398_222_trimmed_bismark_bt2.CpG",13295,11031,2264,13295
"20223","07_report/CpG_context_sampling_40398_223_trimmed_bismark_bt2.CpG",13041,10768,2273,13041
"20224","07_report/CpG_context_sampling_40398_224_trimmed_bismark_bt2.CpG",13006,10836,2170,13006
"20225","07_report/CpG_context_sampling_40398_225_trimmed_bismark_bt2.CpG",13162,10930,2232,13162
"20226","07_report/CpG_context_sampling_40398_226_trimmed_bismark_bt2.CpG",12897,10791,2106,12897
"20227","07_report/CpG_context_sampling_40398_227_trimmed_bismark_bt2.CpG",13170,10940,2230,13170
"20228","07_report/CpG_context_sampling_40398_228_trimmed_bismark_bt2.CpG",13070,10877,2193,13070
"20229","07_report/CpG_context_sampling_40398_229_trimmed_bismark_bt2.CpG",13173,10885,2288,13173
"20230","07_report/CpG_context_sampling_40398_230_trimmed_bismark_bt2.CpG",13001,10763,2238,13001
"20231","07_report/CpG_context_sampling_40398_231_trimmed_bismark_bt2.CpG",12900,10717,2183,12900
"20232","07_report/CpG_context_sampling_40398_232_trimmed_bismark_bt2.CpG",13006,10902,2104,13006
"20233","07_report/CpG_context_sampling_40398_233_trimmed_bismark_bt2.CpG",12958,10828,2130,12958
"20234","07_report/CpG_context_sampling_40398_234_trimmed_bismark_bt2.CpG",13067,10836,2231,13067
"20235","07_report/CpG_context_sampling_40398_235_trimmed_bismark_bt2.CpG",13149,10944,2205,13149
"20236","07_report/CpG_context_sampling_40398_236_trimmed_bismark_bt2.CpG",13238,11027,2211,13238
"20237","07_report/CpG_context_sampling_40398_237_trimmed_bismark_bt2.CpG",13060,10811,2249,13060
"20238","07_report/CpG_context_sampling_40398_238_trimmed_bismark_bt2.CpG",13131,10976,2155,13131
"20239","07_report/CpG_context_sampling_40398_239_trimmed_bismark_bt2.CpG",12919,10818,2101,12919
"20240","07_report/CpG_context_sampling_40398_240_trimmed_bismark_bt2.CpG",13209,10959,2250,13209
"20241","07_report/CpG_context_sampling_40398_241_trimmed_bismark_bt2.CpG",12985,10833,2152,12985
"20242","07_report/CpG_context_sampling_40398_242_trimmed_bismark_bt2.CpG",12937,10716,2221,12937
"20243","07_report/CpG_context_sampling_40398_243_trimmed_bismark_bt2.CpG",12927,10721,2206,12927
"20244","07_report/CpG_context_sampling_40398_244_trimmed_bismark_bt2.CpG",13029,10856,2173,13029
"20245","07_report/CpG_context_sampling_40398_245_trimmed_bismark_bt2.CpG",13034,10790,2244,13034
"20246","07_report/CpG_context_sampling_40398_246_trimmed_bismark_bt2.CpG",13096,10849,2247,13096
"20247","07_report/CpG_context_sampling_40398_247_trimmed_bismark_bt2.CpG",13153,10909,2244,13153
"20248","07_report/CpG_context_sampling_40398_248_trimmed_bismark_bt2.CpG",13196,11035,2161,13196
"20249","07_report/CpG_context_sampling_40398_249_trimmed_bismark_bt2.CpG",12992,10804,2188,12992
"20250","07_report/CpG_context_sampling_40398_250_trimmed_bismark_bt2.CpG",13195,10943,2252,13195
"20251","07_report/CpG_context_sampling_40398_251_trimmed_bismark_bt2.CpG",13114,10940,2174,13114
"20252","07_report/CpG_context_sampling_40398_252_trimmed_bismark_bt2.CpG",13154,10977,2177,13154
"20253","07_report/CpG_context_sampling_40398_253_trimmed_bismark_bt2.CpG",12971,10788,2183,12971
"20254","07_report/CpG_context_sampling_40398_254_trimmed_bismark_bt2.CpG",12845,10597,2248,12845
"20255","07_report/CpG_context_sampling_40398_255_trimmed_bismark_bt2.CpG",13067,10843,2224,13067
"20256","07_report/CpG_context_sampling_40398_256_trimmed_bismark_bt2.CpG",13118,10892,2226,13118
"20257","07_report/CpG_context_sampling_40398_257_trimmed_bismark_bt2.CpG",13006,10810,2196,13006
"20258","07_report/CpG_context_sampling_40398_258_trimmed_bismark_bt2.CpG",13102,10922,2180,13102
"20259","07_report/CpG_context_sampling_40398_259_trimmed_bismark_bt2.CpG",12979,10790,2189,12979
"20260","07_report/CpG_context_sampling_40398_260_trimmed_bismark_bt2.CpG",13082,10869,2213,13082
"20261","07_report/CpG_context_sampling_40398_261_trimmed_bismark_bt2.CpG",13170,10923,2247,13170
"20262","07_report/CpG_context_sampling_40398_262_trimmed_bismark_bt2.CpG",12925,10722,2203,12925
"20263","07_report/CpG_context_sampling_40398_263_trimmed_bismark_bt2.CpG",13108,10894,2214,13108
"20264","07_report/CpG_context_sampling_40398_264_trimmed_bismark_bt2.CpG",13159,10889,2270,13159
"20265","07_report/CpG_context_sampling_40398_265_trimmed_bismark_bt2.CpG",13077,10813,2264,13077
"20266","07_report/CpG_context_sampling_40398_266_trimmed_bismark_bt2.CpG",13136,10934,2202,13136
"20267","07_report/CpG_context_sampling_40398_267_trimmed_bismark_bt2.CpG",13062,10884,2178,13062
"20268","07_report/CpG_context_sampling_40398_268_trimmed_bismark_bt2.CpG",13247,11025,2222,13247
"20269","07_report/CpG_context_sampling_40398_269_trimmed_bismark_bt2.CpG",12777,10627,2150,12777
"20270","07_report/CpG_context_sampling_40398_270_trimmed_bismark_bt2.CpG",13005,10760,2245,13005
"20271","07_report/CpG_context_sampling_40398_271_trimmed_bismark_bt2.CpG",13019,10816,2203,13019
"20272","07_report/CpG_context_sampling_40398_272_trimmed_bismark_bt2.CpG",12804,10603,2201,12804
"20273","07_report/CpG_context_sampling_40398_273_trimmed_bismark_bt2.CpG",13091,10923,2168,13091
"20274","07_report/CpG_context_sampling_40398_274_trimmed_bismark_bt2.CpG",13002,10894,2108,13002
"20275","07_report/CpG_context_sampling_40398_275_trimmed_bismark_bt2.CpG",13063,10859,2204,13063
"20276","07_report/CpG_context_sampling_40398_276_trimmed_bismark_bt2.CpG",13086,10756,2330,13086
"20277","07_report/CpG_context_sampling_40398_277_trimmed_bismark_bt2.CpG",13102,10869,2233,13102
"20278","07_report/CpG_context_sampling_40398_278_trimmed_bismark_bt2.CpG",13230,10981,2249,13230
"20279","07_report/CpG_context_sampling_40398_279_trimmed_bismark_bt2.CpG",12836,10677,2159,12836
"20280","07_report/CpG_context_sampling_40398_280_trimmed_bismark_bt2.CpG",13191,10885,2306,13191
"20281","07_report/CpG_context_sampling_40398_281_trimmed_bismark_bt2.CpG",13174,11048,2126,13174
"20282","07_report/CpG_context_sampling_40398_282_trimmed_bismark_bt2.CpG",13222,11018,2204,13222
"20283","07_report/CpG_context_sampling_40398_283_trimmed_bismark_bt2.CpG",12943,10710,2233,12943
"20284","07_report/CpG_context_sampling_40398_284_trimmed_bismark_bt2.CpG",13144,10861,2283,13144
"20285","07_report/CpG_context_sampling_40398_285_trimmed_bismark_bt2.CpG",13124,10808,2316,13124
"20286","07_report/CpG_context_sampling_40398_286_trimmed_bismark_bt2.CpG",13046,10874,2172,13046
"20287","07_report/CpG_context_sampling_40398_287_trimmed_bismark_bt2.CpG",13088,10891,2197,13088
"20288","07_report/CpG_context_sampling_40398_288_trimmed_bismark_bt2.CpG",13004,10799,2205,13004
"20289","07_report/CpG_context_sampling_40398_289_trimmed_bismark_bt2.CpG",13149,10924,2225,13149
"20290","07_report/CpG_context_sampling_40398_290_trimmed_bismark_bt2.CpG",13015,10878,2137,13015
"20291","07_report/CpG_context_sampling_40398_291_trimmed_bismark_bt2.CpG",13161,10919,2242,13161
"20292","07_report/CpG_context_sampling_40398_292_trimmed_bismark_bt2.CpG",13095,10880,2215,13095
"20293","07_report/CpG_context_sampling_40398_293_trimmed_bismark_bt2.CpG",13086,10820,2266,13086
"20294","07_report/CpG_context_sampling_40398_294_trimmed_bismark_bt2.CpG",13106,10947,2159,13106
"20295","07_report/CpG_context_sampling_40398_295_trimmed_bismark_bt2.CpG",13268,11122,2146,13268
"20296","07_report/CpG_context_sampling_40398_296_trimmed_bismark_bt2.CpG",13080,10930,2150,13080
"20297","07_report/CpG_context_sampling_40398_297_trimmed_bismark_bt2.CpG",12882,10710,2172,12882
"20298","07_report/CpG_context_sampling_40398_298_trimmed_bismark_bt2.CpG",13107,10900,2207,13107
"20299","07_report/CpG_context_sampling_40398_299_trimmed_bismark_bt2.CpG",13060,10801,2259,13060
"20300","07_report/CpG_context_sampling_40398_300_trimmed_bismark_bt2.CpG",13097,10904,2193,13097
"20301","07_report/CpG_context_sampling_40398_301_trimmed_bismark_bt2.CpG",13076,10828,2248,13076
"20302","07_report/CpG_context_sampling_40398_302_trimmed_bismark_bt2.CpG",13044,10874,2170,13044
"20303","07_report/CpG_context_sampling_40398_303_trimmed_bismark_bt2.CpG",12990,10865,2125,12990
"20304","07_report/CpG_context_sampling_40398_304_trimmed_bismark_bt2.CpG",13064,10837,2227,13064
"20305","07_report/CpG_context_sampling_40398_305_trimmed_bismark_bt2.CpG",13087,10885,2202,13087
"20306","07_report/CpG_context_sampling_40398_306_trimmed_bismark_bt2.CpG",13002,10854,2148,13002
"20307","07_report/CpG_context_sampling_40398_307_trimmed_bismark_bt2.CpG",12972,10769,2203,12972
"20308","07_report/CpG_context_sampling_40398_308_trimmed_bismark_bt2.CpG",12893,10671,2222,12893
"20309","07_report/CpG_context_sampling_40398_309_trimmed_bismark_bt2.CpG",13081,10852,2229,13081
"20310","07_report/CpG_context_sampling_40398_310_trimmed_bismark_bt2.CpG",12829,10680,2149,12829
"20311","07_report/CpG_context_sampling_40398_311_trimmed_bismark_bt2.CpG",12982,10718,2264,12982
"20312","07_report/CpG_context_sampling_40398_312_trimmed_bismark_bt2.CpG",13183,10934,2249,13183
"20313","07_report/CpG_context_sampling_40398_313_trimmed_bismark_bt2.CpG",13079,10846,2233,13079
"20314","07_report/CpG_context_sampling_40398_314_trimmed_bismark_bt2.CpG",12956,10718,2238,12956
"20315","07_report/CpG_context_sampling_40398_315_trimmed_bismark_bt2.CpG",13065,10833,2232,13065
"20316","07_report/CpG_context_sampling_40398_316_trimmed_bismark_bt2.CpG",13247,11057,2190,13247
"20317","07_report/CpG_context_sampling_40398_317_trimmed_bismark_bt2.CpG",12827,10704,2123,12827
"20318","07_report/CpG_context_sampling_40398_318_trimmed_bismark_bt2.CpG",13094,10869,2225,13094
"20319","07_report/CpG_context_sampling_40398_319_trimmed_bismark_bt2.CpG",13182,10965,2217,13182
"20320","07_report/CpG_context_sampling_40398_320_trimmed_bismark_bt2.CpG",13009,10803,2206,13009
"20321","07_report/CpG_context_sampling_40398_321_trimmed_bismark_bt2.CpG",13060,10866,2194,13060
"20322","07_report/CpG_context_sampling_40398_322_trimmed_bismark_bt2.CpG",13220,11032,2188,13220
"20323","07_report/CpG_context_sampling_40398_323_trimmed_bismark_bt2.CpG",13210,10999,2211,13210
"20324","07_report/CpG_context_sampling_40398_324_trimmed_bismark_bt2.CpG",13071,10867,2204,13071
"20325","07_report/CpG_context_sampling_40398_325_trimmed_bismark_bt2.CpG",13136,10907,2229,13136
"20326","07_report/CpG_context_sampling_40398_326_trimmed_bismark_bt2.CpG",13193,10971,2222,13193
"20327","07_report/CpG_context_sampling_40398_327_trimmed_bismark_bt2.CpG",12941,10794,2147,12941
"20328","07_report/CpG_context_sampling_40398_328_trimmed_bismark_bt2.CpG",12939,10704,2235,12939
"20329","07_report/CpG_context_sampling_40398_329_trimmed_bismark_bt2.CpG",12957,10832,2125,12957
"20330","07_report/CpG_context_sampling_40398_330_trimmed_bismark_bt2.CpG",13083,10852,2231,13083
"20331","07_report/CpG_context_sampling_40398_331_trimmed_bismark_bt2.CpG",13108,10873,2235,13108
"20332","07_report/CpG_context_sampling_40398_332_trimmed_bismark_bt2.CpG",13106,10901,2205,13106
"20333","07_report/CpG_context_sampling_40398_333_trimmed_bismark_bt2.CpG",13099,10884,2215,13099
"20334","07_report/CpG_context_sampling_40398_334_trimmed_bismark_bt2.CpG",12963,10741,2222,12963
"20335","07_report/CpG_context_sampling_40398_335_trimmed_bismark_bt2.CpG",12829,10618,2211,12829
"20336","07_report/CpG_context_sampling_40398_336_trimmed_bismark_bt2.CpG",13115,10905,2210,13115
"20337","07_report/CpG_context_sampling_40398_337_trimmed_bismark_bt2.CpG",12944,10737,2207,12944
"20338","07_report/CpG_context_sampling_40398_338_trimmed_bismark_bt2.CpG",13083,10908,2175,13083
"20339","07_report/CpG_context_sampling_40398_339_trimmed_bismark_bt2.CpG",13145,11003,2142,13145
"20340","07_report/CpG_context_sampling_40398_340_trimmed_bismark_bt2.CpG",12916,10685,2231,12916
"20341","07_report/CpG_context_sampling_40398_341_trimmed_bismark_bt2.CpG",12996,10796,2200,12996
"20342","07_report/CpG_context_sampling_40398_342_trimmed_bismark_bt2.CpG",13061,10828,2233,13061
"20343","07_report/CpG_context_sampling_40398_343_trimmed_bismark_bt2.CpG",12992,10789,2203,12992
"20344","07_report/CpG_context_sampling_40398_344_trimmed_bismark_bt2.CpG",13123,10905,2218,13123
"20345","07_report/CpG_context_sampling_40398_345_trimmed_bismark_bt2.CpG",13044,10855,2189,13044
"20346","07_report/CpG_context_sampling_40398_346_trimmed_bismark_bt2.CpG",13129,10914,2215,13129
"20347","07_report/CpG_context_sampling_40398_347_trimmed_bismark_bt2.CpG",13013,10828,2185,13013
"20348","07_report/CpG_context_sampling_40398_348_trimmed_bismark_bt2.CpG",13061,10915,2146,13061
"20349","07_report/CpG_context_sampling_40398_349_trimmed_bismark_bt2.CpG",13039,10801,2238,13039
"20350","07_report/CpG_context_sampling_40398_350_trimmed_bismark_bt2.CpG",13041,10815,2226,13041
"20351","07_report/CpG_context_sampling_40398_351_trimmed_bismark_bt2.CpG",13105,10835,2270,13105
"20352","07_report/CpG_context_sampling_40398_352_trimmed_bismark_bt2.CpG",12793,10672,2121,12793
"20353","07_report/CpG_context_sampling_40398_353_trimmed_bismark_bt2.CpG",13025,10838,2187,13025
"20354","07_report/CpG_context_sampling_40398_354_trimmed_bismark_bt2.CpG",13028,10844,2184,13028
"20355","07_report/CpG_context_sampling_40398_355_trimmed_bismark_bt2.CpG",13115,10917,2198,13115
"20356","07_report/CpG_context_sampling_40398_356_trimmed_bismark_bt2.CpG",13102,10920,2182,13102
"20357","07_report/CpG_context_sampling_40398_357_trimmed_bismark_bt2.CpG",13142,10935,2207,13142
"20358","07_report/CpG_context_sampling_40398_358_trimmed_bismark_bt2.CpG",13162,10921,2241,13162
"20359","07_report/CpG_context_sampling_40398_359_trimmed_bismark_bt2.CpG",12990,10830,2160,12990
"20360","07_report/CpG_context_sampling_40398_360_trimmed_bismark_bt2.CpG",12975,10739,2236,12975
"20361","07_report/CpG_context_sampling_40398_361_trimmed_bismark_bt2.CpG",13158,10938,2220,13158
"20362","07_report/CpG_context_sampling_40398_362_trimmed_bismark_bt2.CpG",13024,10848,2176,13024
"20363","07_report/CpG_context_sampling_40398_363_trimmed_bismark_bt2.CpG",13073,10923,2150,13073
"20364","07_report/CpG_context_sampling_40398_364_trimmed_bismark_bt2.CpG",13030,10871,2159,13030
"20365","07_report/CpG_context_sampling_40398_365_trimmed_bismark_bt2.CpG",13115,10841,2274,13115
"20366","07_report/CpG_context_sampling_40398_366_trimmed_bismark_bt2.CpG",13183,10914,2269,13183
"20367","07_report/CpG_context_sampling_40398_367_trimmed_bismark_bt2.CpG",13018,10854,2164,13018
"20368","07_report/CpG_context_sampling_40398_368_trimmed_bismark_bt2.CpG",12978,10837,2141,12978
"20369","07_report/CpG_context_sampling_40398_369_trimmed_bismark_bt2.CpG",13199,10962,2237,13199
"20370","07_report/CpG_context_sampling_40398_370_trimmed_bismark_bt2.CpG",13091,10960,2131,13091
"20371","07_report/CpG_context_sampling_40398_371_trimmed_bismark_bt2.CpG",13068,10862,2206,13068
"20372","07_report/CpG_context_sampling_40398_372_trimmed_bismark_bt2.CpG",13133,10982,2151,13133
"20373","07_report/CpG_context_sampling_40398_373_trimmed_bismark_bt2.CpG",13178,10978,2200,13178
"20374","07_report/CpG_context_sampling_40398_374_trimmed_bismark_bt2.CpG",13068,10948,2120,13068
"20375","07_report/CpG_context_sampling_40398_375_trimmed_bismark_bt2.CpG",13210,10947,2263,13210
"20376","07_report/CpG_context_sampling_40398_376_trimmed_bismark_bt2.CpG",13119,10803,2316,13119
"20377","07_report/CpG_context_sampling_40398_377_trimmed_bismark_bt2.CpG",13122,10874,2248,13122
"20378","07_report/CpG_context_sampling_40398_378_trimmed_bismark_bt2.CpG",12986,10869,2117,12986
"20379","07_report/CpG_context_sampling_40398_379_trimmed_bismark_bt2.CpG",13230,10977,2253,13230
"20380","07_report/CpG_context_sampling_40398_380_trimmed_bismark_bt2.CpG",12911,10719,2192,12911
"20381","07_report/CpG_context_sampling_40398_381_trimmed_bismark_bt2.CpG",13069,10895,2174,13069
"20382","07_report/CpG_context_sampling_40398_382_trimmed_bismark_bt2.CpG",13048,10793,2255,13048
"20383","07_report/CpG_context_sampling_40398_383_trimmed_bismark_bt2.CpG",13101,10843,2258,13101
"20384","07_report/CpG_context_sampling_40398_384_trimmed_bismark_bt2.CpG",13014,10917,2097,13014
"20385","07_report/CpG_context_sampling_40398_385_trimmed_bismark_bt2.CpG",12995,10725,2270,12995
"20386","07_report/CpG_context_sampling_40398_386_trimmed_bismark_bt2.CpG",12822,10729,2093,12822
"20387","07_report/CpG_context_sampling_40398_387_trimmed_bismark_bt2.CpG",13092,10856,2236,13092
"20388","07_report/CpG_context_sampling_40398_388_trimmed_bismark_bt2.CpG",13178,11019,2159,13178
"20389","07_report/CpG_context_sampling_40398_389_trimmed_bismark_bt2.CpG",13152,10938,2214,13152
"20390","07_report/CpG_context_sampling_40398_390_trimmed_bismark_bt2.CpG",13062,10844,2218,13062
"20391","07_report/CpG_context_sampling_40398_391_trimmed_bismark_bt2.CpG",13089,10843,2246,13089
"20392","07_report/CpG_context_sampling_40398_392_trimmed_bismark_bt2.CpG",13058,10898,2160,13058
"20393","07_report/CpG_context_sampling_40398_393_trimmed_bismark_bt2.CpG",12994,10837,2157,12994
"20394","07_report/CpG_context_sampling_40398_394_trimmed_bismark_bt2.CpG",13176,10950,2226,13176
"20395","07_report/CpG_context_sampling_40398_395_trimmed_bismark_bt2.CpG",13128,10865,2263,13128
"20396","07_report/CpG_context_sampling_40398_396_trimmed_bismark_bt2.CpG",13158,10959,2199,13158
"20397","07_report/CpG_context_sampling_40398_397_trimmed_bismark_bt2.CpG",13015,10821,2194,13015
"20398","07_report/CpG_context_sampling_40398_398_trimmed_bismark_bt2.CpG",12992,10866,2126,12992
"20399","07_report/CpG_context_sampling_40398_399_trimmed_bismark_bt2.CpG",13039,10826,2213,13039
"20400","07_report/CpG_context_sampling_40398_400_trimmed_bismark_bt2.CpG",12836,10575,2261,12836
"20401","07_report/CpG_context_sampling_40398_401_trimmed_bismark_bt2.CpG",12938,10751,2187,12938
"20402","07_report/CpG_context_sampling_40398_402_trimmed_bismark_bt2.CpG",13015,10858,2157,13015
"20403","07_report/CpG_context_sampling_40398_403_trimmed_bismark_bt2.CpG",13057,10859,2198,13057
"20404","07_report/CpG_context_sampling_40398_404_trimmed_bismark_bt2.CpG",12967,10752,2215,12967
"20405","07_report/CpG_context_sampling_40398_405_trimmed_bismark_bt2.CpG",12947,10725,2222,12947
"20406","07_report/CpG_context_sampling_40398_406_trimmed_bismark_bt2.CpG",13114,10935,2179,13114
"20407","07_report/CpG_context_sampling_40398_407_trimmed_bismark_bt2.CpG",13134,10883,2251,13134
"20408","07_report/CpG_context_sampling_40398_408_trimmed_bismark_bt2.CpG",13110,10936,2174,13110
"20409","07_report/CpG_context_sampling_40398_409_trimmed_bismark_bt2.CpG",13036,10855,2181,13036
"20410","07_report/CpG_context_sampling_40398_410_trimmed_bismark_bt2.CpG",13015,10861,2154,13015
"20411","07_report/CpG_context_sampling_40398_411_trimmed_bismark_bt2.CpG",13130,10894,2236,13130
"20412","07_report/CpG_context_sampling_40398_412_trimmed_bismark_bt2.CpG",13007,10795,2212,13007
"20413","07_report/CpG_context_sampling_40398_413_trimmed_bismark_bt2.CpG",13119,10883,2236,13119
"20414","07_report/CpG_context_sampling_40398_414_trimmed_bismark_bt2.CpG",13182,10906,2276,13182
"20415","07_report/CpG_context_sampling_40398_415_trimmed_bismark_bt2.CpG",12886,10733,2153,12886
"20416","07_report/CpG_context_sampling_40398_416_trimmed_bismark_bt2.CpG",13057,10818,2239,13057
"20417","07_report/CpG_context_sampling_40398_417_trimmed_bismark_bt2.CpG",13006,10800,2206,13006
"20418","07_report/CpG_context_sampling_40398_418_trimmed_bismark_bt2.CpG",13063,10851,2212,13063
"20419","07_report/CpG_context_sampling_40398_419_trimmed_bismark_bt2.CpG",13099,10888,2211,13099
"20420","07_report/CpG_context_sampling_40398_420_trimmed_bismark_bt2.CpG",12907,10665,2242,12907
"20421","07_report/CpG_context_sampling_40398_421_trimmed_bismark_bt2.CpG",13031,10880,2151,13031
"20422","07_report/CpG_context_sampling_40398_422_trimmed_bismark_bt2.CpG",12903,10738,2165,12903
"20423","07_report/CpG_context_sampling_40398_423_trimmed_bismark_bt2.CpG",13201,10968,2233,13201
"20424","07_report/CpG_context_sampling_40398_424_trimmed_bismark_bt2.CpG",13095,10967,2128,13095
"20425","07_report/CpG_context_sampling_40398_425_trimmed_bismark_bt2.CpG",12924,10707,2217,12924
"20426","07_report/CpG_context_sampling_40398_426_trimmed_bismark_bt2.CpG",13115,10907,2208,13115
"20427","07_report/CpG_context_sampling_40398_427_trimmed_bismark_bt2.CpG",13159,10901,2258,13159
"20428","07_report/CpG_context_sampling_40398_428_trimmed_bismark_bt2.CpG",13172,10967,2205,13172
"20429","07_report/CpG_context_sampling_40398_429_trimmed_bismark_bt2.CpG",13007,10830,2177,13007
"20430","07_report/CpG_context_sampling_40398_430_trimmed_bismark_bt2.CpG",12955,10718,2237,12955
"20431","07_report/CpG_context_sampling_40398_431_trimmed_bismark_bt2.CpG",13043,10811,2232,13043
"20432","07_report/CpG_context_sampling_40398_432_trimmed_bismark_bt2.CpG",13140,10900,2240,13140
"20433","07_report/CpG_context_sampling_40398_433_trimmed_bismark_bt2.CpG",13130,10895,2235,13130
"20434","07_report/CpG_context_sampling_40398_434_trimmed_bismark_bt2.CpG",12906,10725,2181,12906
"20435","07_report/CpG_context_sampling_40398_435_trimmed_bismark_bt2.CpG",13063,10872,2191,13063
"20436","07_report/CpG_context_sampling_40398_436_trimmed_bismark_bt2.CpG",13058,10849,2209,13058
"20437","07_report/CpG_context_sampling_40398_437_trimmed_bismark_bt2.CpG",13055,10872,2183,13055
"20438","07_report/CpG_context_sampling_40398_438_trimmed_bismark_bt2.CpG",12913,10694,2219,12913
"20439","07_report/CpG_context_sampling_40398_439_trimmed_bismark_bt2.CpG",13013,10863,2150,13013
"20440","07_report/CpG_context_sampling_40398_440_trimmed_bismark_bt2.CpG",13188,10922,2266,13188
"20441","07_report/CpG_context_sampling_40398_441_trimmed_bismark_bt2.CpG",13015,10775,2240,13015
"20442","07_report/CpG_context_sampling_40398_442_trimmed_bismark_bt2.CpG",13112,10873,2239,13112
"20443","07_report/CpG_context_sampling_40398_443_trimmed_bismark_bt2.CpG",13175,10909,2266,13175
"20444","07_report/CpG_context_sampling_40398_444_trimmed_bismark_bt2.CpG",13084,10906,2178,13084
"20445","07_report/CpG_context_sampling_40398_445_trimmed_bismark_bt2.CpG",13133,10915,2218,13133
"20446","07_report/CpG_context_sampling_40398_446_trimmed_bismark_bt2.CpG",13093,10814,2279,13093
"20447","07_report/CpG_context_sampling_40398_447_trimmed_bismark_bt2.CpG",13082,10904,2178,13082
"20448","07_report/CpG_context_sampling_40398_448_trimmed_bismark_bt2.CpG",13111,10918,2193,13111
"20449","07_report/CpG_context_sampling_40398_449_trimmed_bismark_bt2.CpG",13039,10831,2208,13039
"20450","07_report/CpG_context_sampling_40398_450_trimmed_bismark_bt2.CpG",13129,10888,2241,13129
"20451","07_report/CpG_context_sampling_40398_451_trimmed_bismark_bt2.CpG",13047,10812,2235,13047
"20452","07_report/CpG_context_sampling_40398_452_trimmed_bismark_bt2.CpG",13115,10923,2192,13115
"20453","07_report/CpG_context_sampling_40398_453_trimmed_bismark_bt2.CpG",12903,10676,2227,12903
"20454","07_report/CpG_context_sampling_40398_454_trimmed_bismark_bt2.CpG",13157,10973,2184,13157
"20455","07_report/CpG_context_sampling_40398_455_trimmed_bismark_bt2.CpG",12996,10873,2123,12996
"20456","07_report/CpG_context_sampling_40398_456_trimmed_bismark_bt2.CpG",12976,10813,2163,12976
"20457","07_report/CpG_context_sampling_40398_457_trimmed_bismark_bt2.CpG",13074,10891,2183,13074
"20458","07_report/CpG_context_sampling_40398_458_trimmed_bismark_bt2.CpG",13249,11121,2128,13249
"20459","07_report/CpG_context_sampling_40398_459_trimmed_bismark_bt2.CpG",13113,10872,2241,13113
"20460","07_report/CpG_context_sampling_40398_460_trimmed_bismark_bt2.CpG",12969,10842,2127,12969
"20461","07_report/CpG_context_sampling_40398_461_trimmed_bismark_bt2.CpG",13156,10970,2186,13156
"20462","07_report/CpG_context_sampling_40398_462_trimmed_bismark_bt2.CpG",13084,10939,2145,13084
"20463","07_report/CpG_context_sampling_40398_463_trimmed_bismark_bt2.CpG",12993,10816,2177,12993
"20464","07_report/CpG_context_sampling_40398_464_trimmed_bismark_bt2.CpG",13013,10790,2223,13013
"20465","07_report/CpG_context_sampling_40398_465_trimmed_bismark_bt2.CpG",13025,10794,2231,13025
"20466","07_report/CpG_context_sampling_40398_466_trimmed_bismark_bt2.CpG",13065,10877,2188,13065
"20467","07_report/CpG_context_sampling_40398_467_trimmed_bismark_bt2.CpG",13080,10920,2160,13080
"20468","07_report/CpG_context_sampling_40398_468_trimmed_bismark_bt2.CpG",13127,10962,2165,13127
"20469","07_report/CpG_context_sampling_40398_469_trimmed_bismark_bt2.CpG",13156,10917,2239,13156
"20470","07_report/CpG_context_sampling_40398_470_trimmed_bismark_bt2.CpG",13124,10924,2200,13124
"20471","07_report/CpG_context_sampling_40398_471_trimmed_bismark_bt2.CpG",13009,10822,2187,13009
"20472","07_report/CpG_context_sampling_40398_472_trimmed_bismark_bt2.CpG",13260,11074,2186,13260
"20473","07_report/CpG_context_sampling_40398_473_trimmed_bismark_bt2.CpG",13051,10844,2207,13051
"20474","07_report/CpG_context_sampling_40398_474_trimmed_bismark_bt2.CpG",13070,10803,2267,13070
"20475","07_report/CpG_context_sampling_40398_475_trimmed_bismark_bt2.CpG",12982,10791,2191,12982
"20476","07_report/CpG_context_sampling_40398_476_trimmed_bismark_bt2.CpG",13160,10932,2228,13160
"20477","07_report/CpG_context_sampling_40398_477_trimmed_bismark_bt2.CpG",12959,10785,2174,12959
"20478","07_report/CpG_context_sampling_40398_478_trimmed_bismark_bt2.CpG",13033,10811,2222,13033
"20479","07_report/CpG_context_sampling_40398_479_trimmed_bismark_bt2.CpG",12965,10791,2174,12965
"20480","07_report/CpG_context_sampling_40398_480_trimmed_bismark_bt2.CpG",13049,10830,2219,13049
"20481","07_report/CpG_context_sampling_40398_481_trimmed_bismark_bt2.CpG",13235,10977,2258,13235
"20482","07_report/CpG_context_sampling_40398_482_trimmed_bismark_bt2.CpG",12829,10758,2071,12829
"20483","07_report/CpG_context_sampling_40398_483_trimmed_bismark_bt2.CpG",13114,10880,2234,13114
"20484","07_report/CpG_context_sampling_40398_484_trimmed_bismark_bt2.CpG",12966,10833,2133,12966
"20485","07_report/CpG_context_sampling_40398_485_trimmed_bismark_bt2.CpG",12985,10768,2217,12985
"20486","07_report/CpG_context_sampling_40398_486_trimmed_bismark_bt2.CpG",13054,10893,2161,13054
"20487","07_report/CpG_context_sampling_40398_487_trimmed_bismark_bt2.CpG",13094,10887,2207,13094
"20488","07_report/CpG_context_sampling_40398_488_trimmed_bismark_bt2.CpG",12942,10784,2158,12942
"20489","07_report/CpG_context_sampling_40398_489_trimmed_bismark_bt2.CpG",13023,10787,2236,13023
"20490","07_report/CpG_context_sampling_40398_490_trimmed_bismark_bt2.CpG",13040,10829,2211,13040
"20491","07_report/CpG_context_sampling_40398_491_trimmed_bismark_bt2.CpG",12993,10822,2171,12993
"20492","07_report/CpG_context_sampling_40398_492_trimmed_bismark_bt2.CpG",13162,10896,2266,13162
"20493","07_report/CpG_context_sampling_40398_493_trimmed_bismark_bt2.CpG",13057,10756,2301,13057
"20494","07_report/CpG_context_sampling_40398_494_trimmed_bismark_bt2.CpG",12889,10762,2127,12889
"20495","07_report/CpG_context_sampling_40398_495_trimmed_bismark_bt2.CpG",12987,10825,2162,12987
"20496","07_report/CpG_context_sampling_40398_496_trimmed_bismark_bt2.CpG",12969,10777,2192,12969
"20497","07_report/CpG_context_sampling_40398_497_trimmed_bismark_bt2.CpG",13079,10933,2146,13079
"20498","07_report/CpG_context_sampling_40398_498_trimmed_bismark_bt2.CpG",12977,10787,2190,12977
"20499","07_report/CpG_context_sampling_40398_499_trimmed_bismark_bt2.CpG",12983,10776,2207,12983
"20500","07_report/CpG_context_sampling_40398_500_trimmed_bismark_bt2.CpG",13041,10819,2222,13041
"20501","07_report/CpG_context_sampling_40398_501_trimmed_bismark_bt2.CpG",13148,10864,2284,13148
"20502","07_report/CpG_context_sampling_40398_502_trimmed_bismark_bt2.CpG",13030,10830,2200,13030
"20503","07_report/CpG_context_sampling_40398_503_trimmed_bismark_bt2.CpG",13008,10750,2258,13008
"20504","07_report/CpG_context_sampling_40398_504_trimmed_bismark_bt2.CpG",13202,10989,2213,13202
"20505","07_report/CpG_context_sampling_40398_505_trimmed_bismark_bt2.CpG",13125,10887,2238,13125
"20506","07_report/CpG_context_sampling_40398_506_trimmed_bismark_bt2.CpG",13070,10929,2141,13070
"20507","07_report/CpG_context_sampling_40398_507_trimmed_bismark_bt2.CpG",12993,10776,2217,12993
"20508","07_report/CpG_context_sampling_40398_508_trimmed_bismark_bt2.CpG",13142,10932,2210,13142
"20509","07_report/CpG_context_sampling_40398_509_trimmed_bismark_bt2.CpG",13169,10874,2295,13169
"20510","07_report/CpG_context_sampling_40398_510_trimmed_bismark_bt2.CpG",13029,10811,2218,13029
"20511","07_report/CpG_context_sampling_40398_511_trimmed_bismark_bt2.CpG",13054,10849,2205,13054
"20512","07_report/CpG_context_sampling_40398_512_trimmed_bismark_bt2.CpG",13105,10899,2206,13105
"20513","07_report/CpG_context_sampling_40398_513_trimmed_bismark_bt2.CpG",13095,10946,2149,13095
"20514","07_report/CpG_context_sampling_40398_514_trimmed_bismark_bt2.CpG",13125,10853,2272,13125
"20515","07_report/CpG_context_sampling_40398_515_trimmed_bismark_bt2.CpG",13126,10941,2185,13126
"20516","07_report/CpG_context_sampling_40398_516_trimmed_bismark_bt2.CpG",13138,10922,2216,13138
"20517","07_report/CpG_context_sampling_40398_517_trimmed_bismark_bt2.CpG",13091,10862,2229,13091
"20518","07_report/CpG_context_sampling_40398_518_trimmed_bismark_bt2.CpG",13125,10956,2169,13125
"20519","07_report/CpG_context_sampling_40398_519_trimmed_bismark_bt2.CpG",13072,10934,2138,13072
"20520","07_report/CpG_context_sampling_40398_520_trimmed_bismark_bt2.CpG",13017,10795,2222,13017
"20521","07_report/CpG_context_sampling_40398_521_trimmed_bismark_bt2.CpG",12957,10790,2167,12957
"20522","07_report/CpG_context_sampling_40398_522_trimmed_bismark_bt2.CpG",13071,10854,2217,13071
"20523","07_report/CpG_context_sampling_40398_523_trimmed_bismark_bt2.CpG",12932,10765,2167,12932
"20524","07_report/CpG_context_sampling_40398_524_trimmed_bismark_bt2.CpG",13055,10909,2146,13055
"20525","07_report/CpG_context_sampling_40398_525_trimmed_bismark_bt2.CpG",13245,11101,2144,13245
"20526","07_report/CpG_context_sampling_40398_526_trimmed_bismark_bt2.CpG",12940,10762,2178,12940
"20527","07_report/CpG_context_sampling_40398_527_trimmed_bismark_bt2.CpG",12963,10782,2181,12963
"20528","07_report/CpG_context_sampling_40398_528_trimmed_bismark_bt2.CpG",13004,10863,2141,13004
"20529","07_report/CpG_context_sampling_40398_529_trimmed_bismark_bt2.CpG",12972,10833,2139,12972
"20530","07_report/CpG_context_sampling_40398_530_trimmed_bismark_bt2.CpG",13080,10897,2183,13080
"20531","07_report/CpG_context_sampling_40398_531_trimmed_bismark_bt2.CpG",13239,11031,2208,13239
"20532","07_report/CpG_context_sampling_40398_532_trimmed_bismark_bt2.CpG",13285,11048,2237,13285
"20533","07_report/CpG_context_sampling_40398_533_trimmed_bismark_bt2.CpG",13039,10868,2171,13039
"20534","07_report/CpG_context_sampling_40398_534_trimmed_bismark_bt2.CpG",13154,10918,2236,13154
"20535","07_report/CpG_context_sampling_40398_535_trimmed_bismark_bt2.CpG",13089,10920,2169,13089
"20536","07_report/CpG_context_sampling_40398_536_trimmed_bismark_bt2.CpG",13123,10849,2274,13123
"20537","07_report/CpG_context_sampling_40398_537_trimmed_bismark_bt2.CpG",13041,10782,2259,13041
"20538","07_report/CpG_context_sampling_40398_538_trimmed_bismark_bt2.CpG",12989,10697,2292,12989
"20539","07_report/CpG_context_sampling_40398_539_trimmed_bismark_bt2.CpG",13049,10875,2174,13049
"20540","07_report/CpG_context_sampling_40398_540_trimmed_bismark_bt2.CpG",13164,10973,2191,13164
"20541","07_report/CpG_context_sampling_40398_541_trimmed_bismark_bt2.CpG",13006,10848,2158,13006
"20542","07_report/CpG_context_sampling_40398_542_trimmed_bismark_bt2.CpG",12846,10781,2065,12846
"20543","07_report/CpG_context_sampling_40398_543_trimmed_bismark_bt2.CpG",13156,10886,2270,13156
"20544","07_report/CpG_context_sampling_40398_544_trimmed_bismark_bt2.CpG",13109,10884,2225,13109
"20545","07_report/CpG_context_sampling_40398_545_trimmed_bismark_bt2.CpG",13103,10890,2213,13103
"20546","07_report/CpG_context_sampling_40398_546_trimmed_bismark_bt2.CpG",12987,10847,2140,12987
"20547","07_report/CpG_context_sampling_40398_547_trimmed_bismark_bt2.CpG",13114,10903,2211,13114
"20548","07_report/CpG_context_sampling_40398_548_trimmed_bismark_bt2.CpG",13016,10779,2237,13016
"20549","07_report/CpG_context_sampling_40398_549_trimmed_bismark_bt2.CpG",12934,10761,2173,12934
"20550","07_report/CpG_context_sampling_40398_550_trimmed_bismark_bt2.CpG",13000,10810,2190,13000
"20551","07_report/CpG_context_sampling_40398_551_trimmed_bismark_bt2.CpG",13333,11094,2239,13333
"20552","07_report/CpG_context_sampling_40398_552_trimmed_bismark_bt2.CpG",13092,10877,2215,13092
"20553","07_report/CpG_context_sampling_40398_553_trimmed_bismark_bt2.CpG",12977,10874,2103,12977
"20554","07_report/CpG_context_sampling_40398_554_trimmed_bismark_bt2.CpG",13139,10985,2154,13139
"20555","07_report/CpG_context_sampling_40398_555_trimmed_bismark_bt2.CpG",13085,10902,2183,13085
"20556","07_report/CpG_context_sampling_40398_556_trimmed_bismark_bt2.CpG",12966,10797,2169,12966
"20557","07_report/CpG_context_sampling_40398_557_trimmed_bismark_bt2.CpG",13112,10862,2250,13112
"20558","07_report/CpG_context_sampling_40398_558_trimmed_bismark_bt2.CpG",13109,10875,2234,13109
"20559","07_report/CpG_context_sampling_40398_559_trimmed_bismark_bt2.CpG",13205,10940,2265,13205
"20560","07_report/CpG_context_sampling_40398_560_trimmed_bismark_bt2.CpG",13052,10879,2173,13052
"20561","07_report/CpG_context_sampling_40398_561_trimmed_bismark_bt2.CpG",13000,10838,2162,13000
"20562","07_report/CpG_context_sampling_40398_562_trimmed_bismark_bt2.CpG",13081,10868,2213,13081
"20563","07_report/CpG_context_sampling_40398_563_trimmed_bismark_bt2.CpG",13135,10951,2184,13135
"20564","07_report/CpG_context_sampling_40398_564_trimmed_bismark_bt2.CpG",13180,10904,2276,13180
"20565","07_report/CpG_context_sampling_40398_565_trimmed_bismark_bt2.CpG",12989,10821,2168,12989
"20566","07_report/CpG_context_sampling_40398_566_trimmed_bismark_bt2.CpG",13104,10877,2227,13104
"20567","07_report/CpG_context_sampling_40398_567_trimmed_bismark_bt2.CpG",13093,10868,2225,13093
"20568","07_report/CpG_context_sampling_40398_568_trimmed_bismark_bt2.CpG",13231,10973,2258,13231
"20569","07_report/CpG_context_sampling_40398_569_trimmed_bismark_bt2.CpG",12982,10819,2163,12982
"20570","07_report/CpG_context_sampling_40398_570_trimmed_bismark_bt2.CpG",13067,10906,2161,13067
"20571","07_report/CpG_context_sampling_40398_571_trimmed_bismark_bt2.CpG",13021,10884,2137,13021
"20572","07_report/CpG_context_sampling_40398_572_trimmed_bismark_bt2.CpG",13121,10959,2162,13121
"20573","07_report/CpG_context_sampling_40398_573_trimmed_bismark_bt2.CpG",12971,10761,2210,12971
"20574","07_report/CpG_context_sampling_40398_574_trimmed_bismark_bt2.CpG",13055,10850,2205,13055
"20575","07_report/CpG_context_sampling_40398_575_trimmed_bismark_bt2.CpG",13041,10776,2265,13041
"20576","07_report/CpG_context_sampling_40398_576_trimmed_bismark_bt2.CpG",12947,10696,2251,12947
"20577","07_report/CpG_context_sampling_40398_577_trimmed_bismark_bt2.CpG",12970,10635,2335,12970
"20578","07_report/CpG_context_sampling_40398_578_trimmed_bismark_bt2.CpG",13050,10925,2125,13050
"20579","07_report/CpG_context_sampling_40398_579_trimmed_bismark_bt2.CpG",13054,10891,2163,13054
"20580","07_report/CpG_context_sampling_40398_580_trimmed_bismark_bt2.CpG",13117,10882,2235,13117
"20581","07_report/CpG_context_sampling_40398_581_trimmed_bismark_bt2.CpG",13195,10907,2288,13195
"20582","07_report/CpG_context_sampling_40398_582_trimmed_bismark_bt2.CpG",12991,10762,2229,12991
"20583","07_report/CpG_context_sampling_40398_583_trimmed_bismark_bt2.CpG",12979,10803,2176,12979
"20584","07_report/CpG_context_sampling_40398_584_trimmed_bismark_bt2.CpG",13138,10947,2191,13138
"20585","07_report/CpG_context_sampling_40398_585_trimmed_bismark_bt2.CpG",13011,10793,2218,13011
"20586","07_report/CpG_context_sampling_40398_586_trimmed_bismark_bt2.CpG",13103,10839,2264,13103
"20587","07_report/CpG_context_sampling_40398_587_trimmed_bismark_bt2.CpG",13161,10916,2245,13161
"20588","07_report/CpG_context_sampling_40398_588_trimmed_bismark_bt2.CpG",13154,10916,2238,13154
"20589","07_report/CpG_context_sampling_40398_589_trimmed_bismark_bt2.CpG",13137,10911,2226,13137
"20590","07_report/CpG_context_sampling_40398_590_trimmed_bismark_bt2.CpG",13107,10887,2220,13107
"20591","07_report/CpG_context_sampling_40398_591_trimmed_bismark_bt2.CpG",13048,10786,2262,13048
"20592","07_report/CpG_context_sampling_40398_592_trimmed_bismark_bt2.CpG",13120,10870,2250,13120
"20593","07_report/CpG_context_sampling_40398_593_trimmed_bismark_bt2.CpG",13194,10881,2313,13194
"20594","07_report/CpG_context_sampling_40398_594_trimmed_bismark_bt2.CpG",13097,10888,2209,13097
"20595","07_report/CpG_context_sampling_40398_595_trimmed_bismark_bt2.CpG",13031,10825,2206,13031
"20596","07_report/CpG_context_sampling_40398_596_trimmed_bismark_bt2.CpG",13059,10859,2200,13059
"20597","07_report/CpG_context_sampling_40398_597_trimmed_bismark_bt2.CpG",13047,10822,2225,13047
"20598","07_report/CpG_context_sampling_40398_598_trimmed_bismark_bt2.CpG",13156,10976,2180,13156
"20599","07_report/CpG_context_sampling_40398_599_trimmed_bismark_bt2.CpG",13112,10980,2132,13112
"20600","07_report/CpG_context_sampling_40398_600_trimmed_bismark_bt2.CpG",13016,10797,2219,13016
"20601","07_report/CpG_context_sampling_40398_601_trimmed_bismark_bt2.CpG",12996,10762,2234,12996
"20602","07_report/CpG_context_sampling_40398_602_trimmed_bismark_bt2.CpG",12936,10668,2268,12936
"20603","07_report/CpG_context_sampling_40398_603_trimmed_bismark_bt2.CpG",12943,10835,2108,12943
"20604","07_report/CpG_context_sampling_40398_604_trimmed_bismark_bt2.CpG",13197,10932,2265,13197
"20605","07_report/CpG_context_sampling_40398_605_trimmed_bismark_bt2.CpG",12830,10648,2182,12830
"20606","07_report/CpG_context_sampling_40398_606_trimmed_bismark_bt2.CpG",13082,10899,2183,13082
"20607","07_report/CpG_context_sampling_40398_607_trimmed_bismark_bt2.CpG",13131,10981,2150,13131
"20608","07_report/CpG_context_sampling_40398_608_trimmed_bismark_bt2.CpG",13027,10854,2173,13027
"20609","07_report/CpG_context_sampling_40398_609_trimmed_bismark_bt2.CpG",13148,10848,2300,13148
"20610","07_report/CpG_context_sampling_40398_610_trimmed_bismark_bt2.CpG",13025,10905,2120,13025
"20611","07_report/CpG_context_sampling_40398_611_trimmed_bismark_bt2.CpG",13127,10919,2208,13127
"20612","07_report/CpG_context_sampling_40398_612_trimmed_bismark_bt2.CpG",13086,10986,2100,13086
"20613","07_report/CpG_context_sampling_40398_613_trimmed_bismark_bt2.CpG",12933,10808,2125,12933
"20614","07_report/CpG_context_sampling_40398_614_trimmed_bismark_bt2.CpG",13135,10926,2209,13135
"20615","07_report/CpG_context_sampling_40398_615_trimmed_bismark_bt2.CpG",13178,11035,2143,13178
"20616","07_report/CpG_context_sampling_40398_616_trimmed_bismark_bt2.CpG",13031,10767,2264,13031
"20617","07_report/CpG_context_sampling_40398_617_trimmed_bismark_bt2.CpG",12997,10789,2208,12997
"20618","07_report/CpG_context_sampling_40398_618_trimmed_bismark_bt2.CpG",13000,10778,2222,13000
"20619","07_report/CpG_context_sampling_40398_619_trimmed_bismark_bt2.CpG",13066,10900,2166,13066
"20620","07_report/CpG_context_sampling_40398_620_trimmed_bismark_bt2.CpG",13026,10852,2174,13026
"20621","07_report/CpG_context_sampling_40398_621_trimmed_bismark_bt2.CpG",13154,10911,2243,13154
"20622","07_report/CpG_context_sampling_40398_622_trimmed_bismark_bt2.CpG",13008,10724,2284,13008
"20623","07_report/CpG_context_sampling_40398_623_trimmed_bismark_bt2.CpG",13165,11059,2106,13165
"20624","07_report/CpG_context_sampling_40398_624_trimmed_bismark_bt2.CpG",13046,10786,2260,13046
"20625","07_report/CpG_context_sampling_40398_625_trimmed_bismark_bt2.CpG",13161,10986,2175,13161
"20626","07_report/CpG_context_sampling_40398_626_trimmed_bismark_bt2.CpG",13199,10927,2272,13199
"20627","07_report/CpG_context_sampling_40398_627_trimmed_bismark_bt2.CpG",13044,10886,2158,13044
"20628","07_report/CpG_context_sampling_40398_628_trimmed_bismark_bt2.CpG",12954,10788,2166,12954
"20629","07_report/CpG_context_sampling_40398_629_trimmed_bismark_bt2.CpG",13139,10949,2190,13139
"20630","07_report/CpG_context_sampling_40398_630_trimmed_bismark_bt2.CpG",13093,10928,2165,13093
"20631","07_report/CpG_context_sampling_40398_631_trimmed_bismark_bt2.CpG",12974,10763,2211,12974
"20632","07_report/CpG_context_sampling_40398_632_trimmed_bismark_bt2.CpG",12987,10783,2204,12987
"20633","07_report/CpG_context_sampling_40398_633_trimmed_bismark_bt2.CpG",13041,10814,2227,13041
"20634","07_report/CpG_context_sampling_40398_634_trimmed_bismark_bt2.CpG",12964,10767,2197,12964
"20635","07_report/CpG_context_sampling_40398_635_trimmed_bismark_bt2.CpG",12992,10726,2266,12992
"20636","07_report/CpG_context_sampling_40398_636_trimmed_bismark_bt2.CpG",12954,10737,2217,12954
"20637","07_report/CpG_context_sampling_40398_637_trimmed_bismark_bt2.CpG",13131,10876,2255,13131
"20638","07_report/CpG_context_sampling_40398_638_trimmed_bismark_bt2.CpG",13027,10828,2199,13027
"20639","07_report/CpG_context_sampling_40398_639_trimmed_bismark_bt2.CpG",12952,10684,2268,12952
"20640","07_report/CpG_context_sampling_40398_640_trimmed_bismark_bt2.CpG",13018,10902,2116,13018
"20641","07_report/CpG_context_sampling_40398_641_trimmed_bismark_bt2.CpG",13118,10858,2260,13118
"20642","07_report/CpG_context_sampling_40398_642_trimmed_bismark_bt2.CpG",13078,10889,2189,13078
"20643","07_report/CpG_context_sampling_40398_643_trimmed_bismark_bt2.CpG",13105,10896,2209,13105
"20644","07_report/CpG_context_sampling_40398_644_trimmed_bismark_bt2.CpG",13122,10962,2160,13122
"20645","07_report/CpG_context_sampling_40398_645_trimmed_bismark_bt2.CpG",13160,10946,2214,13160
"20646","07_report/CpG_context_sampling_40398_646_trimmed_bismark_bt2.CpG",12904,10654,2250,12904
"20647","07_report/CpG_context_sampling_40398_647_trimmed_bismark_bt2.CpG",12989,10863,2126,12989
"20648","07_report/CpG_context_sampling_40398_648_trimmed_bismark_bt2.CpG",13104,10833,2271,13104
"20649","07_report/CpG_context_sampling_40398_649_trimmed_bismark_bt2.CpG",13007,10823,2184,13007
"20650","07_report/CpG_context_sampling_40398_650_trimmed_bismark_bt2.CpG",12973,10747,2226,12973
"20651","07_report/CpG_context_sampling_40398_651_trimmed_bismark_bt2.CpG",13005,10839,2166,13005
"20652","07_report/CpG_context_sampling_40398_652_trimmed_bismark_bt2.CpG",12956,10766,2190,12956
"20653","07_report/CpG_context_sampling_40398_653_trimmed_bismark_bt2.CpG",13042,10827,2215,13042
"20654","07_report/CpG_context_sampling_40398_654_trimmed_bismark_bt2.CpG",13121,10888,2233,13121
"20655","07_report/CpG_context_sampling_40398_655_trimmed_bismark_bt2.CpG",12973,10780,2193,12973
"20656","07_report/CpG_context_sampling_40398_656_trimmed_bismark_bt2.CpG",13204,10949,2255,13204
"20657","07_report/CpG_context_sampling_40398_657_trimmed_bismark_bt2.CpG",13151,10989,2162,13151
"20658","07_report/CpG_context_sampling_40398_658_trimmed_bismark_bt2.CpG",12877,10688,2189,12877
"20659","07_report/CpG_context_sampling_40398_659_trimmed_bismark_bt2.CpG",13031,10866,2165,13031
"20660","07_report/CpG_context_sampling_40398_660_trimmed_bismark_bt2.CpG",13047,10831,2216,13047
"20661","07_report/CpG_context_sampling_40398_661_trimmed_bismark_bt2.CpG",13051,10883,2168,13051
"20662","07_report/CpG_context_sampling_40398_662_trimmed_bismark_bt2.CpG",12985,10731,2254,12985
"20663","07_report/CpG_context_sampling_40398_663_trimmed_bismark_bt2.CpG",12973,10835,2138,12973
"20664","07_report/CpG_context_sampling_40398_664_trimmed_bismark_bt2.CpG",13037,10840,2197,13037
"20665","07_report/CpG_context_sampling_40398_665_trimmed_bismark_bt2.CpG",12954,10730,2224,12954
"20666","07_report/CpG_context_sampling_40398_666_trimmed_bismark_bt2.CpG",12994,10778,2216,12994
"20667","07_report/CpG_context_sampling_40398_667_trimmed_bismark_bt2.CpG",13005,10794,2211,13005
"20668","07_report/CpG_context_sampling_40398_668_trimmed_bismark_bt2.CpG",13170,10968,2202,13170
"20669","07_report/CpG_context_sampling_40398_669_trimmed_bismark_bt2.CpG",13064,10900,2164,13064
"20670","07_report/CpG_context_sampling_40398_670_trimmed_bismark_bt2.CpG",12970,10883,2087,12970
"20671","07_report/CpG_context_sampling_40398_671_trimmed_bismark_bt2.CpG",13162,10992,2170,13162
"20672","07_report/CpG_context_sampling_40398_672_trimmed_bismark_bt2.CpG",13082,10924,2158,13082
"20673","07_report/CpG_context_sampling_40398_673_trimmed_bismark_bt2.CpG",12913,10717,2196,12913
"20674","07_report/CpG_context_sampling_40398_674_trimmed_bismark_bt2.CpG",12995,10780,2215,12995
"20675","07_report/CpG_context_sampling_40398_675_trimmed_bismark_bt2.CpG",13034,10891,2143,13034
"20676","07_report/CpG_context_sampling_40398_676_trimmed_bismark_bt2.CpG",13038,10878,2160,13038
"20677","07_report/CpG_context_sampling_40398_677_trimmed_bismark_bt2.CpG",12869,10651,2218,12869
"20678","07_report/CpG_context_sampling_40398_678_trimmed_bismark_bt2.CpG",13103,10869,2234,13103
"20679","07_report/CpG_context_sampling_40398_679_trimmed_bismark_bt2.CpG",13136,10927,2209,13136
"20680","07_report/CpG_context_sampling_40398_680_trimmed_bismark_bt2.CpG",13155,10895,2260,13155
"20681","07_report/CpG_context_sampling_40398_681_trimmed_bismark_bt2.CpG",12982,10769,2213,12982
"20682","07_report/CpG_context_sampling_40398_682_trimmed_bismark_bt2.CpG",13057,10838,2219,13057
"20683","07_report/CpG_context_sampling_40398_683_trimmed_bismark_bt2.CpG",13158,10988,2170,13158
"20684","07_report/CpG_context_sampling_40398_684_trimmed_bismark_bt2.CpG",12934,10673,2261,12934
"20685","07_report/CpG_context_sampling_40398_685_trimmed_bismark_bt2.CpG",13039,10887,2152,13039
"20686","07_report/CpG_context_sampling_40398_686_trimmed_bismark_bt2.CpG",13089,10889,2200,13089
"20687","07_report/CpG_context_sampling_40398_687_trimmed_bismark_bt2.CpG",13003,10791,2212,13003
"20688","07_report/CpG_context_sampling_40398_688_trimmed_bismark_bt2.CpG",13105,10898,2207,13105
"20689","07_report/CpG_context_sampling_40398_689_trimmed_bismark_bt2.CpG",13070,10860,2210,13070
"20690","07_report/CpG_context_sampling_40398_690_trimmed_bismark_bt2.CpG",13120,10899,2221,13120
"20691","07_report/CpG_context_sampling_40398_691_trimmed_bismark_bt2.CpG",12988,10775,2213,12988
"20692","07_report/CpG_context_sampling_40398_692_trimmed_bismark_bt2.CpG",13034,10849,2185,13034
"20693","07_report/CpG_context_sampling_40398_693_trimmed_bismark_bt2.CpG",13211,11071,2140,13211
"20694","07_report/CpG_context_sampling_40398_694_trimmed_bismark_bt2.CpG",13050,10902,2148,13050
"20695","07_report/CpG_context_sampling_40398_695_trimmed_bismark_bt2.CpG",12985,10778,2207,12985
"20696","07_report/CpG_context_sampling_40398_696_trimmed_bismark_bt2.CpG",13253,11017,2236,13253
"20697","07_report/CpG_context_sampling_40398_697_trimmed_bismark_bt2.CpG",13091,10795,2296,13091
"20698","07_report/CpG_context_sampling_40398_698_trimmed_bismark_bt2.CpG",12953,10764,2189,12953
"20699","07_report/CpG_context_sampling_40398_699_trimmed_bismark_bt2.CpG",13129,11037,2092,13129
"20700","07_report/CpG_context_sampling_40398_700_trimmed_bismark_bt2.CpG",12857,10707,2150,12857
"20701","07_report/CpG_context_sampling_40398_701_trimmed_bismark_bt2.CpG",13031,10885,2146,13031
"20702","07_report/CpG_context_sampling_40398_702_trimmed_bismark_bt2.CpG",13052,10836,2216,13052
"20703","07_report/CpG_context_sampling_40398_703_trimmed_bismark_bt2.CpG",13027,10844,2183,13027
"20704","07_report/CpG_context_sampling_40398_704_trimmed_bismark_bt2.CpG",12910,10791,2119,12910
"20705","07_report/CpG_context_sampling_40398_705_trimmed_bismark_bt2.CpG",12997,10820,2177,12997
"20706","07_report/CpG_context_sampling_40398_706_trimmed_bismark_bt2.CpG",13007,10823,2184,13007
"20707","07_report/CpG_context_sampling_40398_707_trimmed_bismark_bt2.CpG",12832,10694,2138,12832
"20708","07_report/CpG_context_sampling_40398_708_trimmed_bismark_bt2.CpG",13101,10875,2226,13101
"20709","07_report/CpG_context_sampling_40398_709_trimmed_bismark_bt2.CpG",13125,10908,2217,13125
"20710","07_report/CpG_context_sampling_40398_710_trimmed_bismark_bt2.CpG",13114,10885,2229,13114
"20711","07_report/CpG_context_sampling_40398_711_trimmed_bismark_bt2.CpG",13032,10814,2218,13032
"20712","07_report/CpG_context_sampling_40398_712_trimmed_bismark_bt2.CpG",13019,10832,2187,13019
"20713","07_report/CpG_context_sampling_40398_713_trimmed_bismark_bt2.CpG",13127,10992,2135,13127
"20714","07_report/CpG_context_sampling_40398_714_trimmed_bismark_bt2.CpG",13017,10850,2167,13017
"20715","07_report/CpG_context_sampling_40398_715_trimmed_bismark_bt2.CpG",12986,10806,2180,12986
"20716","07_report/CpG_context_sampling_40398_716_trimmed_bismark_bt2.CpG",13029,10862,2167,13029
"20717","07_report/CpG_context_sampling_40398_717_trimmed_bismark_bt2.CpG",13139,10867,2272,13139
"20718","07_report/CpG_context_sampling_40398_718_trimmed_bismark_bt2.CpG",13136,10843,2293,13136
"20719","07_report/CpG_context_sampling_40398_719_trimmed_bismark_bt2.CpG",13165,10942,2223,13165
"20720","07_report/CpG_context_sampling_40398_720_trimmed_bismark_bt2.CpG",13039,10893,2146,13039
"20721","07_report/CpG_context_sampling_40398_721_trimmed_bismark_bt2.CpG",13015,10813,2202,13015
"20722","07_report/CpG_context_sampling_40398_722_trimmed_bismark_bt2.CpG",13113,10895,2218,13113
"20723","07_report/CpG_context_sampling_40398_723_trimmed_bismark_bt2.CpG",12995,10751,2244,12995
"20724","07_report/CpG_context_sampling_40398_724_trimmed_bismark_bt2.CpG",13182,10909,2273,13182
"20725","07_report/CpG_context_sampling_40398_725_trimmed_bismark_bt2.CpG",12858,10694,2164,12858
"20726","07_report/CpG_context_sampling_40398_726_trimmed_bismark_bt2.CpG",13086,10906,2180,13086
"20727","07_report/CpG_context_sampling_40398_727_trimmed_bismark_bt2.CpG",13060,10862,2198,13060
"20728","07_report/CpG_context_sampling_40398_728_trimmed_bismark_bt2.CpG",13091,10913,2178,13091
"20729","07_report/CpG_context_sampling_40398_729_trimmed_bismark_bt2.CpG",13301,11065,2236,13301
"20730","07_report/CpG_context_sampling_40398_730_trimmed_bismark_bt2.CpG",13077,10858,2219,13077
"20731","07_report/CpG_context_sampling_40398_731_trimmed_bismark_bt2.CpG",13085,10901,2184,13085
"20732","07_report/CpG_context_sampling_40398_732_trimmed_bismark_bt2.CpG",13050,10924,2126,13050
"20733","07_report/CpG_context_sampling_40398_733_trimmed_bismark_bt2.CpG",13001,10781,2220,13001
"20734","07_report/CpG_context_sampling_40398_734_trimmed_bismark_bt2.CpG",13275,11000,2275,13275
"20735","07_report/CpG_context_sampling_40398_735_trimmed_bismark_bt2.CpG",13023,10744,2279,13023
"20736","07_report/CpG_context_sampling_40398_736_trimmed_bismark_bt2.CpG",12972,10788,2184,12972
"20737","07_report/CpG_context_sampling_40398_737_trimmed_bismark_bt2.CpG",13034,10772,2262,13034
"20738","07_report/CpG_context_sampling_40398_738_trimmed_bismark_bt2.CpG",13225,10949,2276,13225
"20739","07_report/CpG_context_sampling_40398_739_trimmed_bismark_bt2.CpG",13048,10813,2235,13048
"20740","07_report/CpG_context_sampling_40398_740_trimmed_bismark_bt2.CpG",13142,10972,2170,13142
"20741","07_report/CpG_context_sampling_40398_741_trimmed_bismark_bt2.CpG",12969,10792,2177,12969
"20742","07_report/CpG_context_sampling_40398_742_trimmed_bismark_bt2.CpG",13016,10772,2244,13016
"20743","07_report/CpG_context_sampling_40398_743_trimmed_bismark_bt2.CpG",13000,10844,2156,13000
"20744","07_report/CpG_context_sampling_40398_744_trimmed_bismark_bt2.CpG",12996,10896,2100,12996
"20745","07_report/CpG_context_sampling_40398_745_trimmed_bismark_bt2.CpG",13057,10886,2171,13057
"20746","07_report/CpG_context_sampling_40398_746_trimmed_bismark_bt2.CpG",13169,10975,2194,13169
"20747","07_report/CpG_context_sampling_40398_747_trimmed_bismark_bt2.CpG",13112,10906,2206,13112
"20748","07_report/CpG_context_sampling_40398_748_trimmed_bismark_bt2.CpG",13027,10790,2237,13027
"20749","07_report/CpG_context_sampling_40398_749_trimmed_bismark_bt2.CpG",13083,10809,2274,13083
"20750","07_report/CpG_context_sampling_40398_750_trimmed_bismark_bt2.CpG",13078,10826,2252,13078
"20751","07_report/CpG_context_sampling_40398_751_trimmed_bismark_bt2.CpG",12975,10723,2252,12975
"20752","07_report/CpG_context_sampling_40398_752_trimmed_bismark_bt2.CpG",13062,10863,2199,13062
"20753","07_report/CpG_context_sampling_40398_753_trimmed_bismark_bt2.CpG",13164,10902,2262,13164
"20754","07_report/CpG_context_sampling_40398_754_trimmed_bismark_bt2.CpG",13025,10820,2205,13025
"20755","07_report/CpG_context_sampling_40398_755_trimmed_bismark_bt2.CpG",12945,10728,2217,12945
"20756","07_report/CpG_context_sampling_40398_756_trimmed_bismark_bt2.CpG",12934,10745,2189,12934
"20757","07_report/CpG_context_sampling_40398_757_trimmed_bismark_bt2.CpG",13105,10882,2223,13105
"20758","07_report/CpG_context_sampling_40398_758_trimmed_bismark_bt2.CpG",13064,10938,2126,13064
"20759","07_report/CpG_context_sampling_40398_759_trimmed_bismark_bt2.CpG",13108,10860,2248,13108
"20760","07_report/CpG_context_sampling_40398_760_trimmed_bismark_bt2.CpG",13006,10807,2199,13006
"20761","07_report/CpG_context_sampling_40398_761_trimmed_bismark_bt2.CpG",12933,10802,2131,12933
"20762","07_report/CpG_context_sampling_40398_762_trimmed_bismark_bt2.CpG",13006,10780,2226,13006
"20763","07_report/CpG_context_sampling_40398_763_trimmed_bismark_bt2.CpG",13132,10875,2257,13132
"20764","07_report/CpG_context_sampling_40398_764_trimmed_bismark_bt2.CpG",13097,10976,2121,13097
"20765","07_report/CpG_context_sampling_40398_765_trimmed_bismark_bt2.CpG",13060,10785,2275,13060
"20766","07_report/CpG_context_sampling_40398_766_trimmed_bismark_bt2.CpG",12962,10771,2191,12962
"20767","07_report/CpG_context_sampling_40398_767_trimmed_bismark_bt2.CpG",13060,10929,2131,13060
"20768","07_report/CpG_context_sampling_40398_768_trimmed_bismark_bt2.CpG",12938,10855,2083,12938
"20769","07_report/CpG_context_sampling_40398_769_trimmed_bismark_bt2.CpG",13025,10742,2283,13025
"20770","07_report/CpG_context_sampling_40398_770_trimmed_bismark_bt2.CpG",12943,10702,2241,12943
"20771","07_report/CpG_context_sampling_40398_771_trimmed_bismark_bt2.CpG",13030,10834,2196,13030
"20772","07_report/CpG_context_sampling_40398_772_trimmed_bismark_bt2.CpG",13034,10807,2227,13034
"20773","07_report/CpG_context_sampling_40398_773_trimmed_bismark_bt2.CpG",13029,10762,2267,13029
"20774","07_report/CpG_context_sampling_40398_774_trimmed_bismark_bt2.CpG",13019,10816,2203,13019
"20775","07_report/CpG_context_sampling_40398_775_trimmed_bismark_bt2.CpG",13043,10869,2174,13043
"20776","07_report/CpG_context_sampling_40398_776_trimmed_bismark_bt2.CpG",13130,10940,2190,13130
"20777","07_report/CpG_context_sampling_40398_777_trimmed_bismark_bt2.CpG",13034,10820,2214,13034
"20778","07_report/CpG_context_sampling_40398_778_trimmed_bismark_bt2.CpG",13085,10905,2180,13085
"20779","07_report/CpG_context_sampling_40398_779_trimmed_bismark_bt2.CpG",13236,11004,2232,13236
"20780","07_report/CpG_context_sampling_40398_780_trimmed_bismark_bt2.CpG",13144,10917,2227,13144
"20781","07_report/CpG_context_sampling_40398_781_trimmed_bismark_bt2.CpG",12894,10719,2175,12894
"20782","07_report/CpG_context_sampling_40398_782_trimmed_bismark_bt2.CpG",13151,10929,2222,13151
"20783","07_report/CpG_context_sampling_40398_783_trimmed_bismark_bt2.CpG",13037,10832,2205,13037
"20784","07_report/CpG_context_sampling_40398_784_trimmed_bismark_bt2.CpG",13236,10943,2293,13236
"20785","07_report/CpG_context_sampling_40398_785_trimmed_bismark_bt2.CpG",12919,10697,2222,12919
"20786","07_report/CpG_context_sampling_40398_786_trimmed_bismark_bt2.CpG",12809,10721,2088,12809
"20787","07_report/CpG_context_sampling_40398_787_trimmed_bismark_bt2.CpG",13070,10806,2264,13070
"20788","07_report/CpG_context_sampling_40398_788_trimmed_bismark_bt2.CpG",12958,10832,2126,12958
"20789","07_report/CpG_context_sampling_40398_789_trimmed_bismark_bt2.CpG",12971,10827,2144,12971
"20790","07_report/CpG_context_sampling_40398_790_trimmed_bismark_bt2.CpG",13226,11000,2226,13226
"20791","07_report/CpG_context_sampling_40398_791_trimmed_bismark_bt2.CpG",13031,10914,2117,13031
"20792","07_report/CpG_context_sampling_40398_792_trimmed_bismark_bt2.CpG",13076,10856,2220,13076
"20793","07_report/CpG_context_sampling_40398_793_trimmed_bismark_bt2.CpG",12939,10811,2128,12939
"20794","07_report/CpG_context_sampling_40398_794_trimmed_bismark_bt2.CpG",12902,10668,2234,12902
"20795","07_report/CpG_context_sampling_40398_795_trimmed_bismark_bt2.CpG",13141,10929,2212,13141
"20796","07_report/CpG_context_sampling_40398_796_trimmed_bismark_bt2.CpG",13030,10858,2172,13030
"20797","07_report/CpG_context_sampling_40398_797_trimmed_bismark_bt2.CpG",12895,10742,2153,12895
"20798","07_report/CpG_context_sampling_40398_798_trimmed_bismark_bt2.CpG",12976,10785,2191,12976
"20799","07_report/CpG_context_sampling_40398_799_trimmed_bismark_bt2.CpG",13011,10719,2292,13011
"20800","07_report/CpG_context_sampling_40398_800_trimmed_bismark_bt2.CpG",13196,10955,2241,13196
"20801","07_report/CpG_context_sampling_40398_801_trimmed_bismark_bt2.CpG",12986,10776,2210,12986
"20802","07_report/CpG_context_sampling_40398_802_trimmed_bismark_bt2.CpG",13121,10896,2225,13121
"20803","07_report/CpG_context_sampling_40398_803_trimmed_bismark_bt2.CpG",12996,10858,2138,12996
"20804","07_report/CpG_context_sampling_40398_804_trimmed_bismark_bt2.CpG",13119,10907,2212,13119
"20805","07_report/CpG_context_sampling_40398_805_trimmed_bismark_bt2.CpG",13001,10836,2165,13001
"20806","07_report/CpG_context_sampling_40398_806_trimmed_bismark_bt2.CpG",13038,10825,2213,13038
"20807","07_report/CpG_context_sampling_40398_807_trimmed_bismark_bt2.CpG",12970,10755,2215,12970
"20808","07_report/CpG_context_sampling_40398_808_trimmed_bismark_bt2.CpG",13091,10851,2240,13091
"20809","07_report/CpG_context_sampling_40398_809_trimmed_bismark_bt2.CpG",13211,10956,2255,13211
"20810","07_report/CpG_context_sampling_40398_810_trimmed_bismark_bt2.CpG",13083,10924,2159,13083
"20811","07_report/CpG_context_sampling_40398_811_trimmed_bismark_bt2.CpG",12902,10674,2228,12902
"20812","07_report/CpG_context_sampling_40398_812_trimmed_bismark_bt2.CpG",13032,10781,2251,13032
"20813","07_report/CpG_context_sampling_40398_813_trimmed_bismark_bt2.CpG",13136,10937,2199,13136
"20814","07_report/CpG_context_sampling_40398_814_trimmed_bismark_bt2.CpG",13059,10953,2106,13059
"20815","07_report/CpG_context_sampling_40398_815_trimmed_bismark_bt2.CpG",13146,10975,2171,13146
"20816","07_report/CpG_context_sampling_40398_816_trimmed_bismark_bt2.CpG",12973,10857,2116,12973
"20817","07_report/CpG_context_sampling_40398_817_trimmed_bismark_bt2.CpG",13064,10796,2268,13064
"20818","07_report/CpG_context_sampling_40398_818_trimmed_bismark_bt2.CpG",13035,10846,2189,13035
"20819","07_report/CpG_context_sampling_40398_819_trimmed_bismark_bt2.CpG",12900,10778,2122,12900
"20820","07_report/CpG_context_sampling_40398_820_trimmed_bismark_bt2.CpG",13119,10799,2320,13119
"20821","07_report/CpG_context_sampling_40398_821_trimmed_bismark_bt2.CpG",13069,10861,2208,13069
"20822","07_report/CpG_context_sampling_40398_822_trimmed_bismark_bt2.CpG",13039,10894,2145,13039
"20823","07_report/CpG_context_sampling_40398_823_trimmed_bismark_bt2.CpG",13003,10906,2097,13003
"20824","07_report/CpG_context_sampling_40398_824_trimmed_bismark_bt2.CpG",12991,10763,2228,12991
"20825","07_report/CpG_context_sampling_40398_825_trimmed_bismark_bt2.CpG",12942,10771,2171,12942
"20826","07_report/CpG_context_sampling_40398_826_trimmed_bismark_bt2.CpG",12921,10704,2217,12921
"20827","07_report/CpG_context_sampling_40398_827_trimmed_bismark_bt2.CpG",12857,10663,2194,12857
"20828","07_report/CpG_context_sampling_40398_828_trimmed_bismark_bt2.CpG",13037,10782,2255,13037
"20829","07_report/CpG_context_sampling_40398_829_trimmed_bismark_bt2.CpG",13123,10911,2212,13123
"20830","07_report/CpG_context_sampling_40398_830_trimmed_bismark_bt2.CpG",13011,10806,2205,13011
"20831","07_report/CpG_context_sampling_40398_831_trimmed_bismark_bt2.CpG",12778,10627,2151,12778
"20832","07_report/CpG_context_sampling_40398_832_trimmed_bismark_bt2.CpG",13005,10824,2181,13005
"20833","07_report/CpG_context_sampling_40398_833_trimmed_bismark_bt2.CpG",13019,10760,2259,13019
"20834","07_report/CpG_context_sampling_40398_834_trimmed_bismark_bt2.CpG",13011,10838,2173,13011
"20835","07_report/CpG_context_sampling_40398_835_trimmed_bismark_bt2.CpG",13065,10837,2228,13065
"20836","07_report/CpG_context_sampling_40398_836_trimmed_bismark_bt2.CpG",13051,10804,2247,13051
"20837","07_report/CpG_context_sampling_40398_837_trimmed_bismark_bt2.CpG",12918,10761,2157,12918
"20838","07_report/CpG_context_sampling_40398_838_trimmed_bismark_bt2.CpG",12942,10698,2244,12942
"20839","07_report/CpG_context_sampling_40398_839_trimmed_bismark_bt2.CpG",13131,10871,2260,13131
"20840","07_report/CpG_context_sampling_40398_840_trimmed_bismark_bt2.CpG",13164,11006,2158,13164
"20841","07_report/CpG_context_sampling_40398_841_trimmed_bismark_bt2.CpG",13040,10836,2204,13040
"20842","07_report/CpG_context_sampling_40398_842_trimmed_bismark_bt2.CpG",13241,10921,2320,13241
"20843","07_report/CpG_context_sampling_40398_843_trimmed_bismark_bt2.CpG",13068,10891,2177,13068
"20844","07_report/CpG_context_sampling_40398_844_trimmed_bismark_bt2.CpG",13142,10922,2220,13142
"20845","07_report/CpG_context_sampling_40398_845_trimmed_bismark_bt2.CpG",13155,10808,2347,13155
"20846","07_report/CpG_context_sampling_40398_846_trimmed_bismark_bt2.CpG",13090,10826,2264,13090
"20847","07_report/CpG_context_sampling_40398_847_trimmed_bismark_bt2.CpG",13043,10871,2172,13043
"20848","07_report/CpG_context_sampling_40398_848_trimmed_bismark_bt2.CpG",12874,10692,2182,12874
"20849","07_report/CpG_context_sampling_40398_849_trimmed_bismark_bt2.CpG",13006,10847,2159,13006
"20850","07_report/CpG_context_sampling_40398_850_trimmed_bismark_bt2.CpG",13078,10937,2141,13078
"20851","07_report/CpG_context_sampling_40398_851_trimmed_bismark_bt2.CpG",12958,10721,2237,12958
"20852","07_report/CpG_context_sampling_40398_852_trimmed_bismark_bt2.CpG",13033,10858,2175,13033
"20853","07_report/CpG_context_sampling_40398_853_trimmed_bismark_bt2.CpG",13018,10843,2175,13018
"20854","07_report/CpG_context_sampling_40398_854_trimmed_bismark_bt2.CpG",13138,10914,2224,13138
"20855","07_report/CpG_context_sampling_40398_855_trimmed_bismark_bt2.CpG",13081,10874,2207,13081
"20856","07_report/CpG_context_sampling_40398_856_trimmed_bismark_bt2.CpG",12961,10807,2154,12961
"20857","07_report/CpG_context_sampling_40398_857_trimmed_bismark_bt2.CpG",13028,10836,2192,13028
"20858","07_report/CpG_context_sampling_40398_858_trimmed_bismark_bt2.CpG",12752,10565,2187,12752
"20859","07_report/CpG_context_sampling_40398_859_trimmed_bismark_bt2.CpG",13100,10907,2193,13100
"20860","07_report/CpG_context_sampling_40398_860_trimmed_bismark_bt2.CpG",13018,10814,2204,13018
"20861","07_report/CpG_context_sampling_40398_861_trimmed_bismark_bt2.CpG",13120,10924,2196,13120
"20862","07_report/CpG_context_sampling_40398_862_trimmed_bismark_bt2.CpG",13104,10884,2220,13104
"20863","07_report/CpG_context_sampling_40398_863_trimmed_bismark_bt2.CpG",12832,10643,2189,12832
"20864","07_report/CpG_context_sampling_40398_864_trimmed_bismark_bt2.CpG",13192,10902,2290,13192
"20865","07_report/CpG_context_sampling_40398_865_trimmed_bismark_bt2.CpG",13072,10888,2184,13072
"20866","07_report/CpG_context_sampling_40398_866_trimmed_bismark_bt2.CpG",13068,10788,2280,13068
"20867","07_report/CpG_context_sampling_40398_867_trimmed_bismark_bt2.CpG",12990,10843,2147,12990
"20868","07_report/CpG_context_sampling_40398_868_trimmed_bismark_bt2.CpG",13031,10815,2216,13031
"20869","07_report/CpG_context_sampling_40398_869_trimmed_bismark_bt2.CpG",13171,10949,2222,13171
"20870","07_report/CpG_context_sampling_40398_870_trimmed_bismark_bt2.CpG",13025,10864,2161,13025
"20871","07_report/CpG_context_sampling_40398_871_trimmed_bismark_bt2.CpG",13078,10863,2215,13078
"20872","07_report/CpG_context_sampling_40398_872_trimmed_bismark_bt2.CpG",13072,10949,2123,13072
"20873","07_report/CpG_context_sampling_40398_873_trimmed_bismark_bt2.CpG",13122,10964,2158,13122
"20874","07_report/CpG_context_sampling_40398_874_trimmed_bismark_bt2.CpG",12936,10762,2174,12936
"20875","07_report/CpG_context_sampling_40398_875_trimmed_bismark_bt2.CpG",13001,10796,2205,13001
"20876","07_report/CpG_context_sampling_40398_876_trimmed_bismark_bt2.CpG",13038,10870,2168,13038
"20877","07_report/CpG_context_sampling_40398_877_trimmed_bismark_bt2.CpG",12970,10834,2136,12970
"20878","07_report/CpG_context_sampling_40398_878_trimmed_bismark_bt2.CpG",13199,10969,2230,13199
"20879","07_report/CpG_context_sampling_40398_879_trimmed_bismark_bt2.CpG",12961,10792,2169,12961
"20880","07_report/CpG_context_sampling_40398_880_trimmed_bismark_bt2.CpG",13053,10847,2206,13053
"20881","07_report/CpG_context_sampling_40398_881_trimmed_bismark_bt2.CpG",13045,10853,2192,13045
"20882","07_report/CpG_context_sampling_40398_882_trimmed_bismark_bt2.CpG",13085,10924,2161,13085
"20883","07_report/CpG_context_sampling_40398_883_trimmed_bismark_bt2.CpG",12983,10794,2189,12983
"20884","07_report/CpG_context_sampling_40398_884_trimmed_bismark_bt2.CpG",13213,10989,2224,13213
"20885","07_report/CpG_context_sampling_40398_885_trimmed_bismark_bt2.CpG",13241,10981,2260,13241
"20886","07_report/CpG_context_sampling_40398_886_trimmed_bismark_bt2.CpG",13153,10970,2183,13153
"20887","07_report/CpG_context_sampling_40398_887_trimmed_bismark_bt2.CpG",13084,10872,2212,13084
"20888","07_report/CpG_context_sampling_40398_888_trimmed_bismark_bt2.CpG",13017,10809,2208,13017
"20889","07_report/CpG_context_sampling_40398_889_trimmed_bismark_bt2.CpG",13019,10811,2208,13019
"20890","07_report/CpG_context_sampling_40398_890_trimmed_bismark_bt2.CpG",13048,10774,2274,13048
"20891","07_report/CpG_context_sampling_40398_891_trimmed_bismark_bt2.CpG",13205,11011,2194,13205
"20892","07_report/CpG_context_sampling_40398_892_trimmed_bismark_bt2.CpG",12884,10713,2171,12884
"20893","07_report/CpG_context_sampling_40398_893_trimmed_bismark_bt2.CpG",13002,10851,2151,13002
"20894","07_report/CpG_context_sampling_40398_894_trimmed_bismark_bt2.CpG",13036,10774,2262,13036
"20895","07_report/CpG_context_sampling_40398_895_trimmed_bismark_bt2.CpG",12987,10628,2359,12987
"20896","07_report/CpG_context_sampling_40398_896_trimmed_bismark_bt2.CpG",12976,10786,2190,12976
"20897","07_report/CpG_context_sampling_40398_897_trimmed_bismark_bt2.CpG",12973,10752,2221,12973
"20898","07_report/CpG_context_sampling_40398_898_trimmed_bismark_bt2.CpG",13140,10962,2178,13140
"20899","07_report/CpG_context_sampling_40398_899_trimmed_bismark_bt2.CpG",12851,10698,2153,12851
"20900","07_report/CpG_context_sampling_40398_900_trimmed_bismark_bt2.CpG",13003,10746,2257,13003
"20901","07_report/CpG_context_sampling_40398_901_trimmed_bismark_bt2.CpG",13017,10838,2179,13017
"20902","07_report/CpG_context_sampling_40398_902_trimmed_bismark_bt2.CpG",13082,10847,2235,13082
"20903","07_report/CpG_context_sampling_40398_903_trimmed_bismark_bt2.CpG",13098,10854,2244,13098
"20904","07_report/CpG_context_sampling_40398_904_trimmed_bismark_bt2.CpG",13136,10927,2209,13136
"20905","07_report/CpG_context_sampling_40398_905_trimmed_bismark_bt2.CpG",13134,10913,2221,13134
"20906","07_report/CpG_context_sampling_40398_906_trimmed_bismark_bt2.CpG",12974,10790,2184,12974
"20907","07_report/CpG_context_sampling_40398_907_trimmed_bismark_bt2.CpG",12977,10791,2186,12977
"20908","07_report/CpG_context_sampling_40398_908_trimmed_bismark_bt2.CpG",13030,10850,2180,13030
"20909","07_report/CpG_context_sampling_40398_909_trimmed_bismark_bt2.CpG",12978,10763,2215,12978
"20910","07_report/CpG_context_sampling_40398_910_trimmed_bismark_bt2.CpG",13107,10891,2216,13107
"20911","07_report/CpG_context_sampling_40398_911_trimmed_bismark_bt2.CpG",13024,10832,2192,13024
"20912","07_report/CpG_context_sampling_40398_912_trimmed_bismark_bt2.CpG",13077,10860,2217,13077
"20913","07_report/CpG_context_sampling_40398_913_trimmed_bismark_bt2.CpG",13077,10942,2135,13077
"20914","07_report/CpG_context_sampling_40398_914_trimmed_bismark_bt2.CpG",13030,10794,2236,13030
"20915","07_report/CpG_context_sampling_40398_915_trimmed_bismark_bt2.CpG",12896,10760,2136,12896
"20916","07_report/CpG_context_sampling_40398_916_trimmed_bismark_bt2.CpG",12989,10725,2264,12989
"20917","07_report/CpG_context_sampling_40398_917_trimmed_bismark_bt2.CpG",13026,10809,2217,13026
"20918","07_report/CpG_context_sampling_40398_918_trimmed_bismark_bt2.CpG",12930,10785,2145,12930
"20919","07_report/CpG_context_sampling_40398_919_trimmed_bismark_bt2.CpG",13196,10967,2229,13196
"20920","07_report/CpG_context_sampling_40398_920_trimmed_bismark_bt2.CpG",13112,10839,2273,13112
"20921","07_report/CpG_context_sampling_40398_921_trimmed_bismark_bt2.CpG",13045,10859,2186,13045
"20922","07_report/CpG_context_sampling_40398_922_trimmed_bismark_bt2.CpG",13058,10794,2264,13058
"20923","07_report/CpG_context_sampling_40398_923_trimmed_bismark_bt2.CpG",13095,10895,2200,13095
"20924","07_report/CpG_context_sampling_40398_924_trimmed_bismark_bt2.CpG",12919,10750,2169,12919
"20925","07_report/CpG_context_sampling_40398_925_trimmed_bismark_bt2.CpG",13057,10855,2202,13057
"20926","07_report/CpG_context_sampling_40398_926_trimmed_bismark_bt2.CpG",13159,10973,2186,13159
"20927","07_report/CpG_context_sampling_40398_927_trimmed_bismark_bt2.CpG",12972,10771,2201,12972
"20928","07_report/CpG_context_sampling_40398_928_trimmed_bismark_bt2.CpG",13136,10860,2276,13136
"20929","07_report/CpG_context_sampling_40398_929_trimmed_bismark_bt2.CpG",12923,10658,2265,12923
"20930","07_report/CpG_context_sampling_40398_930_trimmed_bismark_bt2.CpG",12968,10785,2183,12968
"20931","07_report/CpG_context_sampling_40398_931_trimmed_bismark_bt2.CpG",13047,10874,2173,13047
"20932","07_report/CpG_context_sampling_40398_932_trimmed_bismark_bt2.CpG",12929,10686,2243,12929
"20933","07_report/CpG_context_sampling_40398_933_trimmed_bismark_bt2.CpG",12991,10859,2132,12991
"20934","07_report/CpG_context_sampling_40398_934_trimmed_bismark_bt2.CpG",12977,10809,2168,12977
"20935","07_report/CpG_context_sampling_40398_935_trimmed_bismark_bt2.CpG",12937,10786,2151,12937
"20936","07_report/CpG_context_sampling_40398_936_trimmed_bismark_bt2.CpG",13132,10886,2246,13132
"20937","07_report/CpG_context_sampling_40398_937_trimmed_bismark_bt2.CpG",13145,10899,2246,13145
"20938","07_report/CpG_context_sampling_40398_938_trimmed_bismark_bt2.CpG",13062,10771,2291,13062
"20939","07_report/CpG_context_sampling_40398_939_trimmed_bismark_bt2.CpG",12902,10700,2202,12902
"20940","07_report/CpG_context_sampling_40398_940_trimmed_bismark_bt2.CpG",13152,10920,2232,13152
"20941","07_report/CpG_context_sampling_40398_941_trimmed_bismark_bt2.CpG",12837,10683,2154,12837
"20942","07_report/CpG_context_sampling_40398_942_trimmed_bismark_bt2.CpG",13049,10765,2284,13049
"20943","07_report/CpG_context_sampling_40398_943_trimmed_bismark_bt2.CpG",13144,10917,2227,13144
"20944","07_report/CpG_context_sampling_40398_944_trimmed_bismark_bt2.CpG",13074,10917,2157,13074
"20945","07_report/CpG_context_sampling_40398_945_trimmed_bismark_bt2.CpG",13007,10848,2159,13007
"20946","07_report/CpG_context_sampling_40398_946_trimmed_bismark_bt2.CpG",13027,10765,2262,13027
"20947","07_report/CpG_context_sampling_40398_947_trimmed_bismark_bt2.CpG",13054,10838,2216,13054
"20948","07_report/CpG_context_sampling_40398_948_trimmed_bismark_bt2.CpG",13095,10905,2190,13095
"20949","07_report/CpG_context_sampling_40398_949_trimmed_bismark_bt2.CpG",13016,10917,2099,13016
"20950","07_report/CpG_context_sampling_40398_950_trimmed_bismark_bt2.CpG",13069,10855,2214,13069
"20951","07_report/CpG_context_sampling_40398_951_trimmed_bismark_bt2.CpG",13049,10863,2186,13049
"20952","07_report/CpG_context_sampling_40398_952_trimmed_bismark_bt2.CpG",13120,10957,2163,13120
"20953","07_report/CpG_context_sampling_40398_953_trimmed_bismark_bt2.CpG",13168,10980,2188,13168
"20954","07_report/CpG_context_sampling_40398_954_trimmed_bismark_bt2.CpG",13081,10836,2245,13081
"20955","07_report/CpG_context_sampling_40398_955_trimmed_bismark_bt2.CpG",12963,10802,2161,12963
"20956","07_report/CpG_context_sampling_40398_956_trimmed_bismark_bt2.CpG",13097,10863,2234,13097
"20957","07_report/CpG_context_sampling_40398_957_trimmed_bismark_bt2.CpG",12876,10749,2127,12876
"20958","07_report/CpG_context_sampling_40398_958_trimmed_bismark_bt2.CpG",13135,10969,2166,13135
"20959","07_report/CpG_context_sampling_40398_959_trimmed_bismark_bt2.CpG",13117,10870,2247,13117
"20960","07_report/CpG_context_sampling_40398_960_trimmed_bismark_bt2.CpG",12978,10822,2156,12978
"20961","07_report/CpG_context_sampling_40398_961_trimmed_bismark_bt2.CpG",13111,10940,2171,13111
"20962","07_report/CpG_context_sampling_40398_962_trimmed_bismark_bt2.CpG",12983,10785,2198,12983
"20963","07_report/CpG_context_sampling_40398_963_trimmed_bismark_bt2.CpG",13046,10839,2207,13046
"20964","07_report/CpG_context_sampling_40398_964_trimmed_bismark_bt2.CpG",13004,10860,2144,13004
"20965","07_report/CpG_context_sampling_40398_965_trimmed_bismark_bt2.CpG",12946,10798,2148,12946
"20966","07_report/CpG_context_sampling_40398_966_trimmed_bismark_bt2.CpG",13199,11013,2186,13199
"20967","07_report/CpG_context_sampling_40398_967_trimmed_bismark_bt2.CpG",12914,10688,2226,12914
"20968","07_report/CpG_context_sampling_40398_968_trimmed_bismark_bt2.CpG",13086,10872,2214,13086
"20969","07_report/CpG_context_sampling_40398_969_trimmed_bismark_bt2.CpG",13001,10858,2143,13001
"20970","07_report/CpG_context_sampling_40398_970_trimmed_bismark_bt2.CpG",13161,11032,2129,13161
"20971","07_report/CpG_context_sampling_40398_971_trimmed_bismark_bt2.CpG",13112,10912,2200,13112
"20972","07_report/CpG_context_sampling_40398_972_trimmed_bismark_bt2.CpG",13077,10915,2162,13077
"20973","07_report/CpG_context_sampling_40398_973_trimmed_bismark_bt2.CpG",13046,10831,2215,13046
"20974","07_report/CpG_context_sampling_40398_974_trimmed_bismark_bt2.CpG",13144,10920,2224,13144
"20975","07_report/CpG_context_sampling_40398_975_trimmed_bismark_bt2.CpG",13116,10805,2311,13116
"20976","07_report/CpG_context_sampling_40398_976_trimmed_bismark_bt2.CpG",13089,10866,2223,13089
"20977","07_report/CpG_context_sampling_40398_977_trimmed_bismark_bt2.CpG",13017,10800,2217,13017
"20978","07_report/CpG_context_sampling_40398_978_trimmed_bismark_bt2.CpG",13106,10828,2278,13106
"20979","07_report/CpG_context_sampling_40398_979_trimmed_bismark_bt2.CpG",12982,10719,2263,12982
"20980","07_report/CpG_context_sampling_40398_980_trimmed_bismark_bt2.CpG",13146,10885,2261,13146
"20981","07_report/CpG_context_sampling_40398_981_trimmed_bismark_bt2.CpG",13065,10829,2236,13065
"20982","07_report/CpG_context_sampling_40398_982_trimmed_bismark_bt2.CpG",12932,10628,2304,12932
"20983","07_report/CpG_context_sampling_40398_983_trimmed_bismark_bt2.CpG",13118,10941,2177,13118
"20984","07_report/CpG_context_sampling_40398_984_trimmed_bismark_bt2.CpG",13033,10874,2159,13033
"20985","07_report/CpG_context_sampling_40398_985_trimmed_bismark_bt2.CpG",12805,10607,2198,12805
"20986","07_report/CpG_context_sampling_40398_986_trimmed_bismark_bt2.CpG",13181,10872,2309,13181
"20987","07_report/CpG_context_sampling_40398_987_trimmed_bismark_bt2.CpG",13064,10900,2164,13064
"20988","07_report/CpG_context_sampling_40398_988_trimmed_bismark_bt2.CpG",13158,10929,2229,13158
"20989","07_report/CpG_context_sampling_40398_989_trimmed_bismark_bt2.CpG",13148,10894,2254,13148
"20990","07_report/CpG_context_sampling_40398_990_trimmed_bismark_bt2.CpG",13006,10859,2147,13006
"20991","07_report/CpG_context_sampling_40398_991_trimmed_bismark_bt2.CpG",13019,10826,2193,13019
"20992","07_report/CpG_context_sampling_40398_992_trimmed_bismark_bt2.CpG",13035,10817,2218,13035
"20993","07_report/CpG_context_sampling_40398_993_trimmed_bismark_bt2.CpG",13028,10793,2235,13028
"20994","07_report/CpG_context_sampling_40398_994_trimmed_bismark_bt2.CpG",13138,10956,2182,13138
"20995","07_report/CpG_context_sampling_40398_995_trimmed_bismark_bt2.CpG",12981,10829,2152,12981
"20996","07_report/CpG_context_sampling_40398_996_trimmed_bismark_bt2.CpG",13061,10873,2188,13061
"20997","07_report/CpG_context_sampling_40398_997_trimmed_bismark_bt2.CpG",13249,11012,2237,13249
"20998","07_report/CpG_context_sampling_40398_998_trimmed_bismark_bt2.CpG",13073,10876,2197,13073
"20999","07_report/CpG_context_sampling_40398_999_trimmed_bismark_bt2.CpG",13259,11051,2208,13259
"21000","07_report/CpG_context_sampling_40398_1000_trimmed_bismark_bt2.CpG",13078,10837,2241,13078
