"","Sample","Length","CpG_met","CpG_unmet","Sum"
"1","07_report/CpG_context_sampling_125_1_trimmed_bismark_bt2.CpG",54,41,13,54
"2","07_report/CpG_context_sampling_125_2_trimmed_bismark_bt2.CpG",41,28,13,41
"3","07_report/CpG_context_sampling_125_3_trimmed_bismark_bt2.CpG",45,30,15,45
"4","07_report/CpG_context_sampling_125_4_trimmed_bismark_bt2.CpG",43,33,10,43
"5","07_report/CpG_context_sampling_125_5_trimmed_bismark_bt2.CpG",50,36,14,50
"6","07_report/CpG_context_sampling_125_6_trimmed_bismark_bt2.CpG",44,34,10,44
"7","07_report/CpG_context_sampling_125_7_trimmed_bismark_bt2.CpG",44,32,12,44
"8","07_report/CpG_context_sampling_125_8_trimmed_bismark_bt2.CpG",45,36,9,45
"9","07_report/CpG_context_sampling_125_9_trimmed_bismark_bt2.CpG",43,32,11,43
"10","07_report/CpG_context_sampling_125_10_trimmed_bismark_bt2.CpG",40,30,10,40
"11","07_report/CpG_context_sampling_125_11_trimmed_bismark_bt2.CpG",42,25,17,42
"12","07_report/CpG_context_sampling_125_12_trimmed_bismark_bt2.CpG",43,32,11,43
"13","07_report/CpG_context_sampling_125_13_trimmed_bismark_bt2.CpG",38,28,10,38
"14","07_report/CpG_context_sampling_125_14_trimmed_bismark_bt2.CpG",51,37,14,51
"15","07_report/CpG_context_sampling_125_15_trimmed_bismark_bt2.CpG",43,30,13,43
"16","07_report/CpG_context_sampling_125_16_trimmed_bismark_bt2.CpG",45,31,14,45
"17","07_report/CpG_context_sampling_125_17_trimmed_bismark_bt2.CpG",51,37,14,51
"18","07_report/CpG_context_sampling_125_18_trimmed_bismark_bt2.CpG",31,19,12,31
"19","07_report/CpG_context_sampling_125_19_trimmed_bismark_bt2.CpG",46,30,16,46
"20","07_report/CpG_context_sampling_125_20_trimmed_bismark_bt2.CpG",33,24,9,33
"21","07_report/CpG_context_sampling_125_21_trimmed_bismark_bt2.CpG",35,28,7,35
"22","07_report/CpG_context_sampling_125_22_trimmed_bismark_bt2.CpG",50,34,16,50
"23","07_report/CpG_context_sampling_125_23_trimmed_bismark_bt2.CpG",47,35,12,47
"24","07_report/CpG_context_sampling_125_24_trimmed_bismark_bt2.CpG",44,31,13,44
"25","07_report/CpG_context_sampling_125_25_trimmed_bismark_bt2.CpG",37,23,14,37
"26","07_report/CpG_context_sampling_125_26_trimmed_bismark_bt2.CpG",43,31,12,43
"27","07_report/CpG_context_sampling_125_27_trimmed_bismark_bt2.CpG",37,24,13,37
"28","07_report/CpG_context_sampling_125_28_trimmed_bismark_bt2.CpG",33,22,11,33
"29","07_report/CpG_context_sampling_125_29_trimmed_bismark_bt2.CpG",38,26,12,38
"30","07_report/CpG_context_sampling_125_30_trimmed_bismark_bt2.CpG",50,31,19,50
"31","07_report/CpG_context_sampling_125_31_trimmed_bismark_bt2.CpG",36,26,10,36
"32","07_report/CpG_context_sampling_125_32_trimmed_bismark_bt2.CpG",47,30,17,47
"33","07_report/CpG_context_sampling_125_33_trimmed_bismark_bt2.CpG",35,23,12,35
"34","07_report/CpG_context_sampling_125_34_trimmed_bismark_bt2.CpG",45,37,8,45
"35","07_report/CpG_context_sampling_125_35_trimmed_bismark_bt2.CpG",38,27,11,38
"36","07_report/CpG_context_sampling_125_36_trimmed_bismark_bt2.CpG",46,36,10,46
"37","07_report/CpG_context_sampling_125_37_trimmed_bismark_bt2.CpG",41,30,11,41
"38","07_report/CpG_context_sampling_125_38_trimmed_bismark_bt2.CpG",36,24,12,36
"39","07_report/CpG_context_sampling_125_39_trimmed_bismark_bt2.CpG",35,28,7,35
"40","07_report/CpG_context_sampling_125_40_trimmed_bismark_bt2.CpG",42,26,16,42
"41","07_report/CpG_context_sampling_125_41_trimmed_bismark_bt2.CpG",40,31,9,40
"42","07_report/CpG_context_sampling_125_42_trimmed_bismark_bt2.CpG",38,30,8,38
"43","07_report/CpG_context_sampling_125_43_trimmed_bismark_bt2.CpG",38,32,6,38
"44","07_report/CpG_context_sampling_125_44_trimmed_bismark_bt2.CpG",42,25,17,42
"45","07_report/CpG_context_sampling_125_45_trimmed_bismark_bt2.CpG",44,29,15,44
"46","07_report/CpG_context_sampling_125_46_trimmed_bismark_bt2.CpG",49,33,16,49
"47","07_report/CpG_context_sampling_125_47_trimmed_bismark_bt2.CpG",37,26,11,37
"48","07_report/CpG_context_sampling_125_48_trimmed_bismark_bt2.CpG",44,30,14,44
"49","07_report/CpG_context_sampling_125_49_trimmed_bismark_bt2.CpG",41,28,13,41
"50","07_report/CpG_context_sampling_125_50_trimmed_bismark_bt2.CpG",37,27,10,37
"51","07_report/CpG_context_sampling_125_51_trimmed_bismark_bt2.CpG",45,32,13,45
"52","07_report/CpG_context_sampling_125_52_trimmed_bismark_bt2.CpG",44,27,17,44
"53","07_report/CpG_context_sampling_125_53_trimmed_bismark_bt2.CpG",57,37,20,57
"54","07_report/CpG_context_sampling_125_54_trimmed_bismark_bt2.CpG",41,34,7,41
"55","07_report/CpG_context_sampling_125_55_trimmed_bismark_bt2.CpG",43,28,15,43
"56","07_report/CpG_context_sampling_125_56_trimmed_bismark_bt2.CpG",38,31,7,38
"57","07_report/CpG_context_sampling_125_57_trimmed_bismark_bt2.CpG",44,30,14,44
"58","07_report/CpG_context_sampling_125_58_trimmed_bismark_bt2.CpG",42,30,12,42
"59","07_report/CpG_context_sampling_125_59_trimmed_bismark_bt2.CpG",46,26,20,46
"60","07_report/CpG_context_sampling_125_60_trimmed_bismark_bt2.CpG",48,38,10,48
"61","07_report/CpG_context_sampling_125_61_trimmed_bismark_bt2.CpG",48,37,11,48
"62","07_report/CpG_context_sampling_125_62_trimmed_bismark_bt2.CpG",54,39,15,54
"63","07_report/CpG_context_sampling_125_63_trimmed_bismark_bt2.CpG",48,37,11,48
"64","07_report/CpG_context_sampling_125_64_trimmed_bismark_bt2.CpG",43,34,9,43
"65","07_report/CpG_context_sampling_125_65_trimmed_bismark_bt2.CpG",56,39,17,56
"66","07_report/CpG_context_sampling_125_66_trimmed_bismark_bt2.CpG",40,25,15,40
"67","07_report/CpG_context_sampling_125_67_trimmed_bismark_bt2.CpG",50,36,14,50
"68","07_report/CpG_context_sampling_125_68_trimmed_bismark_bt2.CpG",43,30,13,43
"69","07_report/CpG_context_sampling_125_69_trimmed_bismark_bt2.CpG",44,33,11,44
"70","07_report/CpG_context_sampling_125_70_trimmed_bismark_bt2.CpG",47,31,16,47
"71","07_report/CpG_context_sampling_125_71_trimmed_bismark_bt2.CpG",39,31,8,39
"72","07_report/CpG_context_sampling_125_72_trimmed_bismark_bt2.CpG",36,27,9,36
"73","07_report/CpG_context_sampling_125_73_trimmed_bismark_bt2.CpG",52,39,13,52
"74","07_report/CpG_context_sampling_125_74_trimmed_bismark_bt2.CpG",56,39,17,56
"75","07_report/CpG_context_sampling_125_75_trimmed_bismark_bt2.CpG",44,31,13,44
"76","07_report/CpG_context_sampling_125_76_trimmed_bismark_bt2.CpG",40,29,11,40
"77","07_report/CpG_context_sampling_125_77_trimmed_bismark_bt2.CpG",48,30,18,48
"78","07_report/CpG_context_sampling_125_78_trimmed_bismark_bt2.CpG",46,36,10,46
"79","07_report/CpG_context_sampling_125_79_trimmed_bismark_bt2.CpG",40,27,13,40
"80","07_report/CpG_context_sampling_125_80_trimmed_bismark_bt2.CpG",45,30,15,45
"81","07_report/CpG_context_sampling_125_81_trimmed_bismark_bt2.CpG",47,36,11,47
"82","07_report/CpG_context_sampling_125_82_trimmed_bismark_bt2.CpG",47,33,14,47
"83","07_report/CpG_context_sampling_125_83_trimmed_bismark_bt2.CpG",41,26,15,41
"84","07_report/CpG_context_sampling_125_84_trimmed_bismark_bt2.CpG",42,30,12,42
"85","07_report/CpG_context_sampling_125_85_trimmed_bismark_bt2.CpG",38,32,6,38
"86","07_report/CpG_context_sampling_125_86_trimmed_bismark_bt2.CpG",51,36,15,51
"87","07_report/CpG_context_sampling_125_87_trimmed_bismark_bt2.CpG",46,27,19,46
"88","07_report/CpG_context_sampling_125_88_trimmed_bismark_bt2.CpG",44,36,8,44
"89","07_report/CpG_context_sampling_125_89_trimmed_bismark_bt2.CpG",43,28,15,43
"90","07_report/CpG_context_sampling_125_90_trimmed_bismark_bt2.CpG",44,33,11,44
"91","07_report/CpG_context_sampling_125_91_trimmed_bismark_bt2.CpG",42,30,12,42
"92","07_report/CpG_context_sampling_125_92_trimmed_bismark_bt2.CpG",41,26,15,41
"93","07_report/CpG_context_sampling_125_93_trimmed_bismark_bt2.CpG",45,31,14,45
"94","07_report/CpG_context_sampling_125_94_trimmed_bismark_bt2.CpG",43,31,12,43
"95","07_report/CpG_context_sampling_125_95_trimmed_bismark_bt2.CpG",52,37,15,52
"96","07_report/CpG_context_sampling_125_96_trimmed_bismark_bt2.CpG",39,30,9,39
"97","07_report/CpG_context_sampling_125_97_trimmed_bismark_bt2.CpG",50,34,16,50
"98","07_report/CpG_context_sampling_125_98_trimmed_bismark_bt2.CpG",40,32,8,40
"99","07_report/CpG_context_sampling_125_99_trimmed_bismark_bt2.CpG",36,23,13,36
"100","07_report/CpG_context_sampling_125_100_trimmed_bismark_bt2.CpG",42,33,9,42
"101","07_report/CpG_context_sampling_125_101_trimmed_bismark_bt2.CpG",49,35,14,49
"102","07_report/CpG_context_sampling_125_102_trimmed_bismark_bt2.CpG",39,29,10,39
"103","07_report/CpG_context_sampling_125_103_trimmed_bismark_bt2.CpG",39,32,7,39
"104","07_report/CpG_context_sampling_125_104_trimmed_bismark_bt2.CpG",41,27,14,41
"105","07_report/CpG_context_sampling_125_105_trimmed_bismark_bt2.CpG",45,34,11,45
"106","07_report/CpG_context_sampling_125_106_trimmed_bismark_bt2.CpG",40,31,9,40
"107","07_report/CpG_context_sampling_125_107_trimmed_bismark_bt2.CpG",47,34,13,47
"108","07_report/CpG_context_sampling_125_108_trimmed_bismark_bt2.CpG",50,42,8,50
"109","07_report/CpG_context_sampling_125_109_trimmed_bismark_bt2.CpG",47,36,11,47
"110","07_report/CpG_context_sampling_125_110_trimmed_bismark_bt2.CpG",55,45,10,55
"111","07_report/CpG_context_sampling_125_111_trimmed_bismark_bt2.CpG",47,33,14,47
"112","07_report/CpG_context_sampling_125_112_trimmed_bismark_bt2.CpG",43,29,14,43
"113","07_report/CpG_context_sampling_125_113_trimmed_bismark_bt2.CpG",39,30,9,39
"114","07_report/CpG_context_sampling_125_114_trimmed_bismark_bt2.CpG",42,33,9,42
"115","07_report/CpG_context_sampling_125_115_trimmed_bismark_bt2.CpG",44,33,11,44
"116","07_report/CpG_context_sampling_125_116_trimmed_bismark_bt2.CpG",40,30,10,40
"117","07_report/CpG_context_sampling_125_117_trimmed_bismark_bt2.CpG",38,25,13,38
"118","07_report/CpG_context_sampling_125_118_trimmed_bismark_bt2.CpG",49,39,10,49
"119","07_report/CpG_context_sampling_125_119_trimmed_bismark_bt2.CpG",36,29,7,36
"120","07_report/CpG_context_sampling_125_120_trimmed_bismark_bt2.CpG",30,23,7,30
"121","07_report/CpG_context_sampling_125_121_trimmed_bismark_bt2.CpG",39,31,8,39
"122","07_report/CpG_context_sampling_125_122_trimmed_bismark_bt2.CpG",52,32,20,52
"123","07_report/CpG_context_sampling_125_123_trimmed_bismark_bt2.CpG",43,30,13,43
"124","07_report/CpG_context_sampling_125_124_trimmed_bismark_bt2.CpG",38,28,10,38
"125","07_report/CpG_context_sampling_125_125_trimmed_bismark_bt2.CpG",39,25,14,39
"126","07_report/CpG_context_sampling_125_126_trimmed_bismark_bt2.CpG",41,31,10,41
"127","07_report/CpG_context_sampling_125_127_trimmed_bismark_bt2.CpG",40,25,15,40
"128","07_report/CpG_context_sampling_125_128_trimmed_bismark_bt2.CpG",32,22,10,32
"129","07_report/CpG_context_sampling_125_129_trimmed_bismark_bt2.CpG",44,30,14,44
"130","07_report/CpG_context_sampling_125_130_trimmed_bismark_bt2.CpG",36,24,12,36
"131","07_report/CpG_context_sampling_125_131_trimmed_bismark_bt2.CpG",45,32,13,45
"132","07_report/CpG_context_sampling_125_132_trimmed_bismark_bt2.CpG",40,30,10,40
"133","07_report/CpG_context_sampling_125_133_trimmed_bismark_bt2.CpG",46,33,13,46
"134","07_report/CpG_context_sampling_125_134_trimmed_bismark_bt2.CpG",36,29,7,36
"135","07_report/CpG_context_sampling_125_135_trimmed_bismark_bt2.CpG",44,28,16,44
"136","07_report/CpG_context_sampling_125_136_trimmed_bismark_bt2.CpG",49,35,14,49
"137","07_report/CpG_context_sampling_125_137_trimmed_bismark_bt2.CpG",45,30,15,45
"138","07_report/CpG_context_sampling_125_138_trimmed_bismark_bt2.CpG",51,35,16,51
"139","07_report/CpG_context_sampling_125_139_trimmed_bismark_bt2.CpG",50,36,14,50
"140","07_report/CpG_context_sampling_125_140_trimmed_bismark_bt2.CpG",44,33,11,44
"141","07_report/CpG_context_sampling_125_141_trimmed_bismark_bt2.CpG",52,38,14,52
"142","07_report/CpG_context_sampling_125_142_trimmed_bismark_bt2.CpG",41,29,12,41
"143","07_report/CpG_context_sampling_125_143_trimmed_bismark_bt2.CpG",43,27,16,43
"144","07_report/CpG_context_sampling_125_144_trimmed_bismark_bt2.CpG",42,32,10,42
"145","07_report/CpG_context_sampling_125_145_trimmed_bismark_bt2.CpG",45,30,15,45
"146","07_report/CpG_context_sampling_125_146_trimmed_bismark_bt2.CpG",43,29,14,43
"147","07_report/CpG_context_sampling_125_147_trimmed_bismark_bt2.CpG",44,36,8,44
"148","07_report/CpG_context_sampling_125_148_trimmed_bismark_bt2.CpG",47,31,16,47
"149","07_report/CpG_context_sampling_125_149_trimmed_bismark_bt2.CpG",54,29,25,54
"150","07_report/CpG_context_sampling_125_150_trimmed_bismark_bt2.CpG",36,23,13,36
"151","07_report/CpG_context_sampling_125_151_trimmed_bismark_bt2.CpG",43,24,19,43
"152","07_report/CpG_context_sampling_125_152_trimmed_bismark_bt2.CpG",42,34,8,42
"153","07_report/CpG_context_sampling_125_153_trimmed_bismark_bt2.CpG",45,34,11,45
"154","07_report/CpG_context_sampling_125_154_trimmed_bismark_bt2.CpG",49,29,20,49
"155","07_report/CpG_context_sampling_125_155_trimmed_bismark_bt2.CpG",46,32,14,46
"156","07_report/CpG_context_sampling_125_156_trimmed_bismark_bt2.CpG",46,30,16,46
"157","07_report/CpG_context_sampling_125_157_trimmed_bismark_bt2.CpG",47,36,11,47
"158","07_report/CpG_context_sampling_125_158_trimmed_bismark_bt2.CpG",50,38,12,50
"159","07_report/CpG_context_sampling_125_159_trimmed_bismark_bt2.CpG",48,33,15,48
"160","07_report/CpG_context_sampling_125_160_trimmed_bismark_bt2.CpG",38,23,15,38
"161","07_report/CpG_context_sampling_125_161_trimmed_bismark_bt2.CpG",54,31,23,54
"162","07_report/CpG_context_sampling_125_162_trimmed_bismark_bt2.CpG",50,36,14,50
"163","07_report/CpG_context_sampling_125_163_trimmed_bismark_bt2.CpG",43,35,8,43
"164","07_report/CpG_context_sampling_125_164_trimmed_bismark_bt2.CpG",44,28,16,44
"165","07_report/CpG_context_sampling_125_165_trimmed_bismark_bt2.CpG",45,33,12,45
"166","07_report/CpG_context_sampling_125_166_trimmed_bismark_bt2.CpG",47,36,11,47
"167","07_report/CpG_context_sampling_125_167_trimmed_bismark_bt2.CpG",45,38,7,45
"168","07_report/CpG_context_sampling_125_168_trimmed_bismark_bt2.CpG",37,28,9,37
"169","07_report/CpG_context_sampling_125_169_trimmed_bismark_bt2.CpG",36,26,10,36
"170","07_report/CpG_context_sampling_125_170_trimmed_bismark_bt2.CpG",41,31,10,41
"171","07_report/CpG_context_sampling_125_171_trimmed_bismark_bt2.CpG",57,40,17,57
"172","07_report/CpG_context_sampling_125_172_trimmed_bismark_bt2.CpG",32,27,5,32
"173","07_report/CpG_context_sampling_125_173_trimmed_bismark_bt2.CpG",45,30,15,45
"174","07_report/CpG_context_sampling_125_174_trimmed_bismark_bt2.CpG",43,29,14,43
"175","07_report/CpG_context_sampling_125_175_trimmed_bismark_bt2.CpG",46,36,10,46
"176","07_report/CpG_context_sampling_125_176_trimmed_bismark_bt2.CpG",43,29,14,43
"177","07_report/CpG_context_sampling_125_177_trimmed_bismark_bt2.CpG",51,35,16,51
"178","07_report/CpG_context_sampling_125_178_trimmed_bismark_bt2.CpG",43,30,13,43
"179","07_report/CpG_context_sampling_125_179_trimmed_bismark_bt2.CpG",45,33,12,45
"180","07_report/CpG_context_sampling_125_180_trimmed_bismark_bt2.CpG",33,22,11,33
"181","07_report/CpG_context_sampling_125_181_trimmed_bismark_bt2.CpG",41,26,15,41
"182","07_report/CpG_context_sampling_125_182_trimmed_bismark_bt2.CpG",41,30,11,41
"183","07_report/CpG_context_sampling_125_183_trimmed_bismark_bt2.CpG",53,35,18,53
"184","07_report/CpG_context_sampling_125_184_trimmed_bismark_bt2.CpG",45,31,14,45
"185","07_report/CpG_context_sampling_125_185_trimmed_bismark_bt2.CpG",43,27,16,43
"186","07_report/CpG_context_sampling_125_186_trimmed_bismark_bt2.CpG",47,33,14,47
"187","07_report/CpG_context_sampling_125_187_trimmed_bismark_bt2.CpG",44,31,13,44
"188","07_report/CpG_context_sampling_125_188_trimmed_bismark_bt2.CpG",50,35,15,50
"189","07_report/CpG_context_sampling_125_189_trimmed_bismark_bt2.CpG",47,28,19,47
"190","07_report/CpG_context_sampling_125_190_trimmed_bismark_bt2.CpG",37,31,6,37
"191","07_report/CpG_context_sampling_125_191_trimmed_bismark_bt2.CpG",46,33,13,46
"192","07_report/CpG_context_sampling_125_192_trimmed_bismark_bt2.CpG",39,31,8,39
"193","07_report/CpG_context_sampling_125_193_trimmed_bismark_bt2.CpG",43,27,16,43
"194","07_report/CpG_context_sampling_125_194_trimmed_bismark_bt2.CpG",38,28,10,38
"195","07_report/CpG_context_sampling_125_195_trimmed_bismark_bt2.CpG",38,22,16,38
"196","07_report/CpG_context_sampling_125_196_trimmed_bismark_bt2.CpG",44,29,15,44
"197","07_report/CpG_context_sampling_125_197_trimmed_bismark_bt2.CpG",46,34,12,46
"198","07_report/CpG_context_sampling_125_198_trimmed_bismark_bt2.CpG",38,24,14,38
"199","07_report/CpG_context_sampling_125_199_trimmed_bismark_bt2.CpG",33,27,6,33
"200","07_report/CpG_context_sampling_125_200_trimmed_bismark_bt2.CpG",39,28,11,39
"201","07_report/CpG_context_sampling_125_201_trimmed_bismark_bt2.CpG",38,23,15,38
"202","07_report/CpG_context_sampling_125_202_trimmed_bismark_bt2.CpG",46,31,15,46
"203","07_report/CpG_context_sampling_125_203_trimmed_bismark_bt2.CpG",40,28,12,40
"204","07_report/CpG_context_sampling_125_204_trimmed_bismark_bt2.CpG",45,31,14,45
"205","07_report/CpG_context_sampling_125_205_trimmed_bismark_bt2.CpG",43,34,9,43
"206","07_report/CpG_context_sampling_125_206_trimmed_bismark_bt2.CpG",46,35,11,46
"207","07_report/CpG_context_sampling_125_207_trimmed_bismark_bt2.CpG",46,32,14,46
"208","07_report/CpG_context_sampling_125_208_trimmed_bismark_bt2.CpG",46,25,21,46
"209","07_report/CpG_context_sampling_125_209_trimmed_bismark_bt2.CpG",37,31,6,37
"210","07_report/CpG_context_sampling_125_210_trimmed_bismark_bt2.CpG",45,33,12,45
"211","07_report/CpG_context_sampling_125_211_trimmed_bismark_bt2.CpG",49,32,17,49
"212","07_report/CpG_context_sampling_125_212_trimmed_bismark_bt2.CpG",51,38,13,51
"213","07_report/CpG_context_sampling_125_213_trimmed_bismark_bt2.CpG",48,36,12,48
"214","07_report/CpG_context_sampling_125_214_trimmed_bismark_bt2.CpG",42,32,10,42
"215","07_report/CpG_context_sampling_125_215_trimmed_bismark_bt2.CpG",47,25,22,47
"216","07_report/CpG_context_sampling_125_216_trimmed_bismark_bt2.CpG",47,29,18,47
"217","07_report/CpG_context_sampling_125_217_trimmed_bismark_bt2.CpG",40,31,9,40
"218","07_report/CpG_context_sampling_125_218_trimmed_bismark_bt2.CpG",34,26,8,34
"219","07_report/CpG_context_sampling_125_219_trimmed_bismark_bt2.CpG",37,25,12,37
"220","07_report/CpG_context_sampling_125_220_trimmed_bismark_bt2.CpG",51,40,11,51
"221","07_report/CpG_context_sampling_125_221_trimmed_bismark_bt2.CpG",36,27,9,36
"222","07_report/CpG_context_sampling_125_222_trimmed_bismark_bt2.CpG",48,36,12,48
"223","07_report/CpG_context_sampling_125_223_trimmed_bismark_bt2.CpG",43,31,12,43
"224","07_report/CpG_context_sampling_125_224_trimmed_bismark_bt2.CpG",41,28,13,41
"225","07_report/CpG_context_sampling_125_225_trimmed_bismark_bt2.CpG",47,32,15,47
"226","07_report/CpG_context_sampling_125_226_trimmed_bismark_bt2.CpG",45,39,6,45
"227","07_report/CpG_context_sampling_125_227_trimmed_bismark_bt2.CpG",46,38,8,46
"228","07_report/CpG_context_sampling_125_228_trimmed_bismark_bt2.CpG",36,24,12,36
"229","07_report/CpG_context_sampling_125_229_trimmed_bismark_bt2.CpG",33,20,13,33
"230","07_report/CpG_context_sampling_125_230_trimmed_bismark_bt2.CpG",39,30,9,39
"231","07_report/CpG_context_sampling_125_231_trimmed_bismark_bt2.CpG",42,28,14,42
"232","07_report/CpG_context_sampling_125_232_trimmed_bismark_bt2.CpG",34,29,5,34
"233","07_report/CpG_context_sampling_125_233_trimmed_bismark_bt2.CpG",43,28,15,43
"234","07_report/CpG_context_sampling_125_234_trimmed_bismark_bt2.CpG",47,32,15,47
"235","07_report/CpG_context_sampling_125_235_trimmed_bismark_bt2.CpG",45,33,12,45
"236","07_report/CpG_context_sampling_125_236_trimmed_bismark_bt2.CpG",43,28,15,43
"237","07_report/CpG_context_sampling_125_237_trimmed_bismark_bt2.CpG",43,32,11,43
"238","07_report/CpG_context_sampling_125_238_trimmed_bismark_bt2.CpG",35,25,10,35
"239","07_report/CpG_context_sampling_125_239_trimmed_bismark_bt2.CpG",41,31,10,41
"240","07_report/CpG_context_sampling_125_240_trimmed_bismark_bt2.CpG",44,34,10,44
"241","07_report/CpG_context_sampling_125_241_trimmed_bismark_bt2.CpG",38,27,11,38
"242","07_report/CpG_context_sampling_125_242_trimmed_bismark_bt2.CpG",41,31,10,41
"243","07_report/CpG_context_sampling_125_243_trimmed_bismark_bt2.CpG",46,36,10,46
"244","07_report/CpG_context_sampling_125_244_trimmed_bismark_bt2.CpG",43,35,8,43
"245","07_report/CpG_context_sampling_125_245_trimmed_bismark_bt2.CpG",43,33,10,43
"246","07_report/CpG_context_sampling_125_246_trimmed_bismark_bt2.CpG",47,31,16,47
"247","07_report/CpG_context_sampling_125_247_trimmed_bismark_bt2.CpG",38,27,11,38
"248","07_report/CpG_context_sampling_125_248_trimmed_bismark_bt2.CpG",36,24,12,36
"249","07_report/CpG_context_sampling_125_249_trimmed_bismark_bt2.CpG",48,38,10,48
"250","07_report/CpG_context_sampling_125_250_trimmed_bismark_bt2.CpG",42,29,13,42
"251","07_report/CpG_context_sampling_125_251_trimmed_bismark_bt2.CpG",49,36,13,49
"252","07_report/CpG_context_sampling_125_252_trimmed_bismark_bt2.CpG",37,25,12,37
"253","07_report/CpG_context_sampling_125_253_trimmed_bismark_bt2.CpG",39,28,11,39
"254","07_report/CpG_context_sampling_125_254_trimmed_bismark_bt2.CpG",41,31,10,41
"255","07_report/CpG_context_sampling_125_255_trimmed_bismark_bt2.CpG",43,32,11,43
"256","07_report/CpG_context_sampling_125_256_trimmed_bismark_bt2.CpG",44,33,11,44
"257","07_report/CpG_context_sampling_125_257_trimmed_bismark_bt2.CpG",49,36,13,49
"258","07_report/CpG_context_sampling_125_258_trimmed_bismark_bt2.CpG",45,26,19,45
"259","07_report/CpG_context_sampling_125_259_trimmed_bismark_bt2.CpG",43,29,14,43
"260","07_report/CpG_context_sampling_125_260_trimmed_bismark_bt2.CpG",48,38,10,48
"261","07_report/CpG_context_sampling_125_261_trimmed_bismark_bt2.CpG",45,30,15,45
"262","07_report/CpG_context_sampling_125_262_trimmed_bismark_bt2.CpG",49,34,15,49
"263","07_report/CpG_context_sampling_125_263_trimmed_bismark_bt2.CpG",56,43,13,56
"264","07_report/CpG_context_sampling_125_264_trimmed_bismark_bt2.CpG",44,30,14,44
"265","07_report/CpG_context_sampling_125_265_trimmed_bismark_bt2.CpG",51,37,14,51
"266","07_report/CpG_context_sampling_125_266_trimmed_bismark_bt2.CpG",33,25,8,33
"267","07_report/CpG_context_sampling_125_267_trimmed_bismark_bt2.CpG",40,30,10,40
"268","07_report/CpG_context_sampling_125_268_trimmed_bismark_bt2.CpG",45,30,15,45
"269","07_report/CpG_context_sampling_125_269_trimmed_bismark_bt2.CpG",39,28,11,39
"270","07_report/CpG_context_sampling_125_270_trimmed_bismark_bt2.CpG",37,31,6,37
"271","07_report/CpG_context_sampling_125_271_trimmed_bismark_bt2.CpG",33,22,11,33
"272","07_report/CpG_context_sampling_125_272_trimmed_bismark_bt2.CpG",47,24,23,47
"273","07_report/CpG_context_sampling_125_273_trimmed_bismark_bt2.CpG",34,28,6,34
"274","07_report/CpG_context_sampling_125_274_trimmed_bismark_bt2.CpG",39,30,9,39
"275","07_report/CpG_context_sampling_125_275_trimmed_bismark_bt2.CpG",50,36,14,50
"276","07_report/CpG_context_sampling_125_276_trimmed_bismark_bt2.CpG",56,41,15,56
"277","07_report/CpG_context_sampling_125_277_trimmed_bismark_bt2.CpG",41,27,14,41
"278","07_report/CpG_context_sampling_125_278_trimmed_bismark_bt2.CpG",43,31,12,43
"279","07_report/CpG_context_sampling_125_279_trimmed_bismark_bt2.CpG",51,42,9,51
"280","07_report/CpG_context_sampling_125_280_trimmed_bismark_bt2.CpG",39,29,10,39
"281","07_report/CpG_context_sampling_125_281_trimmed_bismark_bt2.CpG",41,30,11,41
"282","07_report/CpG_context_sampling_125_282_trimmed_bismark_bt2.CpG",38,24,14,38
"283","07_report/CpG_context_sampling_125_283_trimmed_bismark_bt2.CpG",54,41,13,54
"284","07_report/CpG_context_sampling_125_284_trimmed_bismark_bt2.CpG",52,41,11,52
"285","07_report/CpG_context_sampling_125_285_trimmed_bismark_bt2.CpG",40,30,10,40
"286","07_report/CpG_context_sampling_125_286_trimmed_bismark_bt2.CpG",45,34,11,45
"287","07_report/CpG_context_sampling_125_287_trimmed_bismark_bt2.CpG",48,28,20,48
"288","07_report/CpG_context_sampling_125_288_trimmed_bismark_bt2.CpG",42,33,9,42
"289","07_report/CpG_context_sampling_125_289_trimmed_bismark_bt2.CpG",49,32,17,49
"290","07_report/CpG_context_sampling_125_290_trimmed_bismark_bt2.CpG",46,31,15,46
"291","07_report/CpG_context_sampling_125_291_trimmed_bismark_bt2.CpG",45,34,11,45
"292","07_report/CpG_context_sampling_125_292_trimmed_bismark_bt2.CpG",46,39,7,46
"293","07_report/CpG_context_sampling_125_293_trimmed_bismark_bt2.CpG",47,32,15,47
"294","07_report/CpG_context_sampling_125_294_trimmed_bismark_bt2.CpG",57,44,13,57
"295","07_report/CpG_context_sampling_125_295_trimmed_bismark_bt2.CpG",39,31,8,39
"296","07_report/CpG_context_sampling_125_296_trimmed_bismark_bt2.CpG",42,29,13,42
"297","07_report/CpG_context_sampling_125_297_trimmed_bismark_bt2.CpG",46,33,13,46
"298","07_report/CpG_context_sampling_125_298_trimmed_bismark_bt2.CpG",36,28,8,36
"299","07_report/CpG_context_sampling_125_299_trimmed_bismark_bt2.CpG",48,33,15,48
"300","07_report/CpG_context_sampling_125_300_trimmed_bismark_bt2.CpG",37,26,11,37
"301","07_report/CpG_context_sampling_125_301_trimmed_bismark_bt2.CpG",33,25,8,33
"302","07_report/CpG_context_sampling_125_302_trimmed_bismark_bt2.CpG",46,34,12,46
"303","07_report/CpG_context_sampling_125_303_trimmed_bismark_bt2.CpG",50,36,14,50
"304","07_report/CpG_context_sampling_125_304_trimmed_bismark_bt2.CpG",51,34,17,51
"305","07_report/CpG_context_sampling_125_305_trimmed_bismark_bt2.CpG",38,26,12,38
"306","07_report/CpG_context_sampling_125_306_trimmed_bismark_bt2.CpG",47,31,16,47
"307","07_report/CpG_context_sampling_125_307_trimmed_bismark_bt2.CpG",43,31,12,43
"308","07_report/CpG_context_sampling_125_308_trimmed_bismark_bt2.CpG",43,33,10,43
"309","07_report/CpG_context_sampling_125_309_trimmed_bismark_bt2.CpG",42,29,13,42
"310","07_report/CpG_context_sampling_125_310_trimmed_bismark_bt2.CpG",45,29,16,45
"311","07_report/CpG_context_sampling_125_311_trimmed_bismark_bt2.CpG",30,24,6,30
"312","07_report/CpG_context_sampling_125_312_trimmed_bismark_bt2.CpG",56,30,26,56
"313","07_report/CpG_context_sampling_125_313_trimmed_bismark_bt2.CpG",34,27,7,34
"314","07_report/CpG_context_sampling_125_314_trimmed_bismark_bt2.CpG",38,29,9,38
"315","07_report/CpG_context_sampling_125_315_trimmed_bismark_bt2.CpG",42,29,13,42
"316","07_report/CpG_context_sampling_125_316_trimmed_bismark_bt2.CpG",35,24,11,35
"317","07_report/CpG_context_sampling_125_317_trimmed_bismark_bt2.CpG",30,20,10,30
"318","07_report/CpG_context_sampling_125_318_trimmed_bismark_bt2.CpG",43,31,12,43
"319","07_report/CpG_context_sampling_125_319_trimmed_bismark_bt2.CpG",41,35,6,41
"320","07_report/CpG_context_sampling_125_320_trimmed_bismark_bt2.CpG",44,35,9,44
"321","07_report/CpG_context_sampling_125_321_trimmed_bismark_bt2.CpG",42,22,20,42
"322","07_report/CpG_context_sampling_125_322_trimmed_bismark_bt2.CpG",45,29,16,45
"323","07_report/CpG_context_sampling_125_323_trimmed_bismark_bt2.CpG",38,29,9,38
"324","07_report/CpG_context_sampling_125_324_trimmed_bismark_bt2.CpG",46,31,15,46
"325","07_report/CpG_context_sampling_125_325_trimmed_bismark_bt2.CpG",46,36,10,46
"326","07_report/CpG_context_sampling_125_326_trimmed_bismark_bt2.CpG",38,23,15,38
"327","07_report/CpG_context_sampling_125_327_trimmed_bismark_bt2.CpG",45,35,10,45
"328","07_report/CpG_context_sampling_125_328_trimmed_bismark_bt2.CpG",39,30,9,39
"329","07_report/CpG_context_sampling_125_329_trimmed_bismark_bt2.CpG",51,37,14,51
"330","07_report/CpG_context_sampling_125_330_trimmed_bismark_bt2.CpG",45,35,10,45
"331","07_report/CpG_context_sampling_125_331_trimmed_bismark_bt2.CpG",39,26,13,39
"332","07_report/CpG_context_sampling_125_332_trimmed_bismark_bt2.CpG",42,31,11,42
"333","07_report/CpG_context_sampling_125_333_trimmed_bismark_bt2.CpG",49,30,19,49
"334","07_report/CpG_context_sampling_125_334_trimmed_bismark_bt2.CpG",44,27,17,44
"335","07_report/CpG_context_sampling_125_335_trimmed_bismark_bt2.CpG",51,37,14,51
"336","07_report/CpG_context_sampling_125_336_trimmed_bismark_bt2.CpG",39,24,15,39
"337","07_report/CpG_context_sampling_125_337_trimmed_bismark_bt2.CpG",38,23,15,38
"338","07_report/CpG_context_sampling_125_338_trimmed_bismark_bt2.CpG",44,35,9,44
"339","07_report/CpG_context_sampling_125_339_trimmed_bismark_bt2.CpG",44,30,14,44
"340","07_report/CpG_context_sampling_125_340_trimmed_bismark_bt2.CpG",46,35,11,46
"341","07_report/CpG_context_sampling_125_341_trimmed_bismark_bt2.CpG",52,34,18,52
"342","07_report/CpG_context_sampling_125_342_trimmed_bismark_bt2.CpG",41,30,11,41
"343","07_report/CpG_context_sampling_125_343_trimmed_bismark_bt2.CpG",40,33,7,40
"344","07_report/CpG_context_sampling_125_344_trimmed_bismark_bt2.CpG",44,31,13,44
"345","07_report/CpG_context_sampling_125_345_trimmed_bismark_bt2.CpG",43,31,12,43
"346","07_report/CpG_context_sampling_125_346_trimmed_bismark_bt2.CpG",41,30,11,41
"347","07_report/CpG_context_sampling_125_347_trimmed_bismark_bt2.CpG",38,28,10,38
"348","07_report/CpG_context_sampling_125_348_trimmed_bismark_bt2.CpG",40,26,14,40
"349","07_report/CpG_context_sampling_125_349_trimmed_bismark_bt2.CpG",48,37,11,48
"350","07_report/CpG_context_sampling_125_350_trimmed_bismark_bt2.CpG",50,35,15,50
"351","07_report/CpG_context_sampling_125_351_trimmed_bismark_bt2.CpG",45,32,13,45
"352","07_report/CpG_context_sampling_125_352_trimmed_bismark_bt2.CpG",46,31,15,46
"353","07_report/CpG_context_sampling_125_353_trimmed_bismark_bt2.CpG",37,29,8,37
"354","07_report/CpG_context_sampling_125_354_trimmed_bismark_bt2.CpG",59,38,21,59
"355","07_report/CpG_context_sampling_125_355_trimmed_bismark_bt2.CpG",42,29,13,42
"356","07_report/CpG_context_sampling_125_356_trimmed_bismark_bt2.CpG",42,28,14,42
"357","07_report/CpG_context_sampling_125_357_trimmed_bismark_bt2.CpG",42,23,19,42
"358","07_report/CpG_context_sampling_125_358_trimmed_bismark_bt2.CpG",51,39,12,51
"359","07_report/CpG_context_sampling_125_359_trimmed_bismark_bt2.CpG",36,25,11,36
"360","07_report/CpG_context_sampling_125_360_trimmed_bismark_bt2.CpG",44,35,9,44
"361","07_report/CpG_context_sampling_125_361_trimmed_bismark_bt2.CpG",40,30,10,40
"362","07_report/CpG_context_sampling_125_362_trimmed_bismark_bt2.CpG",42,30,12,42
"363","07_report/CpG_context_sampling_125_363_trimmed_bismark_bt2.CpG",45,34,11,45
"364","07_report/CpG_context_sampling_125_364_trimmed_bismark_bt2.CpG",41,30,11,41
"365","07_report/CpG_context_sampling_125_365_trimmed_bismark_bt2.CpG",44,34,10,44
"366","07_report/CpG_context_sampling_125_366_trimmed_bismark_bt2.CpG",43,35,8,43
"367","07_report/CpG_context_sampling_125_367_trimmed_bismark_bt2.CpG",33,22,11,33
"368","07_report/CpG_context_sampling_125_368_trimmed_bismark_bt2.CpG",46,35,11,46
"369","07_report/CpG_context_sampling_125_369_trimmed_bismark_bt2.CpG",49,30,19,49
"370","07_report/CpG_context_sampling_125_370_trimmed_bismark_bt2.CpG",43,32,11,43
"371","07_report/CpG_context_sampling_125_371_trimmed_bismark_bt2.CpG",43,33,10,43
"372","07_report/CpG_context_sampling_125_372_trimmed_bismark_bt2.CpG",48,35,13,48
"373","07_report/CpG_context_sampling_125_373_trimmed_bismark_bt2.CpG",42,28,14,42
"374","07_report/CpG_context_sampling_125_374_trimmed_bismark_bt2.CpG",43,26,17,43
"375","07_report/CpG_context_sampling_125_375_trimmed_bismark_bt2.CpG",51,33,18,51
"376","07_report/CpG_context_sampling_125_376_trimmed_bismark_bt2.CpG",46,32,14,46
"377","07_report/CpG_context_sampling_125_377_trimmed_bismark_bt2.CpG",49,37,12,49
"378","07_report/CpG_context_sampling_125_378_trimmed_bismark_bt2.CpG",44,35,9,44
"379","07_report/CpG_context_sampling_125_379_trimmed_bismark_bt2.CpG",46,33,13,46
"380","07_report/CpG_context_sampling_125_380_trimmed_bismark_bt2.CpG",45,31,14,45
"381","07_report/CpG_context_sampling_125_381_trimmed_bismark_bt2.CpG",37,24,13,37
"382","07_report/CpG_context_sampling_125_382_trimmed_bismark_bt2.CpG",45,36,9,45
"383","07_report/CpG_context_sampling_125_383_trimmed_bismark_bt2.CpG",41,30,11,41
"384","07_report/CpG_context_sampling_125_384_trimmed_bismark_bt2.CpG",40,29,11,40
"385","07_report/CpG_context_sampling_125_385_trimmed_bismark_bt2.CpG",47,39,8,47
"386","07_report/CpG_context_sampling_125_386_trimmed_bismark_bt2.CpG",50,33,17,50
"387","07_report/CpG_context_sampling_125_387_trimmed_bismark_bt2.CpG",41,29,12,41
"388","07_report/CpG_context_sampling_125_388_trimmed_bismark_bt2.CpG",43,28,15,43
"389","07_report/CpG_context_sampling_125_389_trimmed_bismark_bt2.CpG",38,24,14,38
"390","07_report/CpG_context_sampling_125_390_trimmed_bismark_bt2.CpG",47,34,13,47
"391","07_report/CpG_context_sampling_125_391_trimmed_bismark_bt2.CpG",44,28,16,44
"392","07_report/CpG_context_sampling_125_392_trimmed_bismark_bt2.CpG",41,27,14,41
"393","07_report/CpG_context_sampling_125_393_trimmed_bismark_bt2.CpG",41,30,11,41
"394","07_report/CpG_context_sampling_125_394_trimmed_bismark_bt2.CpG",46,33,13,46
"395","07_report/CpG_context_sampling_125_395_trimmed_bismark_bt2.CpG",48,30,18,48
"396","07_report/CpG_context_sampling_125_396_trimmed_bismark_bt2.CpG",54,32,22,54
"397","07_report/CpG_context_sampling_125_397_trimmed_bismark_bt2.CpG",53,43,10,53
"398","07_report/CpG_context_sampling_125_398_trimmed_bismark_bt2.CpG",40,31,9,40
"399","07_report/CpG_context_sampling_125_399_trimmed_bismark_bt2.CpG",40,30,10,40
"400","07_report/CpG_context_sampling_125_400_trimmed_bismark_bt2.CpG",37,25,12,37
"401","07_report/CpG_context_sampling_125_401_trimmed_bismark_bt2.CpG",46,30,16,46
"402","07_report/CpG_context_sampling_125_402_trimmed_bismark_bt2.CpG",37,31,6,37
"403","07_report/CpG_context_sampling_125_403_trimmed_bismark_bt2.CpG",37,29,8,37
"404","07_report/CpG_context_sampling_125_404_trimmed_bismark_bt2.CpG",48,37,11,48
"405","07_report/CpG_context_sampling_125_405_trimmed_bismark_bt2.CpG",42,35,7,42
"406","07_report/CpG_context_sampling_125_406_trimmed_bismark_bt2.CpG",41,30,11,41
"407","07_report/CpG_context_sampling_125_407_trimmed_bismark_bt2.CpG",39,22,17,39
"408","07_report/CpG_context_sampling_125_408_trimmed_bismark_bt2.CpG",39,31,8,39
"409","07_report/CpG_context_sampling_125_409_trimmed_bismark_bt2.CpG",51,41,10,51
"410","07_report/CpG_context_sampling_125_410_trimmed_bismark_bt2.CpG",51,35,16,51
"411","07_report/CpG_context_sampling_125_411_trimmed_bismark_bt2.CpG",31,20,11,31
"412","07_report/CpG_context_sampling_125_412_trimmed_bismark_bt2.CpG",43,33,10,43
"413","07_report/CpG_context_sampling_125_413_trimmed_bismark_bt2.CpG",42,30,12,42
"414","07_report/CpG_context_sampling_125_414_trimmed_bismark_bt2.CpG",41,29,12,41
"415","07_report/CpG_context_sampling_125_415_trimmed_bismark_bt2.CpG",36,26,10,36
"416","07_report/CpG_context_sampling_125_416_trimmed_bismark_bt2.CpG",54,38,16,54
"417","07_report/CpG_context_sampling_125_417_trimmed_bismark_bt2.CpG",46,34,12,46
"418","07_report/CpG_context_sampling_125_418_trimmed_bismark_bt2.CpG",47,31,16,47
"419","07_report/CpG_context_sampling_125_419_trimmed_bismark_bt2.CpG",47,29,18,47
"420","07_report/CpG_context_sampling_125_420_trimmed_bismark_bt2.CpG",48,33,15,48
"421","07_report/CpG_context_sampling_125_421_trimmed_bismark_bt2.CpG",43,31,12,43
"422","07_report/CpG_context_sampling_125_422_trimmed_bismark_bt2.CpG",41,33,8,41
"423","07_report/CpG_context_sampling_125_423_trimmed_bismark_bt2.CpG",44,32,12,44
"424","07_report/CpG_context_sampling_125_424_trimmed_bismark_bt2.CpG",39,30,9,39
"425","07_report/CpG_context_sampling_125_425_trimmed_bismark_bt2.CpG",46,32,14,46
"426","07_report/CpG_context_sampling_125_426_trimmed_bismark_bt2.CpG",45,33,12,45
"427","07_report/CpG_context_sampling_125_427_trimmed_bismark_bt2.CpG",51,35,16,51
"428","07_report/CpG_context_sampling_125_428_trimmed_bismark_bt2.CpG",42,29,13,42
"429","07_report/CpG_context_sampling_125_429_trimmed_bismark_bt2.CpG",49,33,16,49
"430","07_report/CpG_context_sampling_125_430_trimmed_bismark_bt2.CpG",42,29,13,42
"431","07_report/CpG_context_sampling_125_431_trimmed_bismark_bt2.CpG",47,31,16,47
"432","07_report/CpG_context_sampling_125_432_trimmed_bismark_bt2.CpG",41,31,10,41
"433","07_report/CpG_context_sampling_125_433_trimmed_bismark_bt2.CpG",42,31,11,42
"434","07_report/CpG_context_sampling_125_434_trimmed_bismark_bt2.CpG",34,24,10,34
"435","07_report/CpG_context_sampling_125_435_trimmed_bismark_bt2.CpG",45,35,10,45
"436","07_report/CpG_context_sampling_125_436_trimmed_bismark_bt2.CpG",44,28,16,44
"437","07_report/CpG_context_sampling_125_437_trimmed_bismark_bt2.CpG",45,35,10,45
"438","07_report/CpG_context_sampling_125_438_trimmed_bismark_bt2.CpG",52,36,16,52
"439","07_report/CpG_context_sampling_125_439_trimmed_bismark_bt2.CpG",47,35,12,47
"440","07_report/CpG_context_sampling_125_440_trimmed_bismark_bt2.CpG",50,38,12,50
"441","07_report/CpG_context_sampling_125_441_trimmed_bismark_bt2.CpG",48,33,15,48
"442","07_report/CpG_context_sampling_125_442_trimmed_bismark_bt2.CpG",44,36,8,44
"443","07_report/CpG_context_sampling_125_443_trimmed_bismark_bt2.CpG",45,31,14,45
"444","07_report/CpG_context_sampling_125_444_trimmed_bismark_bt2.CpG",54,40,14,54
"445","07_report/CpG_context_sampling_125_445_trimmed_bismark_bt2.CpG",46,33,13,46
"446","07_report/CpG_context_sampling_125_446_trimmed_bismark_bt2.CpG",43,35,8,43
"447","07_report/CpG_context_sampling_125_447_trimmed_bismark_bt2.CpG",42,30,12,42
"448","07_report/CpG_context_sampling_125_448_trimmed_bismark_bt2.CpG",52,41,11,52
"449","07_report/CpG_context_sampling_125_449_trimmed_bismark_bt2.CpG",39,27,12,39
"450","07_report/CpG_context_sampling_125_450_trimmed_bismark_bt2.CpG",43,24,19,43
"451","07_report/CpG_context_sampling_125_451_trimmed_bismark_bt2.CpG",44,30,14,44
"452","07_report/CpG_context_sampling_125_452_trimmed_bismark_bt2.CpG",41,32,9,41
"453","07_report/CpG_context_sampling_125_453_trimmed_bismark_bt2.CpG",43,29,14,43
"454","07_report/CpG_context_sampling_125_454_trimmed_bismark_bt2.CpG",40,27,13,40
"455","07_report/CpG_context_sampling_125_455_trimmed_bismark_bt2.CpG",51,34,17,51
"456","07_report/CpG_context_sampling_125_456_trimmed_bismark_bt2.CpG",55,37,18,55
"457","07_report/CpG_context_sampling_125_457_trimmed_bismark_bt2.CpG",37,31,6,37
"458","07_report/CpG_context_sampling_125_458_trimmed_bismark_bt2.CpG",40,24,16,40
"459","07_report/CpG_context_sampling_125_459_trimmed_bismark_bt2.CpG",48,39,9,48
"460","07_report/CpG_context_sampling_125_460_trimmed_bismark_bt2.CpG",43,29,14,43
"461","07_report/CpG_context_sampling_125_461_trimmed_bismark_bt2.CpG",47,35,12,47
"462","07_report/CpG_context_sampling_125_462_trimmed_bismark_bt2.CpG",33,25,8,33
"463","07_report/CpG_context_sampling_125_463_trimmed_bismark_bt2.CpG",43,28,15,43
"464","07_report/CpG_context_sampling_125_464_trimmed_bismark_bt2.CpG",42,28,14,42
"465","07_report/CpG_context_sampling_125_465_trimmed_bismark_bt2.CpG",40,32,8,40
"466","07_report/CpG_context_sampling_125_466_trimmed_bismark_bt2.CpG",45,34,11,45
"467","07_report/CpG_context_sampling_125_467_trimmed_bismark_bt2.CpG",43,30,13,43
"468","07_report/CpG_context_sampling_125_468_trimmed_bismark_bt2.CpG",41,25,16,41
"469","07_report/CpG_context_sampling_125_469_trimmed_bismark_bt2.CpG",49,32,17,49
"470","07_report/CpG_context_sampling_125_470_trimmed_bismark_bt2.CpG",46,30,16,46
"471","07_report/CpG_context_sampling_125_471_trimmed_bismark_bt2.CpG",37,26,11,37
"472","07_report/CpG_context_sampling_125_472_trimmed_bismark_bt2.CpG",44,34,10,44
"473","07_report/CpG_context_sampling_125_473_trimmed_bismark_bt2.CpG",50,37,13,50
"474","07_report/CpG_context_sampling_125_474_trimmed_bismark_bt2.CpG",50,45,5,50
"475","07_report/CpG_context_sampling_125_475_trimmed_bismark_bt2.CpG",41,31,10,41
"476","07_report/CpG_context_sampling_125_476_trimmed_bismark_bt2.CpG",36,20,16,36
"477","07_report/CpG_context_sampling_125_477_trimmed_bismark_bt2.CpG",44,26,18,44
"478","07_report/CpG_context_sampling_125_478_trimmed_bismark_bt2.CpG",44,33,11,44
"479","07_report/CpG_context_sampling_125_479_trimmed_bismark_bt2.CpG",44,31,13,44
"480","07_report/CpG_context_sampling_125_480_trimmed_bismark_bt2.CpG",38,25,13,38
"481","07_report/CpG_context_sampling_125_481_trimmed_bismark_bt2.CpG",53,32,21,53
"482","07_report/CpG_context_sampling_125_482_trimmed_bismark_bt2.CpG",42,26,16,42
"483","07_report/CpG_context_sampling_125_483_trimmed_bismark_bt2.CpG",45,33,12,45
"484","07_report/CpG_context_sampling_125_484_trimmed_bismark_bt2.CpG",50,34,16,50
"485","07_report/CpG_context_sampling_125_485_trimmed_bismark_bt2.CpG",49,30,19,49
"486","07_report/CpG_context_sampling_125_486_trimmed_bismark_bt2.CpG",42,30,12,42
"487","07_report/CpG_context_sampling_125_487_trimmed_bismark_bt2.CpG",42,40,2,42
"488","07_report/CpG_context_sampling_125_488_trimmed_bismark_bt2.CpG",52,35,17,52
"489","07_report/CpG_context_sampling_125_489_trimmed_bismark_bt2.CpG",38,30,8,38
"490","07_report/CpG_context_sampling_125_490_trimmed_bismark_bt2.CpG",49,35,14,49
"491","07_report/CpG_context_sampling_125_491_trimmed_bismark_bt2.CpG",52,39,13,52
"492","07_report/CpG_context_sampling_125_492_trimmed_bismark_bt2.CpG",40,28,12,40
"493","07_report/CpG_context_sampling_125_493_trimmed_bismark_bt2.CpG",43,30,13,43
"494","07_report/CpG_context_sampling_125_494_trimmed_bismark_bt2.CpG",34,23,11,34
"495","07_report/CpG_context_sampling_125_495_trimmed_bismark_bt2.CpG",40,28,12,40
"496","07_report/CpG_context_sampling_125_496_trimmed_bismark_bt2.CpG",44,31,13,44
"497","07_report/CpG_context_sampling_125_497_trimmed_bismark_bt2.CpG",48,32,16,48
"498","07_report/CpG_context_sampling_125_498_trimmed_bismark_bt2.CpG",36,22,14,36
"499","07_report/CpG_context_sampling_125_499_trimmed_bismark_bt2.CpG",54,38,16,54
"500","07_report/CpG_context_sampling_125_500_trimmed_bismark_bt2.CpG",35,25,10,35
"501","07_report/CpG_context_sampling_125_501_trimmed_bismark_bt2.CpG",45,30,15,45
"502","07_report/CpG_context_sampling_125_502_trimmed_bismark_bt2.CpG",38,25,13,38
"503","07_report/CpG_context_sampling_125_503_trimmed_bismark_bt2.CpG",33,24,9,33
"504","07_report/CpG_context_sampling_125_504_trimmed_bismark_bt2.CpG",31,20,11,31
"505","07_report/CpG_context_sampling_125_505_trimmed_bismark_bt2.CpG",47,33,14,47
"506","07_report/CpG_context_sampling_125_506_trimmed_bismark_bt2.CpG",46,31,15,46
"507","07_report/CpG_context_sampling_125_507_trimmed_bismark_bt2.CpG",50,38,12,50
"508","07_report/CpG_context_sampling_125_508_trimmed_bismark_bt2.CpG",35,24,11,35
"509","07_report/CpG_context_sampling_125_509_trimmed_bismark_bt2.CpG",39,28,11,39
"510","07_report/CpG_context_sampling_125_510_trimmed_bismark_bt2.CpG",46,29,17,46
"511","07_report/CpG_context_sampling_125_511_trimmed_bismark_bt2.CpG",38,31,7,38
"512","07_report/CpG_context_sampling_125_512_trimmed_bismark_bt2.CpG",40,25,15,40
"513","07_report/CpG_context_sampling_125_513_trimmed_bismark_bt2.CpG",49,36,13,49
"514","07_report/CpG_context_sampling_125_514_trimmed_bismark_bt2.CpG",40,28,12,40
"515","07_report/CpG_context_sampling_125_515_trimmed_bismark_bt2.CpG",47,36,11,47
"516","07_report/CpG_context_sampling_125_516_trimmed_bismark_bt2.CpG",47,31,16,47
"517","07_report/CpG_context_sampling_125_517_trimmed_bismark_bt2.CpG",34,24,10,34
"518","07_report/CpG_context_sampling_125_518_trimmed_bismark_bt2.CpG",46,40,6,46
"519","07_report/CpG_context_sampling_125_519_trimmed_bismark_bt2.CpG",42,32,10,42
"520","07_report/CpG_context_sampling_125_520_trimmed_bismark_bt2.CpG",47,39,8,47
"521","07_report/CpG_context_sampling_125_521_trimmed_bismark_bt2.CpG",42,29,13,42
"522","07_report/CpG_context_sampling_125_522_trimmed_bismark_bt2.CpG",37,24,13,37
"523","07_report/CpG_context_sampling_125_523_trimmed_bismark_bt2.CpG",42,30,12,42
"524","07_report/CpG_context_sampling_125_524_trimmed_bismark_bt2.CpG",44,31,13,44
"525","07_report/CpG_context_sampling_125_525_trimmed_bismark_bt2.CpG",47,33,14,47
"526","07_report/CpG_context_sampling_125_526_trimmed_bismark_bt2.CpG",46,32,14,46
"527","07_report/CpG_context_sampling_125_527_trimmed_bismark_bt2.CpG",50,35,15,50
"528","07_report/CpG_context_sampling_125_528_trimmed_bismark_bt2.CpG",43,29,14,43
"529","07_report/CpG_context_sampling_125_529_trimmed_bismark_bt2.CpG",43,34,9,43
"530","07_report/CpG_context_sampling_125_530_trimmed_bismark_bt2.CpG",49,30,19,49
"531","07_report/CpG_context_sampling_125_531_trimmed_bismark_bt2.CpG",44,35,9,44
"532","07_report/CpG_context_sampling_125_532_trimmed_bismark_bt2.CpG",42,27,15,42
"533","07_report/CpG_context_sampling_125_533_trimmed_bismark_bt2.CpG",48,35,13,48
"534","07_report/CpG_context_sampling_125_534_trimmed_bismark_bt2.CpG",44,28,16,44
"535","07_report/CpG_context_sampling_125_535_trimmed_bismark_bt2.CpG",54,46,8,54
"536","07_report/CpG_context_sampling_125_536_trimmed_bismark_bt2.CpG",48,35,13,48
"537","07_report/CpG_context_sampling_125_537_trimmed_bismark_bt2.CpG",38,30,8,38
"538","07_report/CpG_context_sampling_125_538_trimmed_bismark_bt2.CpG",38,27,11,38
"539","07_report/CpG_context_sampling_125_539_trimmed_bismark_bt2.CpG",44,30,14,44
"540","07_report/CpG_context_sampling_125_540_trimmed_bismark_bt2.CpG",46,33,13,46
"541","07_report/CpG_context_sampling_125_541_trimmed_bismark_bt2.CpG",38,27,11,38
"542","07_report/CpG_context_sampling_125_542_trimmed_bismark_bt2.CpG",57,39,18,57
"543","07_report/CpG_context_sampling_125_543_trimmed_bismark_bt2.CpG",43,31,12,43
"544","07_report/CpG_context_sampling_125_544_trimmed_bismark_bt2.CpG",37,29,8,37
"545","07_report/CpG_context_sampling_125_545_trimmed_bismark_bt2.CpG",45,36,9,45
"546","07_report/CpG_context_sampling_125_546_trimmed_bismark_bt2.CpG",50,34,16,50
"547","07_report/CpG_context_sampling_125_547_trimmed_bismark_bt2.CpG",47,32,15,47
"548","07_report/CpG_context_sampling_125_548_trimmed_bismark_bt2.CpG",43,29,14,43
"549","07_report/CpG_context_sampling_125_549_trimmed_bismark_bt2.CpG",41,31,10,41
"550","07_report/CpG_context_sampling_125_550_trimmed_bismark_bt2.CpG",45,32,13,45
"551","07_report/CpG_context_sampling_125_551_trimmed_bismark_bt2.CpG",45,29,16,45
"552","07_report/CpG_context_sampling_125_552_trimmed_bismark_bt2.CpG",47,38,9,47
"553","07_report/CpG_context_sampling_125_553_trimmed_bismark_bt2.CpG",45,29,16,45
"554","07_report/CpG_context_sampling_125_554_trimmed_bismark_bt2.CpG",34,27,7,34
"555","07_report/CpG_context_sampling_125_555_trimmed_bismark_bt2.CpG",49,35,14,49
"556","07_report/CpG_context_sampling_125_556_trimmed_bismark_bt2.CpG",41,34,7,41
"557","07_report/CpG_context_sampling_125_557_trimmed_bismark_bt2.CpG",44,37,7,44
"558","07_report/CpG_context_sampling_125_558_trimmed_bismark_bt2.CpG",46,36,10,46
"559","07_report/CpG_context_sampling_125_559_trimmed_bismark_bt2.CpG",53,30,23,53
"560","07_report/CpG_context_sampling_125_560_trimmed_bismark_bt2.CpG",39,26,13,39
"561","07_report/CpG_context_sampling_125_561_trimmed_bismark_bt2.CpG",48,33,15,48
"562","07_report/CpG_context_sampling_125_562_trimmed_bismark_bt2.CpG",42,33,9,42
"563","07_report/CpG_context_sampling_125_563_trimmed_bismark_bt2.CpG",45,34,11,45
"564","07_report/CpG_context_sampling_125_564_trimmed_bismark_bt2.CpG",36,22,14,36
"565","07_report/CpG_context_sampling_125_565_trimmed_bismark_bt2.CpG",43,32,11,43
"566","07_report/CpG_context_sampling_125_566_trimmed_bismark_bt2.CpG",37,22,15,37
"567","07_report/CpG_context_sampling_125_567_trimmed_bismark_bt2.CpG",39,30,9,39
"568","07_report/CpG_context_sampling_125_568_trimmed_bismark_bt2.CpG",52,37,15,52
"569","07_report/CpG_context_sampling_125_569_trimmed_bismark_bt2.CpG",49,31,18,49
"570","07_report/CpG_context_sampling_125_570_trimmed_bismark_bt2.CpG",45,33,12,45
"571","07_report/CpG_context_sampling_125_571_trimmed_bismark_bt2.CpG",49,38,11,49
"572","07_report/CpG_context_sampling_125_572_trimmed_bismark_bt2.CpG",37,29,8,37
"573","07_report/CpG_context_sampling_125_573_trimmed_bismark_bt2.CpG",41,30,11,41
"574","07_report/CpG_context_sampling_125_574_trimmed_bismark_bt2.CpG",38,26,12,38
"575","07_report/CpG_context_sampling_125_575_trimmed_bismark_bt2.CpG",43,24,19,43
"576","07_report/CpG_context_sampling_125_576_trimmed_bismark_bt2.CpG",40,29,11,40
"577","07_report/CpG_context_sampling_125_577_trimmed_bismark_bt2.CpG",53,35,18,53
"578","07_report/CpG_context_sampling_125_578_trimmed_bismark_bt2.CpG",34,23,11,34
"579","07_report/CpG_context_sampling_125_579_trimmed_bismark_bt2.CpG",41,32,9,41
"580","07_report/CpG_context_sampling_125_580_trimmed_bismark_bt2.CpG",43,30,13,43
"581","07_report/CpG_context_sampling_125_581_trimmed_bismark_bt2.CpG",42,31,11,42
"582","07_report/CpG_context_sampling_125_582_trimmed_bismark_bt2.CpG",36,29,7,36
"583","07_report/CpG_context_sampling_125_583_trimmed_bismark_bt2.CpG",53,39,14,53
"584","07_report/CpG_context_sampling_125_584_trimmed_bismark_bt2.CpG",39,26,13,39
"585","07_report/CpG_context_sampling_125_585_trimmed_bismark_bt2.CpG",39,26,13,39
"586","07_report/CpG_context_sampling_125_586_trimmed_bismark_bt2.CpG",51,33,18,51
"587","07_report/CpG_context_sampling_125_587_trimmed_bismark_bt2.CpG",43,27,16,43
"588","07_report/CpG_context_sampling_125_588_trimmed_bismark_bt2.CpG",45,32,13,45
"589","07_report/CpG_context_sampling_125_589_trimmed_bismark_bt2.CpG",51,37,14,51
"590","07_report/CpG_context_sampling_125_590_trimmed_bismark_bt2.CpG",41,27,14,41
"591","07_report/CpG_context_sampling_125_591_trimmed_bismark_bt2.CpG",41,27,14,41
"592","07_report/CpG_context_sampling_125_592_trimmed_bismark_bt2.CpG",35,24,11,35
"593","07_report/CpG_context_sampling_125_593_trimmed_bismark_bt2.CpG",27,18,9,27
"594","07_report/CpG_context_sampling_125_594_trimmed_bismark_bt2.CpG",51,37,14,51
"595","07_report/CpG_context_sampling_125_595_trimmed_bismark_bt2.CpG",43,26,17,43
"596","07_report/CpG_context_sampling_125_596_trimmed_bismark_bt2.CpG",40,33,7,40
"597","07_report/CpG_context_sampling_125_597_trimmed_bismark_bt2.CpG",39,28,11,39
"598","07_report/CpG_context_sampling_125_598_trimmed_bismark_bt2.CpG",43,29,14,43
"599","07_report/CpG_context_sampling_125_599_trimmed_bismark_bt2.CpG",50,40,10,50
"600","07_report/CpG_context_sampling_125_600_trimmed_bismark_bt2.CpG",43,35,8,43
"601","07_report/CpG_context_sampling_125_601_trimmed_bismark_bt2.CpG",42,37,5,42
"602","07_report/CpG_context_sampling_125_602_trimmed_bismark_bt2.CpG",42,28,14,42
"603","07_report/CpG_context_sampling_125_603_trimmed_bismark_bt2.CpG",40,27,13,40
"604","07_report/CpG_context_sampling_125_604_trimmed_bismark_bt2.CpG",48,34,14,48
"605","07_report/CpG_context_sampling_125_605_trimmed_bismark_bt2.CpG",54,42,12,54
"606","07_report/CpG_context_sampling_125_606_trimmed_bismark_bt2.CpG",41,30,11,41
"607","07_report/CpG_context_sampling_125_607_trimmed_bismark_bt2.CpG",43,32,11,43
"608","07_report/CpG_context_sampling_125_608_trimmed_bismark_bt2.CpG",42,28,14,42
"609","07_report/CpG_context_sampling_125_609_trimmed_bismark_bt2.CpG",51,40,11,51
"610","07_report/CpG_context_sampling_125_610_trimmed_bismark_bt2.CpG",52,40,12,52
"611","07_report/CpG_context_sampling_125_611_trimmed_bismark_bt2.CpG",41,28,13,41
"612","07_report/CpG_context_sampling_125_612_trimmed_bismark_bt2.CpG",45,32,13,45
"613","07_report/CpG_context_sampling_125_613_trimmed_bismark_bt2.CpG",49,37,12,49
"614","07_report/CpG_context_sampling_125_614_trimmed_bismark_bt2.CpG",44,29,15,44
"615","07_report/CpG_context_sampling_125_615_trimmed_bismark_bt2.CpG",38,29,9,38
"616","07_report/CpG_context_sampling_125_616_trimmed_bismark_bt2.CpG",48,37,11,48
"617","07_report/CpG_context_sampling_125_617_trimmed_bismark_bt2.CpG",41,29,12,41
"618","07_report/CpG_context_sampling_125_618_trimmed_bismark_bt2.CpG",35,29,6,35
"619","07_report/CpG_context_sampling_125_619_trimmed_bismark_bt2.CpG",43,28,15,43
"620","07_report/CpG_context_sampling_125_620_trimmed_bismark_bt2.CpG",47,31,16,47
"621","07_report/CpG_context_sampling_125_621_trimmed_bismark_bt2.CpG",47,38,9,47
"622","07_report/CpG_context_sampling_125_622_trimmed_bismark_bt2.CpG",32,24,8,32
"623","07_report/CpG_context_sampling_125_623_trimmed_bismark_bt2.CpG",43,35,8,43
"624","07_report/CpG_context_sampling_125_624_trimmed_bismark_bt2.CpG",46,33,13,46
"625","07_report/CpG_context_sampling_125_625_trimmed_bismark_bt2.CpG",47,34,13,47
"626","07_report/CpG_context_sampling_125_626_trimmed_bismark_bt2.CpG",43,32,11,43
"627","07_report/CpG_context_sampling_125_627_trimmed_bismark_bt2.CpG",43,29,14,43
"628","07_report/CpG_context_sampling_125_628_trimmed_bismark_bt2.CpG",48,38,10,48
"629","07_report/CpG_context_sampling_125_629_trimmed_bismark_bt2.CpG",43,38,5,43
"630","07_report/CpG_context_sampling_125_630_trimmed_bismark_bt2.CpG",42,33,9,42
"631","07_report/CpG_context_sampling_125_631_trimmed_bismark_bt2.CpG",45,32,13,45
"632","07_report/CpG_context_sampling_125_632_trimmed_bismark_bt2.CpG",47,33,14,47
"633","07_report/CpG_context_sampling_125_633_trimmed_bismark_bt2.CpG",46,33,13,46
"634","07_report/CpG_context_sampling_125_634_trimmed_bismark_bt2.CpG",48,35,13,48
"635","07_report/CpG_context_sampling_125_635_trimmed_bismark_bt2.CpG",49,33,16,49
"636","07_report/CpG_context_sampling_125_636_trimmed_bismark_bt2.CpG",47,31,16,47
"637","07_report/CpG_context_sampling_125_637_trimmed_bismark_bt2.CpG",35,26,9,35
"638","07_report/CpG_context_sampling_125_638_trimmed_bismark_bt2.CpG",43,31,12,43
"639","07_report/CpG_context_sampling_125_639_trimmed_bismark_bt2.CpG",45,32,13,45
"640","07_report/CpG_context_sampling_125_640_trimmed_bismark_bt2.CpG",41,33,8,41
"641","07_report/CpG_context_sampling_125_641_trimmed_bismark_bt2.CpG",43,36,7,43
"642","07_report/CpG_context_sampling_125_642_trimmed_bismark_bt2.CpG",42,27,15,42
"643","07_report/CpG_context_sampling_125_643_trimmed_bismark_bt2.CpG",42,29,13,42
"644","07_report/CpG_context_sampling_125_644_trimmed_bismark_bt2.CpG",40,27,13,40
"645","07_report/CpG_context_sampling_125_645_trimmed_bismark_bt2.CpG",37,30,7,37
"646","07_report/CpG_context_sampling_125_646_trimmed_bismark_bt2.CpG",38,30,8,38
"647","07_report/CpG_context_sampling_125_647_trimmed_bismark_bt2.CpG",53,36,17,53
"648","07_report/CpG_context_sampling_125_648_trimmed_bismark_bt2.CpG",43,32,11,43
"649","07_report/CpG_context_sampling_125_649_trimmed_bismark_bt2.CpG",48,37,11,48
"650","07_report/CpG_context_sampling_125_650_trimmed_bismark_bt2.CpG",44,37,7,44
"651","07_report/CpG_context_sampling_125_651_trimmed_bismark_bt2.CpG",34,25,9,34
"652","07_report/CpG_context_sampling_125_652_trimmed_bismark_bt2.CpG",39,24,15,39
"653","07_report/CpG_context_sampling_125_653_trimmed_bismark_bt2.CpG",42,33,9,42
"654","07_report/CpG_context_sampling_125_654_trimmed_bismark_bt2.CpG",45,35,10,45
"655","07_report/CpG_context_sampling_125_655_trimmed_bismark_bt2.CpG",38,30,8,38
"656","07_report/CpG_context_sampling_125_656_trimmed_bismark_bt2.CpG",44,29,15,44
"657","07_report/CpG_context_sampling_125_657_trimmed_bismark_bt2.CpG",40,35,5,40
"658","07_report/CpG_context_sampling_125_658_trimmed_bismark_bt2.CpG",42,28,14,42
"659","07_report/CpG_context_sampling_125_659_trimmed_bismark_bt2.CpG",41,30,11,41
"660","07_report/CpG_context_sampling_125_660_trimmed_bismark_bt2.CpG",40,28,12,40
"661","07_report/CpG_context_sampling_125_661_trimmed_bismark_bt2.CpG",45,33,12,45
"662","07_report/CpG_context_sampling_125_662_trimmed_bismark_bt2.CpG",44,30,14,44
"663","07_report/CpG_context_sampling_125_663_trimmed_bismark_bt2.CpG",46,33,13,46
"664","07_report/CpG_context_sampling_125_664_trimmed_bismark_bt2.CpG",42,33,9,42
"665","07_report/CpG_context_sampling_125_665_trimmed_bismark_bt2.CpG",51,39,12,51
"666","07_report/CpG_context_sampling_125_666_trimmed_bismark_bt2.CpG",45,32,13,45
"667","07_report/CpG_context_sampling_125_667_trimmed_bismark_bt2.CpG",46,30,16,46
"668","07_report/CpG_context_sampling_125_668_trimmed_bismark_bt2.CpG",51,43,8,51
"669","07_report/CpG_context_sampling_125_669_trimmed_bismark_bt2.CpG",48,34,14,48
"670","07_report/CpG_context_sampling_125_670_trimmed_bismark_bt2.CpG",45,29,16,45
"671","07_report/CpG_context_sampling_125_671_trimmed_bismark_bt2.CpG",50,36,14,50
"672","07_report/CpG_context_sampling_125_672_trimmed_bismark_bt2.CpG",46,31,15,46
"673","07_report/CpG_context_sampling_125_673_trimmed_bismark_bt2.CpG",43,27,16,43
"674","07_report/CpG_context_sampling_125_674_trimmed_bismark_bt2.CpG",41,33,8,41
"675","07_report/CpG_context_sampling_125_675_trimmed_bismark_bt2.CpG",39,27,12,39
"676","07_report/CpG_context_sampling_125_676_trimmed_bismark_bt2.CpG",53,39,14,53
"677","07_report/CpG_context_sampling_125_677_trimmed_bismark_bt2.CpG",41,28,13,41
"678","07_report/CpG_context_sampling_125_678_trimmed_bismark_bt2.CpG",50,38,12,50
"679","07_report/CpG_context_sampling_125_679_trimmed_bismark_bt2.CpG",45,32,13,45
"680","07_report/CpG_context_sampling_125_680_trimmed_bismark_bt2.CpG",52,29,23,52
"681","07_report/CpG_context_sampling_125_681_trimmed_bismark_bt2.CpG",43,37,6,43
"682","07_report/CpG_context_sampling_125_682_trimmed_bismark_bt2.CpG",41,31,10,41
"683","07_report/CpG_context_sampling_125_683_trimmed_bismark_bt2.CpG",38,28,10,38
"684","07_report/CpG_context_sampling_125_684_trimmed_bismark_bt2.CpG",45,32,13,45
"685","07_report/CpG_context_sampling_125_685_trimmed_bismark_bt2.CpG",43,28,15,43
"686","07_report/CpG_context_sampling_125_686_trimmed_bismark_bt2.CpG",43,27,16,43
"687","07_report/CpG_context_sampling_125_687_trimmed_bismark_bt2.CpG",43,31,12,43
"688","07_report/CpG_context_sampling_125_688_trimmed_bismark_bt2.CpG",43,26,17,43
"689","07_report/CpG_context_sampling_125_689_trimmed_bismark_bt2.CpG",42,32,10,42
"690","07_report/CpG_context_sampling_125_690_trimmed_bismark_bt2.CpG",40,30,10,40
"691","07_report/CpG_context_sampling_125_691_trimmed_bismark_bt2.CpG",28,17,11,28
"692","07_report/CpG_context_sampling_125_692_trimmed_bismark_bt2.CpG",49,36,13,49
"693","07_report/CpG_context_sampling_125_693_trimmed_bismark_bt2.CpG",53,34,19,53
"694","07_report/CpG_context_sampling_125_694_trimmed_bismark_bt2.CpG",47,34,13,47
"695","07_report/CpG_context_sampling_125_695_trimmed_bismark_bt2.CpG",46,35,11,46
"696","07_report/CpG_context_sampling_125_696_trimmed_bismark_bt2.CpG",38,30,8,38
"697","07_report/CpG_context_sampling_125_697_trimmed_bismark_bt2.CpG",46,33,13,46
"698","07_report/CpG_context_sampling_125_698_trimmed_bismark_bt2.CpG",41,31,10,41
"699","07_report/CpG_context_sampling_125_699_trimmed_bismark_bt2.CpG",38,28,10,38
"700","07_report/CpG_context_sampling_125_700_trimmed_bismark_bt2.CpG",40,29,11,40
"701","07_report/CpG_context_sampling_125_701_trimmed_bismark_bt2.CpG",51,34,17,51
"702","07_report/CpG_context_sampling_125_702_trimmed_bismark_bt2.CpG",49,35,14,49
"703","07_report/CpG_context_sampling_125_703_trimmed_bismark_bt2.CpG",43,28,15,43
"704","07_report/CpG_context_sampling_125_704_trimmed_bismark_bt2.CpG",38,29,9,38
"705","07_report/CpG_context_sampling_125_705_trimmed_bismark_bt2.CpG",47,33,14,47
"706","07_report/CpG_context_sampling_125_706_trimmed_bismark_bt2.CpG",44,35,9,44
"707","07_report/CpG_context_sampling_125_707_trimmed_bismark_bt2.CpG",44,28,16,44
"708","07_report/CpG_context_sampling_125_708_trimmed_bismark_bt2.CpG",55,40,15,55
"709","07_report/CpG_context_sampling_125_709_trimmed_bismark_bt2.CpG",41,32,9,41
"710","07_report/CpG_context_sampling_125_710_trimmed_bismark_bt2.CpG",44,30,14,44
"711","07_report/CpG_context_sampling_125_711_trimmed_bismark_bt2.CpG",40,27,13,40
"712","07_report/CpG_context_sampling_125_712_trimmed_bismark_bt2.CpG",40,28,12,40
"713","07_report/CpG_context_sampling_125_713_trimmed_bismark_bt2.CpG",36,28,8,36
"714","07_report/CpG_context_sampling_125_714_trimmed_bismark_bt2.CpG",43,31,12,43
"715","07_report/CpG_context_sampling_125_715_trimmed_bismark_bt2.CpG",34,26,8,34
"716","07_report/CpG_context_sampling_125_716_trimmed_bismark_bt2.CpG",41,31,10,41
"717","07_report/CpG_context_sampling_125_717_trimmed_bismark_bt2.CpG",47,35,12,47
"718","07_report/CpG_context_sampling_125_718_trimmed_bismark_bt2.CpG",49,36,13,49
"719","07_report/CpG_context_sampling_125_719_trimmed_bismark_bt2.CpG",53,37,16,53
"720","07_report/CpG_context_sampling_125_720_trimmed_bismark_bt2.CpG",42,24,18,42
"721","07_report/CpG_context_sampling_125_721_trimmed_bismark_bt2.CpG",50,37,13,50
"722","07_report/CpG_context_sampling_125_722_trimmed_bismark_bt2.CpG",40,29,11,40
"723","07_report/CpG_context_sampling_125_723_trimmed_bismark_bt2.CpG",46,34,12,46
"724","07_report/CpG_context_sampling_125_724_trimmed_bismark_bt2.CpG",54,35,19,54
"725","07_report/CpG_context_sampling_125_725_trimmed_bismark_bt2.CpG",42,32,10,42
"726","07_report/CpG_context_sampling_125_726_trimmed_bismark_bt2.CpG",39,29,10,39
"727","07_report/CpG_context_sampling_125_727_trimmed_bismark_bt2.CpG",46,34,12,46
"728","07_report/CpG_context_sampling_125_728_trimmed_bismark_bt2.CpG",38,25,13,38
"729","07_report/CpG_context_sampling_125_729_trimmed_bismark_bt2.CpG",42,28,14,42
"730","07_report/CpG_context_sampling_125_730_trimmed_bismark_bt2.CpG",45,34,11,45
"731","07_report/CpG_context_sampling_125_731_trimmed_bismark_bt2.CpG",34,24,10,34
"732","07_report/CpG_context_sampling_125_732_trimmed_bismark_bt2.CpG",48,30,18,48
"733","07_report/CpG_context_sampling_125_733_trimmed_bismark_bt2.CpG",38,32,6,38
"734","07_report/CpG_context_sampling_125_734_trimmed_bismark_bt2.CpG",45,34,11,45
"735","07_report/CpG_context_sampling_125_735_trimmed_bismark_bt2.CpG",36,26,10,36
"736","07_report/CpG_context_sampling_125_736_trimmed_bismark_bt2.CpG",40,27,13,40
"737","07_report/CpG_context_sampling_125_737_trimmed_bismark_bt2.CpG",50,37,13,50
"738","07_report/CpG_context_sampling_125_738_trimmed_bismark_bt2.CpG",46,34,12,46
"739","07_report/CpG_context_sampling_125_739_trimmed_bismark_bt2.CpG",43,28,15,43
"740","07_report/CpG_context_sampling_125_740_trimmed_bismark_bt2.CpG",48,39,9,48
"741","07_report/CpG_context_sampling_125_741_trimmed_bismark_bt2.CpG",41,35,6,41
"742","07_report/CpG_context_sampling_125_742_trimmed_bismark_bt2.CpG",42,31,11,42
"743","07_report/CpG_context_sampling_125_743_trimmed_bismark_bt2.CpG",42,29,13,42
"744","07_report/CpG_context_sampling_125_744_trimmed_bismark_bt2.CpG",40,32,8,40
"745","07_report/CpG_context_sampling_125_745_trimmed_bismark_bt2.CpG",47,30,17,47
"746","07_report/CpG_context_sampling_125_746_trimmed_bismark_bt2.CpG",39,25,14,39
"747","07_report/CpG_context_sampling_125_747_trimmed_bismark_bt2.CpG",47,31,16,47
"748","07_report/CpG_context_sampling_125_748_trimmed_bismark_bt2.CpG",40,28,12,40
"749","07_report/CpG_context_sampling_125_749_trimmed_bismark_bt2.CpG",49,37,12,49
"750","07_report/CpG_context_sampling_125_750_trimmed_bismark_bt2.CpG",45,33,12,45
"751","07_report/CpG_context_sampling_125_751_trimmed_bismark_bt2.CpG",52,40,12,52
"752","07_report/CpG_context_sampling_125_752_trimmed_bismark_bt2.CpG",35,27,8,35
"753","07_report/CpG_context_sampling_125_753_trimmed_bismark_bt2.CpG",45,28,17,45
"754","07_report/CpG_context_sampling_125_754_trimmed_bismark_bt2.CpG",47,36,11,47
"755","07_report/CpG_context_sampling_125_755_trimmed_bismark_bt2.CpG",42,27,15,42
"756","07_report/CpG_context_sampling_125_756_trimmed_bismark_bt2.CpG",45,35,10,45
"757","07_report/CpG_context_sampling_125_757_trimmed_bismark_bt2.CpG",43,30,13,43
"758","07_report/CpG_context_sampling_125_758_trimmed_bismark_bt2.CpG",40,29,11,40
"759","07_report/CpG_context_sampling_125_759_trimmed_bismark_bt2.CpG",43,28,15,43
"760","07_report/CpG_context_sampling_125_760_trimmed_bismark_bt2.CpG",46,30,16,46
"761","07_report/CpG_context_sampling_125_761_trimmed_bismark_bt2.CpG",44,34,10,44
"762","07_report/CpG_context_sampling_125_762_trimmed_bismark_bt2.CpG",50,27,23,50
"763","07_report/CpG_context_sampling_125_763_trimmed_bismark_bt2.CpG",38,28,10,38
"764","07_report/CpG_context_sampling_125_764_trimmed_bismark_bt2.CpG",49,34,15,49
"765","07_report/CpG_context_sampling_125_765_trimmed_bismark_bt2.CpG",46,30,16,46
"766","07_report/CpG_context_sampling_125_766_trimmed_bismark_bt2.CpG",35,22,13,35
"767","07_report/CpG_context_sampling_125_767_trimmed_bismark_bt2.CpG",49,37,12,49
"768","07_report/CpG_context_sampling_125_768_trimmed_bismark_bt2.CpG",37,25,12,37
"769","07_report/CpG_context_sampling_125_769_trimmed_bismark_bt2.CpG",41,36,5,41
"770","07_report/CpG_context_sampling_125_770_trimmed_bismark_bt2.CpG",49,32,17,49
"771","07_report/CpG_context_sampling_125_771_trimmed_bismark_bt2.CpG",46,34,12,46
"772","07_report/CpG_context_sampling_125_772_trimmed_bismark_bt2.CpG",42,31,11,42
"773","07_report/CpG_context_sampling_125_773_trimmed_bismark_bt2.CpG",42,32,10,42
"774","07_report/CpG_context_sampling_125_774_trimmed_bismark_bt2.CpG",45,35,10,45
"775","07_report/CpG_context_sampling_125_775_trimmed_bismark_bt2.CpG",40,25,15,40
"776","07_report/CpG_context_sampling_125_776_trimmed_bismark_bt2.CpG",39,29,10,39
"777","07_report/CpG_context_sampling_125_777_trimmed_bismark_bt2.CpG",43,30,13,43
"778","07_report/CpG_context_sampling_125_778_trimmed_bismark_bt2.CpG",44,33,11,44
"779","07_report/CpG_context_sampling_125_779_trimmed_bismark_bt2.CpG",40,28,12,40
"780","07_report/CpG_context_sampling_125_780_trimmed_bismark_bt2.CpG",39,32,7,39
"781","07_report/CpG_context_sampling_125_781_trimmed_bismark_bt2.CpG",43,32,11,43
"782","07_report/CpG_context_sampling_125_782_trimmed_bismark_bt2.CpG",39,23,16,39
"783","07_report/CpG_context_sampling_125_783_trimmed_bismark_bt2.CpG",47,34,13,47
"784","07_report/CpG_context_sampling_125_784_trimmed_bismark_bt2.CpG",48,32,16,48
"785","07_report/CpG_context_sampling_125_785_trimmed_bismark_bt2.CpG",39,27,12,39
"786","07_report/CpG_context_sampling_125_786_trimmed_bismark_bt2.CpG",38,28,10,38
"787","07_report/CpG_context_sampling_125_787_trimmed_bismark_bt2.CpG",47,31,16,47
"788","07_report/CpG_context_sampling_125_788_trimmed_bismark_bt2.CpG",50,32,18,50
"789","07_report/CpG_context_sampling_125_789_trimmed_bismark_bt2.CpG",41,30,11,41
"790","07_report/CpG_context_sampling_125_790_trimmed_bismark_bt2.CpG",40,23,17,40
"791","07_report/CpG_context_sampling_125_791_trimmed_bismark_bt2.CpG",34,28,6,34
"792","07_report/CpG_context_sampling_125_792_trimmed_bismark_bt2.CpG",45,34,11,45
"793","07_report/CpG_context_sampling_125_793_trimmed_bismark_bt2.CpG",36,26,10,36
"794","07_report/CpG_context_sampling_125_794_trimmed_bismark_bt2.CpG",40,31,9,40
"795","07_report/CpG_context_sampling_125_795_trimmed_bismark_bt2.CpG",53,38,15,53
"796","07_report/CpG_context_sampling_125_796_trimmed_bismark_bt2.CpG",41,32,9,41
"797","07_report/CpG_context_sampling_125_797_trimmed_bismark_bt2.CpG",44,31,13,44
"798","07_report/CpG_context_sampling_125_798_trimmed_bismark_bt2.CpG",41,28,13,41
"799","07_report/CpG_context_sampling_125_799_trimmed_bismark_bt2.CpG",40,28,12,40
"800","07_report/CpG_context_sampling_125_800_trimmed_bismark_bt2.CpG",40,30,10,40
"801","07_report/CpG_context_sampling_125_801_trimmed_bismark_bt2.CpG",44,29,15,44
"802","07_report/CpG_context_sampling_125_802_trimmed_bismark_bt2.CpG",41,31,10,41
"803","07_report/CpG_context_sampling_125_803_trimmed_bismark_bt2.CpG",41,27,14,41
"804","07_report/CpG_context_sampling_125_804_trimmed_bismark_bt2.CpG",38,28,10,38
"805","07_report/CpG_context_sampling_125_805_trimmed_bismark_bt2.CpG",48,33,15,48
"806","07_report/CpG_context_sampling_125_806_trimmed_bismark_bt2.CpG",39,27,12,39
"807","07_report/CpG_context_sampling_125_807_trimmed_bismark_bt2.CpG",48,33,15,48
"808","07_report/CpG_context_sampling_125_808_trimmed_bismark_bt2.CpG",40,31,9,40
"809","07_report/CpG_context_sampling_125_809_trimmed_bismark_bt2.CpG",37,21,16,37
"810","07_report/CpG_context_sampling_125_810_trimmed_bismark_bt2.CpG",43,31,12,43
"811","07_report/CpG_context_sampling_125_811_trimmed_bismark_bt2.CpG",42,27,15,42
"812","07_report/CpG_context_sampling_125_812_trimmed_bismark_bt2.CpG",52,40,12,52
"813","07_report/CpG_context_sampling_125_813_trimmed_bismark_bt2.CpG",42,26,16,42
"814","07_report/CpG_context_sampling_125_814_trimmed_bismark_bt2.CpG",52,32,20,52
"815","07_report/CpG_context_sampling_125_815_trimmed_bismark_bt2.CpG",45,32,13,45
"816","07_report/CpG_context_sampling_125_816_trimmed_bismark_bt2.CpG",47,31,16,47
"817","07_report/CpG_context_sampling_125_817_trimmed_bismark_bt2.CpG",42,31,11,42
"818","07_report/CpG_context_sampling_125_818_trimmed_bismark_bt2.CpG",42,35,7,42
"819","07_report/CpG_context_sampling_125_819_trimmed_bismark_bt2.CpG",52,38,14,52
"820","07_report/CpG_context_sampling_125_820_trimmed_bismark_bt2.CpG",45,35,10,45
"821","07_report/CpG_context_sampling_125_821_trimmed_bismark_bt2.CpG",43,32,11,43
"822","07_report/CpG_context_sampling_125_822_trimmed_bismark_bt2.CpG",52,37,15,52
"823","07_report/CpG_context_sampling_125_823_trimmed_bismark_bt2.CpG",43,32,11,43
"824","07_report/CpG_context_sampling_125_824_trimmed_bismark_bt2.CpG",40,30,10,40
"825","07_report/CpG_context_sampling_125_825_trimmed_bismark_bt2.CpG",34,27,7,34
"826","07_report/CpG_context_sampling_125_826_trimmed_bismark_bt2.CpG",40,27,13,40
"827","07_report/CpG_context_sampling_125_827_trimmed_bismark_bt2.CpG",50,36,14,50
"828","07_report/CpG_context_sampling_125_828_trimmed_bismark_bt2.CpG",44,29,15,44
"829","07_report/CpG_context_sampling_125_829_trimmed_bismark_bt2.CpG",52,33,19,52
"830","07_report/CpG_context_sampling_125_830_trimmed_bismark_bt2.CpG",51,34,17,51
"831","07_report/CpG_context_sampling_125_831_trimmed_bismark_bt2.CpG",43,25,18,43
"832","07_report/CpG_context_sampling_125_832_trimmed_bismark_bt2.CpG",45,30,15,45
"833","07_report/CpG_context_sampling_125_833_trimmed_bismark_bt2.CpG",54,39,15,54
"834","07_report/CpG_context_sampling_125_834_trimmed_bismark_bt2.CpG",50,38,12,50
"835","07_report/CpG_context_sampling_125_835_trimmed_bismark_bt2.CpG",37,24,13,37
"836","07_report/CpG_context_sampling_125_836_trimmed_bismark_bt2.CpG",56,37,19,56
"837","07_report/CpG_context_sampling_125_837_trimmed_bismark_bt2.CpG",34,25,9,34
"838","07_report/CpG_context_sampling_125_838_trimmed_bismark_bt2.CpG",38,26,12,38
"839","07_report/CpG_context_sampling_125_839_trimmed_bismark_bt2.CpG",47,29,18,47
"840","07_report/CpG_context_sampling_125_840_trimmed_bismark_bt2.CpG",35,25,10,35
"841","07_report/CpG_context_sampling_125_841_trimmed_bismark_bt2.CpG",41,30,11,41
"842","07_report/CpG_context_sampling_125_842_trimmed_bismark_bt2.CpG",48,34,14,48
"843","07_report/CpG_context_sampling_125_843_trimmed_bismark_bt2.CpG",49,30,19,49
"844","07_report/CpG_context_sampling_125_844_trimmed_bismark_bt2.CpG",44,29,15,44
"845","07_report/CpG_context_sampling_125_845_trimmed_bismark_bt2.CpG",39,31,8,39
"846","07_report/CpG_context_sampling_125_846_trimmed_bismark_bt2.CpG",42,31,11,42
"847","07_report/CpG_context_sampling_125_847_trimmed_bismark_bt2.CpG",43,32,11,43
"848","07_report/CpG_context_sampling_125_848_trimmed_bismark_bt2.CpG",45,27,18,45
"849","07_report/CpG_context_sampling_125_849_trimmed_bismark_bt2.CpG",37,25,12,37
"850","07_report/CpG_context_sampling_125_850_trimmed_bismark_bt2.CpG",47,31,16,47
"851","07_report/CpG_context_sampling_125_851_trimmed_bismark_bt2.CpG",45,34,11,45
"852","07_report/CpG_context_sampling_125_852_trimmed_bismark_bt2.CpG",47,35,12,47
"853","07_report/CpG_context_sampling_125_853_trimmed_bismark_bt2.CpG",36,23,13,36
"854","07_report/CpG_context_sampling_125_854_trimmed_bismark_bt2.CpG",43,28,15,43
"855","07_report/CpG_context_sampling_125_855_trimmed_bismark_bt2.CpG",43,32,11,43
"856","07_report/CpG_context_sampling_125_856_trimmed_bismark_bt2.CpG",36,24,12,36
"857","07_report/CpG_context_sampling_125_857_trimmed_bismark_bt2.CpG",49,37,12,49
"858","07_report/CpG_context_sampling_125_858_trimmed_bismark_bt2.CpG",38,27,11,38
"859","07_report/CpG_context_sampling_125_859_trimmed_bismark_bt2.CpG",30,18,12,30
"860","07_report/CpG_context_sampling_125_860_trimmed_bismark_bt2.CpG",43,25,18,43
"861","07_report/CpG_context_sampling_125_861_trimmed_bismark_bt2.CpG",37,26,11,37
"862","07_report/CpG_context_sampling_125_862_trimmed_bismark_bt2.CpG",48,34,14,48
"863","07_report/CpG_context_sampling_125_863_trimmed_bismark_bt2.CpG",37,28,9,37
"864","07_report/CpG_context_sampling_125_864_trimmed_bismark_bt2.CpG",36,24,12,36
"865","07_report/CpG_context_sampling_125_865_trimmed_bismark_bt2.CpG",57,38,19,57
"866","07_report/CpG_context_sampling_125_866_trimmed_bismark_bt2.CpG",31,23,8,31
"867","07_report/CpG_context_sampling_125_867_trimmed_bismark_bt2.CpG",43,30,13,43
"868","07_report/CpG_context_sampling_125_868_trimmed_bismark_bt2.CpG",53,38,15,53
"869","07_report/CpG_context_sampling_125_869_trimmed_bismark_bt2.CpG",41,24,17,41
"870","07_report/CpG_context_sampling_125_870_trimmed_bismark_bt2.CpG",43,33,10,43
"871","07_report/CpG_context_sampling_125_871_trimmed_bismark_bt2.CpG",46,35,11,46
"872","07_report/CpG_context_sampling_125_872_trimmed_bismark_bt2.CpG",39,25,14,39
"873","07_report/CpG_context_sampling_125_873_trimmed_bismark_bt2.CpG",38,28,10,38
"874","07_report/CpG_context_sampling_125_874_trimmed_bismark_bt2.CpG",38,28,10,38
"875","07_report/CpG_context_sampling_125_875_trimmed_bismark_bt2.CpG",52,38,14,52
"876","07_report/CpG_context_sampling_125_876_trimmed_bismark_bt2.CpG",45,33,12,45
"877","07_report/CpG_context_sampling_125_877_trimmed_bismark_bt2.CpG",44,30,14,44
"878","07_report/CpG_context_sampling_125_878_trimmed_bismark_bt2.CpG",47,30,17,47
"879","07_report/CpG_context_sampling_125_879_trimmed_bismark_bt2.CpG",42,27,15,42
"880","07_report/CpG_context_sampling_125_880_trimmed_bismark_bt2.CpG",33,23,10,33
"881","07_report/CpG_context_sampling_125_881_trimmed_bismark_bt2.CpG",44,32,12,44
"882","07_report/CpG_context_sampling_125_882_trimmed_bismark_bt2.CpG",54,37,17,54
"883","07_report/CpG_context_sampling_125_883_trimmed_bismark_bt2.CpG",43,33,10,43
"884","07_report/CpG_context_sampling_125_884_trimmed_bismark_bt2.CpG",46,28,18,46
"885","07_report/CpG_context_sampling_125_885_trimmed_bismark_bt2.CpG",43,32,11,43
"886","07_report/CpG_context_sampling_125_886_trimmed_bismark_bt2.CpG",39,27,12,39
"887","07_report/CpG_context_sampling_125_887_trimmed_bismark_bt2.CpG",36,25,11,36
"888","07_report/CpG_context_sampling_125_888_trimmed_bismark_bt2.CpG",39,26,13,39
"889","07_report/CpG_context_sampling_125_889_trimmed_bismark_bt2.CpG",38,29,9,38
"890","07_report/CpG_context_sampling_125_890_trimmed_bismark_bt2.CpG",33,26,7,33
"891","07_report/CpG_context_sampling_125_891_trimmed_bismark_bt2.CpG",39,27,12,39
"892","07_report/CpG_context_sampling_125_892_trimmed_bismark_bt2.CpG",41,28,13,41
"893","07_report/CpG_context_sampling_125_893_trimmed_bismark_bt2.CpG",44,33,11,44
"894","07_report/CpG_context_sampling_125_894_trimmed_bismark_bt2.CpG",42,32,10,42
"895","07_report/CpG_context_sampling_125_895_trimmed_bismark_bt2.CpG",40,27,13,40
"896","07_report/CpG_context_sampling_125_896_trimmed_bismark_bt2.CpG",40,31,9,40
"897","07_report/CpG_context_sampling_125_897_trimmed_bismark_bt2.CpG",51,37,14,51
"898","07_report/CpG_context_sampling_125_898_trimmed_bismark_bt2.CpG",54,42,12,54
"899","07_report/CpG_context_sampling_125_899_trimmed_bismark_bt2.CpG",44,35,9,44
"900","07_report/CpG_context_sampling_125_900_trimmed_bismark_bt2.CpG",38,27,11,38
"901","07_report/CpG_context_sampling_125_901_trimmed_bismark_bt2.CpG",30,23,7,30
"902","07_report/CpG_context_sampling_125_902_trimmed_bismark_bt2.CpG",38,28,10,38
"903","07_report/CpG_context_sampling_125_903_trimmed_bismark_bt2.CpG",42,33,9,42
"904","07_report/CpG_context_sampling_125_904_trimmed_bismark_bt2.CpG",44,34,10,44
"905","07_report/CpG_context_sampling_125_905_trimmed_bismark_bt2.CpG",47,30,17,47
"906","07_report/CpG_context_sampling_125_906_trimmed_bismark_bt2.CpG",41,31,10,41
"907","07_report/CpG_context_sampling_125_907_trimmed_bismark_bt2.CpG",50,34,16,50
"908","07_report/CpG_context_sampling_125_908_trimmed_bismark_bt2.CpG",38,31,7,38
"909","07_report/CpG_context_sampling_125_909_trimmed_bismark_bt2.CpG",52,43,9,52
"910","07_report/CpG_context_sampling_125_910_trimmed_bismark_bt2.CpG",49,33,16,49
"911","07_report/CpG_context_sampling_125_911_trimmed_bismark_bt2.CpG",53,29,24,53
"912","07_report/CpG_context_sampling_125_912_trimmed_bismark_bt2.CpG",47,37,10,47
"913","07_report/CpG_context_sampling_125_913_trimmed_bismark_bt2.CpG",41,30,11,41
"914","07_report/CpG_context_sampling_125_914_trimmed_bismark_bt2.CpG",44,32,12,44
"915","07_report/CpG_context_sampling_125_915_trimmed_bismark_bt2.CpG",42,28,14,42
"916","07_report/CpG_context_sampling_125_916_trimmed_bismark_bt2.CpG",47,36,11,47
"917","07_report/CpG_context_sampling_125_917_trimmed_bismark_bt2.CpG",42,29,13,42
"918","07_report/CpG_context_sampling_125_918_trimmed_bismark_bt2.CpG",37,25,12,37
"919","07_report/CpG_context_sampling_125_919_trimmed_bismark_bt2.CpG",34,25,9,34
"920","07_report/CpG_context_sampling_125_920_trimmed_bismark_bt2.CpG",48,33,15,48
"921","07_report/CpG_context_sampling_125_921_trimmed_bismark_bt2.CpG",40,29,11,40
"922","07_report/CpG_context_sampling_125_922_trimmed_bismark_bt2.CpG",46,36,10,46
"923","07_report/CpG_context_sampling_125_923_trimmed_bismark_bt2.CpG",42,29,13,42
"924","07_report/CpG_context_sampling_125_924_trimmed_bismark_bt2.CpG",49,28,21,49
"925","07_report/CpG_context_sampling_125_925_trimmed_bismark_bt2.CpG",44,34,10,44
"926","07_report/CpG_context_sampling_125_926_trimmed_bismark_bt2.CpG",42,30,12,42
"927","07_report/CpG_context_sampling_125_927_trimmed_bismark_bt2.CpG",47,33,14,47
"928","07_report/CpG_context_sampling_125_928_trimmed_bismark_bt2.CpG",50,32,18,50
"929","07_report/CpG_context_sampling_125_929_trimmed_bismark_bt2.CpG",42,26,16,42
"930","07_report/CpG_context_sampling_125_930_trimmed_bismark_bt2.CpG",45,34,11,45
"931","07_report/CpG_context_sampling_125_931_trimmed_bismark_bt2.CpG",45,31,14,45
"932","07_report/CpG_context_sampling_125_932_trimmed_bismark_bt2.CpG",53,40,13,53
"933","07_report/CpG_context_sampling_125_933_trimmed_bismark_bt2.CpG",41,28,13,41
"934","07_report/CpG_context_sampling_125_934_trimmed_bismark_bt2.CpG",40,29,11,40
"935","07_report/CpG_context_sampling_125_935_trimmed_bismark_bt2.CpG",43,26,17,43
"936","07_report/CpG_context_sampling_125_936_trimmed_bismark_bt2.CpG",49,34,15,49
"937","07_report/CpG_context_sampling_125_937_trimmed_bismark_bt2.CpG",33,27,6,33
"938","07_report/CpG_context_sampling_125_938_trimmed_bismark_bt2.CpG",46,32,14,46
"939","07_report/CpG_context_sampling_125_939_trimmed_bismark_bt2.CpG",50,35,15,50
"940","07_report/CpG_context_sampling_125_940_trimmed_bismark_bt2.CpG",43,34,9,43
"941","07_report/CpG_context_sampling_125_941_trimmed_bismark_bt2.CpG",46,30,16,46
"942","07_report/CpG_context_sampling_125_942_trimmed_bismark_bt2.CpG",53,42,11,53
"943","07_report/CpG_context_sampling_125_943_trimmed_bismark_bt2.CpG",40,31,9,40
"944","07_report/CpG_context_sampling_125_944_trimmed_bismark_bt2.CpG",38,28,10,38
"945","07_report/CpG_context_sampling_125_945_trimmed_bismark_bt2.CpG",47,32,15,47
"946","07_report/CpG_context_sampling_125_946_trimmed_bismark_bt2.CpG",36,28,8,36
"947","07_report/CpG_context_sampling_125_947_trimmed_bismark_bt2.CpG",41,32,9,41
"948","07_report/CpG_context_sampling_125_948_trimmed_bismark_bt2.CpG",39,27,12,39
"949","07_report/CpG_context_sampling_125_949_trimmed_bismark_bt2.CpG",46,29,17,46
"950","07_report/CpG_context_sampling_125_950_trimmed_bismark_bt2.CpG",33,25,8,33
"951","07_report/CpG_context_sampling_125_951_trimmed_bismark_bt2.CpG",41,33,8,41
"952","07_report/CpG_context_sampling_125_952_trimmed_bismark_bt2.CpG",44,32,12,44
"953","07_report/CpG_context_sampling_125_953_trimmed_bismark_bt2.CpG",46,27,19,46
"954","07_report/CpG_context_sampling_125_954_trimmed_bismark_bt2.CpG",41,26,15,41
"955","07_report/CpG_context_sampling_125_955_trimmed_bismark_bt2.CpG",40,32,8,40
"956","07_report/CpG_context_sampling_125_956_trimmed_bismark_bt2.CpG",35,23,12,35
"957","07_report/CpG_context_sampling_125_957_trimmed_bismark_bt2.CpG",34,23,11,34
"958","07_report/CpG_context_sampling_125_958_trimmed_bismark_bt2.CpG",46,31,15,46
"959","07_report/CpG_context_sampling_125_959_trimmed_bismark_bt2.CpG",49,38,11,49
"960","07_report/CpG_context_sampling_125_960_trimmed_bismark_bt2.CpG",43,31,12,43
"961","07_report/CpG_context_sampling_125_961_trimmed_bismark_bt2.CpG",47,35,12,47
"962","07_report/CpG_context_sampling_125_962_trimmed_bismark_bt2.CpG",47,33,14,47
"963","07_report/CpG_context_sampling_125_963_trimmed_bismark_bt2.CpG",43,33,10,43
"964","07_report/CpG_context_sampling_125_964_trimmed_bismark_bt2.CpG",37,26,11,37
"965","07_report/CpG_context_sampling_125_965_trimmed_bismark_bt2.CpG",45,32,13,45
"966","07_report/CpG_context_sampling_125_966_trimmed_bismark_bt2.CpG",48,31,17,48
"967","07_report/CpG_context_sampling_125_967_trimmed_bismark_bt2.CpG",46,29,17,46
"968","07_report/CpG_context_sampling_125_968_trimmed_bismark_bt2.CpG",35,23,12,35
"969","07_report/CpG_context_sampling_125_969_trimmed_bismark_bt2.CpG",52,39,13,52
"970","07_report/CpG_context_sampling_125_970_trimmed_bismark_bt2.CpG",57,37,20,57
"971","07_report/CpG_context_sampling_125_971_trimmed_bismark_bt2.CpG",36,28,8,36
"972","07_report/CpG_context_sampling_125_972_trimmed_bismark_bt2.CpG",46,31,15,46
"973","07_report/CpG_context_sampling_125_973_trimmed_bismark_bt2.CpG",42,27,15,42
"974","07_report/CpG_context_sampling_125_974_trimmed_bismark_bt2.CpG",39,31,8,39
"975","07_report/CpG_context_sampling_125_975_trimmed_bismark_bt2.CpG",46,32,14,46
"976","07_report/CpG_context_sampling_125_976_trimmed_bismark_bt2.CpG",41,26,15,41
"977","07_report/CpG_context_sampling_125_977_trimmed_bismark_bt2.CpG",46,31,15,46
"978","07_report/CpG_context_sampling_125_978_trimmed_bismark_bt2.CpG",41,31,10,41
"979","07_report/CpG_context_sampling_125_979_trimmed_bismark_bt2.CpG",39,30,9,39
"980","07_report/CpG_context_sampling_125_980_trimmed_bismark_bt2.CpG",46,28,18,46
"981","07_report/CpG_context_sampling_125_981_trimmed_bismark_bt2.CpG",46,35,11,46
"982","07_report/CpG_context_sampling_125_982_trimmed_bismark_bt2.CpG",46,34,12,46
"983","07_report/CpG_context_sampling_125_983_trimmed_bismark_bt2.CpG",42,27,15,42
"984","07_report/CpG_context_sampling_125_984_trimmed_bismark_bt2.CpG",49,39,10,49
"985","07_report/CpG_context_sampling_125_985_trimmed_bismark_bt2.CpG",50,37,13,50
"986","07_report/CpG_context_sampling_125_986_trimmed_bismark_bt2.CpG",39,26,13,39
"987","07_report/CpG_context_sampling_125_987_trimmed_bismark_bt2.CpG",38,31,7,38
"988","07_report/CpG_context_sampling_125_988_trimmed_bismark_bt2.CpG",40,34,6,40
"989","07_report/CpG_context_sampling_125_989_trimmed_bismark_bt2.CpG",45,30,15,45
"990","07_report/CpG_context_sampling_125_990_trimmed_bismark_bt2.CpG",43,33,10,43
"991","07_report/CpG_context_sampling_125_991_trimmed_bismark_bt2.CpG",41,33,8,41
"992","07_report/CpG_context_sampling_125_992_trimmed_bismark_bt2.CpG",39,28,11,39
"993","07_report/CpG_context_sampling_125_993_trimmed_bismark_bt2.CpG",35,28,7,35
"994","07_report/CpG_context_sampling_125_994_trimmed_bismark_bt2.CpG",40,32,8,40
"995","07_report/CpG_context_sampling_125_995_trimmed_bismark_bt2.CpG",44,33,11,44
"996","07_report/CpG_context_sampling_125_996_trimmed_bismark_bt2.CpG",45,33,12,45
"997","07_report/CpG_context_sampling_125_997_trimmed_bismark_bt2.CpG",46,32,14,46
"998","07_report/CpG_context_sampling_125_998_trimmed_bismark_bt2.CpG",40,29,11,40
"999","07_report/CpG_context_sampling_125_999_trimmed_bismark_bt2.CpG",51,34,17,51
"1000","07_report/CpG_context_sampling_125_1000_trimmed_bismark_bt2.CpG",50,29,21,50
"1001","07_report/CpG_context_sampling_249_1_trimmed_bismark_bt2.CpG",72,45,27,72
"1002","07_report/CpG_context_sampling_249_2_trimmed_bismark_bt2.CpG",84,57,27,84
"1003","07_report/CpG_context_sampling_249_3_trimmed_bismark_bt2.CpG",84,54,30,84
"1004","07_report/CpG_context_sampling_249_4_trimmed_bismark_bt2.CpG",71,51,20,71
"1005","07_report/CpG_context_sampling_249_5_trimmed_bismark_bt2.CpG",80,56,24,80
"1006","07_report/CpG_context_sampling_249_6_trimmed_bismark_bt2.CpG",78,54,24,78
"1007","07_report/CpG_context_sampling_249_7_trimmed_bismark_bt2.CpG",83,60,23,83
"1008","07_report/CpG_context_sampling_249_8_trimmed_bismark_bt2.CpG",92,68,24,92
"1009","07_report/CpG_context_sampling_249_9_trimmed_bismark_bt2.CpG",88,61,27,88
"1010","07_report/CpG_context_sampling_249_10_trimmed_bismark_bt2.CpG",77,58,19,77
"1011","07_report/CpG_context_sampling_249_11_trimmed_bismark_bt2.CpG",84,58,26,84
"1012","07_report/CpG_context_sampling_249_12_trimmed_bismark_bt2.CpG",92,68,24,92
"1013","07_report/CpG_context_sampling_249_13_trimmed_bismark_bt2.CpG",88,59,29,88
"1014","07_report/CpG_context_sampling_249_14_trimmed_bismark_bt2.CpG",96,72,24,96
"1015","07_report/CpG_context_sampling_249_15_trimmed_bismark_bt2.CpG",95,68,27,95
"1016","07_report/CpG_context_sampling_249_16_trimmed_bismark_bt2.CpG",88,60,28,88
"1017","07_report/CpG_context_sampling_249_17_trimmed_bismark_bt2.CpG",96,68,28,96
"1018","07_report/CpG_context_sampling_249_18_trimmed_bismark_bt2.CpG",86,61,25,86
"1019","07_report/CpG_context_sampling_249_19_trimmed_bismark_bt2.CpG",80,56,24,80
"1020","07_report/CpG_context_sampling_249_20_trimmed_bismark_bt2.CpG",83,60,23,83
"1021","07_report/CpG_context_sampling_249_21_trimmed_bismark_bt2.CpG",89,63,26,89
"1022","07_report/CpG_context_sampling_249_22_trimmed_bismark_bt2.CpG",84,59,25,84
"1023","07_report/CpG_context_sampling_249_23_trimmed_bismark_bt2.CpG",84,69,15,84
"1024","07_report/CpG_context_sampling_249_24_trimmed_bismark_bt2.CpG",99,67,32,99
"1025","07_report/CpG_context_sampling_249_25_trimmed_bismark_bt2.CpG",88,56,32,88
"1026","07_report/CpG_context_sampling_249_26_trimmed_bismark_bt2.CpG",80,61,19,80
"1027","07_report/CpG_context_sampling_249_27_trimmed_bismark_bt2.CpG",87,56,31,87
"1028","07_report/CpG_context_sampling_249_28_trimmed_bismark_bt2.CpG",87,63,24,87
"1029","07_report/CpG_context_sampling_249_29_trimmed_bismark_bt2.CpG",87,63,24,87
"1030","07_report/CpG_context_sampling_249_30_trimmed_bismark_bt2.CpG",89,56,33,89
"1031","07_report/CpG_context_sampling_249_31_trimmed_bismark_bt2.CpG",85,62,23,85
"1032","07_report/CpG_context_sampling_249_32_trimmed_bismark_bt2.CpG",87,59,28,87
"1033","07_report/CpG_context_sampling_249_33_trimmed_bismark_bt2.CpG",95,77,18,95
"1034","07_report/CpG_context_sampling_249_34_trimmed_bismark_bt2.CpG",84,60,24,84
"1035","07_report/CpG_context_sampling_249_35_trimmed_bismark_bt2.CpG",89,60,29,89
"1036","07_report/CpG_context_sampling_249_36_trimmed_bismark_bt2.CpG",78,51,27,78
"1037","07_report/CpG_context_sampling_249_37_trimmed_bismark_bt2.CpG",93,58,35,93
"1038","07_report/CpG_context_sampling_249_38_trimmed_bismark_bt2.CpG",90,67,23,90
"1039","07_report/CpG_context_sampling_249_39_trimmed_bismark_bt2.CpG",77,65,12,77
"1040","07_report/CpG_context_sampling_249_40_trimmed_bismark_bt2.CpG",94,63,31,94
"1041","07_report/CpG_context_sampling_249_41_trimmed_bismark_bt2.CpG",83,62,21,83
"1042","07_report/CpG_context_sampling_249_42_trimmed_bismark_bt2.CpG",94,68,26,94
"1043","07_report/CpG_context_sampling_249_43_trimmed_bismark_bt2.CpG",82,63,19,82
"1044","07_report/CpG_context_sampling_249_44_trimmed_bismark_bt2.CpG",82,57,25,82
"1045","07_report/CpG_context_sampling_249_45_trimmed_bismark_bt2.CpG",79,57,22,79
"1046","07_report/CpG_context_sampling_249_46_trimmed_bismark_bt2.CpG",85,65,20,85
"1047","07_report/CpG_context_sampling_249_47_trimmed_bismark_bt2.CpG",104,73,31,104
"1048","07_report/CpG_context_sampling_249_48_trimmed_bismark_bt2.CpG",66,49,17,66
"1049","07_report/CpG_context_sampling_249_49_trimmed_bismark_bt2.CpG",82,62,20,82
"1050","07_report/CpG_context_sampling_249_50_trimmed_bismark_bt2.CpG",93,64,29,93
"1051","07_report/CpG_context_sampling_249_51_trimmed_bismark_bt2.CpG",93,70,23,93
"1052","07_report/CpG_context_sampling_249_52_trimmed_bismark_bt2.CpG",92,65,27,92
"1053","07_report/CpG_context_sampling_249_53_trimmed_bismark_bt2.CpG",94,64,30,94
"1054","07_report/CpG_context_sampling_249_54_trimmed_bismark_bt2.CpG",88,66,22,88
"1055","07_report/CpG_context_sampling_249_55_trimmed_bismark_bt2.CpG",84,65,19,84
"1056","07_report/CpG_context_sampling_249_56_trimmed_bismark_bt2.CpG",70,51,19,70
"1057","07_report/CpG_context_sampling_249_57_trimmed_bismark_bt2.CpG",83,54,29,83
"1058","07_report/CpG_context_sampling_249_58_trimmed_bismark_bt2.CpG",80,53,27,80
"1059","07_report/CpG_context_sampling_249_59_trimmed_bismark_bt2.CpG",93,58,35,93
"1060","07_report/CpG_context_sampling_249_60_trimmed_bismark_bt2.CpG",93,65,28,93
"1061","07_report/CpG_context_sampling_249_61_trimmed_bismark_bt2.CpG",88,54,34,88
"1062","07_report/CpG_context_sampling_249_62_trimmed_bismark_bt2.CpG",93,67,26,93
"1063","07_report/CpG_context_sampling_249_63_trimmed_bismark_bt2.CpG",87,59,28,87
"1064","07_report/CpG_context_sampling_249_64_trimmed_bismark_bt2.CpG",94,65,29,94
"1065","07_report/CpG_context_sampling_249_65_trimmed_bismark_bt2.CpG",105,66,39,105
"1066","07_report/CpG_context_sampling_249_66_trimmed_bismark_bt2.CpG",86,65,21,86
"1067","07_report/CpG_context_sampling_249_67_trimmed_bismark_bt2.CpG",86,58,28,86
"1068","07_report/CpG_context_sampling_249_68_trimmed_bismark_bt2.CpG",94,70,24,94
"1069","07_report/CpG_context_sampling_249_69_trimmed_bismark_bt2.CpG",92,57,35,92
"1070","07_report/CpG_context_sampling_249_70_trimmed_bismark_bt2.CpG",83,57,26,83
"1071","07_report/CpG_context_sampling_249_71_trimmed_bismark_bt2.CpG",85,57,28,85
"1072","07_report/CpG_context_sampling_249_72_trimmed_bismark_bt2.CpG",78,52,26,78
"1073","07_report/CpG_context_sampling_249_73_trimmed_bismark_bt2.CpG",75,55,20,75
"1074","07_report/CpG_context_sampling_249_74_trimmed_bismark_bt2.CpG",88,54,34,88
"1075","07_report/CpG_context_sampling_249_75_trimmed_bismark_bt2.CpG",74,59,15,74
"1076","07_report/CpG_context_sampling_249_76_trimmed_bismark_bt2.CpG",91,75,16,91
"1077","07_report/CpG_context_sampling_249_77_trimmed_bismark_bt2.CpG",89,61,28,89
"1078","07_report/CpG_context_sampling_249_78_trimmed_bismark_bt2.CpG",83,54,29,83
"1079","07_report/CpG_context_sampling_249_79_trimmed_bismark_bt2.CpG",87,59,28,87
"1080","07_report/CpG_context_sampling_249_80_trimmed_bismark_bt2.CpG",83,59,24,83
"1081","07_report/CpG_context_sampling_249_81_trimmed_bismark_bt2.CpG",84,64,20,84
"1082","07_report/CpG_context_sampling_249_82_trimmed_bismark_bt2.CpG",90,65,25,90
"1083","07_report/CpG_context_sampling_249_83_trimmed_bismark_bt2.CpG",85,66,19,85
"1084","07_report/CpG_context_sampling_249_84_trimmed_bismark_bt2.CpG",89,56,33,89
"1085","07_report/CpG_context_sampling_249_85_trimmed_bismark_bt2.CpG",77,60,17,77
"1086","07_report/CpG_context_sampling_249_86_trimmed_bismark_bt2.CpG",85,57,28,85
"1087","07_report/CpG_context_sampling_249_87_trimmed_bismark_bt2.CpG",90,63,27,90
"1088","07_report/CpG_context_sampling_249_88_trimmed_bismark_bt2.CpG",99,77,22,99
"1089","07_report/CpG_context_sampling_249_89_trimmed_bismark_bt2.CpG",89,71,18,89
"1090","07_report/CpG_context_sampling_249_90_trimmed_bismark_bt2.CpG",87,70,17,87
"1091","07_report/CpG_context_sampling_249_91_trimmed_bismark_bt2.CpG",93,59,34,93
"1092","07_report/CpG_context_sampling_249_92_trimmed_bismark_bt2.CpG",85,59,26,85
"1093","07_report/CpG_context_sampling_249_93_trimmed_bismark_bt2.CpG",95,73,22,95
"1094","07_report/CpG_context_sampling_249_94_trimmed_bismark_bt2.CpG",73,50,23,73
"1095","07_report/CpG_context_sampling_249_95_trimmed_bismark_bt2.CpG",79,54,25,79
"1096","07_report/CpG_context_sampling_249_96_trimmed_bismark_bt2.CpG",97,71,26,97
"1097","07_report/CpG_context_sampling_249_97_trimmed_bismark_bt2.CpG",78,56,22,78
"1098","07_report/CpG_context_sampling_249_98_trimmed_bismark_bt2.CpG",95,70,25,95
"1099","07_report/CpG_context_sampling_249_99_trimmed_bismark_bt2.CpG",98,75,23,98
"1100","07_report/CpG_context_sampling_249_100_trimmed_bismark_bt2.CpG",88,64,24,88
"1101","07_report/CpG_context_sampling_249_101_trimmed_bismark_bt2.CpG",95,68,27,95
"1102","07_report/CpG_context_sampling_249_102_trimmed_bismark_bt2.CpG",84,63,21,84
"1103","07_report/CpG_context_sampling_249_103_trimmed_bismark_bt2.CpG",82,69,13,82
"1104","07_report/CpG_context_sampling_249_104_trimmed_bismark_bt2.CpG",80,56,24,80
"1105","07_report/CpG_context_sampling_249_105_trimmed_bismark_bt2.CpG",79,52,27,79
"1106","07_report/CpG_context_sampling_249_106_trimmed_bismark_bt2.CpG",80,61,19,80
"1107","07_report/CpG_context_sampling_249_107_trimmed_bismark_bt2.CpG",79,59,20,79
"1108","07_report/CpG_context_sampling_249_108_trimmed_bismark_bt2.CpG",85,62,23,85
"1109","07_report/CpG_context_sampling_249_109_trimmed_bismark_bt2.CpG",87,64,23,87
"1110","07_report/CpG_context_sampling_249_110_trimmed_bismark_bt2.CpG",89,57,32,89
"1111","07_report/CpG_context_sampling_249_111_trimmed_bismark_bt2.CpG",86,61,25,86
"1112","07_report/CpG_context_sampling_249_112_trimmed_bismark_bt2.CpG",85,59,26,85
"1113","07_report/CpG_context_sampling_249_113_trimmed_bismark_bt2.CpG",80,55,25,80
"1114","07_report/CpG_context_sampling_249_114_trimmed_bismark_bt2.CpG",75,56,19,75
"1115","07_report/CpG_context_sampling_249_115_trimmed_bismark_bt2.CpG",89,63,26,89
"1116","07_report/CpG_context_sampling_249_116_trimmed_bismark_bt2.CpG",91,70,21,91
"1117","07_report/CpG_context_sampling_249_117_trimmed_bismark_bt2.CpG",82,57,25,82
"1118","07_report/CpG_context_sampling_249_118_trimmed_bismark_bt2.CpG",80,57,23,80
"1119","07_report/CpG_context_sampling_249_119_trimmed_bismark_bt2.CpG",94,72,22,94
"1120","07_report/CpG_context_sampling_249_120_trimmed_bismark_bt2.CpG",84,62,22,84
"1121","07_report/CpG_context_sampling_249_121_trimmed_bismark_bt2.CpG",87,64,23,87
"1122","07_report/CpG_context_sampling_249_122_trimmed_bismark_bt2.CpG",97,65,32,97
"1123","07_report/CpG_context_sampling_249_123_trimmed_bismark_bt2.CpG",77,57,20,77
"1124","07_report/CpG_context_sampling_249_124_trimmed_bismark_bt2.CpG",82,59,23,82
"1125","07_report/CpG_context_sampling_249_125_trimmed_bismark_bt2.CpG",85,63,22,85
"1126","07_report/CpG_context_sampling_249_126_trimmed_bismark_bt2.CpG",86,59,27,86
"1127","07_report/CpG_context_sampling_249_127_trimmed_bismark_bt2.CpG",93,72,21,93
"1128","07_report/CpG_context_sampling_249_128_trimmed_bismark_bt2.CpG",90,68,22,90
"1129","07_report/CpG_context_sampling_249_129_trimmed_bismark_bt2.CpG",87,63,24,87
"1130","07_report/CpG_context_sampling_249_130_trimmed_bismark_bt2.CpG",87,66,21,87
"1131","07_report/CpG_context_sampling_249_131_trimmed_bismark_bt2.CpG",83,62,21,83
"1132","07_report/CpG_context_sampling_249_132_trimmed_bismark_bt2.CpG",79,53,26,79
"1133","07_report/CpG_context_sampling_249_133_trimmed_bismark_bt2.CpG",98,66,32,98
"1134","07_report/CpG_context_sampling_249_134_trimmed_bismark_bt2.CpG",81,50,31,81
"1135","07_report/CpG_context_sampling_249_135_trimmed_bismark_bt2.CpG",89,61,28,89
"1136","07_report/CpG_context_sampling_249_136_trimmed_bismark_bt2.CpG",100,77,23,100
"1137","07_report/CpG_context_sampling_249_137_trimmed_bismark_bt2.CpG",95,68,27,95
"1138","07_report/CpG_context_sampling_249_138_trimmed_bismark_bt2.CpG",91,62,29,91
"1139","07_report/CpG_context_sampling_249_139_trimmed_bismark_bt2.CpG",96,76,20,96
"1140","07_report/CpG_context_sampling_249_140_trimmed_bismark_bt2.CpG",89,61,28,89
"1141","07_report/CpG_context_sampling_249_141_trimmed_bismark_bt2.CpG",91,65,26,91
"1142","07_report/CpG_context_sampling_249_142_trimmed_bismark_bt2.CpG",79,59,20,79
"1143","07_report/CpG_context_sampling_249_143_trimmed_bismark_bt2.CpG",87,67,20,87
"1144","07_report/CpG_context_sampling_249_144_trimmed_bismark_bt2.CpG",87,58,29,87
"1145","07_report/CpG_context_sampling_249_145_trimmed_bismark_bt2.CpG",92,68,24,92
"1146","07_report/CpG_context_sampling_249_146_trimmed_bismark_bt2.CpG",80,66,14,80
"1147","07_report/CpG_context_sampling_249_147_trimmed_bismark_bt2.CpG",78,59,19,78
"1148","07_report/CpG_context_sampling_249_148_trimmed_bismark_bt2.CpG",92,57,35,92
"1149","07_report/CpG_context_sampling_249_149_trimmed_bismark_bt2.CpG",72,52,20,72
"1150","07_report/CpG_context_sampling_249_150_trimmed_bismark_bt2.CpG",77,57,20,77
"1151","07_report/CpG_context_sampling_249_151_trimmed_bismark_bt2.CpG",95,63,32,95
"1152","07_report/CpG_context_sampling_249_152_trimmed_bismark_bt2.CpG",87,59,28,87
"1153","07_report/CpG_context_sampling_249_153_trimmed_bismark_bt2.CpG",88,66,22,88
"1154","07_report/CpG_context_sampling_249_154_trimmed_bismark_bt2.CpG",89,65,24,89
"1155","07_report/CpG_context_sampling_249_155_trimmed_bismark_bt2.CpG",96,75,21,96
"1156","07_report/CpG_context_sampling_249_156_trimmed_bismark_bt2.CpG",90,65,25,90
"1157","07_report/CpG_context_sampling_249_157_trimmed_bismark_bt2.CpG",82,60,22,82
"1158","07_report/CpG_context_sampling_249_158_trimmed_bismark_bt2.CpG",79,48,31,79
"1159","07_report/CpG_context_sampling_249_159_trimmed_bismark_bt2.CpG",100,76,24,100
"1160","07_report/CpG_context_sampling_249_160_trimmed_bismark_bt2.CpG",97,68,29,97
"1161","07_report/CpG_context_sampling_249_161_trimmed_bismark_bt2.CpG",79,58,21,79
"1162","07_report/CpG_context_sampling_249_162_trimmed_bismark_bt2.CpG",85,67,18,85
"1163","07_report/CpG_context_sampling_249_163_trimmed_bismark_bt2.CpG",79,52,27,79
"1164","07_report/CpG_context_sampling_249_164_trimmed_bismark_bt2.CpG",88,62,26,88
"1165","07_report/CpG_context_sampling_249_165_trimmed_bismark_bt2.CpG",97,67,30,97
"1166","07_report/CpG_context_sampling_249_166_trimmed_bismark_bt2.CpG",98,71,27,98
"1167","07_report/CpG_context_sampling_249_167_trimmed_bismark_bt2.CpG",82,65,17,82
"1168","07_report/CpG_context_sampling_249_168_trimmed_bismark_bt2.CpG",91,74,17,91
"1169","07_report/CpG_context_sampling_249_169_trimmed_bismark_bt2.CpG",97,69,28,97
"1170","07_report/CpG_context_sampling_249_170_trimmed_bismark_bt2.CpG",95,74,21,95
"1171","07_report/CpG_context_sampling_249_171_trimmed_bismark_bt2.CpG",76,64,12,76
"1172","07_report/CpG_context_sampling_249_172_trimmed_bismark_bt2.CpG",77,57,20,77
"1173","07_report/CpG_context_sampling_249_173_trimmed_bismark_bt2.CpG",93,67,26,93
"1174","07_report/CpG_context_sampling_249_174_trimmed_bismark_bt2.CpG",85,67,18,85
"1175","07_report/CpG_context_sampling_249_175_trimmed_bismark_bt2.CpG",96,62,34,96
"1176","07_report/CpG_context_sampling_249_176_trimmed_bismark_bt2.CpG",75,53,22,75
"1177","07_report/CpG_context_sampling_249_177_trimmed_bismark_bt2.CpG",87,64,23,87
"1178","07_report/CpG_context_sampling_249_178_trimmed_bismark_bt2.CpG",93,70,23,93
"1179","07_report/CpG_context_sampling_249_179_trimmed_bismark_bt2.CpG",96,74,22,96
"1180","07_report/CpG_context_sampling_249_180_trimmed_bismark_bt2.CpG",100,71,29,100
"1181","07_report/CpG_context_sampling_249_181_trimmed_bismark_bt2.CpG",85,64,21,85
"1182","07_report/CpG_context_sampling_249_182_trimmed_bismark_bt2.CpG",94,65,29,94
"1183","07_report/CpG_context_sampling_249_183_trimmed_bismark_bt2.CpG",89,67,22,89
"1184","07_report/CpG_context_sampling_249_184_trimmed_bismark_bt2.CpG",87,59,28,87
"1185","07_report/CpG_context_sampling_249_185_trimmed_bismark_bt2.CpG",81,60,21,81
"1186","07_report/CpG_context_sampling_249_186_trimmed_bismark_bt2.CpG",85,58,27,85
"1187","07_report/CpG_context_sampling_249_187_trimmed_bismark_bt2.CpG",74,58,16,74
"1188","07_report/CpG_context_sampling_249_188_trimmed_bismark_bt2.CpG",108,62,46,108
"1189","07_report/CpG_context_sampling_249_189_trimmed_bismark_bt2.CpG",77,58,19,77
"1190","07_report/CpG_context_sampling_249_190_trimmed_bismark_bt2.CpG",71,56,15,71
"1191","07_report/CpG_context_sampling_249_191_trimmed_bismark_bt2.CpG",87,64,23,87
"1192","07_report/CpG_context_sampling_249_192_trimmed_bismark_bt2.CpG",81,52,29,81
"1193","07_report/CpG_context_sampling_249_193_trimmed_bismark_bt2.CpG",73,55,18,73
"1194","07_report/CpG_context_sampling_249_194_trimmed_bismark_bt2.CpG",90,65,25,90
"1195","07_report/CpG_context_sampling_249_195_trimmed_bismark_bt2.CpG",84,66,18,84
"1196","07_report/CpG_context_sampling_249_196_trimmed_bismark_bt2.CpG",82,65,17,82
"1197","07_report/CpG_context_sampling_249_197_trimmed_bismark_bt2.CpG",86,58,28,86
"1198","07_report/CpG_context_sampling_249_198_trimmed_bismark_bt2.CpG",94,64,30,94
"1199","07_report/CpG_context_sampling_249_199_trimmed_bismark_bt2.CpG",75,58,17,75
"1200","07_report/CpG_context_sampling_249_200_trimmed_bismark_bt2.CpG",87,62,25,87
"1201","07_report/CpG_context_sampling_249_201_trimmed_bismark_bt2.CpG",92,73,19,92
"1202","07_report/CpG_context_sampling_249_202_trimmed_bismark_bt2.CpG",85,57,28,85
"1203","07_report/CpG_context_sampling_249_203_trimmed_bismark_bt2.CpG",89,66,23,89
"1204","07_report/CpG_context_sampling_249_204_trimmed_bismark_bt2.CpG",91,66,25,91
"1205","07_report/CpG_context_sampling_249_205_trimmed_bismark_bt2.CpG",87,61,26,87
"1206","07_report/CpG_context_sampling_249_206_trimmed_bismark_bt2.CpG",89,68,21,89
"1207","07_report/CpG_context_sampling_249_207_trimmed_bismark_bt2.CpG",91,65,26,91
"1208","07_report/CpG_context_sampling_249_208_trimmed_bismark_bt2.CpG",83,61,22,83
"1209","07_report/CpG_context_sampling_249_209_trimmed_bismark_bt2.CpG",95,61,34,95
"1210","07_report/CpG_context_sampling_249_210_trimmed_bismark_bt2.CpG",82,59,23,82
"1211","07_report/CpG_context_sampling_249_211_trimmed_bismark_bt2.CpG",97,71,26,97
"1212","07_report/CpG_context_sampling_249_212_trimmed_bismark_bt2.CpG",86,56,30,86
"1213","07_report/CpG_context_sampling_249_213_trimmed_bismark_bt2.CpG",83,56,27,83
"1214","07_report/CpG_context_sampling_249_214_trimmed_bismark_bt2.CpG",90,67,23,90
"1215","07_report/CpG_context_sampling_249_215_trimmed_bismark_bt2.CpG",86,56,30,86
"1216","07_report/CpG_context_sampling_249_216_trimmed_bismark_bt2.CpG",91,66,25,91
"1217","07_report/CpG_context_sampling_249_217_trimmed_bismark_bt2.CpG",91,66,25,91
"1218","07_report/CpG_context_sampling_249_218_trimmed_bismark_bt2.CpG",74,52,22,74
"1219","07_report/CpG_context_sampling_249_219_trimmed_bismark_bt2.CpG",86,64,22,86
"1220","07_report/CpG_context_sampling_249_220_trimmed_bismark_bt2.CpG",91,60,31,91
"1221","07_report/CpG_context_sampling_249_221_trimmed_bismark_bt2.CpG",88,62,26,88
"1222","07_report/CpG_context_sampling_249_222_trimmed_bismark_bt2.CpG",90,73,17,90
"1223","07_report/CpG_context_sampling_249_223_trimmed_bismark_bt2.CpG",80,58,22,80
"1224","07_report/CpG_context_sampling_249_224_trimmed_bismark_bt2.CpG",87,63,24,87
"1225","07_report/CpG_context_sampling_249_225_trimmed_bismark_bt2.CpG",91,67,24,91
"1226","07_report/CpG_context_sampling_249_226_trimmed_bismark_bt2.CpG",87,59,28,87
"1227","07_report/CpG_context_sampling_249_227_trimmed_bismark_bt2.CpG",93,64,29,93
"1228","07_report/CpG_context_sampling_249_228_trimmed_bismark_bt2.CpG",84,61,23,84
"1229","07_report/CpG_context_sampling_249_229_trimmed_bismark_bt2.CpG",78,58,20,78
"1230","07_report/CpG_context_sampling_249_230_trimmed_bismark_bt2.CpG",105,66,39,105
"1231","07_report/CpG_context_sampling_249_231_trimmed_bismark_bt2.CpG",89,61,28,89
"1232","07_report/CpG_context_sampling_249_232_trimmed_bismark_bt2.CpG",83,60,23,83
"1233","07_report/CpG_context_sampling_249_233_trimmed_bismark_bt2.CpG",87,49,38,87
"1234","07_report/CpG_context_sampling_249_234_trimmed_bismark_bt2.CpG",101,71,30,101
"1235","07_report/CpG_context_sampling_249_235_trimmed_bismark_bt2.CpG",79,57,22,79
"1236","07_report/CpG_context_sampling_249_236_trimmed_bismark_bt2.CpG",93,74,19,93
"1237","07_report/CpG_context_sampling_249_237_trimmed_bismark_bt2.CpG",102,71,31,102
"1238","07_report/CpG_context_sampling_249_238_trimmed_bismark_bt2.CpG",90,63,27,90
"1239","07_report/CpG_context_sampling_249_239_trimmed_bismark_bt2.CpG",88,63,25,88
"1240","07_report/CpG_context_sampling_249_240_trimmed_bismark_bt2.CpG",79,58,21,79
"1241","07_report/CpG_context_sampling_249_241_trimmed_bismark_bt2.CpG",82,61,21,82
"1242","07_report/CpG_context_sampling_249_242_trimmed_bismark_bt2.CpG",100,78,22,100
"1243","07_report/CpG_context_sampling_249_243_trimmed_bismark_bt2.CpG",78,53,25,78
"1244","07_report/CpG_context_sampling_249_244_trimmed_bismark_bt2.CpG",85,61,24,85
"1245","07_report/CpG_context_sampling_249_245_trimmed_bismark_bt2.CpG",90,62,28,90
"1246","07_report/CpG_context_sampling_249_246_trimmed_bismark_bt2.CpG",90,65,25,90
"1247","07_report/CpG_context_sampling_249_247_trimmed_bismark_bt2.CpG",93,69,24,93
"1248","07_report/CpG_context_sampling_249_248_trimmed_bismark_bt2.CpG",87,61,26,87
"1249","07_report/CpG_context_sampling_249_249_trimmed_bismark_bt2.CpG",91,64,27,91
"1250","07_report/CpG_context_sampling_249_250_trimmed_bismark_bt2.CpG",78,53,25,78
"1251","07_report/CpG_context_sampling_249_251_trimmed_bismark_bt2.CpG",100,68,32,100
"1252","07_report/CpG_context_sampling_249_252_trimmed_bismark_bt2.CpG",88,62,26,88
"1253","07_report/CpG_context_sampling_249_253_trimmed_bismark_bt2.CpG",99,73,26,99
"1254","07_report/CpG_context_sampling_249_254_trimmed_bismark_bt2.CpG",89,61,28,89
"1255","07_report/CpG_context_sampling_249_255_trimmed_bismark_bt2.CpG",88,62,26,88
"1256","07_report/CpG_context_sampling_249_256_trimmed_bismark_bt2.CpG",85,59,26,85
"1257","07_report/CpG_context_sampling_249_257_trimmed_bismark_bt2.CpG",86,60,26,86
"1258","07_report/CpG_context_sampling_249_258_trimmed_bismark_bt2.CpG",86,66,20,86
"1259","07_report/CpG_context_sampling_249_259_trimmed_bismark_bt2.CpG",79,57,22,79
"1260","07_report/CpG_context_sampling_249_260_trimmed_bismark_bt2.CpG",79,57,22,79
"1261","07_report/CpG_context_sampling_249_261_trimmed_bismark_bt2.CpG",98,81,17,98
"1262","07_report/CpG_context_sampling_249_262_trimmed_bismark_bt2.CpG",89,58,31,89
"1263","07_report/CpG_context_sampling_249_263_trimmed_bismark_bt2.CpG",82,52,30,82
"1264","07_report/CpG_context_sampling_249_264_trimmed_bismark_bt2.CpG",90,60,30,90
"1265","07_report/CpG_context_sampling_249_265_trimmed_bismark_bt2.CpG",86,53,33,86
"1266","07_report/CpG_context_sampling_249_266_trimmed_bismark_bt2.CpG",96,72,24,96
"1267","07_report/CpG_context_sampling_249_267_trimmed_bismark_bt2.CpG",90,64,26,90
"1268","07_report/CpG_context_sampling_249_268_trimmed_bismark_bt2.CpG",81,58,23,81
"1269","07_report/CpG_context_sampling_249_269_trimmed_bismark_bt2.CpG",80,60,20,80
"1270","07_report/CpG_context_sampling_249_270_trimmed_bismark_bt2.CpG",87,63,24,87
"1271","07_report/CpG_context_sampling_249_271_trimmed_bismark_bt2.CpG",92,59,33,92
"1272","07_report/CpG_context_sampling_249_272_trimmed_bismark_bt2.CpG",103,68,35,103
"1273","07_report/CpG_context_sampling_249_273_trimmed_bismark_bt2.CpG",97,71,26,97
"1274","07_report/CpG_context_sampling_249_274_trimmed_bismark_bt2.CpG",85,66,19,85
"1275","07_report/CpG_context_sampling_249_275_trimmed_bismark_bt2.CpG",87,62,25,87
"1276","07_report/CpG_context_sampling_249_276_trimmed_bismark_bt2.CpG",75,54,21,75
"1277","07_report/CpG_context_sampling_249_277_trimmed_bismark_bt2.CpG",90,60,30,90
"1278","07_report/CpG_context_sampling_249_278_trimmed_bismark_bt2.CpG",87,64,23,87
"1279","07_report/CpG_context_sampling_249_279_trimmed_bismark_bt2.CpG",86,66,20,86
"1280","07_report/CpG_context_sampling_249_280_trimmed_bismark_bt2.CpG",90,64,26,90
"1281","07_report/CpG_context_sampling_249_281_trimmed_bismark_bt2.CpG",85,71,14,85
"1282","07_report/CpG_context_sampling_249_282_trimmed_bismark_bt2.CpG",82,55,27,82
"1283","07_report/CpG_context_sampling_249_283_trimmed_bismark_bt2.CpG",73,48,25,73
"1284","07_report/CpG_context_sampling_249_284_trimmed_bismark_bt2.CpG",75,52,23,75
"1285","07_report/CpG_context_sampling_249_285_trimmed_bismark_bt2.CpG",92,70,22,92
"1286","07_report/CpG_context_sampling_249_286_trimmed_bismark_bt2.CpG",91,62,29,91
"1287","07_report/CpG_context_sampling_249_287_trimmed_bismark_bt2.CpG",70,42,28,70
"1288","07_report/CpG_context_sampling_249_288_trimmed_bismark_bt2.CpG",87,59,28,87
"1289","07_report/CpG_context_sampling_249_289_trimmed_bismark_bt2.CpG",85,61,24,85
"1290","07_report/CpG_context_sampling_249_290_trimmed_bismark_bt2.CpG",88,60,28,88
"1291","07_report/CpG_context_sampling_249_291_trimmed_bismark_bt2.CpG",83,61,22,83
"1292","07_report/CpG_context_sampling_249_292_trimmed_bismark_bt2.CpG",98,71,27,98
"1293","07_report/CpG_context_sampling_249_293_trimmed_bismark_bt2.CpG",90,65,25,90
"1294","07_report/CpG_context_sampling_249_294_trimmed_bismark_bt2.CpG",91,65,26,91
"1295","07_report/CpG_context_sampling_249_295_trimmed_bismark_bt2.CpG",85,54,31,85
"1296","07_report/CpG_context_sampling_249_296_trimmed_bismark_bt2.CpG",98,68,30,98
"1297","07_report/CpG_context_sampling_249_297_trimmed_bismark_bt2.CpG",83,57,26,83
"1298","07_report/CpG_context_sampling_249_298_trimmed_bismark_bt2.CpG",80,61,19,80
"1299","07_report/CpG_context_sampling_249_299_trimmed_bismark_bt2.CpG",88,61,27,88
"1300","07_report/CpG_context_sampling_249_300_trimmed_bismark_bt2.CpG",82,61,21,82
"1301","07_report/CpG_context_sampling_249_301_trimmed_bismark_bt2.CpG",96,67,29,96
"1302","07_report/CpG_context_sampling_249_302_trimmed_bismark_bt2.CpG",80,55,25,80
"1303","07_report/CpG_context_sampling_249_303_trimmed_bismark_bt2.CpG",89,63,26,89
"1304","07_report/CpG_context_sampling_249_304_trimmed_bismark_bt2.CpG",77,52,25,77
"1305","07_report/CpG_context_sampling_249_305_trimmed_bismark_bt2.CpG",95,69,26,95
"1306","07_report/CpG_context_sampling_249_306_trimmed_bismark_bt2.CpG",93,66,27,93
"1307","07_report/CpG_context_sampling_249_307_trimmed_bismark_bt2.CpG",86,58,28,86
"1308","07_report/CpG_context_sampling_249_308_trimmed_bismark_bt2.CpG",94,67,27,94
"1309","07_report/CpG_context_sampling_249_309_trimmed_bismark_bt2.CpG",85,67,18,85
"1310","07_report/CpG_context_sampling_249_310_trimmed_bismark_bt2.CpG",72,48,24,72
"1311","07_report/CpG_context_sampling_249_311_trimmed_bismark_bt2.CpG",94,64,30,94
"1312","07_report/CpG_context_sampling_249_312_trimmed_bismark_bt2.CpG",85,62,23,85
"1313","07_report/CpG_context_sampling_249_313_trimmed_bismark_bt2.CpG",91,64,27,91
"1314","07_report/CpG_context_sampling_249_314_trimmed_bismark_bt2.CpG",101,69,32,101
"1315","07_report/CpG_context_sampling_249_315_trimmed_bismark_bt2.CpG",85,64,21,85
"1316","07_report/CpG_context_sampling_249_316_trimmed_bismark_bt2.CpG",90,66,24,90
"1317","07_report/CpG_context_sampling_249_317_trimmed_bismark_bt2.CpG",90,69,21,90
"1318","07_report/CpG_context_sampling_249_318_trimmed_bismark_bt2.CpG",90,66,24,90
"1319","07_report/CpG_context_sampling_249_319_trimmed_bismark_bt2.CpG",88,69,19,88
"1320","07_report/CpG_context_sampling_249_320_trimmed_bismark_bt2.CpG",96,75,21,96
"1321","07_report/CpG_context_sampling_249_321_trimmed_bismark_bt2.CpG",94,62,32,94
"1322","07_report/CpG_context_sampling_249_322_trimmed_bismark_bt2.CpG",84,63,21,84
"1323","07_report/CpG_context_sampling_249_323_trimmed_bismark_bt2.CpG",86,62,24,86
"1324","07_report/CpG_context_sampling_249_324_trimmed_bismark_bt2.CpG",97,75,22,97
"1325","07_report/CpG_context_sampling_249_325_trimmed_bismark_bt2.CpG",69,49,20,69
"1326","07_report/CpG_context_sampling_249_326_trimmed_bismark_bt2.CpG",83,54,29,83
"1327","07_report/CpG_context_sampling_249_327_trimmed_bismark_bt2.CpG",83,62,21,83
"1328","07_report/CpG_context_sampling_249_328_trimmed_bismark_bt2.CpG",85,64,21,85
"1329","07_report/CpG_context_sampling_249_329_trimmed_bismark_bt2.CpG",82,57,25,82
"1330","07_report/CpG_context_sampling_249_330_trimmed_bismark_bt2.CpG",92,58,34,92
"1331","07_report/CpG_context_sampling_249_331_trimmed_bismark_bt2.CpG",89,57,32,89
"1332","07_report/CpG_context_sampling_249_332_trimmed_bismark_bt2.CpG",83,58,25,83
"1333","07_report/CpG_context_sampling_249_333_trimmed_bismark_bt2.CpG",84,66,18,84
"1334","07_report/CpG_context_sampling_249_334_trimmed_bismark_bt2.CpG",80,54,26,80
"1335","07_report/CpG_context_sampling_249_335_trimmed_bismark_bt2.CpG",92,68,24,92
"1336","07_report/CpG_context_sampling_249_336_trimmed_bismark_bt2.CpG",77,50,27,77
"1337","07_report/CpG_context_sampling_249_337_trimmed_bismark_bt2.CpG",92,64,28,92
"1338","07_report/CpG_context_sampling_249_338_trimmed_bismark_bt2.CpG",69,50,19,69
"1339","07_report/CpG_context_sampling_249_339_trimmed_bismark_bt2.CpG",91,59,32,91
"1340","07_report/CpG_context_sampling_249_340_trimmed_bismark_bt2.CpG",90,65,25,90
"1341","07_report/CpG_context_sampling_249_341_trimmed_bismark_bt2.CpG",71,52,19,71
"1342","07_report/CpG_context_sampling_249_342_trimmed_bismark_bt2.CpG",93,64,29,93
"1343","07_report/CpG_context_sampling_249_343_trimmed_bismark_bt2.CpG",84,59,25,84
"1344","07_report/CpG_context_sampling_249_344_trimmed_bismark_bt2.CpG",91,64,27,91
"1345","07_report/CpG_context_sampling_249_345_trimmed_bismark_bt2.CpG",99,65,34,99
"1346","07_report/CpG_context_sampling_249_346_trimmed_bismark_bt2.CpG",85,61,24,85
"1347","07_report/CpG_context_sampling_249_347_trimmed_bismark_bt2.CpG",87,58,29,87
"1348","07_report/CpG_context_sampling_249_348_trimmed_bismark_bt2.CpG",87,59,28,87
"1349","07_report/CpG_context_sampling_249_349_trimmed_bismark_bt2.CpG",92,63,29,92
"1350","07_report/CpG_context_sampling_249_350_trimmed_bismark_bt2.CpG",90,77,13,90
"1351","07_report/CpG_context_sampling_249_351_trimmed_bismark_bt2.CpG",91,71,20,91
"1352","07_report/CpG_context_sampling_249_352_trimmed_bismark_bt2.CpG",73,49,24,73
"1353","07_report/CpG_context_sampling_249_353_trimmed_bismark_bt2.CpG",98,69,29,98
"1354","07_report/CpG_context_sampling_249_354_trimmed_bismark_bt2.CpG",90,63,27,90
"1355","07_report/CpG_context_sampling_249_355_trimmed_bismark_bt2.CpG",81,57,24,81
"1356","07_report/CpG_context_sampling_249_356_trimmed_bismark_bt2.CpG",75,53,22,75
"1357","07_report/CpG_context_sampling_249_357_trimmed_bismark_bt2.CpG",96,58,38,96
"1358","07_report/CpG_context_sampling_249_358_trimmed_bismark_bt2.CpG",82,56,26,82
"1359","07_report/CpG_context_sampling_249_359_trimmed_bismark_bt2.CpG",97,65,32,97
"1360","07_report/CpG_context_sampling_249_360_trimmed_bismark_bt2.CpG",89,60,29,89
"1361","07_report/CpG_context_sampling_249_361_trimmed_bismark_bt2.CpG",97,64,33,97
"1362","07_report/CpG_context_sampling_249_362_trimmed_bismark_bt2.CpG",79,57,22,79
"1363","07_report/CpG_context_sampling_249_363_trimmed_bismark_bt2.CpG",80,64,16,80
"1364","07_report/CpG_context_sampling_249_364_trimmed_bismark_bt2.CpG",105,77,28,105
"1365","07_report/CpG_context_sampling_249_365_trimmed_bismark_bt2.CpG",79,58,21,79
"1366","07_report/CpG_context_sampling_249_366_trimmed_bismark_bt2.CpG",76,54,22,76
"1367","07_report/CpG_context_sampling_249_367_trimmed_bismark_bt2.CpG",95,73,22,95
"1368","07_report/CpG_context_sampling_249_368_trimmed_bismark_bt2.CpG",83,62,21,83
"1369","07_report/CpG_context_sampling_249_369_trimmed_bismark_bt2.CpG",96,71,25,96
"1370","07_report/CpG_context_sampling_249_370_trimmed_bismark_bt2.CpG",78,54,24,78
"1371","07_report/CpG_context_sampling_249_371_trimmed_bismark_bt2.CpG",77,48,29,77
"1372","07_report/CpG_context_sampling_249_372_trimmed_bismark_bt2.CpG",88,65,23,88
"1373","07_report/CpG_context_sampling_249_373_trimmed_bismark_bt2.CpG",96,72,24,96
"1374","07_report/CpG_context_sampling_249_374_trimmed_bismark_bt2.CpG",81,57,24,81
"1375","07_report/CpG_context_sampling_249_375_trimmed_bismark_bt2.CpG",97,70,27,97
"1376","07_report/CpG_context_sampling_249_376_trimmed_bismark_bt2.CpG",74,53,21,74
"1377","07_report/CpG_context_sampling_249_377_trimmed_bismark_bt2.CpG",88,59,29,88
"1378","07_report/CpG_context_sampling_249_378_trimmed_bismark_bt2.CpG",77,53,24,77
"1379","07_report/CpG_context_sampling_249_379_trimmed_bismark_bt2.CpG",87,65,22,87
"1380","07_report/CpG_context_sampling_249_380_trimmed_bismark_bt2.CpG",76,52,24,76
"1381","07_report/CpG_context_sampling_249_381_trimmed_bismark_bt2.CpG",86,65,21,86
"1382","07_report/CpG_context_sampling_249_382_trimmed_bismark_bt2.CpG",88,59,29,88
"1383","07_report/CpG_context_sampling_249_383_trimmed_bismark_bt2.CpG",89,64,25,89
"1384","07_report/CpG_context_sampling_249_384_trimmed_bismark_bt2.CpG",78,54,24,78
"1385","07_report/CpG_context_sampling_249_385_trimmed_bismark_bt2.CpG",85,59,26,85
"1386","07_report/CpG_context_sampling_249_386_trimmed_bismark_bt2.CpG",84,63,21,84
"1387","07_report/CpG_context_sampling_249_387_trimmed_bismark_bt2.CpG",75,62,13,75
"1388","07_report/CpG_context_sampling_249_388_trimmed_bismark_bt2.CpG",77,49,28,77
"1389","07_report/CpG_context_sampling_249_389_trimmed_bismark_bt2.CpG",91,65,26,91
"1390","07_report/CpG_context_sampling_249_390_trimmed_bismark_bt2.CpG",86,62,24,86
"1391","07_report/CpG_context_sampling_249_391_trimmed_bismark_bt2.CpG",89,68,21,89
"1392","07_report/CpG_context_sampling_249_392_trimmed_bismark_bt2.CpG",93,61,32,93
"1393","07_report/CpG_context_sampling_249_393_trimmed_bismark_bt2.CpG",84,64,20,84
"1394","07_report/CpG_context_sampling_249_394_trimmed_bismark_bt2.CpG",87,69,18,87
"1395","07_report/CpG_context_sampling_249_395_trimmed_bismark_bt2.CpG",97,65,32,97
"1396","07_report/CpG_context_sampling_249_396_trimmed_bismark_bt2.CpG",91,70,21,91
"1397","07_report/CpG_context_sampling_249_397_trimmed_bismark_bt2.CpG",83,60,23,83
"1398","07_report/CpG_context_sampling_249_398_trimmed_bismark_bt2.CpG",90,62,28,90
"1399","07_report/CpG_context_sampling_249_399_trimmed_bismark_bt2.CpG",87,64,23,87
"1400","07_report/CpG_context_sampling_249_400_trimmed_bismark_bt2.CpG",84,60,24,84
"1401","07_report/CpG_context_sampling_249_401_trimmed_bismark_bt2.CpG",84,60,24,84
"1402","07_report/CpG_context_sampling_249_402_trimmed_bismark_bt2.CpG",90,60,30,90
"1403","07_report/CpG_context_sampling_249_403_trimmed_bismark_bt2.CpG",98,71,27,98
"1404","07_report/CpG_context_sampling_249_404_trimmed_bismark_bt2.CpG",85,61,24,85
"1405","07_report/CpG_context_sampling_249_405_trimmed_bismark_bt2.CpG",88,65,23,88
"1406","07_report/CpG_context_sampling_249_406_trimmed_bismark_bt2.CpG",94,60,34,94
"1407","07_report/CpG_context_sampling_249_407_trimmed_bismark_bt2.CpG",85,62,23,85
"1408","07_report/CpG_context_sampling_249_408_trimmed_bismark_bt2.CpG",80,54,26,80
"1409","07_report/CpG_context_sampling_249_409_trimmed_bismark_bt2.CpG",93,72,21,93
"1410","07_report/CpG_context_sampling_249_410_trimmed_bismark_bt2.CpG",92,57,35,92
"1411","07_report/CpG_context_sampling_249_411_trimmed_bismark_bt2.CpG",86,68,18,86
"1412","07_report/CpG_context_sampling_249_412_trimmed_bismark_bt2.CpG",83,57,26,83
"1413","07_report/CpG_context_sampling_249_413_trimmed_bismark_bt2.CpG",82,64,18,82
"1414","07_report/CpG_context_sampling_249_414_trimmed_bismark_bt2.CpG",90,71,19,90
"1415","07_report/CpG_context_sampling_249_415_trimmed_bismark_bt2.CpG",92,69,23,92
"1416","07_report/CpG_context_sampling_249_416_trimmed_bismark_bt2.CpG",84,53,31,84
"1417","07_report/CpG_context_sampling_249_417_trimmed_bismark_bt2.CpG",82,55,27,82
"1418","07_report/CpG_context_sampling_249_418_trimmed_bismark_bt2.CpG",106,77,29,106
"1419","07_report/CpG_context_sampling_249_419_trimmed_bismark_bt2.CpG",85,63,22,85
"1420","07_report/CpG_context_sampling_249_420_trimmed_bismark_bt2.CpG",84,63,21,84
"1421","07_report/CpG_context_sampling_249_421_trimmed_bismark_bt2.CpG",92,74,18,92
"1422","07_report/CpG_context_sampling_249_422_trimmed_bismark_bt2.CpG",95,68,27,95
"1423","07_report/CpG_context_sampling_249_423_trimmed_bismark_bt2.CpG",88,57,31,88
"1424","07_report/CpG_context_sampling_249_424_trimmed_bismark_bt2.CpG",82,56,26,82
"1425","07_report/CpG_context_sampling_249_425_trimmed_bismark_bt2.CpG",87,59,28,87
"1426","07_report/CpG_context_sampling_249_426_trimmed_bismark_bt2.CpG",86,58,28,86
"1427","07_report/CpG_context_sampling_249_427_trimmed_bismark_bt2.CpG",83,55,28,83
"1428","07_report/CpG_context_sampling_249_428_trimmed_bismark_bt2.CpG",85,60,25,85
"1429","07_report/CpG_context_sampling_249_429_trimmed_bismark_bt2.CpG",92,64,28,92
"1430","07_report/CpG_context_sampling_249_430_trimmed_bismark_bt2.CpG",74,55,19,74
"1431","07_report/CpG_context_sampling_249_431_trimmed_bismark_bt2.CpG",84,61,23,84
"1432","07_report/CpG_context_sampling_249_432_trimmed_bismark_bt2.CpG",89,74,15,89
"1433","07_report/CpG_context_sampling_249_433_trimmed_bismark_bt2.CpG",81,62,19,81
"1434","07_report/CpG_context_sampling_249_434_trimmed_bismark_bt2.CpG",84,60,24,84
"1435","07_report/CpG_context_sampling_249_435_trimmed_bismark_bt2.CpG",95,63,32,95
"1436","07_report/CpG_context_sampling_249_436_trimmed_bismark_bt2.CpG",83,60,23,83
"1437","07_report/CpG_context_sampling_249_437_trimmed_bismark_bt2.CpG",86,62,24,86
"1438","07_report/CpG_context_sampling_249_438_trimmed_bismark_bt2.CpG",82,63,19,82
"1439","07_report/CpG_context_sampling_249_439_trimmed_bismark_bt2.CpG",81,58,23,81
"1440","07_report/CpG_context_sampling_249_440_trimmed_bismark_bt2.CpG",83,53,30,83
"1441","07_report/CpG_context_sampling_249_441_trimmed_bismark_bt2.CpG",87,63,24,87
"1442","07_report/CpG_context_sampling_249_442_trimmed_bismark_bt2.CpG",73,47,26,73
"1443","07_report/CpG_context_sampling_249_443_trimmed_bismark_bt2.CpG",89,65,24,89
"1444","07_report/CpG_context_sampling_249_444_trimmed_bismark_bt2.CpG",95,73,22,95
"1445","07_report/CpG_context_sampling_249_445_trimmed_bismark_bt2.CpG",94,59,35,94
"1446","07_report/CpG_context_sampling_249_446_trimmed_bismark_bt2.CpG",75,56,19,75
"1447","07_report/CpG_context_sampling_249_447_trimmed_bismark_bt2.CpG",89,68,21,89
"1448","07_report/CpG_context_sampling_249_448_trimmed_bismark_bt2.CpG",74,51,23,74
"1449","07_report/CpG_context_sampling_249_449_trimmed_bismark_bt2.CpG",79,56,23,79
"1450","07_report/CpG_context_sampling_249_450_trimmed_bismark_bt2.CpG",84,56,28,84
"1451","07_report/CpG_context_sampling_249_451_trimmed_bismark_bt2.CpG",89,57,32,89
"1452","07_report/CpG_context_sampling_249_452_trimmed_bismark_bt2.CpG",75,55,20,75
"1453","07_report/CpG_context_sampling_249_453_trimmed_bismark_bt2.CpG",102,70,32,102
"1454","07_report/CpG_context_sampling_249_454_trimmed_bismark_bt2.CpG",79,55,24,79
"1455","07_report/CpG_context_sampling_249_455_trimmed_bismark_bt2.CpG",75,54,21,75
"1456","07_report/CpG_context_sampling_249_456_trimmed_bismark_bt2.CpG",81,58,23,81
"1457","07_report/CpG_context_sampling_249_457_trimmed_bismark_bt2.CpG",89,62,27,89
"1458","07_report/CpG_context_sampling_249_458_trimmed_bismark_bt2.CpG",82,61,21,82
"1459","07_report/CpG_context_sampling_249_459_trimmed_bismark_bt2.CpG",96,64,32,96
"1460","07_report/CpG_context_sampling_249_460_trimmed_bismark_bt2.CpG",76,52,24,76
"1461","07_report/CpG_context_sampling_249_461_trimmed_bismark_bt2.CpG",82,62,20,82
"1462","07_report/CpG_context_sampling_249_462_trimmed_bismark_bt2.CpG",100,67,33,100
"1463","07_report/CpG_context_sampling_249_463_trimmed_bismark_bt2.CpG",91,57,34,91
"1464","07_report/CpG_context_sampling_249_464_trimmed_bismark_bt2.CpG",86,64,22,86
"1465","07_report/CpG_context_sampling_249_465_trimmed_bismark_bt2.CpG",94,63,31,94
"1466","07_report/CpG_context_sampling_249_466_trimmed_bismark_bt2.CpG",74,51,23,74
"1467","07_report/CpG_context_sampling_249_467_trimmed_bismark_bt2.CpG",83,61,22,83
"1468","07_report/CpG_context_sampling_249_468_trimmed_bismark_bt2.CpG",79,53,26,79
"1469","07_report/CpG_context_sampling_249_469_trimmed_bismark_bt2.CpG",64,40,24,64
"1470","07_report/CpG_context_sampling_249_470_trimmed_bismark_bt2.CpG",95,72,23,95
"1471","07_report/CpG_context_sampling_249_471_trimmed_bismark_bt2.CpG",94,56,38,94
"1472","07_report/CpG_context_sampling_249_472_trimmed_bismark_bt2.CpG",75,59,16,75
"1473","07_report/CpG_context_sampling_249_473_trimmed_bismark_bt2.CpG",73,51,22,73
"1474","07_report/CpG_context_sampling_249_474_trimmed_bismark_bt2.CpG",81,56,25,81
"1475","07_report/CpG_context_sampling_249_475_trimmed_bismark_bt2.CpG",89,70,19,89
"1476","07_report/CpG_context_sampling_249_476_trimmed_bismark_bt2.CpG",92,71,21,92
"1477","07_report/CpG_context_sampling_249_477_trimmed_bismark_bt2.CpG",85,69,16,85
"1478","07_report/CpG_context_sampling_249_478_trimmed_bismark_bt2.CpG",88,62,26,88
"1479","07_report/CpG_context_sampling_249_479_trimmed_bismark_bt2.CpG",80,59,21,80
"1480","07_report/CpG_context_sampling_249_480_trimmed_bismark_bt2.CpG",90,63,27,90
"1481","07_report/CpG_context_sampling_249_481_trimmed_bismark_bt2.CpG",99,74,25,99
"1482","07_report/CpG_context_sampling_249_482_trimmed_bismark_bt2.CpG",78,53,25,78
"1483","07_report/CpG_context_sampling_249_483_trimmed_bismark_bt2.CpG",86,63,23,86
"1484","07_report/CpG_context_sampling_249_484_trimmed_bismark_bt2.CpG",85,60,25,85
"1485","07_report/CpG_context_sampling_249_485_trimmed_bismark_bt2.CpG",97,76,21,97
"1486","07_report/CpG_context_sampling_249_486_trimmed_bismark_bt2.CpG",94,68,26,94
"1487","07_report/CpG_context_sampling_249_487_trimmed_bismark_bt2.CpG",85,60,25,85
"1488","07_report/CpG_context_sampling_249_488_trimmed_bismark_bt2.CpG",71,50,21,71
"1489","07_report/CpG_context_sampling_249_489_trimmed_bismark_bt2.CpG",89,71,18,89
"1490","07_report/CpG_context_sampling_249_490_trimmed_bismark_bt2.CpG",76,54,22,76
"1491","07_report/CpG_context_sampling_249_491_trimmed_bismark_bt2.CpG",76,60,16,76
"1492","07_report/CpG_context_sampling_249_492_trimmed_bismark_bt2.CpG",90,59,31,90
"1493","07_report/CpG_context_sampling_249_493_trimmed_bismark_bt2.CpG",77,54,23,77
"1494","07_report/CpG_context_sampling_249_494_trimmed_bismark_bt2.CpG",82,55,27,82
"1495","07_report/CpG_context_sampling_249_495_trimmed_bismark_bt2.CpG",82,59,23,82
"1496","07_report/CpG_context_sampling_249_496_trimmed_bismark_bt2.CpG",87,60,27,87
"1497","07_report/CpG_context_sampling_249_497_trimmed_bismark_bt2.CpG",89,67,22,89
"1498","07_report/CpG_context_sampling_249_498_trimmed_bismark_bt2.CpG",78,57,21,78
"1499","07_report/CpG_context_sampling_249_499_trimmed_bismark_bt2.CpG",81,64,17,81
"1500","07_report/CpG_context_sampling_249_500_trimmed_bismark_bt2.CpG",87,63,24,87
"1501","07_report/CpG_context_sampling_249_501_trimmed_bismark_bt2.CpG",98,70,28,98
"1502","07_report/CpG_context_sampling_249_502_trimmed_bismark_bt2.CpG",89,59,30,89
"1503","07_report/CpG_context_sampling_249_503_trimmed_bismark_bt2.CpG",83,57,26,83
"1504","07_report/CpG_context_sampling_249_504_trimmed_bismark_bt2.CpG",83,68,15,83
"1505","07_report/CpG_context_sampling_249_505_trimmed_bismark_bt2.CpG",90,68,22,90
"1506","07_report/CpG_context_sampling_249_506_trimmed_bismark_bt2.CpG",90,68,22,90
"1507","07_report/CpG_context_sampling_249_507_trimmed_bismark_bt2.CpG",100,77,23,100
"1508","07_report/CpG_context_sampling_249_508_trimmed_bismark_bt2.CpG",94,62,32,94
"1509","07_report/CpG_context_sampling_249_509_trimmed_bismark_bt2.CpG",75,54,21,75
"1510","07_report/CpG_context_sampling_249_510_trimmed_bismark_bt2.CpG",91,66,25,91
"1511","07_report/CpG_context_sampling_249_511_trimmed_bismark_bt2.CpG",81,54,27,81
"1512","07_report/CpG_context_sampling_249_512_trimmed_bismark_bt2.CpG",97,68,29,97
"1513","07_report/CpG_context_sampling_249_513_trimmed_bismark_bt2.CpG",76,57,19,76
"1514","07_report/CpG_context_sampling_249_514_trimmed_bismark_bt2.CpG",78,53,25,78
"1515","07_report/CpG_context_sampling_249_515_trimmed_bismark_bt2.CpG",88,63,25,88
"1516","07_report/CpG_context_sampling_249_516_trimmed_bismark_bt2.CpG",81,67,14,81
"1517","07_report/CpG_context_sampling_249_517_trimmed_bismark_bt2.CpG",84,69,15,84
"1518","07_report/CpG_context_sampling_249_518_trimmed_bismark_bt2.CpG",82,50,32,82
"1519","07_report/CpG_context_sampling_249_519_trimmed_bismark_bt2.CpG",87,64,23,87
"1520","07_report/CpG_context_sampling_249_520_trimmed_bismark_bt2.CpG",91,64,27,91
"1521","07_report/CpG_context_sampling_249_521_trimmed_bismark_bt2.CpG",77,55,22,77
"1522","07_report/CpG_context_sampling_249_522_trimmed_bismark_bt2.CpG",80,57,23,80
"1523","07_report/CpG_context_sampling_249_523_trimmed_bismark_bt2.CpG",99,68,31,99
"1524","07_report/CpG_context_sampling_249_524_trimmed_bismark_bt2.CpG",86,63,23,86
"1525","07_report/CpG_context_sampling_249_525_trimmed_bismark_bt2.CpG",94,69,25,94
"1526","07_report/CpG_context_sampling_249_526_trimmed_bismark_bt2.CpG",85,69,16,85
"1527","07_report/CpG_context_sampling_249_527_trimmed_bismark_bt2.CpG",78,64,14,78
"1528","07_report/CpG_context_sampling_249_528_trimmed_bismark_bt2.CpG",81,49,32,81
"1529","07_report/CpG_context_sampling_249_529_trimmed_bismark_bt2.CpG",83,62,21,83
"1530","07_report/CpG_context_sampling_249_530_trimmed_bismark_bt2.CpG",90,64,26,90
"1531","07_report/CpG_context_sampling_249_531_trimmed_bismark_bt2.CpG",89,63,26,89
"1532","07_report/CpG_context_sampling_249_532_trimmed_bismark_bt2.CpG",90,63,27,90
"1533","07_report/CpG_context_sampling_249_533_trimmed_bismark_bt2.CpG",84,69,15,84
"1534","07_report/CpG_context_sampling_249_534_trimmed_bismark_bt2.CpG",95,68,27,95
"1535","07_report/CpG_context_sampling_249_535_trimmed_bismark_bt2.CpG",82,62,20,82
"1536","07_report/CpG_context_sampling_249_536_trimmed_bismark_bt2.CpG",94,71,23,94
"1537","07_report/CpG_context_sampling_249_537_trimmed_bismark_bt2.CpG",95,69,26,95
"1538","07_report/CpG_context_sampling_249_538_trimmed_bismark_bt2.CpG",84,60,24,84
"1539","07_report/CpG_context_sampling_249_539_trimmed_bismark_bt2.CpG",92,68,24,92
"1540","07_report/CpG_context_sampling_249_540_trimmed_bismark_bt2.CpG",88,66,22,88
"1541","07_report/CpG_context_sampling_249_541_trimmed_bismark_bt2.CpG",92,69,23,92
"1542","07_report/CpG_context_sampling_249_542_trimmed_bismark_bt2.CpG",87,64,23,87
"1543","07_report/CpG_context_sampling_249_543_trimmed_bismark_bt2.CpG",94,62,32,94
"1544","07_report/CpG_context_sampling_249_544_trimmed_bismark_bt2.CpG",89,71,18,89
"1545","07_report/CpG_context_sampling_249_545_trimmed_bismark_bt2.CpG",93,65,28,93
"1546","07_report/CpG_context_sampling_249_546_trimmed_bismark_bt2.CpG",98,74,24,98
"1547","07_report/CpG_context_sampling_249_547_trimmed_bismark_bt2.CpG",91,69,22,91
"1548","07_report/CpG_context_sampling_249_548_trimmed_bismark_bt2.CpG",88,57,31,88
"1549","07_report/CpG_context_sampling_249_549_trimmed_bismark_bt2.CpG",89,59,30,89
"1550","07_report/CpG_context_sampling_249_550_trimmed_bismark_bt2.CpG",82,59,23,82
"1551","07_report/CpG_context_sampling_249_551_trimmed_bismark_bt2.CpG",81,62,19,81
"1552","07_report/CpG_context_sampling_249_552_trimmed_bismark_bt2.CpG",98,75,23,98
"1553","07_report/CpG_context_sampling_249_553_trimmed_bismark_bt2.CpG",80,54,26,80
"1554","07_report/CpG_context_sampling_249_554_trimmed_bismark_bt2.CpG",91,69,22,91
"1555","07_report/CpG_context_sampling_249_555_trimmed_bismark_bt2.CpG",84,64,20,84
"1556","07_report/CpG_context_sampling_249_556_trimmed_bismark_bt2.CpG",100,65,35,100
"1557","07_report/CpG_context_sampling_249_557_trimmed_bismark_bt2.CpG",82,67,15,82
"1558","07_report/CpG_context_sampling_249_558_trimmed_bismark_bt2.CpG",83,53,30,83
"1559","07_report/CpG_context_sampling_249_559_trimmed_bismark_bt2.CpG",81,60,21,81
"1560","07_report/CpG_context_sampling_249_560_trimmed_bismark_bt2.CpG",90,65,25,90
"1561","07_report/CpG_context_sampling_249_561_trimmed_bismark_bt2.CpG",80,54,26,80
"1562","07_report/CpG_context_sampling_249_562_trimmed_bismark_bt2.CpG",79,54,25,79
"1563","07_report/CpG_context_sampling_249_563_trimmed_bismark_bt2.CpG",95,67,28,95
"1564","07_report/CpG_context_sampling_249_564_trimmed_bismark_bt2.CpG",80,54,26,80
"1565","07_report/CpG_context_sampling_249_565_trimmed_bismark_bt2.CpG",90,70,20,90
"1566","07_report/CpG_context_sampling_249_566_trimmed_bismark_bt2.CpG",77,57,20,77
"1567","07_report/CpG_context_sampling_249_567_trimmed_bismark_bt2.CpG",79,50,29,79
"1568","07_report/CpG_context_sampling_249_568_trimmed_bismark_bt2.CpG",93,62,31,93
"1569","07_report/CpG_context_sampling_249_569_trimmed_bismark_bt2.CpG",85,56,29,85
"1570","07_report/CpG_context_sampling_249_570_trimmed_bismark_bt2.CpG",101,70,31,101
"1571","07_report/CpG_context_sampling_249_571_trimmed_bismark_bt2.CpG",94,68,26,94
"1572","07_report/CpG_context_sampling_249_572_trimmed_bismark_bt2.CpG",78,60,18,78
"1573","07_report/CpG_context_sampling_249_573_trimmed_bismark_bt2.CpG",81,62,19,81
"1574","07_report/CpG_context_sampling_249_574_trimmed_bismark_bt2.CpG",84,61,23,84
"1575","07_report/CpG_context_sampling_249_575_trimmed_bismark_bt2.CpG",71,51,20,71
"1576","07_report/CpG_context_sampling_249_576_trimmed_bismark_bt2.CpG",86,62,24,86
"1577","07_report/CpG_context_sampling_249_577_trimmed_bismark_bt2.CpG",92,67,25,92
"1578","07_report/CpG_context_sampling_249_578_trimmed_bismark_bt2.CpG",89,65,24,89
"1579","07_report/CpG_context_sampling_249_579_trimmed_bismark_bt2.CpG",86,61,25,86
"1580","07_report/CpG_context_sampling_249_580_trimmed_bismark_bt2.CpG",76,58,18,76
"1581","07_report/CpG_context_sampling_249_581_trimmed_bismark_bt2.CpG",91,67,24,91
"1582","07_report/CpG_context_sampling_249_582_trimmed_bismark_bt2.CpG",90,66,24,90
"1583","07_report/CpG_context_sampling_249_583_trimmed_bismark_bt2.CpG",90,59,31,90
"1584","07_report/CpG_context_sampling_249_584_trimmed_bismark_bt2.CpG",103,75,28,103
"1585","07_report/CpG_context_sampling_249_585_trimmed_bismark_bt2.CpG",78,58,20,78
"1586","07_report/CpG_context_sampling_249_586_trimmed_bismark_bt2.CpG",87,56,31,87
"1587","07_report/CpG_context_sampling_249_587_trimmed_bismark_bt2.CpG",86,61,25,86
"1588","07_report/CpG_context_sampling_249_588_trimmed_bismark_bt2.CpG",87,58,29,87
"1589","07_report/CpG_context_sampling_249_589_trimmed_bismark_bt2.CpG",75,55,20,75
"1590","07_report/CpG_context_sampling_249_590_trimmed_bismark_bt2.CpG",92,65,27,92
"1591","07_report/CpG_context_sampling_249_591_trimmed_bismark_bt2.CpG",84,63,21,84
"1592","07_report/CpG_context_sampling_249_592_trimmed_bismark_bt2.CpG",80,59,21,80
"1593","07_report/CpG_context_sampling_249_593_trimmed_bismark_bt2.CpG",96,71,25,96
"1594","07_report/CpG_context_sampling_249_594_trimmed_bismark_bt2.CpG",90,65,25,90
"1595","07_report/CpG_context_sampling_249_595_trimmed_bismark_bt2.CpG",88,62,26,88
"1596","07_report/CpG_context_sampling_249_596_trimmed_bismark_bt2.CpG",87,52,35,87
"1597","07_report/CpG_context_sampling_249_597_trimmed_bismark_bt2.CpG",91,65,26,91
"1598","07_report/CpG_context_sampling_249_598_trimmed_bismark_bt2.CpG",73,54,19,73
"1599","07_report/CpG_context_sampling_249_599_trimmed_bismark_bt2.CpG",80,56,24,80
"1600","07_report/CpG_context_sampling_249_600_trimmed_bismark_bt2.CpG",91,57,34,91
"1601","07_report/CpG_context_sampling_249_601_trimmed_bismark_bt2.CpG",89,70,19,89
"1602","07_report/CpG_context_sampling_249_602_trimmed_bismark_bt2.CpG",82,60,22,82
"1603","07_report/CpG_context_sampling_249_603_trimmed_bismark_bt2.CpG",99,68,31,99
"1604","07_report/CpG_context_sampling_249_604_trimmed_bismark_bt2.CpG",82,54,28,82
"1605","07_report/CpG_context_sampling_249_605_trimmed_bismark_bt2.CpG",91,56,35,91
"1606","07_report/CpG_context_sampling_249_606_trimmed_bismark_bt2.CpG",95,70,25,95
"1607","07_report/CpG_context_sampling_249_607_trimmed_bismark_bt2.CpG",79,61,18,79
"1608","07_report/CpG_context_sampling_249_608_trimmed_bismark_bt2.CpG",88,56,32,88
"1609","07_report/CpG_context_sampling_249_609_trimmed_bismark_bt2.CpG",71,57,14,71
"1610","07_report/CpG_context_sampling_249_610_trimmed_bismark_bt2.CpG",92,69,23,92
"1611","07_report/CpG_context_sampling_249_611_trimmed_bismark_bt2.CpG",82,61,21,82
"1612","07_report/CpG_context_sampling_249_612_trimmed_bismark_bt2.CpG",84,60,24,84
"1613","07_report/CpG_context_sampling_249_613_trimmed_bismark_bt2.CpG",95,70,25,95
"1614","07_report/CpG_context_sampling_249_614_trimmed_bismark_bt2.CpG",87,58,29,87
"1615","07_report/CpG_context_sampling_249_615_trimmed_bismark_bt2.CpG",87,58,29,87
"1616","07_report/CpG_context_sampling_249_616_trimmed_bismark_bt2.CpG",84,65,19,84
"1617","07_report/CpG_context_sampling_249_617_trimmed_bismark_bt2.CpG",86,67,19,86
"1618","07_report/CpG_context_sampling_249_618_trimmed_bismark_bt2.CpG",75,58,17,75
"1619","07_report/CpG_context_sampling_249_619_trimmed_bismark_bt2.CpG",90,64,26,90
"1620","07_report/CpG_context_sampling_249_620_trimmed_bismark_bt2.CpG",80,62,18,80
"1621","07_report/CpG_context_sampling_249_621_trimmed_bismark_bt2.CpG",93,62,31,93
"1622","07_report/CpG_context_sampling_249_622_trimmed_bismark_bt2.CpG",74,51,23,74
"1623","07_report/CpG_context_sampling_249_623_trimmed_bismark_bt2.CpG",91,60,31,91
"1624","07_report/CpG_context_sampling_249_624_trimmed_bismark_bt2.CpG",77,53,24,77
"1625","07_report/CpG_context_sampling_249_625_trimmed_bismark_bt2.CpG",78,56,22,78
"1626","07_report/CpG_context_sampling_249_626_trimmed_bismark_bt2.CpG",91,64,27,91
"1627","07_report/CpG_context_sampling_249_627_trimmed_bismark_bt2.CpG",95,66,29,95
"1628","07_report/CpG_context_sampling_249_628_trimmed_bismark_bt2.CpG",71,50,21,71
"1629","07_report/CpG_context_sampling_249_629_trimmed_bismark_bt2.CpG",88,59,29,88
"1630","07_report/CpG_context_sampling_249_630_trimmed_bismark_bt2.CpG",81,61,20,81
"1631","07_report/CpG_context_sampling_249_631_trimmed_bismark_bt2.CpG",84,56,28,84
"1632","07_report/CpG_context_sampling_249_632_trimmed_bismark_bt2.CpG",83,62,21,83
"1633","07_report/CpG_context_sampling_249_633_trimmed_bismark_bt2.CpG",94,65,29,94
"1634","07_report/CpG_context_sampling_249_634_trimmed_bismark_bt2.CpG",86,58,28,86
"1635","07_report/CpG_context_sampling_249_635_trimmed_bismark_bt2.CpG",84,54,30,84
"1636","07_report/CpG_context_sampling_249_636_trimmed_bismark_bt2.CpG",94,62,32,94
"1637","07_report/CpG_context_sampling_249_637_trimmed_bismark_bt2.CpG",73,54,19,73
"1638","07_report/CpG_context_sampling_249_638_trimmed_bismark_bt2.CpG",100,59,41,100
"1639","07_report/CpG_context_sampling_249_639_trimmed_bismark_bt2.CpG",79,59,20,79
"1640","07_report/CpG_context_sampling_249_640_trimmed_bismark_bt2.CpG",89,64,25,89
"1641","07_report/CpG_context_sampling_249_641_trimmed_bismark_bt2.CpG",90,58,32,90
"1642","07_report/CpG_context_sampling_249_642_trimmed_bismark_bt2.CpG",90,55,35,90
"1643","07_report/CpG_context_sampling_249_643_trimmed_bismark_bt2.CpG",91,67,24,91
"1644","07_report/CpG_context_sampling_249_644_trimmed_bismark_bt2.CpG",81,52,29,81
"1645","07_report/CpG_context_sampling_249_645_trimmed_bismark_bt2.CpG",88,72,16,88
"1646","07_report/CpG_context_sampling_249_646_trimmed_bismark_bt2.CpG",88,56,32,88
"1647","07_report/CpG_context_sampling_249_647_trimmed_bismark_bt2.CpG",88,66,22,88
"1648","07_report/CpG_context_sampling_249_648_trimmed_bismark_bt2.CpG",88,64,24,88
"1649","07_report/CpG_context_sampling_249_649_trimmed_bismark_bt2.CpG",96,65,31,96
"1650","07_report/CpG_context_sampling_249_650_trimmed_bismark_bt2.CpG",82,59,23,82
"1651","07_report/CpG_context_sampling_249_651_trimmed_bismark_bt2.CpG",76,52,24,76
"1652","07_report/CpG_context_sampling_249_652_trimmed_bismark_bt2.CpG",81,58,23,81
"1653","07_report/CpG_context_sampling_249_653_trimmed_bismark_bt2.CpG",86,61,25,86
"1654","07_report/CpG_context_sampling_249_654_trimmed_bismark_bt2.CpG",86,55,31,86
"1655","07_report/CpG_context_sampling_249_655_trimmed_bismark_bt2.CpG",87,60,27,87
"1656","07_report/CpG_context_sampling_249_656_trimmed_bismark_bt2.CpG",84,61,23,84
"1657","07_report/CpG_context_sampling_249_657_trimmed_bismark_bt2.CpG",82,65,17,82
"1658","07_report/CpG_context_sampling_249_658_trimmed_bismark_bt2.CpG",92,61,31,92
"1659","07_report/CpG_context_sampling_249_659_trimmed_bismark_bt2.CpG",92,67,25,92
"1660","07_report/CpG_context_sampling_249_660_trimmed_bismark_bt2.CpG",87,60,27,87
"1661","07_report/CpG_context_sampling_249_661_trimmed_bismark_bt2.CpG",91,62,29,91
"1662","07_report/CpG_context_sampling_249_662_trimmed_bismark_bt2.CpG",86,60,26,86
"1663","07_report/CpG_context_sampling_249_663_trimmed_bismark_bt2.CpG",88,61,27,88
"1664","07_report/CpG_context_sampling_249_664_trimmed_bismark_bt2.CpG",95,70,25,95
"1665","07_report/CpG_context_sampling_249_665_trimmed_bismark_bt2.CpG",78,53,25,78
"1666","07_report/CpG_context_sampling_249_666_trimmed_bismark_bt2.CpG",89,57,32,89
"1667","07_report/CpG_context_sampling_249_667_trimmed_bismark_bt2.CpG",74,59,15,74
"1668","07_report/CpG_context_sampling_249_668_trimmed_bismark_bt2.CpG",89,64,25,89
"1669","07_report/CpG_context_sampling_249_669_trimmed_bismark_bt2.CpG",76,57,19,76
"1670","07_report/CpG_context_sampling_249_670_trimmed_bismark_bt2.CpG",75,54,21,75
"1671","07_report/CpG_context_sampling_249_671_trimmed_bismark_bt2.CpG",88,63,25,88
"1672","07_report/CpG_context_sampling_249_672_trimmed_bismark_bt2.CpG",100,73,27,100
"1673","07_report/CpG_context_sampling_249_673_trimmed_bismark_bt2.CpG",76,56,20,76
"1674","07_report/CpG_context_sampling_249_674_trimmed_bismark_bt2.CpG",88,55,33,88
"1675","07_report/CpG_context_sampling_249_675_trimmed_bismark_bt2.CpG",84,59,25,84
"1676","07_report/CpG_context_sampling_249_676_trimmed_bismark_bt2.CpG",77,54,23,77
"1677","07_report/CpG_context_sampling_249_677_trimmed_bismark_bt2.CpG",82,54,28,82
"1678","07_report/CpG_context_sampling_249_678_trimmed_bismark_bt2.CpG",81,59,22,81
"1679","07_report/CpG_context_sampling_249_679_trimmed_bismark_bt2.CpG",90,61,29,90
"1680","07_report/CpG_context_sampling_249_680_trimmed_bismark_bt2.CpG",83,57,26,83
"1681","07_report/CpG_context_sampling_249_681_trimmed_bismark_bt2.CpG",82,59,23,82
"1682","07_report/CpG_context_sampling_249_682_trimmed_bismark_bt2.CpG",85,62,23,85
"1683","07_report/CpG_context_sampling_249_683_trimmed_bismark_bt2.CpG",89,57,32,89
"1684","07_report/CpG_context_sampling_249_684_trimmed_bismark_bt2.CpG",76,56,20,76
"1685","07_report/CpG_context_sampling_249_685_trimmed_bismark_bt2.CpG",73,44,29,73
"1686","07_report/CpG_context_sampling_249_686_trimmed_bismark_bt2.CpG",88,63,25,88
"1687","07_report/CpG_context_sampling_249_687_trimmed_bismark_bt2.CpG",89,64,25,89
"1688","07_report/CpG_context_sampling_249_688_trimmed_bismark_bt2.CpG",91,67,24,91
"1689","07_report/CpG_context_sampling_249_689_trimmed_bismark_bt2.CpG",88,61,27,88
"1690","07_report/CpG_context_sampling_249_690_trimmed_bismark_bt2.CpG",89,61,28,89
"1691","07_report/CpG_context_sampling_249_691_trimmed_bismark_bt2.CpG",92,61,31,92
"1692","07_report/CpG_context_sampling_249_692_trimmed_bismark_bt2.CpG",91,59,32,91
"1693","07_report/CpG_context_sampling_249_693_trimmed_bismark_bt2.CpG",91,63,28,91
"1694","07_report/CpG_context_sampling_249_694_trimmed_bismark_bt2.CpG",93,72,21,93
"1695","07_report/CpG_context_sampling_249_695_trimmed_bismark_bt2.CpG",93,70,23,93
"1696","07_report/CpG_context_sampling_249_696_trimmed_bismark_bt2.CpG",78,55,23,78
"1697","07_report/CpG_context_sampling_249_697_trimmed_bismark_bt2.CpG",89,65,24,89
"1698","07_report/CpG_context_sampling_249_698_trimmed_bismark_bt2.CpG",96,64,32,96
"1699","07_report/CpG_context_sampling_249_699_trimmed_bismark_bt2.CpG",88,70,18,88
"1700","07_report/CpG_context_sampling_249_700_trimmed_bismark_bt2.CpG",90,63,27,90
"1701","07_report/CpG_context_sampling_249_701_trimmed_bismark_bt2.CpG",75,60,15,75
"1702","07_report/CpG_context_sampling_249_702_trimmed_bismark_bt2.CpG",81,57,24,81
"1703","07_report/CpG_context_sampling_249_703_trimmed_bismark_bt2.CpG",93,70,23,93
"1704","07_report/CpG_context_sampling_249_704_trimmed_bismark_bt2.CpG",82,55,27,82
"1705","07_report/CpG_context_sampling_249_705_trimmed_bismark_bt2.CpG",94,60,34,94
"1706","07_report/CpG_context_sampling_249_706_trimmed_bismark_bt2.CpG",99,66,33,99
"1707","07_report/CpG_context_sampling_249_707_trimmed_bismark_bt2.CpG",81,54,27,81
"1708","07_report/CpG_context_sampling_249_708_trimmed_bismark_bt2.CpG",82,57,25,82
"1709","07_report/CpG_context_sampling_249_709_trimmed_bismark_bt2.CpG",95,68,27,95
"1710","07_report/CpG_context_sampling_249_710_trimmed_bismark_bt2.CpG",96,69,27,96
"1711","07_report/CpG_context_sampling_249_711_trimmed_bismark_bt2.CpG",71,50,21,71
"1712","07_report/CpG_context_sampling_249_712_trimmed_bismark_bt2.CpG",95,63,32,95
"1713","07_report/CpG_context_sampling_249_713_trimmed_bismark_bt2.CpG",80,58,22,80
"1714","07_report/CpG_context_sampling_249_714_trimmed_bismark_bt2.CpG",77,54,23,77
"1715","07_report/CpG_context_sampling_249_715_trimmed_bismark_bt2.CpG",97,68,29,97
"1716","07_report/CpG_context_sampling_249_716_trimmed_bismark_bt2.CpG",72,55,17,72
"1717","07_report/CpG_context_sampling_249_717_trimmed_bismark_bt2.CpG",83,62,21,83
"1718","07_report/CpG_context_sampling_249_718_trimmed_bismark_bt2.CpG",99,69,30,99
"1719","07_report/CpG_context_sampling_249_719_trimmed_bismark_bt2.CpG",91,63,28,91
"1720","07_report/CpG_context_sampling_249_720_trimmed_bismark_bt2.CpG",82,61,21,82
"1721","07_report/CpG_context_sampling_249_721_trimmed_bismark_bt2.CpG",80,58,22,80
"1722","07_report/CpG_context_sampling_249_722_trimmed_bismark_bt2.CpG",80,61,19,80
"1723","07_report/CpG_context_sampling_249_723_trimmed_bismark_bt2.CpG",87,64,23,87
"1724","07_report/CpG_context_sampling_249_724_trimmed_bismark_bt2.CpG",91,63,28,91
"1725","07_report/CpG_context_sampling_249_725_trimmed_bismark_bt2.CpG",85,62,23,85
"1726","07_report/CpG_context_sampling_249_726_trimmed_bismark_bt2.CpG",85,60,25,85
"1727","07_report/CpG_context_sampling_249_727_trimmed_bismark_bt2.CpG",82,64,18,82
"1728","07_report/CpG_context_sampling_249_728_trimmed_bismark_bt2.CpG",97,70,27,97
"1729","07_report/CpG_context_sampling_249_729_trimmed_bismark_bt2.CpG",72,47,25,72
"1730","07_report/CpG_context_sampling_249_730_trimmed_bismark_bt2.CpG",90,62,28,90
"1731","07_report/CpG_context_sampling_249_731_trimmed_bismark_bt2.CpG",84,67,17,84
"1732","07_report/CpG_context_sampling_249_732_trimmed_bismark_bt2.CpG",73,52,21,73
"1733","07_report/CpG_context_sampling_249_733_trimmed_bismark_bt2.CpG",92,64,28,92
"1734","07_report/CpG_context_sampling_249_734_trimmed_bismark_bt2.CpG",84,55,29,84
"1735","07_report/CpG_context_sampling_249_735_trimmed_bismark_bt2.CpG",71,49,22,71
"1736","07_report/CpG_context_sampling_249_736_trimmed_bismark_bt2.CpG",81,50,31,81
"1737","07_report/CpG_context_sampling_249_737_trimmed_bismark_bt2.CpG",75,56,19,75
"1738","07_report/CpG_context_sampling_249_738_trimmed_bismark_bt2.CpG",95,67,28,95
"1739","07_report/CpG_context_sampling_249_739_trimmed_bismark_bt2.CpG",81,58,23,81
"1740","07_report/CpG_context_sampling_249_740_trimmed_bismark_bt2.CpG",77,52,25,77
"1741","07_report/CpG_context_sampling_249_741_trimmed_bismark_bt2.CpG",110,79,31,110
"1742","07_report/CpG_context_sampling_249_742_trimmed_bismark_bt2.CpG",73,51,22,73
"1743","07_report/CpG_context_sampling_249_743_trimmed_bismark_bt2.CpG",85,60,25,85
"1744","07_report/CpG_context_sampling_249_744_trimmed_bismark_bt2.CpG",92,62,30,92
"1745","07_report/CpG_context_sampling_249_745_trimmed_bismark_bt2.CpG",85,56,29,85
"1746","07_report/CpG_context_sampling_249_746_trimmed_bismark_bt2.CpG",88,68,20,88
"1747","07_report/CpG_context_sampling_249_747_trimmed_bismark_bt2.CpG",85,61,24,85
"1748","07_report/CpG_context_sampling_249_748_trimmed_bismark_bt2.CpG",85,54,31,85
"1749","07_report/CpG_context_sampling_249_749_trimmed_bismark_bt2.CpG",80,55,25,80
"1750","07_report/CpG_context_sampling_249_750_trimmed_bismark_bt2.CpG",84,62,22,84
"1751","07_report/CpG_context_sampling_249_751_trimmed_bismark_bt2.CpG",97,64,33,97
"1752","07_report/CpG_context_sampling_249_752_trimmed_bismark_bt2.CpG",82,60,22,82
"1753","07_report/CpG_context_sampling_249_753_trimmed_bismark_bt2.CpG",87,64,23,87
"1754","07_report/CpG_context_sampling_249_754_trimmed_bismark_bt2.CpG",95,68,27,95
"1755","07_report/CpG_context_sampling_249_755_trimmed_bismark_bt2.CpG",86,51,35,86
"1756","07_report/CpG_context_sampling_249_756_trimmed_bismark_bt2.CpG",84,56,28,84
"1757","07_report/CpG_context_sampling_249_757_trimmed_bismark_bt2.CpG",90,66,24,90
"1758","07_report/CpG_context_sampling_249_758_trimmed_bismark_bt2.CpG",87,64,23,87
"1759","07_report/CpG_context_sampling_249_759_trimmed_bismark_bt2.CpG",80,59,21,80
"1760","07_report/CpG_context_sampling_249_760_trimmed_bismark_bt2.CpG",98,69,29,98
"1761","07_report/CpG_context_sampling_249_761_trimmed_bismark_bt2.CpG",88,66,22,88
"1762","07_report/CpG_context_sampling_249_762_trimmed_bismark_bt2.CpG",93,64,29,93
"1763","07_report/CpG_context_sampling_249_763_trimmed_bismark_bt2.CpG",74,52,22,74
"1764","07_report/CpG_context_sampling_249_764_trimmed_bismark_bt2.CpG",76,55,21,76
"1765","07_report/CpG_context_sampling_249_765_trimmed_bismark_bt2.CpG",87,62,25,87
"1766","07_report/CpG_context_sampling_249_766_trimmed_bismark_bt2.CpG",82,61,21,82
"1767","07_report/CpG_context_sampling_249_767_trimmed_bismark_bt2.CpG",71,53,18,71
"1768","07_report/CpG_context_sampling_249_768_trimmed_bismark_bt2.CpG",89,63,26,89
"1769","07_report/CpG_context_sampling_249_769_trimmed_bismark_bt2.CpG",91,64,27,91
"1770","07_report/CpG_context_sampling_249_770_trimmed_bismark_bt2.CpG",90,64,26,90
"1771","07_report/CpG_context_sampling_249_771_trimmed_bismark_bt2.CpG",82,62,20,82
"1772","07_report/CpG_context_sampling_249_772_trimmed_bismark_bt2.CpG",84,59,25,84
"1773","07_report/CpG_context_sampling_249_773_trimmed_bismark_bt2.CpG",101,73,28,101
"1774","07_report/CpG_context_sampling_249_774_trimmed_bismark_bt2.CpG",98,73,25,98
"1775","07_report/CpG_context_sampling_249_775_trimmed_bismark_bt2.CpG",85,63,22,85
"1776","07_report/CpG_context_sampling_249_776_trimmed_bismark_bt2.CpG",76,54,22,76
"1777","07_report/CpG_context_sampling_249_777_trimmed_bismark_bt2.CpG",70,52,18,70
"1778","07_report/CpG_context_sampling_249_778_trimmed_bismark_bt2.CpG",78,57,21,78
"1779","07_report/CpG_context_sampling_249_779_trimmed_bismark_bt2.CpG",87,67,20,87
"1780","07_report/CpG_context_sampling_249_780_trimmed_bismark_bt2.CpG",96,72,24,96
"1781","07_report/CpG_context_sampling_249_781_trimmed_bismark_bt2.CpG",89,62,27,89
"1782","07_report/CpG_context_sampling_249_782_trimmed_bismark_bt2.CpG",83,65,18,83
"1783","07_report/CpG_context_sampling_249_783_trimmed_bismark_bt2.CpG",95,69,26,95
"1784","07_report/CpG_context_sampling_249_784_trimmed_bismark_bt2.CpG",83,66,17,83
"1785","07_report/CpG_context_sampling_249_785_trimmed_bismark_bt2.CpG",95,77,18,95
"1786","07_report/CpG_context_sampling_249_786_trimmed_bismark_bt2.CpG",91,58,33,91
"1787","07_report/CpG_context_sampling_249_787_trimmed_bismark_bt2.CpG",89,57,32,89
"1788","07_report/CpG_context_sampling_249_788_trimmed_bismark_bt2.CpG",79,62,17,79
"1789","07_report/CpG_context_sampling_249_789_trimmed_bismark_bt2.CpG",88,66,22,88
"1790","07_report/CpG_context_sampling_249_790_trimmed_bismark_bt2.CpG",85,62,23,85
"1791","07_report/CpG_context_sampling_249_791_trimmed_bismark_bt2.CpG",81,54,27,81
"1792","07_report/CpG_context_sampling_249_792_trimmed_bismark_bt2.CpG",87,64,23,87
"1793","07_report/CpG_context_sampling_249_793_trimmed_bismark_bt2.CpG",88,63,25,88
"1794","07_report/CpG_context_sampling_249_794_trimmed_bismark_bt2.CpG",72,51,21,72
"1795","07_report/CpG_context_sampling_249_795_trimmed_bismark_bt2.CpG",77,55,22,77
"1796","07_report/CpG_context_sampling_249_796_trimmed_bismark_bt2.CpG",97,70,27,97
"1797","07_report/CpG_context_sampling_249_797_trimmed_bismark_bt2.CpG",77,58,19,77
"1798","07_report/CpG_context_sampling_249_798_trimmed_bismark_bt2.CpG",89,69,20,89
"1799","07_report/CpG_context_sampling_249_799_trimmed_bismark_bt2.CpG",80,57,23,80
"1800","07_report/CpG_context_sampling_249_800_trimmed_bismark_bt2.CpG",91,53,38,91
"1801","07_report/CpG_context_sampling_249_801_trimmed_bismark_bt2.CpG",80,63,17,80
"1802","07_report/CpG_context_sampling_249_802_trimmed_bismark_bt2.CpG",84,59,25,84
"1803","07_report/CpG_context_sampling_249_803_trimmed_bismark_bt2.CpG",86,60,26,86
"1804","07_report/CpG_context_sampling_249_804_trimmed_bismark_bt2.CpG",89,59,30,89
"1805","07_report/CpG_context_sampling_249_805_trimmed_bismark_bt2.CpG",90,57,33,90
"1806","07_report/CpG_context_sampling_249_806_trimmed_bismark_bt2.CpG",85,64,21,85
"1807","07_report/CpG_context_sampling_249_807_trimmed_bismark_bt2.CpG",89,67,22,89
"1808","07_report/CpG_context_sampling_249_808_trimmed_bismark_bt2.CpG",97,72,25,97
"1809","07_report/CpG_context_sampling_249_809_trimmed_bismark_bt2.CpG",87,64,23,87
"1810","07_report/CpG_context_sampling_249_810_trimmed_bismark_bt2.CpG",82,58,24,82
"1811","07_report/CpG_context_sampling_249_811_trimmed_bismark_bt2.CpG",98,61,37,98
"1812","07_report/CpG_context_sampling_249_812_trimmed_bismark_bt2.CpG",103,75,28,103
"1813","07_report/CpG_context_sampling_249_813_trimmed_bismark_bt2.CpG",72,58,14,72
"1814","07_report/CpG_context_sampling_249_814_trimmed_bismark_bt2.CpG",75,55,20,75
"1815","07_report/CpG_context_sampling_249_815_trimmed_bismark_bt2.CpG",100,70,30,100
"1816","07_report/CpG_context_sampling_249_816_trimmed_bismark_bt2.CpG",93,68,25,93
"1817","07_report/CpG_context_sampling_249_817_trimmed_bismark_bt2.CpG",94,65,29,94
"1818","07_report/CpG_context_sampling_249_818_trimmed_bismark_bt2.CpG",107,83,24,107
"1819","07_report/CpG_context_sampling_249_819_trimmed_bismark_bt2.CpG",77,58,19,77
"1820","07_report/CpG_context_sampling_249_820_trimmed_bismark_bt2.CpG",80,60,20,80
"1821","07_report/CpG_context_sampling_249_821_trimmed_bismark_bt2.CpG",84,57,27,84
"1822","07_report/CpG_context_sampling_249_822_trimmed_bismark_bt2.CpG",82,63,19,82
"1823","07_report/CpG_context_sampling_249_823_trimmed_bismark_bt2.CpG",86,64,22,86
"1824","07_report/CpG_context_sampling_249_824_trimmed_bismark_bt2.CpG",83,60,23,83
"1825","07_report/CpG_context_sampling_249_825_trimmed_bismark_bt2.CpG",91,58,33,91
"1826","07_report/CpG_context_sampling_249_826_trimmed_bismark_bt2.CpG",72,50,22,72
"1827","07_report/CpG_context_sampling_249_827_trimmed_bismark_bt2.CpG",76,63,13,76
"1828","07_report/CpG_context_sampling_249_828_trimmed_bismark_bt2.CpG",82,62,20,82
"1829","07_report/CpG_context_sampling_249_829_trimmed_bismark_bt2.CpG",87,54,33,87
"1830","07_report/CpG_context_sampling_249_830_trimmed_bismark_bt2.CpG",92,63,29,92
"1831","07_report/CpG_context_sampling_249_831_trimmed_bismark_bt2.CpG",87,63,24,87
"1832","07_report/CpG_context_sampling_249_832_trimmed_bismark_bt2.CpG",79,52,27,79
"1833","07_report/CpG_context_sampling_249_833_trimmed_bismark_bt2.CpG",73,49,24,73
"1834","07_report/CpG_context_sampling_249_834_trimmed_bismark_bt2.CpG",88,65,23,88
"1835","07_report/CpG_context_sampling_249_835_trimmed_bismark_bt2.CpG",89,68,21,89
"1836","07_report/CpG_context_sampling_249_836_trimmed_bismark_bt2.CpG",78,58,20,78
"1837","07_report/CpG_context_sampling_249_837_trimmed_bismark_bt2.CpG",102,66,36,102
"1838","07_report/CpG_context_sampling_249_838_trimmed_bismark_bt2.CpG",82,53,29,82
"1839","07_report/CpG_context_sampling_249_839_trimmed_bismark_bt2.CpG",90,65,25,90
"1840","07_report/CpG_context_sampling_249_840_trimmed_bismark_bt2.CpG",85,61,24,85
"1841","07_report/CpG_context_sampling_249_841_trimmed_bismark_bt2.CpG",91,61,30,91
"1842","07_report/CpG_context_sampling_249_842_trimmed_bismark_bt2.CpG",85,59,26,85
"1843","07_report/CpG_context_sampling_249_843_trimmed_bismark_bt2.CpG",97,65,32,97
"1844","07_report/CpG_context_sampling_249_844_trimmed_bismark_bt2.CpG",66,45,21,66
"1845","07_report/CpG_context_sampling_249_845_trimmed_bismark_bt2.CpG",89,64,25,89
"1846","07_report/CpG_context_sampling_249_846_trimmed_bismark_bt2.CpG",94,67,27,94
"1847","07_report/CpG_context_sampling_249_847_trimmed_bismark_bt2.CpG",72,55,17,72
"1848","07_report/CpG_context_sampling_249_848_trimmed_bismark_bt2.CpG",85,57,28,85
"1849","07_report/CpG_context_sampling_249_849_trimmed_bismark_bt2.CpG",85,58,27,85
"1850","07_report/CpG_context_sampling_249_850_trimmed_bismark_bt2.CpG",82,65,17,82
"1851","07_report/CpG_context_sampling_249_851_trimmed_bismark_bt2.CpG",98,64,34,98
"1852","07_report/CpG_context_sampling_249_852_trimmed_bismark_bt2.CpG",89,55,34,89
"1853","07_report/CpG_context_sampling_249_853_trimmed_bismark_bt2.CpG",93,64,29,93
"1854","07_report/CpG_context_sampling_249_854_trimmed_bismark_bt2.CpG",80,59,21,80
"1855","07_report/CpG_context_sampling_249_855_trimmed_bismark_bt2.CpG",82,58,24,82
"1856","07_report/CpG_context_sampling_249_856_trimmed_bismark_bt2.CpG",91,62,29,91
"1857","07_report/CpG_context_sampling_249_857_trimmed_bismark_bt2.CpG",92,66,26,92
"1858","07_report/CpG_context_sampling_249_858_trimmed_bismark_bt2.CpG",86,67,19,86
"1859","07_report/CpG_context_sampling_249_859_trimmed_bismark_bt2.CpG",80,52,28,80
"1860","07_report/CpG_context_sampling_249_860_trimmed_bismark_bt2.CpG",90,67,23,90
"1861","07_report/CpG_context_sampling_249_861_trimmed_bismark_bt2.CpG",97,69,28,97
"1862","07_report/CpG_context_sampling_249_862_trimmed_bismark_bt2.CpG",76,54,22,76
"1863","07_report/CpG_context_sampling_249_863_trimmed_bismark_bt2.CpG",81,61,20,81
"1864","07_report/CpG_context_sampling_249_864_trimmed_bismark_bt2.CpG",76,60,16,76
"1865","07_report/CpG_context_sampling_249_865_trimmed_bismark_bt2.CpG",91,62,29,91
"1866","07_report/CpG_context_sampling_249_866_trimmed_bismark_bt2.CpG",81,62,19,81
"1867","07_report/CpG_context_sampling_249_867_trimmed_bismark_bt2.CpG",88,68,20,88
"1868","07_report/CpG_context_sampling_249_868_trimmed_bismark_bt2.CpG",79,59,20,79
"1869","07_report/CpG_context_sampling_249_869_trimmed_bismark_bt2.CpG",81,57,24,81
"1870","07_report/CpG_context_sampling_249_870_trimmed_bismark_bt2.CpG",96,69,27,96
"1871","07_report/CpG_context_sampling_249_871_trimmed_bismark_bt2.CpG",90,64,26,90
"1872","07_report/CpG_context_sampling_249_872_trimmed_bismark_bt2.CpG",95,61,34,95
"1873","07_report/CpG_context_sampling_249_873_trimmed_bismark_bt2.CpG",87,62,25,87
"1874","07_report/CpG_context_sampling_249_874_trimmed_bismark_bt2.CpG",79,59,20,79
"1875","07_report/CpG_context_sampling_249_875_trimmed_bismark_bt2.CpG",86,60,26,86
"1876","07_report/CpG_context_sampling_249_876_trimmed_bismark_bt2.CpG",93,60,33,93
"1877","07_report/CpG_context_sampling_249_877_trimmed_bismark_bt2.CpG",85,59,26,85
"1878","07_report/CpG_context_sampling_249_878_trimmed_bismark_bt2.CpG",80,54,26,80
"1879","07_report/CpG_context_sampling_249_879_trimmed_bismark_bt2.CpG",82,58,24,82
"1880","07_report/CpG_context_sampling_249_880_trimmed_bismark_bt2.CpG",88,63,25,88
"1881","07_report/CpG_context_sampling_249_881_trimmed_bismark_bt2.CpG",73,46,27,73
"1882","07_report/CpG_context_sampling_249_882_trimmed_bismark_bt2.CpG",83,55,28,83
"1883","07_report/CpG_context_sampling_249_883_trimmed_bismark_bt2.CpG",84,60,24,84
"1884","07_report/CpG_context_sampling_249_884_trimmed_bismark_bt2.CpG",90,67,23,90
"1885","07_report/CpG_context_sampling_249_885_trimmed_bismark_bt2.CpG",82,57,25,82
"1886","07_report/CpG_context_sampling_249_886_trimmed_bismark_bt2.CpG",85,63,22,85
"1887","07_report/CpG_context_sampling_249_887_trimmed_bismark_bt2.CpG",74,54,20,74
"1888","07_report/CpG_context_sampling_249_888_trimmed_bismark_bt2.CpG",83,55,28,83
"1889","07_report/CpG_context_sampling_249_889_trimmed_bismark_bt2.CpG",87,66,21,87
"1890","07_report/CpG_context_sampling_249_890_trimmed_bismark_bt2.CpG",93,69,24,93
"1891","07_report/CpG_context_sampling_249_891_trimmed_bismark_bt2.CpG",77,50,27,77
"1892","07_report/CpG_context_sampling_249_892_trimmed_bismark_bt2.CpG",91,73,18,91
"1893","07_report/CpG_context_sampling_249_893_trimmed_bismark_bt2.CpG",78,55,23,78
"1894","07_report/CpG_context_sampling_249_894_trimmed_bismark_bt2.CpG",80,55,25,80
"1895","07_report/CpG_context_sampling_249_895_trimmed_bismark_bt2.CpG",71,51,20,71
"1896","07_report/CpG_context_sampling_249_896_trimmed_bismark_bt2.CpG",77,57,20,77
"1897","07_report/CpG_context_sampling_249_897_trimmed_bismark_bt2.CpG",87,59,28,87
"1898","07_report/CpG_context_sampling_249_898_trimmed_bismark_bt2.CpG",79,55,24,79
"1899","07_report/CpG_context_sampling_249_899_trimmed_bismark_bt2.CpG",91,68,23,91
"1900","07_report/CpG_context_sampling_249_900_trimmed_bismark_bt2.CpG",84,64,20,84
"1901","07_report/CpG_context_sampling_249_901_trimmed_bismark_bt2.CpG",88,61,27,88
"1902","07_report/CpG_context_sampling_249_902_trimmed_bismark_bt2.CpG",90,68,22,90
"1903","07_report/CpG_context_sampling_249_903_trimmed_bismark_bt2.CpG",87,62,25,87
"1904","07_report/CpG_context_sampling_249_904_trimmed_bismark_bt2.CpG",101,72,29,101
"1905","07_report/CpG_context_sampling_249_905_trimmed_bismark_bt2.CpG",94,70,24,94
"1906","07_report/CpG_context_sampling_249_906_trimmed_bismark_bt2.CpG",94,66,28,94
"1907","07_report/CpG_context_sampling_249_907_trimmed_bismark_bt2.CpG",82,55,27,82
"1908","07_report/CpG_context_sampling_249_908_trimmed_bismark_bt2.CpG",92,69,23,92
"1909","07_report/CpG_context_sampling_249_909_trimmed_bismark_bt2.CpG",84,63,21,84
"1910","07_report/CpG_context_sampling_249_910_trimmed_bismark_bt2.CpG",89,63,26,89
"1911","07_report/CpG_context_sampling_249_911_trimmed_bismark_bt2.CpG",92,64,28,92
"1912","07_report/CpG_context_sampling_249_912_trimmed_bismark_bt2.CpG",87,67,20,87
"1913","07_report/CpG_context_sampling_249_913_trimmed_bismark_bt2.CpG",87,66,21,87
"1914","07_report/CpG_context_sampling_249_914_trimmed_bismark_bt2.CpG",88,62,26,88
"1915","07_report/CpG_context_sampling_249_915_trimmed_bismark_bt2.CpG",87,66,21,87
"1916","07_report/CpG_context_sampling_249_916_trimmed_bismark_bt2.CpG",87,58,29,87
"1917","07_report/CpG_context_sampling_249_917_trimmed_bismark_bt2.CpG",85,57,28,85
"1918","07_report/CpG_context_sampling_249_918_trimmed_bismark_bt2.CpG",83,51,32,83
"1919","07_report/CpG_context_sampling_249_919_trimmed_bismark_bt2.CpG",84,55,29,84
"1920","07_report/CpG_context_sampling_249_920_trimmed_bismark_bt2.CpG",87,67,20,87
"1921","07_report/CpG_context_sampling_249_921_trimmed_bismark_bt2.CpG",92,70,22,92
"1922","07_report/CpG_context_sampling_249_922_trimmed_bismark_bt2.CpG",85,66,19,85
"1923","07_report/CpG_context_sampling_249_923_trimmed_bismark_bt2.CpG",89,67,22,89
"1924","07_report/CpG_context_sampling_249_924_trimmed_bismark_bt2.CpG",85,56,29,85
"1925","07_report/CpG_context_sampling_249_925_trimmed_bismark_bt2.CpG",81,56,25,81
"1926","07_report/CpG_context_sampling_249_926_trimmed_bismark_bt2.CpG",88,68,20,88
"1927","07_report/CpG_context_sampling_249_927_trimmed_bismark_bt2.CpG",97,77,20,97
"1928","07_report/CpG_context_sampling_249_928_trimmed_bismark_bt2.CpG",94,61,33,94
"1929","07_report/CpG_context_sampling_249_929_trimmed_bismark_bt2.CpG",95,69,26,95
"1930","07_report/CpG_context_sampling_249_930_trimmed_bismark_bt2.CpG",94,61,33,94
"1931","07_report/CpG_context_sampling_249_931_trimmed_bismark_bt2.CpG",75,54,21,75
"1932","07_report/CpG_context_sampling_249_932_trimmed_bismark_bt2.CpG",88,73,15,88
"1933","07_report/CpG_context_sampling_249_933_trimmed_bismark_bt2.CpG",87,59,28,87
"1934","07_report/CpG_context_sampling_249_934_trimmed_bismark_bt2.CpG",88,60,28,88
"1935","07_report/CpG_context_sampling_249_935_trimmed_bismark_bt2.CpG",74,54,20,74
"1936","07_report/CpG_context_sampling_249_936_trimmed_bismark_bt2.CpG",88,61,27,88
"1937","07_report/CpG_context_sampling_249_937_trimmed_bismark_bt2.CpG",86,60,26,86
"1938","07_report/CpG_context_sampling_249_938_trimmed_bismark_bt2.CpG",97,66,31,97
"1939","07_report/CpG_context_sampling_249_939_trimmed_bismark_bt2.CpG",84,60,24,84
"1940","07_report/CpG_context_sampling_249_940_trimmed_bismark_bt2.CpG",91,58,33,91
"1941","07_report/CpG_context_sampling_249_941_trimmed_bismark_bt2.CpG",80,58,22,80
"1942","07_report/CpG_context_sampling_249_942_trimmed_bismark_bt2.CpG",87,59,28,87
"1943","07_report/CpG_context_sampling_249_943_trimmed_bismark_bt2.CpG",78,52,26,78
"1944","07_report/CpG_context_sampling_249_944_trimmed_bismark_bt2.CpG",82,62,20,82
"1945","07_report/CpG_context_sampling_249_945_trimmed_bismark_bt2.CpG",89,65,24,89
"1946","07_report/CpG_context_sampling_249_946_trimmed_bismark_bt2.CpG",80,58,22,80
"1947","07_report/CpG_context_sampling_249_947_trimmed_bismark_bt2.CpG",90,65,25,90
"1948","07_report/CpG_context_sampling_249_948_trimmed_bismark_bt2.CpG",78,55,23,78
"1949","07_report/CpG_context_sampling_249_949_trimmed_bismark_bt2.CpG",80,51,29,80
"1950","07_report/CpG_context_sampling_249_950_trimmed_bismark_bt2.CpG",73,59,14,73
"1951","07_report/CpG_context_sampling_249_951_trimmed_bismark_bt2.CpG",83,58,25,83
"1952","07_report/CpG_context_sampling_249_952_trimmed_bismark_bt2.CpG",94,68,26,94
"1953","07_report/CpG_context_sampling_249_953_trimmed_bismark_bt2.CpG",94,63,31,94
"1954","07_report/CpG_context_sampling_249_954_trimmed_bismark_bt2.CpG",85,56,29,85
"1955","07_report/CpG_context_sampling_249_955_trimmed_bismark_bt2.CpG",84,62,22,84
"1956","07_report/CpG_context_sampling_249_956_trimmed_bismark_bt2.CpG",83,57,26,83
"1957","07_report/CpG_context_sampling_249_957_trimmed_bismark_bt2.CpG",96,66,30,96
"1958","07_report/CpG_context_sampling_249_958_trimmed_bismark_bt2.CpG",88,65,23,88
"1959","07_report/CpG_context_sampling_249_959_trimmed_bismark_bt2.CpG",88,65,23,88
"1960","07_report/CpG_context_sampling_249_960_trimmed_bismark_bt2.CpG",85,60,25,85
"1961","07_report/CpG_context_sampling_249_961_trimmed_bismark_bt2.CpG",82,63,19,82
"1962","07_report/CpG_context_sampling_249_962_trimmed_bismark_bt2.CpG",91,62,29,91
"1963","07_report/CpG_context_sampling_249_963_trimmed_bismark_bt2.CpG",94,69,25,94
"1964","07_report/CpG_context_sampling_249_964_trimmed_bismark_bt2.CpG",96,69,27,96
"1965","07_report/CpG_context_sampling_249_965_trimmed_bismark_bt2.CpG",100,71,29,100
"1966","07_report/CpG_context_sampling_249_966_trimmed_bismark_bt2.CpG",97,69,28,97
"1967","07_report/CpG_context_sampling_249_967_trimmed_bismark_bt2.CpG",85,69,16,85
"1968","07_report/CpG_context_sampling_249_968_trimmed_bismark_bt2.CpG",76,57,19,76
"1969","07_report/CpG_context_sampling_249_969_trimmed_bismark_bt2.CpG",87,63,24,87
"1970","07_report/CpG_context_sampling_249_970_trimmed_bismark_bt2.CpG",89,67,22,89
"1971","07_report/CpG_context_sampling_249_971_trimmed_bismark_bt2.CpG",94,71,23,94
"1972","07_report/CpG_context_sampling_249_972_trimmed_bismark_bt2.CpG",79,53,26,79
"1973","07_report/CpG_context_sampling_249_973_trimmed_bismark_bt2.CpG",81,67,14,81
"1974","07_report/CpG_context_sampling_249_974_trimmed_bismark_bt2.CpG",74,53,21,74
"1975","07_report/CpG_context_sampling_249_975_trimmed_bismark_bt2.CpG",85,65,20,85
"1976","07_report/CpG_context_sampling_249_976_trimmed_bismark_bt2.CpG",95,74,21,95
"1977","07_report/CpG_context_sampling_249_977_trimmed_bismark_bt2.CpG",86,52,34,86
"1978","07_report/CpG_context_sampling_249_978_trimmed_bismark_bt2.CpG",97,75,22,97
"1979","07_report/CpG_context_sampling_249_979_trimmed_bismark_bt2.CpG",97,68,29,97
"1980","07_report/CpG_context_sampling_249_980_trimmed_bismark_bt2.CpG",91,70,21,91
"1981","07_report/CpG_context_sampling_249_981_trimmed_bismark_bt2.CpG",87,62,25,87
"1982","07_report/CpG_context_sampling_249_982_trimmed_bismark_bt2.CpG",76,57,19,76
"1983","07_report/CpG_context_sampling_249_983_trimmed_bismark_bt2.CpG",88,65,23,88
"1984","07_report/CpG_context_sampling_249_984_trimmed_bismark_bt2.CpG",72,56,16,72
"1985","07_report/CpG_context_sampling_249_985_trimmed_bismark_bt2.CpG",86,59,27,86
"1986","07_report/CpG_context_sampling_249_986_trimmed_bismark_bt2.CpG",93,72,21,93
"1987","07_report/CpG_context_sampling_249_987_trimmed_bismark_bt2.CpG",82,52,30,82
"1988","07_report/CpG_context_sampling_249_988_trimmed_bismark_bt2.CpG",79,66,13,79
"1989","07_report/CpG_context_sampling_249_989_trimmed_bismark_bt2.CpG",73,52,21,73
"1990","07_report/CpG_context_sampling_249_990_trimmed_bismark_bt2.CpG",96,73,23,96
"1991","07_report/CpG_context_sampling_249_991_trimmed_bismark_bt2.CpG",80,56,24,80
"1992","07_report/CpG_context_sampling_249_992_trimmed_bismark_bt2.CpG",74,55,19,74
"1993","07_report/CpG_context_sampling_249_993_trimmed_bismark_bt2.CpG",94,59,35,94
"1994","07_report/CpG_context_sampling_249_994_trimmed_bismark_bt2.CpG",101,76,25,101
"1995","07_report/CpG_context_sampling_249_995_trimmed_bismark_bt2.CpG",84,60,24,84
"1996","07_report/CpG_context_sampling_249_996_trimmed_bismark_bt2.CpG",88,67,21,88
"1997","07_report/CpG_context_sampling_249_997_trimmed_bismark_bt2.CpG",88,60,28,88
"1998","07_report/CpG_context_sampling_249_998_trimmed_bismark_bt2.CpG",93,71,22,93
"1999","07_report/CpG_context_sampling_249_999_trimmed_bismark_bt2.CpG",79,63,16,79
"2000","07_report/CpG_context_sampling_249_1000_trimmed_bismark_bt2.CpG",95,70,25,95
"2001","07_report/CpG_context_sampling_623_1_trimmed_bismark_bt2.CpG",196,147,49,196
"2002","07_report/CpG_context_sampling_623_2_trimmed_bismark_bt2.CpG",208,149,59,208
"2003","07_report/CpG_context_sampling_623_3_trimmed_bismark_bt2.CpG",220,149,71,220
"2004","07_report/CpG_context_sampling_623_4_trimmed_bismark_bt2.CpG",198,138,60,198
"2005","07_report/CpG_context_sampling_623_5_trimmed_bismark_bt2.CpG",216,163,53,216
"2006","07_report/CpG_context_sampling_623_6_trimmed_bismark_bt2.CpG",185,125,60,185
"2007","07_report/CpG_context_sampling_623_7_trimmed_bismark_bt2.CpG",206,151,55,206
"2008","07_report/CpG_context_sampling_623_8_trimmed_bismark_bt2.CpG",215,144,71,215
"2009","07_report/CpG_context_sampling_623_9_trimmed_bismark_bt2.CpG",228,166,62,228
"2010","07_report/CpG_context_sampling_623_10_trimmed_bismark_bt2.CpG",218,147,71,218
"2011","07_report/CpG_context_sampling_623_11_trimmed_bismark_bt2.CpG",215,157,58,215
"2012","07_report/CpG_context_sampling_623_12_trimmed_bismark_bt2.CpG",204,147,57,204
"2013","07_report/CpG_context_sampling_623_13_trimmed_bismark_bt2.CpG",216,159,57,216
"2014","07_report/CpG_context_sampling_623_14_trimmed_bismark_bt2.CpG",201,128,73,201
"2015","07_report/CpG_context_sampling_623_15_trimmed_bismark_bt2.CpG",216,155,61,216
"2016","07_report/CpG_context_sampling_623_16_trimmed_bismark_bt2.CpG",215,153,62,215
"2017","07_report/CpG_context_sampling_623_17_trimmed_bismark_bt2.CpG",211,149,62,211
"2018","07_report/CpG_context_sampling_623_18_trimmed_bismark_bt2.CpG",220,148,72,220
"2019","07_report/CpG_context_sampling_623_19_trimmed_bismark_bt2.CpG",208,153,55,208
"2020","07_report/CpG_context_sampling_623_20_trimmed_bismark_bt2.CpG",231,164,67,231
"2021","07_report/CpG_context_sampling_623_21_trimmed_bismark_bt2.CpG",219,147,72,219
"2022","07_report/CpG_context_sampling_623_22_trimmed_bismark_bt2.CpG",226,172,54,226
"2023","07_report/CpG_context_sampling_623_23_trimmed_bismark_bt2.CpG",212,148,64,212
"2024","07_report/CpG_context_sampling_623_24_trimmed_bismark_bt2.CpG",207,138,69,207
"2025","07_report/CpG_context_sampling_623_25_trimmed_bismark_bt2.CpG",225,161,64,225
"2026","07_report/CpG_context_sampling_623_26_trimmed_bismark_bt2.CpG",227,150,77,227
"2027","07_report/CpG_context_sampling_623_27_trimmed_bismark_bt2.CpG",208,147,61,208
"2028","07_report/CpG_context_sampling_623_28_trimmed_bismark_bt2.CpG",205,144,61,205
"2029","07_report/CpG_context_sampling_623_29_trimmed_bismark_bt2.CpG",239,170,69,239
"2030","07_report/CpG_context_sampling_623_30_trimmed_bismark_bt2.CpG",208,159,49,208
"2031","07_report/CpG_context_sampling_623_31_trimmed_bismark_bt2.CpG",227,162,65,227
"2032","07_report/CpG_context_sampling_623_32_trimmed_bismark_bt2.CpG",219,155,64,219
"2033","07_report/CpG_context_sampling_623_33_trimmed_bismark_bt2.CpG",205,145,60,205
"2034","07_report/CpG_context_sampling_623_34_trimmed_bismark_bt2.CpG",217,148,69,217
"2035","07_report/CpG_context_sampling_623_35_trimmed_bismark_bt2.CpG",227,168,59,227
"2036","07_report/CpG_context_sampling_623_36_trimmed_bismark_bt2.CpG",228,156,72,228
"2037","07_report/CpG_context_sampling_623_37_trimmed_bismark_bt2.CpG",225,164,61,225
"2038","07_report/CpG_context_sampling_623_38_trimmed_bismark_bt2.CpG",214,148,66,214
"2039","07_report/CpG_context_sampling_623_39_trimmed_bismark_bt2.CpG",203,152,51,203
"2040","07_report/CpG_context_sampling_623_40_trimmed_bismark_bt2.CpG",221,164,57,221
"2041","07_report/CpG_context_sampling_623_41_trimmed_bismark_bt2.CpG",236,174,62,236
"2042","07_report/CpG_context_sampling_623_42_trimmed_bismark_bt2.CpG",209,138,71,209
"2043","07_report/CpG_context_sampling_623_43_trimmed_bismark_bt2.CpG",227,169,58,227
"2044","07_report/CpG_context_sampling_623_44_trimmed_bismark_bt2.CpG",222,161,61,222
"2045","07_report/CpG_context_sampling_623_45_trimmed_bismark_bt2.CpG",201,151,50,201
"2046","07_report/CpG_context_sampling_623_46_trimmed_bismark_bt2.CpG",230,160,70,230
"2047","07_report/CpG_context_sampling_623_47_trimmed_bismark_bt2.CpG",224,173,51,224
"2048","07_report/CpG_context_sampling_623_48_trimmed_bismark_bt2.CpG",239,177,62,239
"2049","07_report/CpG_context_sampling_623_49_trimmed_bismark_bt2.CpG",212,144,68,212
"2050","07_report/CpG_context_sampling_623_50_trimmed_bismark_bt2.CpG",200,138,62,200
"2051","07_report/CpG_context_sampling_623_51_trimmed_bismark_bt2.CpG",233,160,73,233
"2052","07_report/CpG_context_sampling_623_52_trimmed_bismark_bt2.CpG",220,147,73,220
"2053","07_report/CpG_context_sampling_623_53_trimmed_bismark_bt2.CpG",209,147,62,209
"2054","07_report/CpG_context_sampling_623_54_trimmed_bismark_bt2.CpG",218,163,55,218
"2055","07_report/CpG_context_sampling_623_55_trimmed_bismark_bt2.CpG",209,148,61,209
"2056","07_report/CpG_context_sampling_623_56_trimmed_bismark_bt2.CpG",213,158,55,213
"2057","07_report/CpG_context_sampling_623_57_trimmed_bismark_bt2.CpG",224,161,63,224
"2058","07_report/CpG_context_sampling_623_58_trimmed_bismark_bt2.CpG",222,157,65,222
"2059","07_report/CpG_context_sampling_623_59_trimmed_bismark_bt2.CpG",203,150,53,203
"2060","07_report/CpG_context_sampling_623_60_trimmed_bismark_bt2.CpG",220,161,59,220
"2061","07_report/CpG_context_sampling_623_61_trimmed_bismark_bt2.CpG",228,157,71,228
"2062","07_report/CpG_context_sampling_623_62_trimmed_bismark_bt2.CpG",210,150,60,210
"2063","07_report/CpG_context_sampling_623_63_trimmed_bismark_bt2.CpG",199,144,55,199
"2064","07_report/CpG_context_sampling_623_64_trimmed_bismark_bt2.CpG",227,170,57,227
"2065","07_report/CpG_context_sampling_623_65_trimmed_bismark_bt2.CpG",219,157,62,219
"2066","07_report/CpG_context_sampling_623_66_trimmed_bismark_bt2.CpG",210,141,69,210
"2067","07_report/CpG_context_sampling_623_67_trimmed_bismark_bt2.CpG",228,172,56,228
"2068","07_report/CpG_context_sampling_623_68_trimmed_bismark_bt2.CpG",208,150,58,208
"2069","07_report/CpG_context_sampling_623_69_trimmed_bismark_bt2.CpG",217,161,56,217
"2070","07_report/CpG_context_sampling_623_70_trimmed_bismark_bt2.CpG",226,167,59,226
"2071","07_report/CpG_context_sampling_623_71_trimmed_bismark_bt2.CpG",222,159,63,222
"2072","07_report/CpG_context_sampling_623_72_trimmed_bismark_bt2.CpG",210,156,54,210
"2073","07_report/CpG_context_sampling_623_73_trimmed_bismark_bt2.CpG",219,154,65,219
"2074","07_report/CpG_context_sampling_623_74_trimmed_bismark_bt2.CpG",206,148,58,206
"2075","07_report/CpG_context_sampling_623_75_trimmed_bismark_bt2.CpG",211,149,62,211
"2076","07_report/CpG_context_sampling_623_76_trimmed_bismark_bt2.CpG",225,160,65,225
"2077","07_report/CpG_context_sampling_623_77_trimmed_bismark_bt2.CpG",211,149,62,211
"2078","07_report/CpG_context_sampling_623_78_trimmed_bismark_bt2.CpG",208,155,53,208
"2079","07_report/CpG_context_sampling_623_79_trimmed_bismark_bt2.CpG",223,153,70,223
"2080","07_report/CpG_context_sampling_623_80_trimmed_bismark_bt2.CpG",187,138,49,187
"2081","07_report/CpG_context_sampling_623_81_trimmed_bismark_bt2.CpG",203,143,60,203
"2082","07_report/CpG_context_sampling_623_82_trimmed_bismark_bt2.CpG",216,152,64,216
"2083","07_report/CpG_context_sampling_623_83_trimmed_bismark_bt2.CpG",206,139,67,206
"2084","07_report/CpG_context_sampling_623_84_trimmed_bismark_bt2.CpG",209,155,54,209
"2085","07_report/CpG_context_sampling_623_85_trimmed_bismark_bt2.CpG",208,152,56,208
"2086","07_report/CpG_context_sampling_623_86_trimmed_bismark_bt2.CpG",205,146,59,205
"2087","07_report/CpG_context_sampling_623_87_trimmed_bismark_bt2.CpG",205,144,61,205
"2088","07_report/CpG_context_sampling_623_88_trimmed_bismark_bt2.CpG",238,174,64,238
"2089","07_report/CpG_context_sampling_623_89_trimmed_bismark_bt2.CpG",210,136,74,210
"2090","07_report/CpG_context_sampling_623_90_trimmed_bismark_bt2.CpG",211,154,57,211
"2091","07_report/CpG_context_sampling_623_91_trimmed_bismark_bt2.CpG",209,151,58,209
"2092","07_report/CpG_context_sampling_623_92_trimmed_bismark_bt2.CpG",218,149,69,218
"2093","07_report/CpG_context_sampling_623_93_trimmed_bismark_bt2.CpG",217,152,65,217
"2094","07_report/CpG_context_sampling_623_94_trimmed_bismark_bt2.CpG",201,142,59,201
"2095","07_report/CpG_context_sampling_623_95_trimmed_bismark_bt2.CpG",186,126,60,186
"2096","07_report/CpG_context_sampling_623_96_trimmed_bismark_bt2.CpG",228,165,63,228
"2097","07_report/CpG_context_sampling_623_97_trimmed_bismark_bt2.CpG",230,146,84,230
"2098","07_report/CpG_context_sampling_623_98_trimmed_bismark_bt2.CpG",222,168,54,222
"2099","07_report/CpG_context_sampling_623_99_trimmed_bismark_bt2.CpG",222,153,69,222
"2100","07_report/CpG_context_sampling_623_100_trimmed_bismark_bt2.CpG",209,146,63,209
"2101","07_report/CpG_context_sampling_623_101_trimmed_bismark_bt2.CpG",205,161,44,205
"2102","07_report/CpG_context_sampling_623_102_trimmed_bismark_bt2.CpG",229,176,53,229
"2103","07_report/CpG_context_sampling_623_103_trimmed_bismark_bt2.CpG",218,169,49,218
"2104","07_report/CpG_context_sampling_623_104_trimmed_bismark_bt2.CpG",200,137,63,200
"2105","07_report/CpG_context_sampling_623_105_trimmed_bismark_bt2.CpG",199,142,57,199
"2106","07_report/CpG_context_sampling_623_106_trimmed_bismark_bt2.CpG",229,164,65,229
"2107","07_report/CpG_context_sampling_623_107_trimmed_bismark_bt2.CpG",224,166,58,224
"2108","07_report/CpG_context_sampling_623_108_trimmed_bismark_bt2.CpG",198,139,59,198
"2109","07_report/CpG_context_sampling_623_109_trimmed_bismark_bt2.CpG",229,160,69,229
"2110","07_report/CpG_context_sampling_623_110_trimmed_bismark_bt2.CpG",241,182,59,241
"2111","07_report/CpG_context_sampling_623_111_trimmed_bismark_bt2.CpG",231,167,64,231
"2112","07_report/CpG_context_sampling_623_112_trimmed_bismark_bt2.CpG",234,168,66,234
"2113","07_report/CpG_context_sampling_623_113_trimmed_bismark_bt2.CpG",227,153,74,227
"2114","07_report/CpG_context_sampling_623_114_trimmed_bismark_bt2.CpG",202,136,66,202
"2115","07_report/CpG_context_sampling_623_115_trimmed_bismark_bt2.CpG",224,162,62,224
"2116","07_report/CpG_context_sampling_623_116_trimmed_bismark_bt2.CpG",206,141,65,206
"2117","07_report/CpG_context_sampling_623_117_trimmed_bismark_bt2.CpG",197,154,43,197
"2118","07_report/CpG_context_sampling_623_118_trimmed_bismark_bt2.CpG",221,153,68,221
"2119","07_report/CpG_context_sampling_623_119_trimmed_bismark_bt2.CpG",187,132,55,187
"2120","07_report/CpG_context_sampling_623_120_trimmed_bismark_bt2.CpG",210,155,55,210
"2121","07_report/CpG_context_sampling_623_121_trimmed_bismark_bt2.CpG",211,157,54,211
"2122","07_report/CpG_context_sampling_623_122_trimmed_bismark_bt2.CpG",218,158,60,218
"2123","07_report/CpG_context_sampling_623_123_trimmed_bismark_bt2.CpG",224,165,59,224
"2124","07_report/CpG_context_sampling_623_124_trimmed_bismark_bt2.CpG",212,154,58,212
"2125","07_report/CpG_context_sampling_623_125_trimmed_bismark_bt2.CpG",211,159,52,211
"2126","07_report/CpG_context_sampling_623_126_trimmed_bismark_bt2.CpG",228,165,63,228
"2127","07_report/CpG_context_sampling_623_127_trimmed_bismark_bt2.CpG",217,151,66,217
"2128","07_report/CpG_context_sampling_623_128_trimmed_bismark_bt2.CpG",221,161,60,221
"2129","07_report/CpG_context_sampling_623_129_trimmed_bismark_bt2.CpG",205,145,60,205
"2130","07_report/CpG_context_sampling_623_130_trimmed_bismark_bt2.CpG",204,159,45,204
"2131","07_report/CpG_context_sampling_623_131_trimmed_bismark_bt2.CpG",222,170,52,222
"2132","07_report/CpG_context_sampling_623_132_trimmed_bismark_bt2.CpG",227,179,48,227
"2133","07_report/CpG_context_sampling_623_133_trimmed_bismark_bt2.CpG",221,169,52,221
"2134","07_report/CpG_context_sampling_623_134_trimmed_bismark_bt2.CpG",227,157,70,227
"2135","07_report/CpG_context_sampling_623_135_trimmed_bismark_bt2.CpG",220,158,62,220
"2136","07_report/CpG_context_sampling_623_136_trimmed_bismark_bt2.CpG",214,155,59,214
"2137","07_report/CpG_context_sampling_623_137_trimmed_bismark_bt2.CpG",202,146,56,202
"2138","07_report/CpG_context_sampling_623_138_trimmed_bismark_bt2.CpG",214,141,73,214
"2139","07_report/CpG_context_sampling_623_139_trimmed_bismark_bt2.CpG",208,153,55,208
"2140","07_report/CpG_context_sampling_623_140_trimmed_bismark_bt2.CpG",219,158,61,219
"2141","07_report/CpG_context_sampling_623_141_trimmed_bismark_bt2.CpG",231,164,67,231
"2142","07_report/CpG_context_sampling_623_142_trimmed_bismark_bt2.CpG",227,166,61,227
"2143","07_report/CpG_context_sampling_623_143_trimmed_bismark_bt2.CpG",232,170,62,232
"2144","07_report/CpG_context_sampling_623_144_trimmed_bismark_bt2.CpG",203,147,56,203
"2145","07_report/CpG_context_sampling_623_145_trimmed_bismark_bt2.CpG",215,147,68,215
"2146","07_report/CpG_context_sampling_623_146_trimmed_bismark_bt2.CpG",228,166,62,228
"2147","07_report/CpG_context_sampling_623_147_trimmed_bismark_bt2.CpG",210,148,62,210
"2148","07_report/CpG_context_sampling_623_148_trimmed_bismark_bt2.CpG",205,151,54,205
"2149","07_report/CpG_context_sampling_623_149_trimmed_bismark_bt2.CpG",240,171,69,240
"2150","07_report/CpG_context_sampling_623_150_trimmed_bismark_bt2.CpG",211,151,60,211
"2151","07_report/CpG_context_sampling_623_151_trimmed_bismark_bt2.CpG",227,163,64,227
"2152","07_report/CpG_context_sampling_623_152_trimmed_bismark_bt2.CpG",232,162,70,232
"2153","07_report/CpG_context_sampling_623_153_trimmed_bismark_bt2.CpG",206,154,52,206
"2154","07_report/CpG_context_sampling_623_154_trimmed_bismark_bt2.CpG",209,145,64,209
"2155","07_report/CpG_context_sampling_623_155_trimmed_bismark_bt2.CpG",213,146,67,213
"2156","07_report/CpG_context_sampling_623_156_trimmed_bismark_bt2.CpG",221,166,55,221
"2157","07_report/CpG_context_sampling_623_157_trimmed_bismark_bt2.CpG",210,155,55,210
"2158","07_report/CpG_context_sampling_623_158_trimmed_bismark_bt2.CpG",214,152,62,214
"2159","07_report/CpG_context_sampling_623_159_trimmed_bismark_bt2.CpG",223,164,59,223
"2160","07_report/CpG_context_sampling_623_160_trimmed_bismark_bt2.CpG",217,156,61,217
"2161","07_report/CpG_context_sampling_623_161_trimmed_bismark_bt2.CpG",205,138,67,205
"2162","07_report/CpG_context_sampling_623_162_trimmed_bismark_bt2.CpG",211,154,57,211
"2163","07_report/CpG_context_sampling_623_163_trimmed_bismark_bt2.CpG",225,161,64,225
"2164","07_report/CpG_context_sampling_623_164_trimmed_bismark_bt2.CpG",211,159,52,211
"2165","07_report/CpG_context_sampling_623_165_trimmed_bismark_bt2.CpG",217,154,63,217
"2166","07_report/CpG_context_sampling_623_166_trimmed_bismark_bt2.CpG",201,146,55,201
"2167","07_report/CpG_context_sampling_623_167_trimmed_bismark_bt2.CpG",210,152,58,210
"2168","07_report/CpG_context_sampling_623_168_trimmed_bismark_bt2.CpG",209,158,51,209
"2169","07_report/CpG_context_sampling_623_169_trimmed_bismark_bt2.CpG",221,158,63,221
"2170","07_report/CpG_context_sampling_623_170_trimmed_bismark_bt2.CpG",220,164,56,220
"2171","07_report/CpG_context_sampling_623_171_trimmed_bismark_bt2.CpG",210,148,62,210
"2172","07_report/CpG_context_sampling_623_172_trimmed_bismark_bt2.CpG",217,163,54,217
"2173","07_report/CpG_context_sampling_623_173_trimmed_bismark_bt2.CpG",210,156,54,210
"2174","07_report/CpG_context_sampling_623_174_trimmed_bismark_bt2.CpG",210,157,53,210
"2175","07_report/CpG_context_sampling_623_175_trimmed_bismark_bt2.CpG",227,155,72,227
"2176","07_report/CpG_context_sampling_623_176_trimmed_bismark_bt2.CpG",206,150,56,206
"2177","07_report/CpG_context_sampling_623_177_trimmed_bismark_bt2.CpG",207,152,55,207
"2178","07_report/CpG_context_sampling_623_178_trimmed_bismark_bt2.CpG",218,156,62,218
"2179","07_report/CpG_context_sampling_623_179_trimmed_bismark_bt2.CpG",224,156,68,224
"2180","07_report/CpG_context_sampling_623_180_trimmed_bismark_bt2.CpG",213,159,54,213
"2181","07_report/CpG_context_sampling_623_181_trimmed_bismark_bt2.CpG",215,163,52,215
"2182","07_report/CpG_context_sampling_623_182_trimmed_bismark_bt2.CpG",227,153,74,227
"2183","07_report/CpG_context_sampling_623_183_trimmed_bismark_bt2.CpG",202,153,49,202
"2184","07_report/CpG_context_sampling_623_184_trimmed_bismark_bt2.CpG",227,154,73,227
"2185","07_report/CpG_context_sampling_623_185_trimmed_bismark_bt2.CpG",213,161,52,213
"2186","07_report/CpG_context_sampling_623_186_trimmed_bismark_bt2.CpG",224,151,73,224
"2187","07_report/CpG_context_sampling_623_187_trimmed_bismark_bt2.CpG",198,136,62,198
"2188","07_report/CpG_context_sampling_623_188_trimmed_bismark_bt2.CpG",204,142,62,204
"2189","07_report/CpG_context_sampling_623_189_trimmed_bismark_bt2.CpG",232,165,67,232
"2190","07_report/CpG_context_sampling_623_190_trimmed_bismark_bt2.CpG",202,151,51,202
"2191","07_report/CpG_context_sampling_623_191_trimmed_bismark_bt2.CpG",218,167,51,218
"2192","07_report/CpG_context_sampling_623_192_trimmed_bismark_bt2.CpG",209,152,57,209
"2193","07_report/CpG_context_sampling_623_193_trimmed_bismark_bt2.CpG",213,147,66,213
"2194","07_report/CpG_context_sampling_623_194_trimmed_bismark_bt2.CpG",240,169,71,240
"2195","07_report/CpG_context_sampling_623_195_trimmed_bismark_bt2.CpG",227,154,73,227
"2196","07_report/CpG_context_sampling_623_196_trimmed_bismark_bt2.CpG",221,149,72,221
"2197","07_report/CpG_context_sampling_623_197_trimmed_bismark_bt2.CpG",209,148,61,209
"2198","07_report/CpG_context_sampling_623_198_trimmed_bismark_bt2.CpG",210,152,58,210
"2199","07_report/CpG_context_sampling_623_199_trimmed_bismark_bt2.CpG",201,136,65,201
"2200","07_report/CpG_context_sampling_623_200_trimmed_bismark_bt2.CpG",193,136,57,193
"2201","07_report/CpG_context_sampling_623_201_trimmed_bismark_bt2.CpG",209,150,59,209
"2202","07_report/CpG_context_sampling_623_202_trimmed_bismark_bt2.CpG",220,161,59,220
"2203","07_report/CpG_context_sampling_623_203_trimmed_bismark_bt2.CpG",209,147,62,209
"2204","07_report/CpG_context_sampling_623_204_trimmed_bismark_bt2.CpG",232,166,66,232
"2205","07_report/CpG_context_sampling_623_205_trimmed_bismark_bt2.CpG",221,159,62,221
"2206","07_report/CpG_context_sampling_623_206_trimmed_bismark_bt2.CpG",210,150,60,210
"2207","07_report/CpG_context_sampling_623_207_trimmed_bismark_bt2.CpG",214,151,63,214
"2208","07_report/CpG_context_sampling_623_208_trimmed_bismark_bt2.CpG",234,173,61,234
"2209","07_report/CpG_context_sampling_623_209_trimmed_bismark_bt2.CpG",218,153,65,218
"2210","07_report/CpG_context_sampling_623_210_trimmed_bismark_bt2.CpG",242,169,73,242
"2211","07_report/CpG_context_sampling_623_211_trimmed_bismark_bt2.CpG",218,158,60,218
"2212","07_report/CpG_context_sampling_623_212_trimmed_bismark_bt2.CpG",234,158,76,234
"2213","07_report/CpG_context_sampling_623_213_trimmed_bismark_bt2.CpG",234,182,52,234
"2214","07_report/CpG_context_sampling_623_214_trimmed_bismark_bt2.CpG",226,163,63,226
"2215","07_report/CpG_context_sampling_623_215_trimmed_bismark_bt2.CpG",205,158,47,205
"2216","07_report/CpG_context_sampling_623_216_trimmed_bismark_bt2.CpG",219,158,61,219
"2217","07_report/CpG_context_sampling_623_217_trimmed_bismark_bt2.CpG",204,143,61,204
"2218","07_report/CpG_context_sampling_623_218_trimmed_bismark_bt2.CpG",215,155,60,215
"2219","07_report/CpG_context_sampling_623_219_trimmed_bismark_bt2.CpG",245,181,64,245
"2220","07_report/CpG_context_sampling_623_220_trimmed_bismark_bt2.CpG",217,160,57,217
"2221","07_report/CpG_context_sampling_623_221_trimmed_bismark_bt2.CpG",194,143,51,194
"2222","07_report/CpG_context_sampling_623_222_trimmed_bismark_bt2.CpG",218,145,73,218
"2223","07_report/CpG_context_sampling_623_223_trimmed_bismark_bt2.CpG",210,148,62,210
"2224","07_report/CpG_context_sampling_623_224_trimmed_bismark_bt2.CpG",205,147,58,205
"2225","07_report/CpG_context_sampling_623_225_trimmed_bismark_bt2.CpG",212,148,64,212
"2226","07_report/CpG_context_sampling_623_226_trimmed_bismark_bt2.CpG",229,169,60,229
"2227","07_report/CpG_context_sampling_623_227_trimmed_bismark_bt2.CpG",252,192,60,252
"2228","07_report/CpG_context_sampling_623_228_trimmed_bismark_bt2.CpG",208,156,52,208
"2229","07_report/CpG_context_sampling_623_229_trimmed_bismark_bt2.CpG",229,162,67,229
"2230","07_report/CpG_context_sampling_623_230_trimmed_bismark_bt2.CpG",209,153,56,209
"2231","07_report/CpG_context_sampling_623_231_trimmed_bismark_bt2.CpG",221,145,76,221
"2232","07_report/CpG_context_sampling_623_232_trimmed_bismark_bt2.CpG",228,167,61,228
"2233","07_report/CpG_context_sampling_623_233_trimmed_bismark_bt2.CpG",213,152,61,213
"2234","07_report/CpG_context_sampling_623_234_trimmed_bismark_bt2.CpG",213,147,66,213
"2235","07_report/CpG_context_sampling_623_235_trimmed_bismark_bt2.CpG",193,153,40,193
"2236","07_report/CpG_context_sampling_623_236_trimmed_bismark_bt2.CpG",227,166,61,227
"2237","07_report/CpG_context_sampling_623_237_trimmed_bismark_bt2.CpG",217,157,60,217
"2238","07_report/CpG_context_sampling_623_238_trimmed_bismark_bt2.CpG",226,158,68,226
"2239","07_report/CpG_context_sampling_623_239_trimmed_bismark_bt2.CpG",220,157,63,220
"2240","07_report/CpG_context_sampling_623_240_trimmed_bismark_bt2.CpG",212,142,70,212
"2241","07_report/CpG_context_sampling_623_241_trimmed_bismark_bt2.CpG",210,148,62,210
"2242","07_report/CpG_context_sampling_623_242_trimmed_bismark_bt2.CpG",211,162,49,211
"2243","07_report/CpG_context_sampling_623_243_trimmed_bismark_bt2.CpG",217,150,67,217
"2244","07_report/CpG_context_sampling_623_244_trimmed_bismark_bt2.CpG",212,159,53,212
"2245","07_report/CpG_context_sampling_623_245_trimmed_bismark_bt2.CpG",235,167,68,235
"2246","07_report/CpG_context_sampling_623_246_trimmed_bismark_bt2.CpG",216,153,63,216
"2247","07_report/CpG_context_sampling_623_247_trimmed_bismark_bt2.CpG",224,159,65,224
"2248","07_report/CpG_context_sampling_623_248_trimmed_bismark_bt2.CpG",203,144,59,203
"2249","07_report/CpG_context_sampling_623_249_trimmed_bismark_bt2.CpG",211,156,55,211
"2250","07_report/CpG_context_sampling_623_250_trimmed_bismark_bt2.CpG",215,144,71,215
"2251","07_report/CpG_context_sampling_623_251_trimmed_bismark_bt2.CpG",196,135,61,196
"2252","07_report/CpG_context_sampling_623_252_trimmed_bismark_bt2.CpG",210,152,58,210
"2253","07_report/CpG_context_sampling_623_253_trimmed_bismark_bt2.CpG",221,148,73,221
"2254","07_report/CpG_context_sampling_623_254_trimmed_bismark_bt2.CpG",195,134,61,195
"2255","07_report/CpG_context_sampling_623_255_trimmed_bismark_bt2.CpG",227,160,67,227
"2256","07_report/CpG_context_sampling_623_256_trimmed_bismark_bt2.CpG",233,174,59,233
"2257","07_report/CpG_context_sampling_623_257_trimmed_bismark_bt2.CpG",215,154,61,215
"2258","07_report/CpG_context_sampling_623_258_trimmed_bismark_bt2.CpG",210,152,58,210
"2259","07_report/CpG_context_sampling_623_259_trimmed_bismark_bt2.CpG",219,150,69,219
"2260","07_report/CpG_context_sampling_623_260_trimmed_bismark_bt2.CpG",205,139,66,205
"2261","07_report/CpG_context_sampling_623_261_trimmed_bismark_bt2.CpG",202,139,63,202
"2262","07_report/CpG_context_sampling_623_262_trimmed_bismark_bt2.CpG",233,159,74,233
"2263","07_report/CpG_context_sampling_623_263_trimmed_bismark_bt2.CpG",197,148,49,197
"2264","07_report/CpG_context_sampling_623_264_trimmed_bismark_bt2.CpG",234,152,82,234
"2265","07_report/CpG_context_sampling_623_265_trimmed_bismark_bt2.CpG",208,142,66,208
"2266","07_report/CpG_context_sampling_623_266_trimmed_bismark_bt2.CpG",213,151,62,213
"2267","07_report/CpG_context_sampling_623_267_trimmed_bismark_bt2.CpG",224,149,75,224
"2268","07_report/CpG_context_sampling_623_268_trimmed_bismark_bt2.CpG",239,162,77,239
"2269","07_report/CpG_context_sampling_623_269_trimmed_bismark_bt2.CpG",223,157,66,223
"2270","07_report/CpG_context_sampling_623_270_trimmed_bismark_bt2.CpG",209,131,78,209
"2271","07_report/CpG_context_sampling_623_271_trimmed_bismark_bt2.CpG",228,168,60,228
"2272","07_report/CpG_context_sampling_623_272_trimmed_bismark_bt2.CpG",215,153,62,215
"2273","07_report/CpG_context_sampling_623_273_trimmed_bismark_bt2.CpG",240,176,64,240
"2274","07_report/CpG_context_sampling_623_274_trimmed_bismark_bt2.CpG",210,151,59,210
"2275","07_report/CpG_context_sampling_623_275_trimmed_bismark_bt2.CpG",228,159,69,228
"2276","07_report/CpG_context_sampling_623_276_trimmed_bismark_bt2.CpG",221,155,66,221
"2277","07_report/CpG_context_sampling_623_277_trimmed_bismark_bt2.CpG",218,157,61,218
"2278","07_report/CpG_context_sampling_623_278_trimmed_bismark_bt2.CpG",202,152,50,202
"2279","07_report/CpG_context_sampling_623_279_trimmed_bismark_bt2.CpG",205,139,66,205
"2280","07_report/CpG_context_sampling_623_280_trimmed_bismark_bt2.CpG",206,141,65,206
"2281","07_report/CpG_context_sampling_623_281_trimmed_bismark_bt2.CpG",202,144,58,202
"2282","07_report/CpG_context_sampling_623_282_trimmed_bismark_bt2.CpG",199,138,61,199
"2283","07_report/CpG_context_sampling_623_283_trimmed_bismark_bt2.CpG",213,152,61,213
"2284","07_report/CpG_context_sampling_623_284_trimmed_bismark_bt2.CpG",207,147,60,207
"2285","07_report/CpG_context_sampling_623_285_trimmed_bismark_bt2.CpG",217,158,59,217
"2286","07_report/CpG_context_sampling_623_286_trimmed_bismark_bt2.CpG",216,156,60,216
"2287","07_report/CpG_context_sampling_623_287_trimmed_bismark_bt2.CpG",228,157,71,228
"2288","07_report/CpG_context_sampling_623_288_trimmed_bismark_bt2.CpG",211,152,59,211
"2289","07_report/CpG_context_sampling_623_289_trimmed_bismark_bt2.CpG",228,153,75,228
"2290","07_report/CpG_context_sampling_623_290_trimmed_bismark_bt2.CpG",222,157,65,222
"2291","07_report/CpG_context_sampling_623_291_trimmed_bismark_bt2.CpG",210,149,61,210
"2292","07_report/CpG_context_sampling_623_292_trimmed_bismark_bt2.CpG",216,144,72,216
"2293","07_report/CpG_context_sampling_623_293_trimmed_bismark_bt2.CpG",207,144,63,207
"2294","07_report/CpG_context_sampling_623_294_trimmed_bismark_bt2.CpG",229,168,61,229
"2295","07_report/CpG_context_sampling_623_295_trimmed_bismark_bt2.CpG",212,149,63,212
"2296","07_report/CpG_context_sampling_623_296_trimmed_bismark_bt2.CpG",200,147,53,200
"2297","07_report/CpG_context_sampling_623_297_trimmed_bismark_bt2.CpG",205,151,54,205
"2298","07_report/CpG_context_sampling_623_298_trimmed_bismark_bt2.CpG",223,153,70,223
"2299","07_report/CpG_context_sampling_623_299_trimmed_bismark_bt2.CpG",219,163,56,219
"2300","07_report/CpG_context_sampling_623_300_trimmed_bismark_bt2.CpG",228,152,76,228
"2301","07_report/CpG_context_sampling_623_301_trimmed_bismark_bt2.CpG",209,146,63,209
"2302","07_report/CpG_context_sampling_623_302_trimmed_bismark_bt2.CpG",216,152,64,216
"2303","07_report/CpG_context_sampling_623_303_trimmed_bismark_bt2.CpG",220,148,72,220
"2304","07_report/CpG_context_sampling_623_304_trimmed_bismark_bt2.CpG",220,164,56,220
"2305","07_report/CpG_context_sampling_623_305_trimmed_bismark_bt2.CpG",219,152,67,219
"2306","07_report/CpG_context_sampling_623_306_trimmed_bismark_bt2.CpG",221,153,68,221
"2307","07_report/CpG_context_sampling_623_307_trimmed_bismark_bt2.CpG",196,143,53,196
"2308","07_report/CpG_context_sampling_623_308_trimmed_bismark_bt2.CpG",211,158,53,211
"2309","07_report/CpG_context_sampling_623_309_trimmed_bismark_bt2.CpG",210,150,60,210
"2310","07_report/CpG_context_sampling_623_310_trimmed_bismark_bt2.CpG",221,156,65,221
"2311","07_report/CpG_context_sampling_623_311_trimmed_bismark_bt2.CpG",204,137,67,204
"2312","07_report/CpG_context_sampling_623_312_trimmed_bismark_bt2.CpG",226,156,70,226
"2313","07_report/CpG_context_sampling_623_313_trimmed_bismark_bt2.CpG",209,154,55,209
"2314","07_report/CpG_context_sampling_623_314_trimmed_bismark_bt2.CpG",226,163,63,226
"2315","07_report/CpG_context_sampling_623_315_trimmed_bismark_bt2.CpG",217,157,60,217
"2316","07_report/CpG_context_sampling_623_316_trimmed_bismark_bt2.CpG",206,148,58,206
"2317","07_report/CpG_context_sampling_623_317_trimmed_bismark_bt2.CpG",220,150,70,220
"2318","07_report/CpG_context_sampling_623_318_trimmed_bismark_bt2.CpG",210,134,76,210
"2319","07_report/CpG_context_sampling_623_319_trimmed_bismark_bt2.CpG",198,139,59,198
"2320","07_report/CpG_context_sampling_623_320_trimmed_bismark_bt2.CpG",209,149,60,209
"2321","07_report/CpG_context_sampling_623_321_trimmed_bismark_bt2.CpG",213,150,63,213
"2322","07_report/CpG_context_sampling_623_322_trimmed_bismark_bt2.CpG",193,135,58,193
"2323","07_report/CpG_context_sampling_623_323_trimmed_bismark_bt2.CpG",221,162,59,221
"2324","07_report/CpG_context_sampling_623_324_trimmed_bismark_bt2.CpG",232,152,80,232
"2325","07_report/CpG_context_sampling_623_325_trimmed_bismark_bt2.CpG",221,171,50,221
"2326","07_report/CpG_context_sampling_623_326_trimmed_bismark_bt2.CpG",232,153,79,232
"2327","07_report/CpG_context_sampling_623_327_trimmed_bismark_bt2.CpG",198,148,50,198
"2328","07_report/CpG_context_sampling_623_328_trimmed_bismark_bt2.CpG",199,139,60,199
"2329","07_report/CpG_context_sampling_623_329_trimmed_bismark_bt2.CpG",230,175,55,230
"2330","07_report/CpG_context_sampling_623_330_trimmed_bismark_bt2.CpG",206,137,69,206
"2331","07_report/CpG_context_sampling_623_331_trimmed_bismark_bt2.CpG",219,159,60,219
"2332","07_report/CpG_context_sampling_623_332_trimmed_bismark_bt2.CpG",235,170,65,235
"2333","07_report/CpG_context_sampling_623_333_trimmed_bismark_bt2.CpG",219,162,57,219
"2334","07_report/CpG_context_sampling_623_334_trimmed_bismark_bt2.CpG",202,142,60,202
"2335","07_report/CpG_context_sampling_623_335_trimmed_bismark_bt2.CpG",224,159,65,224
"2336","07_report/CpG_context_sampling_623_336_trimmed_bismark_bt2.CpG",219,149,70,219
"2337","07_report/CpG_context_sampling_623_337_trimmed_bismark_bt2.CpG",212,155,57,212
"2338","07_report/CpG_context_sampling_623_338_trimmed_bismark_bt2.CpG",209,144,65,209
"2339","07_report/CpG_context_sampling_623_339_trimmed_bismark_bt2.CpG",191,133,58,191
"2340","07_report/CpG_context_sampling_623_340_trimmed_bismark_bt2.CpG",208,155,53,208
"2341","07_report/CpG_context_sampling_623_341_trimmed_bismark_bt2.CpG",231,160,71,231
"2342","07_report/CpG_context_sampling_623_342_trimmed_bismark_bt2.CpG",199,148,51,199
"2343","07_report/CpG_context_sampling_623_343_trimmed_bismark_bt2.CpG",222,163,59,222
"2344","07_report/CpG_context_sampling_623_344_trimmed_bismark_bt2.CpG",219,158,61,219
"2345","07_report/CpG_context_sampling_623_345_trimmed_bismark_bt2.CpG",220,148,72,220
"2346","07_report/CpG_context_sampling_623_346_trimmed_bismark_bt2.CpG",233,175,58,233
"2347","07_report/CpG_context_sampling_623_347_trimmed_bismark_bt2.CpG",213,154,59,213
"2348","07_report/CpG_context_sampling_623_348_trimmed_bismark_bt2.CpG",220,161,59,220
"2349","07_report/CpG_context_sampling_623_349_trimmed_bismark_bt2.CpG",227,170,57,227
"2350","07_report/CpG_context_sampling_623_350_trimmed_bismark_bt2.CpG",218,154,64,218
"2351","07_report/CpG_context_sampling_623_351_trimmed_bismark_bt2.CpG",210,152,58,210
"2352","07_report/CpG_context_sampling_623_352_trimmed_bismark_bt2.CpG",228,161,67,228
"2353","07_report/CpG_context_sampling_623_353_trimmed_bismark_bt2.CpG",204,145,59,204
"2354","07_report/CpG_context_sampling_623_354_trimmed_bismark_bt2.CpG",235,169,66,235
"2355","07_report/CpG_context_sampling_623_355_trimmed_bismark_bt2.CpG",209,149,60,209
"2356","07_report/CpG_context_sampling_623_356_trimmed_bismark_bt2.CpG",246,177,69,246
"2357","07_report/CpG_context_sampling_623_357_trimmed_bismark_bt2.CpG",209,165,44,209
"2358","07_report/CpG_context_sampling_623_358_trimmed_bismark_bt2.CpG",202,144,58,202
"2359","07_report/CpG_context_sampling_623_359_trimmed_bismark_bt2.CpG",228,164,64,228
"2360","07_report/CpG_context_sampling_623_360_trimmed_bismark_bt2.CpG",205,149,56,205
"2361","07_report/CpG_context_sampling_623_361_trimmed_bismark_bt2.CpG",185,124,61,185
"2362","07_report/CpG_context_sampling_623_362_trimmed_bismark_bt2.CpG",204,139,65,204
"2363","07_report/CpG_context_sampling_623_363_trimmed_bismark_bt2.CpG",202,144,58,202
"2364","07_report/CpG_context_sampling_623_364_trimmed_bismark_bt2.CpG",228,158,70,228
"2365","07_report/CpG_context_sampling_623_365_trimmed_bismark_bt2.CpG",217,157,60,217
"2366","07_report/CpG_context_sampling_623_366_trimmed_bismark_bt2.CpG",190,129,61,190
"2367","07_report/CpG_context_sampling_623_367_trimmed_bismark_bt2.CpG",234,174,60,234
"2368","07_report/CpG_context_sampling_623_368_trimmed_bismark_bt2.CpG",215,154,61,215
"2369","07_report/CpG_context_sampling_623_369_trimmed_bismark_bt2.CpG",230,164,66,230
"2370","07_report/CpG_context_sampling_623_370_trimmed_bismark_bt2.CpG",227,146,81,227
"2371","07_report/CpG_context_sampling_623_371_trimmed_bismark_bt2.CpG",207,138,69,207
"2372","07_report/CpG_context_sampling_623_372_trimmed_bismark_bt2.CpG",211,165,46,211
"2373","07_report/CpG_context_sampling_623_373_trimmed_bismark_bt2.CpG",220,141,79,220
"2374","07_report/CpG_context_sampling_623_374_trimmed_bismark_bt2.CpG",216,153,63,216
"2375","07_report/CpG_context_sampling_623_375_trimmed_bismark_bt2.CpG",205,145,60,205
"2376","07_report/CpG_context_sampling_623_376_trimmed_bismark_bt2.CpG",204,144,60,204
"2377","07_report/CpG_context_sampling_623_377_trimmed_bismark_bt2.CpG",228,151,77,228
"2378","07_report/CpG_context_sampling_623_378_trimmed_bismark_bt2.CpG",198,143,55,198
"2379","07_report/CpG_context_sampling_623_379_trimmed_bismark_bt2.CpG",217,151,66,217
"2380","07_report/CpG_context_sampling_623_380_trimmed_bismark_bt2.CpG",230,166,64,230
"2381","07_report/CpG_context_sampling_623_381_trimmed_bismark_bt2.CpG",221,146,75,221
"2382","07_report/CpG_context_sampling_623_382_trimmed_bismark_bt2.CpG",200,141,59,200
"2383","07_report/CpG_context_sampling_623_383_trimmed_bismark_bt2.CpG",214,159,55,214
"2384","07_report/CpG_context_sampling_623_384_trimmed_bismark_bt2.CpG",227,157,70,227
"2385","07_report/CpG_context_sampling_623_385_trimmed_bismark_bt2.CpG",206,158,48,206
"2386","07_report/CpG_context_sampling_623_386_trimmed_bismark_bt2.CpG",231,159,72,231
"2387","07_report/CpG_context_sampling_623_387_trimmed_bismark_bt2.CpG",215,162,53,215
"2388","07_report/CpG_context_sampling_623_388_trimmed_bismark_bt2.CpG",228,171,57,228
"2389","07_report/CpG_context_sampling_623_389_trimmed_bismark_bt2.CpG",211,159,52,211
"2390","07_report/CpG_context_sampling_623_390_trimmed_bismark_bt2.CpG",215,161,54,215
"2391","07_report/CpG_context_sampling_623_391_trimmed_bismark_bt2.CpG",207,142,65,207
"2392","07_report/CpG_context_sampling_623_392_trimmed_bismark_bt2.CpG",229,171,58,229
"2393","07_report/CpG_context_sampling_623_393_trimmed_bismark_bt2.CpG",198,132,66,198
"2394","07_report/CpG_context_sampling_623_394_trimmed_bismark_bt2.CpG",217,154,63,217
"2395","07_report/CpG_context_sampling_623_395_trimmed_bismark_bt2.CpG",234,168,66,234
"2396","07_report/CpG_context_sampling_623_396_trimmed_bismark_bt2.CpG",206,156,50,206
"2397","07_report/CpG_context_sampling_623_397_trimmed_bismark_bt2.CpG",221,163,58,221
"2398","07_report/CpG_context_sampling_623_398_trimmed_bismark_bt2.CpG",210,148,62,210
"2399","07_report/CpG_context_sampling_623_399_trimmed_bismark_bt2.CpG",244,179,65,244
"2400","07_report/CpG_context_sampling_623_400_trimmed_bismark_bt2.CpG",229,172,57,229
"2401","07_report/CpG_context_sampling_623_401_trimmed_bismark_bt2.CpG",210,155,55,210
"2402","07_report/CpG_context_sampling_623_402_trimmed_bismark_bt2.CpG",198,142,56,198
"2403","07_report/CpG_context_sampling_623_403_trimmed_bismark_bt2.CpG",205,145,60,205
"2404","07_report/CpG_context_sampling_623_404_trimmed_bismark_bt2.CpG",215,150,65,215
"2405","07_report/CpG_context_sampling_623_405_trimmed_bismark_bt2.CpG",203,146,57,203
"2406","07_report/CpG_context_sampling_623_406_trimmed_bismark_bt2.CpG",234,168,66,234
"2407","07_report/CpG_context_sampling_623_407_trimmed_bismark_bt2.CpG",219,158,61,219
"2408","07_report/CpG_context_sampling_623_408_trimmed_bismark_bt2.CpG",204,147,57,204
"2409","07_report/CpG_context_sampling_623_409_trimmed_bismark_bt2.CpG",228,175,53,228
"2410","07_report/CpG_context_sampling_623_410_trimmed_bismark_bt2.CpG",221,173,48,221
"2411","07_report/CpG_context_sampling_623_411_trimmed_bismark_bt2.CpG",221,171,50,221
"2412","07_report/CpG_context_sampling_623_412_trimmed_bismark_bt2.CpG",234,163,71,234
"2413","07_report/CpG_context_sampling_623_413_trimmed_bismark_bt2.CpG",221,156,65,221
"2414","07_report/CpG_context_sampling_623_414_trimmed_bismark_bt2.CpG",214,168,46,214
"2415","07_report/CpG_context_sampling_623_415_trimmed_bismark_bt2.CpG",216,156,60,216
"2416","07_report/CpG_context_sampling_623_416_trimmed_bismark_bt2.CpG",198,151,47,198
"2417","07_report/CpG_context_sampling_623_417_trimmed_bismark_bt2.CpG",221,157,64,221
"2418","07_report/CpG_context_sampling_623_418_trimmed_bismark_bt2.CpG",228,168,60,228
"2419","07_report/CpG_context_sampling_623_419_trimmed_bismark_bt2.CpG",212,155,57,212
"2420","07_report/CpG_context_sampling_623_420_trimmed_bismark_bt2.CpG",197,138,59,197
"2421","07_report/CpG_context_sampling_623_421_trimmed_bismark_bt2.CpG",212,155,57,212
"2422","07_report/CpG_context_sampling_623_422_trimmed_bismark_bt2.CpG",231,173,58,231
"2423","07_report/CpG_context_sampling_623_423_trimmed_bismark_bt2.CpG",195,145,50,195
"2424","07_report/CpG_context_sampling_623_424_trimmed_bismark_bt2.CpG",214,168,46,214
"2425","07_report/CpG_context_sampling_623_425_trimmed_bismark_bt2.CpG",221,162,59,221
"2426","07_report/CpG_context_sampling_623_426_trimmed_bismark_bt2.CpG",215,143,72,215
"2427","07_report/CpG_context_sampling_623_427_trimmed_bismark_bt2.CpG",201,154,47,201
"2428","07_report/CpG_context_sampling_623_428_trimmed_bismark_bt2.CpG",222,159,63,222
"2429","07_report/CpG_context_sampling_623_429_trimmed_bismark_bt2.CpG",225,163,62,225
"2430","07_report/CpG_context_sampling_623_430_trimmed_bismark_bt2.CpG",223,153,70,223
"2431","07_report/CpG_context_sampling_623_431_trimmed_bismark_bt2.CpG",216,150,66,216
"2432","07_report/CpG_context_sampling_623_432_trimmed_bismark_bt2.CpG",208,159,49,208
"2433","07_report/CpG_context_sampling_623_433_trimmed_bismark_bt2.CpG",218,157,61,218
"2434","07_report/CpG_context_sampling_623_434_trimmed_bismark_bt2.CpG",233,167,66,233
"2435","07_report/CpG_context_sampling_623_435_trimmed_bismark_bt2.CpG",211,153,58,211
"2436","07_report/CpG_context_sampling_623_436_trimmed_bismark_bt2.CpG",194,147,47,194
"2437","07_report/CpG_context_sampling_623_437_trimmed_bismark_bt2.CpG",216,147,69,216
"2438","07_report/CpG_context_sampling_623_438_trimmed_bismark_bt2.CpG",251,185,66,251
"2439","07_report/CpG_context_sampling_623_439_trimmed_bismark_bt2.CpG",193,147,46,193
"2440","07_report/CpG_context_sampling_623_440_trimmed_bismark_bt2.CpG",212,153,59,212
"2441","07_report/CpG_context_sampling_623_441_trimmed_bismark_bt2.CpG",250,181,69,250
"2442","07_report/CpG_context_sampling_623_442_trimmed_bismark_bt2.CpG",225,159,66,225
"2443","07_report/CpG_context_sampling_623_443_trimmed_bismark_bt2.CpG",217,158,59,217
"2444","07_report/CpG_context_sampling_623_444_trimmed_bismark_bt2.CpG",252,190,62,252
"2445","07_report/CpG_context_sampling_623_445_trimmed_bismark_bt2.CpG",203,145,58,203
"2446","07_report/CpG_context_sampling_623_446_trimmed_bismark_bt2.CpG",206,153,53,206
"2447","07_report/CpG_context_sampling_623_447_trimmed_bismark_bt2.CpG",218,155,63,218
"2448","07_report/CpG_context_sampling_623_448_trimmed_bismark_bt2.CpG",228,161,67,228
"2449","07_report/CpG_context_sampling_623_449_trimmed_bismark_bt2.CpG",218,163,55,218
"2450","07_report/CpG_context_sampling_623_450_trimmed_bismark_bt2.CpG",220,154,66,220
"2451","07_report/CpG_context_sampling_623_451_trimmed_bismark_bt2.CpG",203,131,72,203
"2452","07_report/CpG_context_sampling_623_452_trimmed_bismark_bt2.CpG",196,142,54,196
"2453","07_report/CpG_context_sampling_623_453_trimmed_bismark_bt2.CpG",196,141,55,196
"2454","07_report/CpG_context_sampling_623_454_trimmed_bismark_bt2.CpG",222,155,67,222
"2455","07_report/CpG_context_sampling_623_455_trimmed_bismark_bt2.CpG",222,148,74,222
"2456","07_report/CpG_context_sampling_623_456_trimmed_bismark_bt2.CpG",220,162,58,220
"2457","07_report/CpG_context_sampling_623_457_trimmed_bismark_bt2.CpG",214,160,54,214
"2458","07_report/CpG_context_sampling_623_458_trimmed_bismark_bt2.CpG",209,147,62,209
"2459","07_report/CpG_context_sampling_623_459_trimmed_bismark_bt2.CpG",205,143,62,205
"2460","07_report/CpG_context_sampling_623_460_trimmed_bismark_bt2.CpG",216,162,54,216
"2461","07_report/CpG_context_sampling_623_461_trimmed_bismark_bt2.CpG",201,148,53,201
"2462","07_report/CpG_context_sampling_623_462_trimmed_bismark_bt2.CpG",209,151,58,209
"2463","07_report/CpG_context_sampling_623_463_trimmed_bismark_bt2.CpG",226,152,74,226
"2464","07_report/CpG_context_sampling_623_464_trimmed_bismark_bt2.CpG",223,147,76,223
"2465","07_report/CpG_context_sampling_623_465_trimmed_bismark_bt2.CpG",215,145,70,215
"2466","07_report/CpG_context_sampling_623_466_trimmed_bismark_bt2.CpG",218,152,66,218
"2467","07_report/CpG_context_sampling_623_467_trimmed_bismark_bt2.CpG",232,172,60,232
"2468","07_report/CpG_context_sampling_623_468_trimmed_bismark_bt2.CpG",212,150,62,212
"2469","07_report/CpG_context_sampling_623_469_trimmed_bismark_bt2.CpG",225,155,70,225
"2470","07_report/CpG_context_sampling_623_470_trimmed_bismark_bt2.CpG",195,138,57,195
"2471","07_report/CpG_context_sampling_623_471_trimmed_bismark_bt2.CpG",210,144,66,210
"2472","07_report/CpG_context_sampling_623_472_trimmed_bismark_bt2.CpG",234,170,64,234
"2473","07_report/CpG_context_sampling_623_473_trimmed_bismark_bt2.CpG",199,139,60,199
"2474","07_report/CpG_context_sampling_623_474_trimmed_bismark_bt2.CpG",215,144,71,215
"2475","07_report/CpG_context_sampling_623_475_trimmed_bismark_bt2.CpG",216,143,73,216
"2476","07_report/CpG_context_sampling_623_476_trimmed_bismark_bt2.CpG",231,171,60,231
"2477","07_report/CpG_context_sampling_623_477_trimmed_bismark_bt2.CpG",236,150,86,236
"2478","07_report/CpG_context_sampling_623_478_trimmed_bismark_bt2.CpG",211,141,70,211
"2479","07_report/CpG_context_sampling_623_479_trimmed_bismark_bt2.CpG",222,153,69,222
"2480","07_report/CpG_context_sampling_623_480_trimmed_bismark_bt2.CpG",198,138,60,198
"2481","07_report/CpG_context_sampling_623_481_trimmed_bismark_bt2.CpG",231,167,64,231
"2482","07_report/CpG_context_sampling_623_482_trimmed_bismark_bt2.CpG",222,147,75,222
"2483","07_report/CpG_context_sampling_623_483_trimmed_bismark_bt2.CpG",222,156,66,222
"2484","07_report/CpG_context_sampling_623_484_trimmed_bismark_bt2.CpG",198,155,43,198
"2485","07_report/CpG_context_sampling_623_485_trimmed_bismark_bt2.CpG",205,130,75,205
"2486","07_report/CpG_context_sampling_623_486_trimmed_bismark_bt2.CpG",224,162,62,224
"2487","07_report/CpG_context_sampling_623_487_trimmed_bismark_bt2.CpG",211,153,58,211
"2488","07_report/CpG_context_sampling_623_488_trimmed_bismark_bt2.CpG",219,156,63,219
"2489","07_report/CpG_context_sampling_623_489_trimmed_bismark_bt2.CpG",216,154,62,216
"2490","07_report/CpG_context_sampling_623_490_trimmed_bismark_bt2.CpG",219,168,51,219
"2491","07_report/CpG_context_sampling_623_491_trimmed_bismark_bt2.CpG",217,152,65,217
"2492","07_report/CpG_context_sampling_623_492_trimmed_bismark_bt2.CpG",207,148,59,207
"2493","07_report/CpG_context_sampling_623_493_trimmed_bismark_bt2.CpG",218,159,59,218
"2494","07_report/CpG_context_sampling_623_494_trimmed_bismark_bt2.CpG",201,146,55,201
"2495","07_report/CpG_context_sampling_623_495_trimmed_bismark_bt2.CpG",206,148,58,206
"2496","07_report/CpG_context_sampling_623_496_trimmed_bismark_bt2.CpG",219,165,54,219
"2497","07_report/CpG_context_sampling_623_497_trimmed_bismark_bt2.CpG",219,161,58,219
"2498","07_report/CpG_context_sampling_623_498_trimmed_bismark_bt2.CpG",200,144,56,200
"2499","07_report/CpG_context_sampling_623_499_trimmed_bismark_bt2.CpG",223,152,71,223
"2500","07_report/CpG_context_sampling_623_500_trimmed_bismark_bt2.CpG",206,152,54,206
"2501","07_report/CpG_context_sampling_623_501_trimmed_bismark_bt2.CpG",214,158,56,214
"2502","07_report/CpG_context_sampling_623_502_trimmed_bismark_bt2.CpG",230,153,77,230
"2503","07_report/CpG_context_sampling_623_503_trimmed_bismark_bt2.CpG",204,144,60,204
"2504","07_report/CpG_context_sampling_623_504_trimmed_bismark_bt2.CpG",197,135,62,197
"2505","07_report/CpG_context_sampling_623_505_trimmed_bismark_bt2.CpG",213,152,61,213
"2506","07_report/CpG_context_sampling_623_506_trimmed_bismark_bt2.CpG",229,167,62,229
"2507","07_report/CpG_context_sampling_623_507_trimmed_bismark_bt2.CpG",203,127,76,203
"2508","07_report/CpG_context_sampling_623_508_trimmed_bismark_bt2.CpG",214,156,58,214
"2509","07_report/CpG_context_sampling_623_509_trimmed_bismark_bt2.CpG",214,154,60,214
"2510","07_report/CpG_context_sampling_623_510_trimmed_bismark_bt2.CpG",204,148,56,204
"2511","07_report/CpG_context_sampling_623_511_trimmed_bismark_bt2.CpG",218,151,67,218
"2512","07_report/CpG_context_sampling_623_512_trimmed_bismark_bt2.CpG",217,166,51,217
"2513","07_report/CpG_context_sampling_623_513_trimmed_bismark_bt2.CpG",203,138,65,203
"2514","07_report/CpG_context_sampling_623_514_trimmed_bismark_bt2.CpG",212,151,61,212
"2515","07_report/CpG_context_sampling_623_515_trimmed_bismark_bt2.CpG",212,154,58,212
"2516","07_report/CpG_context_sampling_623_516_trimmed_bismark_bt2.CpG",227,165,62,227
"2517","07_report/CpG_context_sampling_623_517_trimmed_bismark_bt2.CpG",198,142,56,198
"2518","07_report/CpG_context_sampling_623_518_trimmed_bismark_bt2.CpG",222,165,57,222
"2519","07_report/CpG_context_sampling_623_519_trimmed_bismark_bt2.CpG",197,137,60,197
"2520","07_report/CpG_context_sampling_623_520_trimmed_bismark_bt2.CpG",198,144,54,198
"2521","07_report/CpG_context_sampling_623_521_trimmed_bismark_bt2.CpG",201,142,59,201
"2522","07_report/CpG_context_sampling_623_522_trimmed_bismark_bt2.CpG",210,149,61,210
"2523","07_report/CpG_context_sampling_623_523_trimmed_bismark_bt2.CpG",216,147,69,216
"2524","07_report/CpG_context_sampling_623_524_trimmed_bismark_bt2.CpG",218,156,62,218
"2525","07_report/CpG_context_sampling_623_525_trimmed_bismark_bt2.CpG",225,157,68,225
"2526","07_report/CpG_context_sampling_623_526_trimmed_bismark_bt2.CpG",223,170,53,223
"2527","07_report/CpG_context_sampling_623_527_trimmed_bismark_bt2.CpG",208,147,61,208
"2528","07_report/CpG_context_sampling_623_528_trimmed_bismark_bt2.CpG",230,169,61,230
"2529","07_report/CpG_context_sampling_623_529_trimmed_bismark_bt2.CpG",214,149,65,214
"2530","07_report/CpG_context_sampling_623_530_trimmed_bismark_bt2.CpG",240,154,86,240
"2531","07_report/CpG_context_sampling_623_531_trimmed_bismark_bt2.CpG",223,162,61,223
"2532","07_report/CpG_context_sampling_623_532_trimmed_bismark_bt2.CpG",219,155,64,219
"2533","07_report/CpG_context_sampling_623_533_trimmed_bismark_bt2.CpG",200,135,65,200
"2534","07_report/CpG_context_sampling_623_534_trimmed_bismark_bt2.CpG",227,171,56,227
"2535","07_report/CpG_context_sampling_623_535_trimmed_bismark_bt2.CpG",215,154,61,215
"2536","07_report/CpG_context_sampling_623_536_trimmed_bismark_bt2.CpG",229,161,68,229
"2537","07_report/CpG_context_sampling_623_537_trimmed_bismark_bt2.CpG",216,161,55,216
"2538","07_report/CpG_context_sampling_623_538_trimmed_bismark_bt2.CpG",211,166,45,211
"2539","07_report/CpG_context_sampling_623_539_trimmed_bismark_bt2.CpG",220,160,60,220
"2540","07_report/CpG_context_sampling_623_540_trimmed_bismark_bt2.CpG",212,147,65,212
"2541","07_report/CpG_context_sampling_623_541_trimmed_bismark_bt2.CpG",201,144,57,201
"2542","07_report/CpG_context_sampling_623_542_trimmed_bismark_bt2.CpG",213,154,59,213
"2543","07_report/CpG_context_sampling_623_543_trimmed_bismark_bt2.CpG",193,128,65,193
"2544","07_report/CpG_context_sampling_623_544_trimmed_bismark_bt2.CpG",217,143,74,217
"2545","07_report/CpG_context_sampling_623_545_trimmed_bismark_bt2.CpG",218,154,64,218
"2546","07_report/CpG_context_sampling_623_546_trimmed_bismark_bt2.CpG",216,164,52,216
"2547","07_report/CpG_context_sampling_623_547_trimmed_bismark_bt2.CpG",231,168,63,231
"2548","07_report/CpG_context_sampling_623_548_trimmed_bismark_bt2.CpG",223,165,58,223
"2549","07_report/CpG_context_sampling_623_549_trimmed_bismark_bt2.CpG",222,157,65,222
"2550","07_report/CpG_context_sampling_623_550_trimmed_bismark_bt2.CpG",215,140,75,215
"2551","07_report/CpG_context_sampling_623_551_trimmed_bismark_bt2.CpG",202,142,60,202
"2552","07_report/CpG_context_sampling_623_552_trimmed_bismark_bt2.CpG",204,152,52,204
"2553","07_report/CpG_context_sampling_623_553_trimmed_bismark_bt2.CpG",240,182,58,240
"2554","07_report/CpG_context_sampling_623_554_trimmed_bismark_bt2.CpG",221,152,69,221
"2555","07_report/CpG_context_sampling_623_555_trimmed_bismark_bt2.CpG",210,144,66,210
"2556","07_report/CpG_context_sampling_623_556_trimmed_bismark_bt2.CpG",228,160,68,228
"2557","07_report/CpG_context_sampling_623_557_trimmed_bismark_bt2.CpG",213,156,57,213
"2558","07_report/CpG_context_sampling_623_558_trimmed_bismark_bt2.CpG",218,171,47,218
"2559","07_report/CpG_context_sampling_623_559_trimmed_bismark_bt2.CpG",218,148,70,218
"2560","07_report/CpG_context_sampling_623_560_trimmed_bismark_bt2.CpG",216,163,53,216
"2561","07_report/CpG_context_sampling_623_561_trimmed_bismark_bt2.CpG",199,145,54,199
"2562","07_report/CpG_context_sampling_623_562_trimmed_bismark_bt2.CpG",222,163,59,222
"2563","07_report/CpG_context_sampling_623_563_trimmed_bismark_bt2.CpG",224,156,68,224
"2564","07_report/CpG_context_sampling_623_564_trimmed_bismark_bt2.CpG",214,150,64,214
"2565","07_report/CpG_context_sampling_623_565_trimmed_bismark_bt2.CpG",219,166,53,219
"2566","07_report/CpG_context_sampling_623_566_trimmed_bismark_bt2.CpG",217,144,73,217
"2567","07_report/CpG_context_sampling_623_567_trimmed_bismark_bt2.CpG",195,140,55,195
"2568","07_report/CpG_context_sampling_623_568_trimmed_bismark_bt2.CpG",225,161,64,225
"2569","07_report/CpG_context_sampling_623_569_trimmed_bismark_bt2.CpG",205,141,64,205
"2570","07_report/CpG_context_sampling_623_570_trimmed_bismark_bt2.CpG",198,140,58,198
"2571","07_report/CpG_context_sampling_623_571_trimmed_bismark_bt2.CpG",234,171,63,234
"2572","07_report/CpG_context_sampling_623_572_trimmed_bismark_bt2.CpG",208,146,62,208
"2573","07_report/CpG_context_sampling_623_573_trimmed_bismark_bt2.CpG",213,157,56,213
"2574","07_report/CpG_context_sampling_623_574_trimmed_bismark_bt2.CpG",216,155,61,216
"2575","07_report/CpG_context_sampling_623_575_trimmed_bismark_bt2.CpG",210,144,66,210
"2576","07_report/CpG_context_sampling_623_576_trimmed_bismark_bt2.CpG",200,146,54,200
"2577","07_report/CpG_context_sampling_623_577_trimmed_bismark_bt2.CpG",204,143,61,204
"2578","07_report/CpG_context_sampling_623_578_trimmed_bismark_bt2.CpG",230,161,69,230
"2579","07_report/CpG_context_sampling_623_579_trimmed_bismark_bt2.CpG",214,142,72,214
"2580","07_report/CpG_context_sampling_623_580_trimmed_bismark_bt2.CpG",206,138,68,206
"2581","07_report/CpG_context_sampling_623_581_trimmed_bismark_bt2.CpG",228,168,60,228
"2582","07_report/CpG_context_sampling_623_582_trimmed_bismark_bt2.CpG",210,155,55,210
"2583","07_report/CpG_context_sampling_623_583_trimmed_bismark_bt2.CpG",240,172,68,240
"2584","07_report/CpG_context_sampling_623_584_trimmed_bismark_bt2.CpG",209,147,62,209
"2585","07_report/CpG_context_sampling_623_585_trimmed_bismark_bt2.CpG",222,161,61,222
"2586","07_report/CpG_context_sampling_623_586_trimmed_bismark_bt2.CpG",205,145,60,205
"2587","07_report/CpG_context_sampling_623_587_trimmed_bismark_bt2.CpG",224,169,55,224
"2588","07_report/CpG_context_sampling_623_588_trimmed_bismark_bt2.CpG",221,164,57,221
"2589","07_report/CpG_context_sampling_623_589_trimmed_bismark_bt2.CpG",218,170,48,218
"2590","07_report/CpG_context_sampling_623_590_trimmed_bismark_bt2.CpG",227,172,55,227
"2591","07_report/CpG_context_sampling_623_591_trimmed_bismark_bt2.CpG",237,173,64,237
"2592","07_report/CpG_context_sampling_623_592_trimmed_bismark_bt2.CpG",219,152,67,219
"2593","07_report/CpG_context_sampling_623_593_trimmed_bismark_bt2.CpG",198,158,40,198
"2594","07_report/CpG_context_sampling_623_594_trimmed_bismark_bt2.CpG",223,168,55,223
"2595","07_report/CpG_context_sampling_623_595_trimmed_bismark_bt2.CpG",237,171,66,237
"2596","07_report/CpG_context_sampling_623_596_trimmed_bismark_bt2.CpG",238,175,63,238
"2597","07_report/CpG_context_sampling_623_597_trimmed_bismark_bt2.CpG",217,158,59,217
"2598","07_report/CpG_context_sampling_623_598_trimmed_bismark_bt2.CpG",203,147,56,203
"2599","07_report/CpG_context_sampling_623_599_trimmed_bismark_bt2.CpG",208,159,49,208
"2600","07_report/CpG_context_sampling_623_600_trimmed_bismark_bt2.CpG",202,137,65,202
"2601","07_report/CpG_context_sampling_623_601_trimmed_bismark_bt2.CpG",221,166,55,221
"2602","07_report/CpG_context_sampling_623_602_trimmed_bismark_bt2.CpG",216,157,59,216
"2603","07_report/CpG_context_sampling_623_603_trimmed_bismark_bt2.CpG",209,141,68,209
"2604","07_report/CpG_context_sampling_623_604_trimmed_bismark_bt2.CpG",229,169,60,229
"2605","07_report/CpG_context_sampling_623_605_trimmed_bismark_bt2.CpG",226,162,64,226
"2606","07_report/CpG_context_sampling_623_606_trimmed_bismark_bt2.CpG",204,150,54,204
"2607","07_report/CpG_context_sampling_623_607_trimmed_bismark_bt2.CpG",211,158,53,211
"2608","07_report/CpG_context_sampling_623_608_trimmed_bismark_bt2.CpG",195,144,51,195
"2609","07_report/CpG_context_sampling_623_609_trimmed_bismark_bt2.CpG",195,135,60,195
"2610","07_report/CpG_context_sampling_623_610_trimmed_bismark_bt2.CpG",196,143,53,196
"2611","07_report/CpG_context_sampling_623_611_trimmed_bismark_bt2.CpG",222,157,65,222
"2612","07_report/CpG_context_sampling_623_612_trimmed_bismark_bt2.CpG",214,158,56,214
"2613","07_report/CpG_context_sampling_623_613_trimmed_bismark_bt2.CpG",204,140,64,204
"2614","07_report/CpG_context_sampling_623_614_trimmed_bismark_bt2.CpG",222,168,54,222
"2615","07_report/CpG_context_sampling_623_615_trimmed_bismark_bt2.CpG",206,148,58,206
"2616","07_report/CpG_context_sampling_623_616_trimmed_bismark_bt2.CpG",233,173,60,233
"2617","07_report/CpG_context_sampling_623_617_trimmed_bismark_bt2.CpG",212,148,64,212
"2618","07_report/CpG_context_sampling_623_618_trimmed_bismark_bt2.CpG",195,141,54,195
"2619","07_report/CpG_context_sampling_623_619_trimmed_bismark_bt2.CpG",233,158,75,233
"2620","07_report/CpG_context_sampling_623_620_trimmed_bismark_bt2.CpG",242,175,67,242
"2621","07_report/CpG_context_sampling_623_621_trimmed_bismark_bt2.CpG",230,166,64,230
"2622","07_report/CpG_context_sampling_623_622_trimmed_bismark_bt2.CpG",226,170,56,226
"2623","07_report/CpG_context_sampling_623_623_trimmed_bismark_bt2.CpG",211,144,67,211
"2624","07_report/CpG_context_sampling_623_624_trimmed_bismark_bt2.CpG",224,163,61,224
"2625","07_report/CpG_context_sampling_623_625_trimmed_bismark_bt2.CpG",220,164,56,220
"2626","07_report/CpG_context_sampling_623_626_trimmed_bismark_bt2.CpG",225,176,49,225
"2627","07_report/CpG_context_sampling_623_627_trimmed_bismark_bt2.CpG",230,150,80,230
"2628","07_report/CpG_context_sampling_623_628_trimmed_bismark_bt2.CpG",219,162,57,219
"2629","07_report/CpG_context_sampling_623_629_trimmed_bismark_bt2.CpG",213,149,64,213
"2630","07_report/CpG_context_sampling_623_630_trimmed_bismark_bt2.CpG",217,155,62,217
"2631","07_report/CpG_context_sampling_623_631_trimmed_bismark_bt2.CpG",198,147,51,198
"2632","07_report/CpG_context_sampling_623_632_trimmed_bismark_bt2.CpG",213,154,59,213
"2633","07_report/CpG_context_sampling_623_633_trimmed_bismark_bt2.CpG",211,163,48,211
"2634","07_report/CpG_context_sampling_623_634_trimmed_bismark_bt2.CpG",221,162,59,221
"2635","07_report/CpG_context_sampling_623_635_trimmed_bismark_bt2.CpG",219,160,59,219
"2636","07_report/CpG_context_sampling_623_636_trimmed_bismark_bt2.CpG",218,141,77,218
"2637","07_report/CpG_context_sampling_623_637_trimmed_bismark_bt2.CpG",219,150,69,219
"2638","07_report/CpG_context_sampling_623_638_trimmed_bismark_bt2.CpG",198,152,46,198
"2639","07_report/CpG_context_sampling_623_639_trimmed_bismark_bt2.CpG",219,152,67,219
"2640","07_report/CpG_context_sampling_623_640_trimmed_bismark_bt2.CpG",196,140,56,196
"2641","07_report/CpG_context_sampling_623_641_trimmed_bismark_bt2.CpG",239,164,75,239
"2642","07_report/CpG_context_sampling_623_642_trimmed_bismark_bt2.CpG",235,180,55,235
"2643","07_report/CpG_context_sampling_623_643_trimmed_bismark_bt2.CpG",222,170,52,222
"2644","07_report/CpG_context_sampling_623_644_trimmed_bismark_bt2.CpG",186,135,51,186
"2645","07_report/CpG_context_sampling_623_645_trimmed_bismark_bt2.CpG",197,131,66,197
"2646","07_report/CpG_context_sampling_623_646_trimmed_bismark_bt2.CpG",205,141,64,205
"2647","07_report/CpG_context_sampling_623_647_trimmed_bismark_bt2.CpG",230,156,74,230
"2648","07_report/CpG_context_sampling_623_648_trimmed_bismark_bt2.CpG",226,155,71,226
"2649","07_report/CpG_context_sampling_623_649_trimmed_bismark_bt2.CpG",194,133,61,194
"2650","07_report/CpG_context_sampling_623_650_trimmed_bismark_bt2.CpG",214,150,64,214
"2651","07_report/CpG_context_sampling_623_651_trimmed_bismark_bt2.CpG",219,158,61,219
"2652","07_report/CpG_context_sampling_623_652_trimmed_bismark_bt2.CpG",219,153,66,219
"2653","07_report/CpG_context_sampling_623_653_trimmed_bismark_bt2.CpG",216,152,64,216
"2654","07_report/CpG_context_sampling_623_654_trimmed_bismark_bt2.CpG",219,156,63,219
"2655","07_report/CpG_context_sampling_623_655_trimmed_bismark_bt2.CpG",225,164,61,225
"2656","07_report/CpG_context_sampling_623_656_trimmed_bismark_bt2.CpG",223,148,75,223
"2657","07_report/CpG_context_sampling_623_657_trimmed_bismark_bt2.CpG",230,160,70,230
"2658","07_report/CpG_context_sampling_623_658_trimmed_bismark_bt2.CpG",212,151,61,212
"2659","07_report/CpG_context_sampling_623_659_trimmed_bismark_bt2.CpG",211,149,62,211
"2660","07_report/CpG_context_sampling_623_660_trimmed_bismark_bt2.CpG",222,157,65,222
"2661","07_report/CpG_context_sampling_623_661_trimmed_bismark_bt2.CpG",208,144,64,208
"2662","07_report/CpG_context_sampling_623_662_trimmed_bismark_bt2.CpG",208,152,56,208
"2663","07_report/CpG_context_sampling_623_663_trimmed_bismark_bt2.CpG",223,163,60,223
"2664","07_report/CpG_context_sampling_623_664_trimmed_bismark_bt2.CpG",228,162,66,228
"2665","07_report/CpG_context_sampling_623_665_trimmed_bismark_bt2.CpG",236,176,60,236
"2666","07_report/CpG_context_sampling_623_666_trimmed_bismark_bt2.CpG",216,168,48,216
"2667","07_report/CpG_context_sampling_623_667_trimmed_bismark_bt2.CpG",222,156,66,222
"2668","07_report/CpG_context_sampling_623_668_trimmed_bismark_bt2.CpG",230,168,62,230
"2669","07_report/CpG_context_sampling_623_669_trimmed_bismark_bt2.CpG",212,157,55,212
"2670","07_report/CpG_context_sampling_623_670_trimmed_bismark_bt2.CpG",223,150,73,223
"2671","07_report/CpG_context_sampling_623_671_trimmed_bismark_bt2.CpG",205,146,59,205
"2672","07_report/CpG_context_sampling_623_672_trimmed_bismark_bt2.CpG",221,158,63,221
"2673","07_report/CpG_context_sampling_623_673_trimmed_bismark_bt2.CpG",216,153,63,216
"2674","07_report/CpG_context_sampling_623_674_trimmed_bismark_bt2.CpG",205,150,55,205
"2675","07_report/CpG_context_sampling_623_675_trimmed_bismark_bt2.CpG",221,156,65,221
"2676","07_report/CpG_context_sampling_623_676_trimmed_bismark_bt2.CpG",226,157,69,226
"2677","07_report/CpG_context_sampling_623_677_trimmed_bismark_bt2.CpG",220,153,67,220
"2678","07_report/CpG_context_sampling_623_678_trimmed_bismark_bt2.CpG",223,167,56,223
"2679","07_report/CpG_context_sampling_623_679_trimmed_bismark_bt2.CpG",228,173,55,228
"2680","07_report/CpG_context_sampling_623_680_trimmed_bismark_bt2.CpG",217,156,61,217
"2681","07_report/CpG_context_sampling_623_681_trimmed_bismark_bt2.CpG",211,151,60,211
"2682","07_report/CpG_context_sampling_623_682_trimmed_bismark_bt2.CpG",225,159,66,225
"2683","07_report/CpG_context_sampling_623_683_trimmed_bismark_bt2.CpG",207,154,53,207
"2684","07_report/CpG_context_sampling_623_684_trimmed_bismark_bt2.CpG",189,128,61,189
"2685","07_report/CpG_context_sampling_623_685_trimmed_bismark_bt2.CpG",209,156,53,209
"2686","07_report/CpG_context_sampling_623_686_trimmed_bismark_bt2.CpG",229,156,73,229
"2687","07_report/CpG_context_sampling_623_687_trimmed_bismark_bt2.CpG",207,152,55,207
"2688","07_report/CpG_context_sampling_623_688_trimmed_bismark_bt2.CpG",202,148,54,202
"2689","07_report/CpG_context_sampling_623_689_trimmed_bismark_bt2.CpG",213,150,63,213
"2690","07_report/CpG_context_sampling_623_690_trimmed_bismark_bt2.CpG",212,145,67,212
"2691","07_report/CpG_context_sampling_623_691_trimmed_bismark_bt2.CpG",214,149,65,214
"2692","07_report/CpG_context_sampling_623_692_trimmed_bismark_bt2.CpG",223,160,63,223
"2693","07_report/CpG_context_sampling_623_693_trimmed_bismark_bt2.CpG",222,155,67,222
"2694","07_report/CpG_context_sampling_623_694_trimmed_bismark_bt2.CpG",224,160,64,224
"2695","07_report/CpG_context_sampling_623_695_trimmed_bismark_bt2.CpG",217,161,56,217
"2696","07_report/CpG_context_sampling_623_696_trimmed_bismark_bt2.CpG",219,161,58,219
"2697","07_report/CpG_context_sampling_623_697_trimmed_bismark_bt2.CpG",214,145,69,214
"2698","07_report/CpG_context_sampling_623_698_trimmed_bismark_bt2.CpG",214,143,71,214
"2699","07_report/CpG_context_sampling_623_699_trimmed_bismark_bt2.CpG",233,179,54,233
"2700","07_report/CpG_context_sampling_623_700_trimmed_bismark_bt2.CpG",215,155,60,215
"2701","07_report/CpG_context_sampling_623_701_trimmed_bismark_bt2.CpG",208,143,65,208
"2702","07_report/CpG_context_sampling_623_702_trimmed_bismark_bt2.CpG",241,189,52,241
"2703","07_report/CpG_context_sampling_623_703_trimmed_bismark_bt2.CpG",216,145,71,216
"2704","07_report/CpG_context_sampling_623_704_trimmed_bismark_bt2.CpG",215,159,56,215
"2705","07_report/CpG_context_sampling_623_705_trimmed_bismark_bt2.CpG",200,137,63,200
"2706","07_report/CpG_context_sampling_623_706_trimmed_bismark_bt2.CpG",218,145,73,218
"2707","07_report/CpG_context_sampling_623_707_trimmed_bismark_bt2.CpG",190,143,47,190
"2708","07_report/CpG_context_sampling_623_708_trimmed_bismark_bt2.CpG",227,156,71,227
"2709","07_report/CpG_context_sampling_623_709_trimmed_bismark_bt2.CpG",210,142,68,210
"2710","07_report/CpG_context_sampling_623_710_trimmed_bismark_bt2.CpG",236,177,59,236
"2711","07_report/CpG_context_sampling_623_711_trimmed_bismark_bt2.CpG",224,158,66,224
"2712","07_report/CpG_context_sampling_623_712_trimmed_bismark_bt2.CpG",235,174,61,235
"2713","07_report/CpG_context_sampling_623_713_trimmed_bismark_bt2.CpG",193,138,55,193
"2714","07_report/CpG_context_sampling_623_714_trimmed_bismark_bt2.CpG",201,131,70,201
"2715","07_report/CpG_context_sampling_623_715_trimmed_bismark_bt2.CpG",226,177,49,226
"2716","07_report/CpG_context_sampling_623_716_trimmed_bismark_bt2.CpG",213,164,49,213
"2717","07_report/CpG_context_sampling_623_717_trimmed_bismark_bt2.CpG",198,145,53,198
"2718","07_report/CpG_context_sampling_623_718_trimmed_bismark_bt2.CpG",217,158,59,217
"2719","07_report/CpG_context_sampling_623_719_trimmed_bismark_bt2.CpG",214,159,55,214
"2720","07_report/CpG_context_sampling_623_720_trimmed_bismark_bt2.CpG",212,154,58,212
"2721","07_report/CpG_context_sampling_623_721_trimmed_bismark_bt2.CpG",220,170,50,220
"2722","07_report/CpG_context_sampling_623_722_trimmed_bismark_bt2.CpG",229,165,64,229
"2723","07_report/CpG_context_sampling_623_723_trimmed_bismark_bt2.CpG",206,145,61,206
"2724","07_report/CpG_context_sampling_623_724_trimmed_bismark_bt2.CpG",210,150,60,210
"2725","07_report/CpG_context_sampling_623_725_trimmed_bismark_bt2.CpG",220,158,62,220
"2726","07_report/CpG_context_sampling_623_726_trimmed_bismark_bt2.CpG",222,153,69,222
"2727","07_report/CpG_context_sampling_623_727_trimmed_bismark_bt2.CpG",235,170,65,235
"2728","07_report/CpG_context_sampling_623_728_trimmed_bismark_bt2.CpG",208,138,70,208
"2729","07_report/CpG_context_sampling_623_729_trimmed_bismark_bt2.CpG",220,156,64,220
"2730","07_report/CpG_context_sampling_623_730_trimmed_bismark_bt2.CpG",219,144,75,219
"2731","07_report/CpG_context_sampling_623_731_trimmed_bismark_bt2.CpG",233,164,69,233
"2732","07_report/CpG_context_sampling_623_732_trimmed_bismark_bt2.CpG",208,143,65,208
"2733","07_report/CpG_context_sampling_623_733_trimmed_bismark_bt2.CpG",205,142,63,205
"2734","07_report/CpG_context_sampling_623_734_trimmed_bismark_bt2.CpG",202,146,56,202
"2735","07_report/CpG_context_sampling_623_735_trimmed_bismark_bt2.CpG",227,162,65,227
"2736","07_report/CpG_context_sampling_623_736_trimmed_bismark_bt2.CpG",221,155,66,221
"2737","07_report/CpG_context_sampling_623_737_trimmed_bismark_bt2.CpG",197,139,58,197
"2738","07_report/CpG_context_sampling_623_738_trimmed_bismark_bt2.CpG",232,148,84,232
"2739","07_report/CpG_context_sampling_623_739_trimmed_bismark_bt2.CpG",228,168,60,228
"2740","07_report/CpG_context_sampling_623_740_trimmed_bismark_bt2.CpG",234,181,53,234
"2741","07_report/CpG_context_sampling_623_741_trimmed_bismark_bt2.CpG",184,135,49,184
"2742","07_report/CpG_context_sampling_623_742_trimmed_bismark_bt2.CpG",217,150,67,217
"2743","07_report/CpG_context_sampling_623_743_trimmed_bismark_bt2.CpG",210,158,52,210
"2744","07_report/CpG_context_sampling_623_744_trimmed_bismark_bt2.CpG",222,166,56,222
"2745","07_report/CpG_context_sampling_623_745_trimmed_bismark_bt2.CpG",215,160,55,215
"2746","07_report/CpG_context_sampling_623_746_trimmed_bismark_bt2.CpG",250,179,71,250
"2747","07_report/CpG_context_sampling_623_747_trimmed_bismark_bt2.CpG",225,159,66,225
"2748","07_report/CpG_context_sampling_623_748_trimmed_bismark_bt2.CpG",214,157,57,214
"2749","07_report/CpG_context_sampling_623_749_trimmed_bismark_bt2.CpG",205,142,63,205
"2750","07_report/CpG_context_sampling_623_750_trimmed_bismark_bt2.CpG",218,158,60,218
"2751","07_report/CpG_context_sampling_623_751_trimmed_bismark_bt2.CpG",212,154,58,212
"2752","07_report/CpG_context_sampling_623_752_trimmed_bismark_bt2.CpG",191,133,58,191
"2753","07_report/CpG_context_sampling_623_753_trimmed_bismark_bt2.CpG",210,125,85,210
"2754","07_report/CpG_context_sampling_623_754_trimmed_bismark_bt2.CpG",218,163,55,218
"2755","07_report/CpG_context_sampling_623_755_trimmed_bismark_bt2.CpG",218,145,73,218
"2756","07_report/CpG_context_sampling_623_756_trimmed_bismark_bt2.CpG",224,160,64,224
"2757","07_report/CpG_context_sampling_623_757_trimmed_bismark_bt2.CpG",213,148,65,213
"2758","07_report/CpG_context_sampling_623_758_trimmed_bismark_bt2.CpG",242,177,65,242
"2759","07_report/CpG_context_sampling_623_759_trimmed_bismark_bt2.CpG",225,155,70,225
"2760","07_report/CpG_context_sampling_623_760_trimmed_bismark_bt2.CpG",196,153,43,196
"2761","07_report/CpG_context_sampling_623_761_trimmed_bismark_bt2.CpG",204,138,66,204
"2762","07_report/CpG_context_sampling_623_762_trimmed_bismark_bt2.CpG",218,152,66,218
"2763","07_report/CpG_context_sampling_623_763_trimmed_bismark_bt2.CpG",216,152,64,216
"2764","07_report/CpG_context_sampling_623_764_trimmed_bismark_bt2.CpG",212,152,60,212
"2765","07_report/CpG_context_sampling_623_765_trimmed_bismark_bt2.CpG",230,149,81,230
"2766","07_report/CpG_context_sampling_623_766_trimmed_bismark_bt2.CpG",217,153,64,217
"2767","07_report/CpG_context_sampling_623_767_trimmed_bismark_bt2.CpG",228,151,77,228
"2768","07_report/CpG_context_sampling_623_768_trimmed_bismark_bt2.CpG",217,152,65,217
"2769","07_report/CpG_context_sampling_623_769_trimmed_bismark_bt2.CpG",220,171,49,220
"2770","07_report/CpG_context_sampling_623_770_trimmed_bismark_bt2.CpG",213,154,59,213
"2771","07_report/CpG_context_sampling_623_771_trimmed_bismark_bt2.CpG",216,152,64,216
"2772","07_report/CpG_context_sampling_623_772_trimmed_bismark_bt2.CpG",203,153,50,203
"2773","07_report/CpG_context_sampling_623_773_trimmed_bismark_bt2.CpG",211,159,52,211
"2774","07_report/CpG_context_sampling_623_774_trimmed_bismark_bt2.CpG",219,161,58,219
"2775","07_report/CpG_context_sampling_623_775_trimmed_bismark_bt2.CpG",213,156,57,213
"2776","07_report/CpG_context_sampling_623_776_trimmed_bismark_bt2.CpG",217,165,52,217
"2777","07_report/CpG_context_sampling_623_777_trimmed_bismark_bt2.CpG",191,141,50,191
"2778","07_report/CpG_context_sampling_623_778_trimmed_bismark_bt2.CpG",209,143,66,209
"2779","07_report/CpG_context_sampling_623_779_trimmed_bismark_bt2.CpG",225,167,58,225
"2780","07_report/CpG_context_sampling_623_780_trimmed_bismark_bt2.CpG",217,148,69,217
"2781","07_report/CpG_context_sampling_623_781_trimmed_bismark_bt2.CpG",212,156,56,212
"2782","07_report/CpG_context_sampling_623_782_trimmed_bismark_bt2.CpG",204,150,54,204
"2783","07_report/CpG_context_sampling_623_783_trimmed_bismark_bt2.CpG",214,141,73,214
"2784","07_report/CpG_context_sampling_623_784_trimmed_bismark_bt2.CpG",224,174,50,224
"2785","07_report/CpG_context_sampling_623_785_trimmed_bismark_bt2.CpG",237,171,66,237
"2786","07_report/CpG_context_sampling_623_786_trimmed_bismark_bt2.CpG",206,151,55,206
"2787","07_report/CpG_context_sampling_623_787_trimmed_bismark_bt2.CpG",204,152,52,204
"2788","07_report/CpG_context_sampling_623_788_trimmed_bismark_bt2.CpG",209,156,53,209
"2789","07_report/CpG_context_sampling_623_789_trimmed_bismark_bt2.CpG",236,164,72,236
"2790","07_report/CpG_context_sampling_623_790_trimmed_bismark_bt2.CpG",225,164,61,225
"2791","07_report/CpG_context_sampling_623_791_trimmed_bismark_bt2.CpG",206,143,63,206
"2792","07_report/CpG_context_sampling_623_792_trimmed_bismark_bt2.CpG",196,145,51,196
"2793","07_report/CpG_context_sampling_623_793_trimmed_bismark_bt2.CpG",217,162,55,217
"2794","07_report/CpG_context_sampling_623_794_trimmed_bismark_bt2.CpG",224,158,66,224
"2795","07_report/CpG_context_sampling_623_795_trimmed_bismark_bt2.CpG",231,177,54,231
"2796","07_report/CpG_context_sampling_623_796_trimmed_bismark_bt2.CpG",213,153,60,213
"2797","07_report/CpG_context_sampling_623_797_trimmed_bismark_bt2.CpG",207,141,66,207
"2798","07_report/CpG_context_sampling_623_798_trimmed_bismark_bt2.CpG",221,156,65,221
"2799","07_report/CpG_context_sampling_623_799_trimmed_bismark_bt2.CpG",217,149,68,217
"2800","07_report/CpG_context_sampling_623_800_trimmed_bismark_bt2.CpG",215,148,67,215
"2801","07_report/CpG_context_sampling_623_801_trimmed_bismark_bt2.CpG",189,135,54,189
"2802","07_report/CpG_context_sampling_623_802_trimmed_bismark_bt2.CpG",213,142,71,213
"2803","07_report/CpG_context_sampling_623_803_trimmed_bismark_bt2.CpG",237,182,55,237
"2804","07_report/CpG_context_sampling_623_804_trimmed_bismark_bt2.CpG",224,145,79,224
"2805","07_report/CpG_context_sampling_623_805_trimmed_bismark_bt2.CpG",222,161,61,222
"2806","07_report/CpG_context_sampling_623_806_trimmed_bismark_bt2.CpG",194,139,55,194
"2807","07_report/CpG_context_sampling_623_807_trimmed_bismark_bt2.CpG",229,151,78,229
"2808","07_report/CpG_context_sampling_623_808_trimmed_bismark_bt2.CpG",229,165,64,229
"2809","07_report/CpG_context_sampling_623_809_trimmed_bismark_bt2.CpG",227,168,59,227
"2810","07_report/CpG_context_sampling_623_810_trimmed_bismark_bt2.CpG",221,147,74,221
"2811","07_report/CpG_context_sampling_623_811_trimmed_bismark_bt2.CpG",229,165,64,229
"2812","07_report/CpG_context_sampling_623_812_trimmed_bismark_bt2.CpG",194,138,56,194
"2813","07_report/CpG_context_sampling_623_813_trimmed_bismark_bt2.CpG",198,131,67,198
"2814","07_report/CpG_context_sampling_623_814_trimmed_bismark_bt2.CpG",205,144,61,205
"2815","07_report/CpG_context_sampling_623_815_trimmed_bismark_bt2.CpG",219,168,51,219
"2816","07_report/CpG_context_sampling_623_816_trimmed_bismark_bt2.CpG",227,167,60,227
"2817","07_report/CpG_context_sampling_623_817_trimmed_bismark_bt2.CpG",239,174,65,239
"2818","07_report/CpG_context_sampling_623_818_trimmed_bismark_bt2.CpG",219,162,57,219
"2819","07_report/CpG_context_sampling_623_819_trimmed_bismark_bt2.CpG",223,159,64,223
"2820","07_report/CpG_context_sampling_623_820_trimmed_bismark_bt2.CpG",209,146,63,209
"2821","07_report/CpG_context_sampling_623_821_trimmed_bismark_bt2.CpG",220,155,65,220
"2822","07_report/CpG_context_sampling_623_822_trimmed_bismark_bt2.CpG",208,158,50,208
"2823","07_report/CpG_context_sampling_623_823_trimmed_bismark_bt2.CpG",203,133,70,203
"2824","07_report/CpG_context_sampling_623_824_trimmed_bismark_bt2.CpG",211,150,61,211
"2825","07_report/CpG_context_sampling_623_825_trimmed_bismark_bt2.CpG",210,144,66,210
"2826","07_report/CpG_context_sampling_623_826_trimmed_bismark_bt2.CpG",210,153,57,210
"2827","07_report/CpG_context_sampling_623_827_trimmed_bismark_bt2.CpG",232,156,76,232
"2828","07_report/CpG_context_sampling_623_828_trimmed_bismark_bt2.CpG",228,161,67,228
"2829","07_report/CpG_context_sampling_623_829_trimmed_bismark_bt2.CpG",202,143,59,202
"2830","07_report/CpG_context_sampling_623_830_trimmed_bismark_bt2.CpG",220,160,60,220
"2831","07_report/CpG_context_sampling_623_831_trimmed_bismark_bt2.CpG",216,156,60,216
"2832","07_report/CpG_context_sampling_623_832_trimmed_bismark_bt2.CpG",211,144,67,211
"2833","07_report/CpG_context_sampling_623_833_trimmed_bismark_bt2.CpG",205,150,55,205
"2834","07_report/CpG_context_sampling_623_834_trimmed_bismark_bt2.CpG",225,152,73,225
"2835","07_report/CpG_context_sampling_623_835_trimmed_bismark_bt2.CpG",214,146,68,214
"2836","07_report/CpG_context_sampling_623_836_trimmed_bismark_bt2.CpG",210,150,60,210
"2837","07_report/CpG_context_sampling_623_837_trimmed_bismark_bt2.CpG",216,168,48,216
"2838","07_report/CpG_context_sampling_623_838_trimmed_bismark_bt2.CpG",200,135,65,200
"2839","07_report/CpG_context_sampling_623_839_trimmed_bismark_bt2.CpG",229,170,59,229
"2840","07_report/CpG_context_sampling_623_840_trimmed_bismark_bt2.CpG",208,151,57,208
"2841","07_report/CpG_context_sampling_623_841_trimmed_bismark_bt2.CpG",217,151,66,217
"2842","07_report/CpG_context_sampling_623_842_trimmed_bismark_bt2.CpG",210,149,61,210
"2843","07_report/CpG_context_sampling_623_843_trimmed_bismark_bt2.CpG",225,168,57,225
"2844","07_report/CpG_context_sampling_623_844_trimmed_bismark_bt2.CpG",211,158,53,211
"2845","07_report/CpG_context_sampling_623_845_trimmed_bismark_bt2.CpG",198,140,58,198
"2846","07_report/CpG_context_sampling_623_846_trimmed_bismark_bt2.CpG",211,157,54,211
"2847","07_report/CpG_context_sampling_623_847_trimmed_bismark_bt2.CpG",210,145,65,210
"2848","07_report/CpG_context_sampling_623_848_trimmed_bismark_bt2.CpG",235,157,78,235
"2849","07_report/CpG_context_sampling_623_849_trimmed_bismark_bt2.CpG",207,148,59,207
"2850","07_report/CpG_context_sampling_623_850_trimmed_bismark_bt2.CpG",222,161,61,222
"2851","07_report/CpG_context_sampling_623_851_trimmed_bismark_bt2.CpG",228,164,64,228
"2852","07_report/CpG_context_sampling_623_852_trimmed_bismark_bt2.CpG",211,144,67,211
"2853","07_report/CpG_context_sampling_623_853_trimmed_bismark_bt2.CpG",227,174,53,227
"2854","07_report/CpG_context_sampling_623_854_trimmed_bismark_bt2.CpG",198,145,53,198
"2855","07_report/CpG_context_sampling_623_855_trimmed_bismark_bt2.CpG",226,162,64,226
"2856","07_report/CpG_context_sampling_623_856_trimmed_bismark_bt2.CpG",200,144,56,200
"2857","07_report/CpG_context_sampling_623_857_trimmed_bismark_bt2.CpG",222,160,62,222
"2858","07_report/CpG_context_sampling_623_858_trimmed_bismark_bt2.CpG",222,148,74,222
"2859","07_report/CpG_context_sampling_623_859_trimmed_bismark_bt2.CpG",210,151,59,210
"2860","07_report/CpG_context_sampling_623_860_trimmed_bismark_bt2.CpG",229,163,66,229
"2861","07_report/CpG_context_sampling_623_861_trimmed_bismark_bt2.CpG",210,153,57,210
"2862","07_report/CpG_context_sampling_623_862_trimmed_bismark_bt2.CpG",196,139,57,196
"2863","07_report/CpG_context_sampling_623_863_trimmed_bismark_bt2.CpG",206,154,52,206
"2864","07_report/CpG_context_sampling_623_864_trimmed_bismark_bt2.CpG",212,150,62,212
"2865","07_report/CpG_context_sampling_623_865_trimmed_bismark_bt2.CpG",213,159,54,213
"2866","07_report/CpG_context_sampling_623_866_trimmed_bismark_bt2.CpG",221,158,63,221
"2867","07_report/CpG_context_sampling_623_867_trimmed_bismark_bt2.CpG",222,164,58,222
"2868","07_report/CpG_context_sampling_623_868_trimmed_bismark_bt2.CpG",195,144,51,195
"2869","07_report/CpG_context_sampling_623_869_trimmed_bismark_bt2.CpG",211,150,61,211
"2870","07_report/CpG_context_sampling_623_870_trimmed_bismark_bt2.CpG",189,139,50,189
"2871","07_report/CpG_context_sampling_623_871_trimmed_bismark_bt2.CpG",216,143,73,216
"2872","07_report/CpG_context_sampling_623_872_trimmed_bismark_bt2.CpG",211,150,61,211
"2873","07_report/CpG_context_sampling_623_873_trimmed_bismark_bt2.CpG",214,150,64,214
"2874","07_report/CpG_context_sampling_623_874_trimmed_bismark_bt2.CpG",209,146,63,209
"2875","07_report/CpG_context_sampling_623_875_trimmed_bismark_bt2.CpG",202,151,51,202
"2876","07_report/CpG_context_sampling_623_876_trimmed_bismark_bt2.CpG",206,147,59,206
"2877","07_report/CpG_context_sampling_623_877_trimmed_bismark_bt2.CpG",215,154,61,215
"2878","07_report/CpG_context_sampling_623_878_trimmed_bismark_bt2.CpG",244,181,63,244
"2879","07_report/CpG_context_sampling_623_879_trimmed_bismark_bt2.CpG",213,161,52,213
"2880","07_report/CpG_context_sampling_623_880_trimmed_bismark_bt2.CpG",237,161,76,237
"2881","07_report/CpG_context_sampling_623_881_trimmed_bismark_bt2.CpG",202,155,47,202
"2882","07_report/CpG_context_sampling_623_882_trimmed_bismark_bt2.CpG",221,151,70,221
"2883","07_report/CpG_context_sampling_623_883_trimmed_bismark_bt2.CpG",216,152,64,216
"2884","07_report/CpG_context_sampling_623_884_trimmed_bismark_bt2.CpG",216,159,57,216
"2885","07_report/CpG_context_sampling_623_885_trimmed_bismark_bt2.CpG",202,155,47,202
"2886","07_report/CpG_context_sampling_623_886_trimmed_bismark_bt2.CpG",223,144,79,223
"2887","07_report/CpG_context_sampling_623_887_trimmed_bismark_bt2.CpG",233,164,69,233
"2888","07_report/CpG_context_sampling_623_888_trimmed_bismark_bt2.CpG",205,158,47,205
"2889","07_report/CpG_context_sampling_623_889_trimmed_bismark_bt2.CpG",215,156,59,215
"2890","07_report/CpG_context_sampling_623_890_trimmed_bismark_bt2.CpG",217,161,56,217
"2891","07_report/CpG_context_sampling_623_891_trimmed_bismark_bt2.CpG",218,147,71,218
"2892","07_report/CpG_context_sampling_623_892_trimmed_bismark_bt2.CpG",214,156,58,214
"2893","07_report/CpG_context_sampling_623_893_trimmed_bismark_bt2.CpG",228,157,71,228
"2894","07_report/CpG_context_sampling_623_894_trimmed_bismark_bt2.CpG",219,159,60,219
"2895","07_report/CpG_context_sampling_623_895_trimmed_bismark_bt2.CpG",203,141,62,203
"2896","07_report/CpG_context_sampling_623_896_trimmed_bismark_bt2.CpG",201,139,62,201
"2897","07_report/CpG_context_sampling_623_897_trimmed_bismark_bt2.CpG",212,158,54,212
"2898","07_report/CpG_context_sampling_623_898_trimmed_bismark_bt2.CpG",197,137,60,197
"2899","07_report/CpG_context_sampling_623_899_trimmed_bismark_bt2.CpG",205,158,47,205
"2900","07_report/CpG_context_sampling_623_900_trimmed_bismark_bt2.CpG",207,152,55,207
"2901","07_report/CpG_context_sampling_623_901_trimmed_bismark_bt2.CpG",212,146,66,212
"2902","07_report/CpG_context_sampling_623_902_trimmed_bismark_bt2.CpG",203,146,57,203
"2903","07_report/CpG_context_sampling_623_903_trimmed_bismark_bt2.CpG",237,175,62,237
"2904","07_report/CpG_context_sampling_623_904_trimmed_bismark_bt2.CpG",212,143,69,212
"2905","07_report/CpG_context_sampling_623_905_trimmed_bismark_bt2.CpG",223,162,61,223
"2906","07_report/CpG_context_sampling_623_906_trimmed_bismark_bt2.CpG",213,160,53,213
"2907","07_report/CpG_context_sampling_623_907_trimmed_bismark_bt2.CpG",217,155,62,217
"2908","07_report/CpG_context_sampling_623_908_trimmed_bismark_bt2.CpG",205,148,57,205
"2909","07_report/CpG_context_sampling_623_909_trimmed_bismark_bt2.CpG",211,156,55,211
"2910","07_report/CpG_context_sampling_623_910_trimmed_bismark_bt2.CpG",218,161,57,218
"2911","07_report/CpG_context_sampling_623_911_trimmed_bismark_bt2.CpG",240,178,62,240
"2912","07_report/CpG_context_sampling_623_912_trimmed_bismark_bt2.CpG",218,144,74,218
"2913","07_report/CpG_context_sampling_623_913_trimmed_bismark_bt2.CpG",209,149,60,209
"2914","07_report/CpG_context_sampling_623_914_trimmed_bismark_bt2.CpG",196,147,49,196
"2915","07_report/CpG_context_sampling_623_915_trimmed_bismark_bt2.CpG",209,147,62,209
"2916","07_report/CpG_context_sampling_623_916_trimmed_bismark_bt2.CpG",222,163,59,222
"2917","07_report/CpG_context_sampling_623_917_trimmed_bismark_bt2.CpG",203,139,64,203
"2918","07_report/CpG_context_sampling_623_918_trimmed_bismark_bt2.CpG",198,136,62,198
"2919","07_report/CpG_context_sampling_623_919_trimmed_bismark_bt2.CpG",202,147,55,202
"2920","07_report/CpG_context_sampling_623_920_trimmed_bismark_bt2.CpG",210,153,57,210
"2921","07_report/CpG_context_sampling_623_921_trimmed_bismark_bt2.CpG",215,148,67,215
"2922","07_report/CpG_context_sampling_623_922_trimmed_bismark_bt2.CpG",214,147,67,214
"2923","07_report/CpG_context_sampling_623_923_trimmed_bismark_bt2.CpG",199,140,59,199
"2924","07_report/CpG_context_sampling_623_924_trimmed_bismark_bt2.CpG",196,143,53,196
"2925","07_report/CpG_context_sampling_623_925_trimmed_bismark_bt2.CpG",212,151,61,212
"2926","07_report/CpG_context_sampling_623_926_trimmed_bismark_bt2.CpG",217,156,61,217
"2927","07_report/CpG_context_sampling_623_927_trimmed_bismark_bt2.CpG",203,139,64,203
"2928","07_report/CpG_context_sampling_623_928_trimmed_bismark_bt2.CpG",225,159,66,225
"2929","07_report/CpG_context_sampling_623_929_trimmed_bismark_bt2.CpG",201,137,64,201
"2930","07_report/CpG_context_sampling_623_930_trimmed_bismark_bt2.CpG",226,161,65,226
"2931","07_report/CpG_context_sampling_623_931_trimmed_bismark_bt2.CpG",241,167,74,241
"2932","07_report/CpG_context_sampling_623_932_trimmed_bismark_bt2.CpG",222,162,60,222
"2933","07_report/CpG_context_sampling_623_933_trimmed_bismark_bt2.CpG",242,163,79,242
"2934","07_report/CpG_context_sampling_623_934_trimmed_bismark_bt2.CpG",220,152,68,220
"2935","07_report/CpG_context_sampling_623_935_trimmed_bismark_bt2.CpG",199,140,59,199
"2936","07_report/CpG_context_sampling_623_936_trimmed_bismark_bt2.CpG",226,160,66,226
"2937","07_report/CpG_context_sampling_623_937_trimmed_bismark_bt2.CpG",203,140,63,203
"2938","07_report/CpG_context_sampling_623_938_trimmed_bismark_bt2.CpG",219,154,65,219
"2939","07_report/CpG_context_sampling_623_939_trimmed_bismark_bt2.CpG",204,156,48,204
"2940","07_report/CpG_context_sampling_623_940_trimmed_bismark_bt2.CpG",222,150,72,222
"2941","07_report/CpG_context_sampling_623_941_trimmed_bismark_bt2.CpG",213,145,68,213
"2942","07_report/CpG_context_sampling_623_942_trimmed_bismark_bt2.CpG",207,146,61,207
"2943","07_report/CpG_context_sampling_623_943_trimmed_bismark_bt2.CpG",201,138,63,201
"2944","07_report/CpG_context_sampling_623_944_trimmed_bismark_bt2.CpG",231,164,67,231
"2945","07_report/CpG_context_sampling_623_945_trimmed_bismark_bt2.CpG",232,177,55,232
"2946","07_report/CpG_context_sampling_623_946_trimmed_bismark_bt2.CpG",217,144,73,217
"2947","07_report/CpG_context_sampling_623_947_trimmed_bismark_bt2.CpG",221,164,57,221
"2948","07_report/CpG_context_sampling_623_948_trimmed_bismark_bt2.CpG",183,139,44,183
"2949","07_report/CpG_context_sampling_623_949_trimmed_bismark_bt2.CpG",202,145,57,202
"2950","07_report/CpG_context_sampling_623_950_trimmed_bismark_bt2.CpG",240,180,60,240
"2951","07_report/CpG_context_sampling_623_951_trimmed_bismark_bt2.CpG",238,174,64,238
"2952","07_report/CpG_context_sampling_623_952_trimmed_bismark_bt2.CpG",210,152,58,210
"2953","07_report/CpG_context_sampling_623_953_trimmed_bismark_bt2.CpG",218,158,60,218
"2954","07_report/CpG_context_sampling_623_954_trimmed_bismark_bt2.CpG",223,156,67,223
"2955","07_report/CpG_context_sampling_623_955_trimmed_bismark_bt2.CpG",199,140,59,199
"2956","07_report/CpG_context_sampling_623_956_trimmed_bismark_bt2.CpG",230,175,55,230
"2957","07_report/CpG_context_sampling_623_957_trimmed_bismark_bt2.CpG",213,146,67,213
"2958","07_report/CpG_context_sampling_623_958_trimmed_bismark_bt2.CpG",208,163,45,208
"2959","07_report/CpG_context_sampling_623_959_trimmed_bismark_bt2.CpG",201,149,52,201
"2960","07_report/CpG_context_sampling_623_960_trimmed_bismark_bt2.CpG",223,168,55,223
"2961","07_report/CpG_context_sampling_623_961_trimmed_bismark_bt2.CpG",206,138,68,206
"2962","07_report/CpG_context_sampling_623_962_trimmed_bismark_bt2.CpG",232,164,68,232
"2963","07_report/CpG_context_sampling_623_963_trimmed_bismark_bt2.CpG",231,163,68,231
"2964","07_report/CpG_context_sampling_623_964_trimmed_bismark_bt2.CpG",212,154,58,212
"2965","07_report/CpG_context_sampling_623_965_trimmed_bismark_bt2.CpG",214,152,62,214
"2966","07_report/CpG_context_sampling_623_966_trimmed_bismark_bt2.CpG",192,132,60,192
"2967","07_report/CpG_context_sampling_623_967_trimmed_bismark_bt2.CpG",211,160,51,211
"2968","07_report/CpG_context_sampling_623_968_trimmed_bismark_bt2.CpG",233,167,66,233
"2969","07_report/CpG_context_sampling_623_969_trimmed_bismark_bt2.CpG",228,168,60,228
"2970","07_report/CpG_context_sampling_623_970_trimmed_bismark_bt2.CpG",213,149,64,213
"2971","07_report/CpG_context_sampling_623_971_trimmed_bismark_bt2.CpG",230,157,73,230
"2972","07_report/CpG_context_sampling_623_972_trimmed_bismark_bt2.CpG",214,158,56,214
"2973","07_report/CpG_context_sampling_623_973_trimmed_bismark_bt2.CpG",194,142,52,194
"2974","07_report/CpG_context_sampling_623_974_trimmed_bismark_bt2.CpG",199,141,58,199
"2975","07_report/CpG_context_sampling_623_975_trimmed_bismark_bt2.CpG",234,164,70,234
"2976","07_report/CpG_context_sampling_623_976_trimmed_bismark_bt2.CpG",212,154,58,212
"2977","07_report/CpG_context_sampling_623_977_trimmed_bismark_bt2.CpG",217,165,52,217
"2978","07_report/CpG_context_sampling_623_978_trimmed_bismark_bt2.CpG",221,145,76,221
"2979","07_report/CpG_context_sampling_623_979_trimmed_bismark_bt2.CpG",210,144,66,210
"2980","07_report/CpG_context_sampling_623_980_trimmed_bismark_bt2.CpG",207,144,63,207
"2981","07_report/CpG_context_sampling_623_981_trimmed_bismark_bt2.CpG",197,150,47,197
"2982","07_report/CpG_context_sampling_623_982_trimmed_bismark_bt2.CpG",213,169,44,213
"2983","07_report/CpG_context_sampling_623_983_trimmed_bismark_bt2.CpG",227,154,73,227
"2984","07_report/CpG_context_sampling_623_984_trimmed_bismark_bt2.CpG",201,142,59,201
"2985","07_report/CpG_context_sampling_623_985_trimmed_bismark_bt2.CpG",219,154,65,219
"2986","07_report/CpG_context_sampling_623_986_trimmed_bismark_bt2.CpG",218,170,48,218
"2987","07_report/CpG_context_sampling_623_987_trimmed_bismark_bt2.CpG",180,133,47,180
"2988","07_report/CpG_context_sampling_623_988_trimmed_bismark_bt2.CpG",231,176,55,231
"2989","07_report/CpG_context_sampling_623_989_trimmed_bismark_bt2.CpG",214,153,61,214
"2990","07_report/CpG_context_sampling_623_990_trimmed_bismark_bt2.CpG",205,142,63,205
"2991","07_report/CpG_context_sampling_623_991_trimmed_bismark_bt2.CpG",209,150,59,209
"2992","07_report/CpG_context_sampling_623_992_trimmed_bismark_bt2.CpG",221,154,67,221
"2993","07_report/CpG_context_sampling_623_993_trimmed_bismark_bt2.CpG",228,158,70,228
"2994","07_report/CpG_context_sampling_623_994_trimmed_bismark_bt2.CpG",236,166,70,236
"2995","07_report/CpG_context_sampling_623_995_trimmed_bismark_bt2.CpG",211,155,56,211
"2996","07_report/CpG_context_sampling_623_996_trimmed_bismark_bt2.CpG",236,170,66,236
"2997","07_report/CpG_context_sampling_623_997_trimmed_bismark_bt2.CpG",228,171,57,228
"2998","07_report/CpG_context_sampling_623_998_trimmed_bismark_bt2.CpG",217,150,67,217
"2999","07_report/CpG_context_sampling_623_999_trimmed_bismark_bt2.CpG",212,153,59,212
"3000","07_report/CpG_context_sampling_623_1000_trimmed_bismark_bt2.CpG",226,163,63,226
"3001","07_report/CpG_context_sampling_872_1_trimmed_bismark_bt2.CpG",313,212,101,313
"3002","07_report/CpG_context_sampling_872_2_trimmed_bismark_bt2.CpG",275,187,88,275
"3003","07_report/CpG_context_sampling_872_3_trimmed_bismark_bt2.CpG",304,219,85,304
"3004","07_report/CpG_context_sampling_872_4_trimmed_bismark_bt2.CpG",320,225,95,320
"3005","07_report/CpG_context_sampling_872_5_trimmed_bismark_bt2.CpG",277,194,83,277
"3006","07_report/CpG_context_sampling_872_6_trimmed_bismark_bt2.CpG",316,218,98,316
"3007","07_report/CpG_context_sampling_872_7_trimmed_bismark_bt2.CpG",335,253,82,335
"3008","07_report/CpG_context_sampling_872_8_trimmed_bismark_bt2.CpG",296,210,86,296
"3009","07_report/CpG_context_sampling_872_9_trimmed_bismark_bt2.CpG",314,236,78,314
"3010","07_report/CpG_context_sampling_872_10_trimmed_bismark_bt2.CpG",308,213,95,308
"3011","07_report/CpG_context_sampling_872_11_trimmed_bismark_bt2.CpG",280,192,88,280
"3012","07_report/CpG_context_sampling_872_12_trimmed_bismark_bt2.CpG",290,203,87,290
"3013","07_report/CpG_context_sampling_872_13_trimmed_bismark_bt2.CpG",325,229,96,325
"3014","07_report/CpG_context_sampling_872_14_trimmed_bismark_bt2.CpG",282,217,65,282
"3015","07_report/CpG_context_sampling_872_15_trimmed_bismark_bt2.CpG",313,204,109,313
"3016","07_report/CpG_context_sampling_872_16_trimmed_bismark_bt2.CpG",305,206,99,305
"3017","07_report/CpG_context_sampling_872_17_trimmed_bismark_bt2.CpG",305,214,91,305
"3018","07_report/CpG_context_sampling_872_18_trimmed_bismark_bt2.CpG",320,221,99,320
"3019","07_report/CpG_context_sampling_872_19_trimmed_bismark_bt2.CpG",346,238,108,346
"3020","07_report/CpG_context_sampling_872_20_trimmed_bismark_bt2.CpG",306,217,89,306
"3021","07_report/CpG_context_sampling_872_21_trimmed_bismark_bt2.CpG",297,193,104,297
"3022","07_report/CpG_context_sampling_872_22_trimmed_bismark_bt2.CpG",315,231,84,315
"3023","07_report/CpG_context_sampling_872_23_trimmed_bismark_bt2.CpG",295,214,81,295
"3024","07_report/CpG_context_sampling_872_24_trimmed_bismark_bt2.CpG",328,242,86,328
"3025","07_report/CpG_context_sampling_872_25_trimmed_bismark_bt2.CpG",295,211,84,295
"3026","07_report/CpG_context_sampling_872_26_trimmed_bismark_bt2.CpG",309,214,95,309
"3027","07_report/CpG_context_sampling_872_27_trimmed_bismark_bt2.CpG",304,220,84,304
"3028","07_report/CpG_context_sampling_872_28_trimmed_bismark_bt2.CpG",299,213,86,299
"3029","07_report/CpG_context_sampling_872_29_trimmed_bismark_bt2.CpG",283,207,76,283
"3030","07_report/CpG_context_sampling_872_30_trimmed_bismark_bt2.CpG",287,202,85,287
"3031","07_report/CpG_context_sampling_872_31_trimmed_bismark_bt2.CpG",300,214,86,300
"3032","07_report/CpG_context_sampling_872_32_trimmed_bismark_bt2.CpG",298,215,83,298
"3033","07_report/CpG_context_sampling_872_33_trimmed_bismark_bt2.CpG",281,205,76,281
"3034","07_report/CpG_context_sampling_872_34_trimmed_bismark_bt2.CpG",296,211,85,296
"3035","07_report/CpG_context_sampling_872_35_trimmed_bismark_bt2.CpG",291,208,83,291
"3036","07_report/CpG_context_sampling_872_36_trimmed_bismark_bt2.CpG",307,224,83,307
"3037","07_report/CpG_context_sampling_872_37_trimmed_bismark_bt2.CpG",316,219,97,316
"3038","07_report/CpG_context_sampling_872_38_trimmed_bismark_bt2.CpG",317,216,101,317
"3039","07_report/CpG_context_sampling_872_39_trimmed_bismark_bt2.CpG",289,208,81,289
"3040","07_report/CpG_context_sampling_872_40_trimmed_bismark_bt2.CpG",308,208,100,308
"3041","07_report/CpG_context_sampling_872_41_trimmed_bismark_bt2.CpG",305,214,91,305
"3042","07_report/CpG_context_sampling_872_42_trimmed_bismark_bt2.CpG",280,200,80,280
"3043","07_report/CpG_context_sampling_872_43_trimmed_bismark_bt2.CpG",295,205,90,295
"3044","07_report/CpG_context_sampling_872_44_trimmed_bismark_bt2.CpG",296,209,87,296
"3045","07_report/CpG_context_sampling_872_45_trimmed_bismark_bt2.CpG",305,219,86,305
"3046","07_report/CpG_context_sampling_872_46_trimmed_bismark_bt2.CpG",304,223,81,304
"3047","07_report/CpG_context_sampling_872_47_trimmed_bismark_bt2.CpG",283,211,72,283
"3048","07_report/CpG_context_sampling_872_48_trimmed_bismark_bt2.CpG",280,204,76,280
"3049","07_report/CpG_context_sampling_872_49_trimmed_bismark_bt2.CpG",308,211,97,308
"3050","07_report/CpG_context_sampling_872_50_trimmed_bismark_bt2.CpG",318,235,83,318
"3051","07_report/CpG_context_sampling_872_51_trimmed_bismark_bt2.CpG",315,216,99,315
"3052","07_report/CpG_context_sampling_872_52_trimmed_bismark_bt2.CpG",296,201,95,296
"3053","07_report/CpG_context_sampling_872_53_trimmed_bismark_bt2.CpG",312,222,90,312
"3054","07_report/CpG_context_sampling_872_54_trimmed_bismark_bt2.CpG",297,203,94,297
"3055","07_report/CpG_context_sampling_872_55_trimmed_bismark_bt2.CpG",312,230,82,312
"3056","07_report/CpG_context_sampling_872_56_trimmed_bismark_bt2.CpG",313,219,94,313
"3057","07_report/CpG_context_sampling_872_57_trimmed_bismark_bt2.CpG",318,229,89,318
"3058","07_report/CpG_context_sampling_872_58_trimmed_bismark_bt2.CpG",291,204,87,291
"3059","07_report/CpG_context_sampling_872_59_trimmed_bismark_bt2.CpG",307,224,83,307
"3060","07_report/CpG_context_sampling_872_60_trimmed_bismark_bt2.CpG",297,211,86,297
"3061","07_report/CpG_context_sampling_872_61_trimmed_bismark_bt2.CpG",307,215,92,307
"3062","07_report/CpG_context_sampling_872_62_trimmed_bismark_bt2.CpG",284,197,87,284
"3063","07_report/CpG_context_sampling_872_63_trimmed_bismark_bt2.CpG",295,209,86,295
"3064","07_report/CpG_context_sampling_872_64_trimmed_bismark_bt2.CpG",295,215,80,295
"3065","07_report/CpG_context_sampling_872_65_trimmed_bismark_bt2.CpG",307,217,90,307
"3066","07_report/CpG_context_sampling_872_66_trimmed_bismark_bt2.CpG",300,218,82,300
"3067","07_report/CpG_context_sampling_872_67_trimmed_bismark_bt2.CpG",283,203,80,283
"3068","07_report/CpG_context_sampling_872_68_trimmed_bismark_bt2.CpG",299,207,92,299
"3069","07_report/CpG_context_sampling_872_69_trimmed_bismark_bt2.CpG",288,183,105,288
"3070","07_report/CpG_context_sampling_872_70_trimmed_bismark_bt2.CpG",282,199,83,282
"3071","07_report/CpG_context_sampling_872_71_trimmed_bismark_bt2.CpG",304,215,89,304
"3072","07_report/CpG_context_sampling_872_72_trimmed_bismark_bt2.CpG",310,224,86,310
"3073","07_report/CpG_context_sampling_872_73_trimmed_bismark_bt2.CpG",274,192,82,274
"3074","07_report/CpG_context_sampling_872_74_trimmed_bismark_bt2.CpG",302,228,74,302
"3075","07_report/CpG_context_sampling_872_75_trimmed_bismark_bt2.CpG",312,207,105,312
"3076","07_report/CpG_context_sampling_872_76_trimmed_bismark_bt2.CpG",300,231,69,300
"3077","07_report/CpG_context_sampling_872_77_trimmed_bismark_bt2.CpG",317,216,101,317
"3078","07_report/CpG_context_sampling_872_78_trimmed_bismark_bt2.CpG",278,209,69,278
"3079","07_report/CpG_context_sampling_872_79_trimmed_bismark_bt2.CpG",278,189,89,278
"3080","07_report/CpG_context_sampling_872_80_trimmed_bismark_bt2.CpG",304,226,78,304
"3081","07_report/CpG_context_sampling_872_81_trimmed_bismark_bt2.CpG",290,192,98,290
"3082","07_report/CpG_context_sampling_872_82_trimmed_bismark_bt2.CpG",316,229,87,316
"3083","07_report/CpG_context_sampling_872_83_trimmed_bismark_bt2.CpG",329,228,101,329
"3084","07_report/CpG_context_sampling_872_84_trimmed_bismark_bt2.CpG",307,228,79,307
"3085","07_report/CpG_context_sampling_872_85_trimmed_bismark_bt2.CpG",289,197,92,289
"3086","07_report/CpG_context_sampling_872_86_trimmed_bismark_bt2.CpG",320,226,94,320
"3087","07_report/CpG_context_sampling_872_87_trimmed_bismark_bt2.CpG",303,217,86,303
"3088","07_report/CpG_context_sampling_872_88_trimmed_bismark_bt2.CpG",315,232,83,315
"3089","07_report/CpG_context_sampling_872_89_trimmed_bismark_bt2.CpG",296,205,91,296
"3090","07_report/CpG_context_sampling_872_90_trimmed_bismark_bt2.CpG",278,194,84,278
"3091","07_report/CpG_context_sampling_872_91_trimmed_bismark_bt2.CpG",294,222,72,294
"3092","07_report/CpG_context_sampling_872_92_trimmed_bismark_bt2.CpG",314,222,92,314
"3093","07_report/CpG_context_sampling_872_93_trimmed_bismark_bt2.CpG",289,204,85,289
"3094","07_report/CpG_context_sampling_872_94_trimmed_bismark_bt2.CpG",315,224,91,315
"3095","07_report/CpG_context_sampling_872_95_trimmed_bismark_bt2.CpG",303,215,88,303
"3096","07_report/CpG_context_sampling_872_96_trimmed_bismark_bt2.CpG",310,210,100,310
"3097","07_report/CpG_context_sampling_872_97_trimmed_bismark_bt2.CpG",317,236,81,317
"3098","07_report/CpG_context_sampling_872_98_trimmed_bismark_bt2.CpG",299,217,82,299
"3099","07_report/CpG_context_sampling_872_99_trimmed_bismark_bt2.CpG",309,220,89,309
"3100","07_report/CpG_context_sampling_872_100_trimmed_bismark_bt2.CpG",317,240,77,317
"3101","07_report/CpG_context_sampling_872_101_trimmed_bismark_bt2.CpG",307,224,83,307
"3102","07_report/CpG_context_sampling_872_102_trimmed_bismark_bt2.CpG",315,225,90,315
"3103","07_report/CpG_context_sampling_872_103_trimmed_bismark_bt2.CpG",318,231,87,318
"3104","07_report/CpG_context_sampling_872_104_trimmed_bismark_bt2.CpG",280,191,89,280
"3105","07_report/CpG_context_sampling_872_105_trimmed_bismark_bt2.CpG",319,216,103,319
"3106","07_report/CpG_context_sampling_872_106_trimmed_bismark_bt2.CpG",279,201,78,279
"3107","07_report/CpG_context_sampling_872_107_trimmed_bismark_bt2.CpG",318,227,91,318
"3108","07_report/CpG_context_sampling_872_108_trimmed_bismark_bt2.CpG",308,235,73,308
"3109","07_report/CpG_context_sampling_872_109_trimmed_bismark_bt2.CpG",289,213,76,289
"3110","07_report/CpG_context_sampling_872_110_trimmed_bismark_bt2.CpG",317,229,88,317
"3111","07_report/CpG_context_sampling_872_111_trimmed_bismark_bt2.CpG",300,222,78,300
"3112","07_report/CpG_context_sampling_872_112_trimmed_bismark_bt2.CpG",244,166,78,244
"3113","07_report/CpG_context_sampling_872_113_trimmed_bismark_bt2.CpG",277,192,85,277
"3114","07_report/CpG_context_sampling_872_114_trimmed_bismark_bt2.CpG",303,222,81,303
"3115","07_report/CpG_context_sampling_872_115_trimmed_bismark_bt2.CpG",315,227,88,315
"3116","07_report/CpG_context_sampling_872_116_trimmed_bismark_bt2.CpG",307,219,88,307
"3117","07_report/CpG_context_sampling_872_117_trimmed_bismark_bt2.CpG",276,198,78,276
"3118","07_report/CpG_context_sampling_872_118_trimmed_bismark_bt2.CpG",309,227,82,309
"3119","07_report/CpG_context_sampling_872_119_trimmed_bismark_bt2.CpG",293,207,86,293
"3120","07_report/CpG_context_sampling_872_120_trimmed_bismark_bt2.CpG",321,233,88,321
"3121","07_report/CpG_context_sampling_872_121_trimmed_bismark_bt2.CpG",319,206,113,319
"3122","07_report/CpG_context_sampling_872_122_trimmed_bismark_bt2.CpG",294,198,96,294
"3123","07_report/CpG_context_sampling_872_123_trimmed_bismark_bt2.CpG",298,228,70,298
"3124","07_report/CpG_context_sampling_872_124_trimmed_bismark_bt2.CpG",288,191,97,288
"3125","07_report/CpG_context_sampling_872_125_trimmed_bismark_bt2.CpG",299,217,82,299
"3126","07_report/CpG_context_sampling_872_126_trimmed_bismark_bt2.CpG",301,217,84,301
"3127","07_report/CpG_context_sampling_872_127_trimmed_bismark_bt2.CpG",288,204,84,288
"3128","07_report/CpG_context_sampling_872_128_trimmed_bismark_bt2.CpG",331,227,104,331
"3129","07_report/CpG_context_sampling_872_129_trimmed_bismark_bt2.CpG",277,203,74,277
"3130","07_report/CpG_context_sampling_872_130_trimmed_bismark_bt2.CpG",311,217,94,311
"3131","07_report/CpG_context_sampling_872_131_trimmed_bismark_bt2.CpG",314,228,86,314
"3132","07_report/CpG_context_sampling_872_132_trimmed_bismark_bt2.CpG",307,206,101,307
"3133","07_report/CpG_context_sampling_872_133_trimmed_bismark_bt2.CpG",277,196,81,277
"3134","07_report/CpG_context_sampling_872_134_trimmed_bismark_bt2.CpG",293,213,80,293
"3135","07_report/CpG_context_sampling_872_135_trimmed_bismark_bt2.CpG",315,217,98,315
"3136","07_report/CpG_context_sampling_872_136_trimmed_bismark_bt2.CpG",278,211,67,278
"3137","07_report/CpG_context_sampling_872_137_trimmed_bismark_bt2.CpG",320,226,94,320
"3138","07_report/CpG_context_sampling_872_138_trimmed_bismark_bt2.CpG",293,220,73,293
"3139","07_report/CpG_context_sampling_872_139_trimmed_bismark_bt2.CpG",313,232,81,313
"3140","07_report/CpG_context_sampling_872_140_trimmed_bismark_bt2.CpG",299,213,86,299
"3141","07_report/CpG_context_sampling_872_141_trimmed_bismark_bt2.CpG",307,234,73,307
"3142","07_report/CpG_context_sampling_872_142_trimmed_bismark_bt2.CpG",298,200,98,298
"3143","07_report/CpG_context_sampling_872_143_trimmed_bismark_bt2.CpG",324,238,86,324
"3144","07_report/CpG_context_sampling_872_144_trimmed_bismark_bt2.CpG",289,190,99,289
"3145","07_report/CpG_context_sampling_872_145_trimmed_bismark_bt2.CpG",315,223,92,315
"3146","07_report/CpG_context_sampling_872_146_trimmed_bismark_bt2.CpG",312,221,91,312
"3147","07_report/CpG_context_sampling_872_147_trimmed_bismark_bt2.CpG",292,215,77,292
"3148","07_report/CpG_context_sampling_872_148_trimmed_bismark_bt2.CpG",317,229,88,317
"3149","07_report/CpG_context_sampling_872_149_trimmed_bismark_bt2.CpG",303,208,95,303
"3150","07_report/CpG_context_sampling_872_150_trimmed_bismark_bt2.CpG",322,233,89,322
"3151","07_report/CpG_context_sampling_872_151_trimmed_bismark_bt2.CpG",304,227,77,304
"3152","07_report/CpG_context_sampling_872_152_trimmed_bismark_bt2.CpG",313,223,90,313
"3153","07_report/CpG_context_sampling_872_153_trimmed_bismark_bt2.CpG",294,215,79,294
"3154","07_report/CpG_context_sampling_872_154_trimmed_bismark_bt2.CpG",291,199,92,291
"3155","07_report/CpG_context_sampling_872_155_trimmed_bismark_bt2.CpG",299,219,80,299
"3156","07_report/CpG_context_sampling_872_156_trimmed_bismark_bt2.CpG",291,204,87,291
"3157","07_report/CpG_context_sampling_872_157_trimmed_bismark_bt2.CpG",318,225,93,318
"3158","07_report/CpG_context_sampling_872_158_trimmed_bismark_bt2.CpG",304,225,79,304
"3159","07_report/CpG_context_sampling_872_159_trimmed_bismark_bt2.CpG",287,206,81,287
"3160","07_report/CpG_context_sampling_872_160_trimmed_bismark_bt2.CpG",309,234,75,309
"3161","07_report/CpG_context_sampling_872_161_trimmed_bismark_bt2.CpG",302,230,72,302
"3162","07_report/CpG_context_sampling_872_162_trimmed_bismark_bt2.CpG",313,242,71,313
"3163","07_report/CpG_context_sampling_872_163_trimmed_bismark_bt2.CpG",319,217,102,319
"3164","07_report/CpG_context_sampling_872_164_trimmed_bismark_bt2.CpG",311,218,93,311
"3165","07_report/CpG_context_sampling_872_165_trimmed_bismark_bt2.CpG",293,222,71,293
"3166","07_report/CpG_context_sampling_872_166_trimmed_bismark_bt2.CpG",309,222,87,309
"3167","07_report/CpG_context_sampling_872_167_trimmed_bismark_bt2.CpG",289,219,70,289
"3168","07_report/CpG_context_sampling_872_168_trimmed_bismark_bt2.CpG",321,236,85,321
"3169","07_report/CpG_context_sampling_872_169_trimmed_bismark_bt2.CpG",307,227,80,307
"3170","07_report/CpG_context_sampling_872_170_trimmed_bismark_bt2.CpG",307,217,90,307
"3171","07_report/CpG_context_sampling_872_171_trimmed_bismark_bt2.CpG",287,207,80,287
"3172","07_report/CpG_context_sampling_872_172_trimmed_bismark_bt2.CpG",295,209,86,295
"3173","07_report/CpG_context_sampling_872_173_trimmed_bismark_bt2.CpG",320,235,85,320
"3174","07_report/CpG_context_sampling_872_174_trimmed_bismark_bt2.CpG",279,209,70,279
"3175","07_report/CpG_context_sampling_872_175_trimmed_bismark_bt2.CpG",293,226,67,293
"3176","07_report/CpG_context_sampling_872_176_trimmed_bismark_bt2.CpG",303,215,88,303
"3177","07_report/CpG_context_sampling_872_177_trimmed_bismark_bt2.CpG",300,202,98,300
"3178","07_report/CpG_context_sampling_872_178_trimmed_bismark_bt2.CpG",296,226,70,296
"3179","07_report/CpG_context_sampling_872_179_trimmed_bismark_bt2.CpG",318,232,86,318
"3180","07_report/CpG_context_sampling_872_180_trimmed_bismark_bt2.CpG",300,217,83,300
"3181","07_report/CpG_context_sampling_872_181_trimmed_bismark_bt2.CpG",311,213,98,311
"3182","07_report/CpG_context_sampling_872_182_trimmed_bismark_bt2.CpG",307,219,88,307
"3183","07_report/CpG_context_sampling_872_183_trimmed_bismark_bt2.CpG",294,213,81,294
"3184","07_report/CpG_context_sampling_872_184_trimmed_bismark_bt2.CpG",296,213,83,296
"3185","07_report/CpG_context_sampling_872_185_trimmed_bismark_bt2.CpG",319,228,91,319
"3186","07_report/CpG_context_sampling_872_186_trimmed_bismark_bt2.CpG",307,225,82,307
"3187","07_report/CpG_context_sampling_872_187_trimmed_bismark_bt2.CpG",277,210,67,277
"3188","07_report/CpG_context_sampling_872_188_trimmed_bismark_bt2.CpG",315,217,98,315
"3189","07_report/CpG_context_sampling_872_189_trimmed_bismark_bt2.CpG",328,239,89,328
"3190","07_report/CpG_context_sampling_872_190_trimmed_bismark_bt2.CpG",291,225,66,291
"3191","07_report/CpG_context_sampling_872_191_trimmed_bismark_bt2.CpG",301,209,92,301
"3192","07_report/CpG_context_sampling_872_192_trimmed_bismark_bt2.CpG",330,240,90,330
"3193","07_report/CpG_context_sampling_872_193_trimmed_bismark_bt2.CpG",294,213,81,294
"3194","07_report/CpG_context_sampling_872_194_trimmed_bismark_bt2.CpG",308,226,82,308
"3195","07_report/CpG_context_sampling_872_195_trimmed_bismark_bt2.CpG",343,257,86,343
"3196","07_report/CpG_context_sampling_872_196_trimmed_bismark_bt2.CpG",275,192,83,275
"3197","07_report/CpG_context_sampling_872_197_trimmed_bismark_bt2.CpG",309,230,79,309
"3198","07_report/CpG_context_sampling_872_198_trimmed_bismark_bt2.CpG",320,229,91,320
"3199","07_report/CpG_context_sampling_872_199_trimmed_bismark_bt2.CpG",309,219,90,309
"3200","07_report/CpG_context_sampling_872_200_trimmed_bismark_bt2.CpG",308,231,77,308
"3201","07_report/CpG_context_sampling_872_201_trimmed_bismark_bt2.CpG",304,222,82,304
"3202","07_report/CpG_context_sampling_872_202_trimmed_bismark_bt2.CpG",286,188,98,286
"3203","07_report/CpG_context_sampling_872_203_trimmed_bismark_bt2.CpG",278,200,78,278
"3204","07_report/CpG_context_sampling_872_204_trimmed_bismark_bt2.CpG",277,196,81,277
"3205","07_report/CpG_context_sampling_872_205_trimmed_bismark_bt2.CpG",310,217,93,310
"3206","07_report/CpG_context_sampling_872_206_trimmed_bismark_bt2.CpG",305,203,102,305
"3207","07_report/CpG_context_sampling_872_207_trimmed_bismark_bt2.CpG",308,228,80,308
"3208","07_report/CpG_context_sampling_872_208_trimmed_bismark_bt2.CpG",317,225,92,317
"3209","07_report/CpG_context_sampling_872_209_trimmed_bismark_bt2.CpG",290,208,82,290
"3210","07_report/CpG_context_sampling_872_210_trimmed_bismark_bt2.CpG",298,214,84,298
"3211","07_report/CpG_context_sampling_872_211_trimmed_bismark_bt2.CpG",312,235,77,312
"3212","07_report/CpG_context_sampling_872_212_trimmed_bismark_bt2.CpG",283,204,79,283
"3213","07_report/CpG_context_sampling_872_213_trimmed_bismark_bt2.CpG",300,212,88,300
"3214","07_report/CpG_context_sampling_872_214_trimmed_bismark_bt2.CpG",306,215,91,306
"3215","07_report/CpG_context_sampling_872_215_trimmed_bismark_bt2.CpG",298,189,109,298
"3216","07_report/CpG_context_sampling_872_216_trimmed_bismark_bt2.CpG",303,202,101,303
"3217","07_report/CpG_context_sampling_872_217_trimmed_bismark_bt2.CpG",321,226,95,321
"3218","07_report/CpG_context_sampling_872_218_trimmed_bismark_bt2.CpG",311,236,75,311
"3219","07_report/CpG_context_sampling_872_219_trimmed_bismark_bt2.CpG",296,212,84,296
"3220","07_report/CpG_context_sampling_872_220_trimmed_bismark_bt2.CpG",301,204,97,301
"3221","07_report/CpG_context_sampling_872_221_trimmed_bismark_bt2.CpG",274,198,76,274
"3222","07_report/CpG_context_sampling_872_222_trimmed_bismark_bt2.CpG",296,203,93,296
"3223","07_report/CpG_context_sampling_872_223_trimmed_bismark_bt2.CpG",320,229,91,320
"3224","07_report/CpG_context_sampling_872_224_trimmed_bismark_bt2.CpG",277,191,86,277
"3225","07_report/CpG_context_sampling_872_225_trimmed_bismark_bt2.CpG",299,199,100,299
"3226","07_report/CpG_context_sampling_872_226_trimmed_bismark_bt2.CpG",313,216,97,313
"3227","07_report/CpG_context_sampling_872_227_trimmed_bismark_bt2.CpG",303,226,77,303
"3228","07_report/CpG_context_sampling_872_228_trimmed_bismark_bt2.CpG",330,215,115,330
"3229","07_report/CpG_context_sampling_872_229_trimmed_bismark_bt2.CpG",303,211,92,303
"3230","07_report/CpG_context_sampling_872_230_trimmed_bismark_bt2.CpG",312,221,91,312
"3231","07_report/CpG_context_sampling_872_231_trimmed_bismark_bt2.CpG",289,203,86,289
"3232","07_report/CpG_context_sampling_872_232_trimmed_bismark_bt2.CpG",315,228,87,315
"3233","07_report/CpG_context_sampling_872_233_trimmed_bismark_bt2.CpG",314,214,100,314
"3234","07_report/CpG_context_sampling_872_234_trimmed_bismark_bt2.CpG",297,212,85,297
"3235","07_report/CpG_context_sampling_872_235_trimmed_bismark_bt2.CpG",278,211,67,278
"3236","07_report/CpG_context_sampling_872_236_trimmed_bismark_bt2.CpG",286,187,99,286
"3237","07_report/CpG_context_sampling_872_237_trimmed_bismark_bt2.CpG",306,218,88,306
"3238","07_report/CpG_context_sampling_872_238_trimmed_bismark_bt2.CpG",294,217,77,294
"3239","07_report/CpG_context_sampling_872_239_trimmed_bismark_bt2.CpG",306,219,87,306
"3240","07_report/CpG_context_sampling_872_240_trimmed_bismark_bt2.CpG",309,222,87,309
"3241","07_report/CpG_context_sampling_872_241_trimmed_bismark_bt2.CpG",311,233,78,311
"3242","07_report/CpG_context_sampling_872_242_trimmed_bismark_bt2.CpG",299,215,84,299
"3243","07_report/CpG_context_sampling_872_243_trimmed_bismark_bt2.CpG",287,197,90,287
"3244","07_report/CpG_context_sampling_872_244_trimmed_bismark_bt2.CpG",300,221,79,300
"3245","07_report/CpG_context_sampling_872_245_trimmed_bismark_bt2.CpG",277,200,77,277
"3246","07_report/CpG_context_sampling_872_246_trimmed_bismark_bt2.CpG",305,224,81,305
"3247","07_report/CpG_context_sampling_872_247_trimmed_bismark_bt2.CpG",305,226,79,305
"3248","07_report/CpG_context_sampling_872_248_trimmed_bismark_bt2.CpG",296,218,78,296
"3249","07_report/CpG_context_sampling_872_249_trimmed_bismark_bt2.CpG",287,205,82,287
"3250","07_report/CpG_context_sampling_872_250_trimmed_bismark_bt2.CpG",313,215,98,313
"3251","07_report/CpG_context_sampling_872_251_trimmed_bismark_bt2.CpG",284,211,73,284
"3252","07_report/CpG_context_sampling_872_252_trimmed_bismark_bt2.CpG",297,212,85,297
"3253","07_report/CpG_context_sampling_872_253_trimmed_bismark_bt2.CpG",316,212,104,316
"3254","07_report/CpG_context_sampling_872_254_trimmed_bismark_bt2.CpG",285,203,82,285
"3255","07_report/CpG_context_sampling_872_255_trimmed_bismark_bt2.CpG",283,199,84,283
"3256","07_report/CpG_context_sampling_872_256_trimmed_bismark_bt2.CpG",291,209,82,291
"3257","07_report/CpG_context_sampling_872_257_trimmed_bismark_bt2.CpG",312,227,85,312
"3258","07_report/CpG_context_sampling_872_258_trimmed_bismark_bt2.CpG",286,190,96,286
"3259","07_report/CpG_context_sampling_872_259_trimmed_bismark_bt2.CpG",291,215,76,291
"3260","07_report/CpG_context_sampling_872_260_trimmed_bismark_bt2.CpG",291,211,80,291
"3261","07_report/CpG_context_sampling_872_261_trimmed_bismark_bt2.CpG",294,214,80,294
"3262","07_report/CpG_context_sampling_872_262_trimmed_bismark_bt2.CpG",304,211,93,304
"3263","07_report/CpG_context_sampling_872_263_trimmed_bismark_bt2.CpG",299,225,74,299
"3264","07_report/CpG_context_sampling_872_264_trimmed_bismark_bt2.CpG",298,207,91,298
"3265","07_report/CpG_context_sampling_872_265_trimmed_bismark_bt2.CpG",298,210,88,298
"3266","07_report/CpG_context_sampling_872_266_trimmed_bismark_bt2.CpG",300,212,88,300
"3267","07_report/CpG_context_sampling_872_267_trimmed_bismark_bt2.CpG",323,229,94,323
"3268","07_report/CpG_context_sampling_872_268_trimmed_bismark_bt2.CpG",285,202,83,285
"3269","07_report/CpG_context_sampling_872_269_trimmed_bismark_bt2.CpG",312,221,91,312
"3270","07_report/CpG_context_sampling_872_270_trimmed_bismark_bt2.CpG",296,211,85,296
"3271","07_report/CpG_context_sampling_872_271_trimmed_bismark_bt2.CpG",279,199,80,279
"3272","07_report/CpG_context_sampling_872_272_trimmed_bismark_bt2.CpG",290,200,90,290
"3273","07_report/CpG_context_sampling_872_273_trimmed_bismark_bt2.CpG",291,212,79,291
"3274","07_report/CpG_context_sampling_872_274_trimmed_bismark_bt2.CpG",309,217,92,309
"3275","07_report/CpG_context_sampling_872_275_trimmed_bismark_bt2.CpG",308,223,85,308
"3276","07_report/CpG_context_sampling_872_276_trimmed_bismark_bt2.CpG",315,222,93,315
"3277","07_report/CpG_context_sampling_872_277_trimmed_bismark_bt2.CpG",307,227,80,307
"3278","07_report/CpG_context_sampling_872_278_trimmed_bismark_bt2.CpG",299,211,88,299
"3279","07_report/CpG_context_sampling_872_279_trimmed_bismark_bt2.CpG",323,233,90,323
"3280","07_report/CpG_context_sampling_872_280_trimmed_bismark_bt2.CpG",294,201,93,294
"3281","07_report/CpG_context_sampling_872_281_trimmed_bismark_bt2.CpG",324,214,110,324
"3282","07_report/CpG_context_sampling_872_282_trimmed_bismark_bt2.CpG",309,223,86,309
"3283","07_report/CpG_context_sampling_872_283_trimmed_bismark_bt2.CpG",314,224,90,314
"3284","07_report/CpG_context_sampling_872_284_trimmed_bismark_bt2.CpG",293,201,92,293
"3285","07_report/CpG_context_sampling_872_285_trimmed_bismark_bt2.CpG",319,238,81,319
"3286","07_report/CpG_context_sampling_872_286_trimmed_bismark_bt2.CpG",304,218,86,304
"3287","07_report/CpG_context_sampling_872_287_trimmed_bismark_bt2.CpG",307,216,91,307
"3288","07_report/CpG_context_sampling_872_288_trimmed_bismark_bt2.CpG",291,215,76,291
"3289","07_report/CpG_context_sampling_872_289_trimmed_bismark_bt2.CpG",288,216,72,288
"3290","07_report/CpG_context_sampling_872_290_trimmed_bismark_bt2.CpG",295,213,82,295
"3291","07_report/CpG_context_sampling_872_291_trimmed_bismark_bt2.CpG",293,197,96,293
"3292","07_report/CpG_context_sampling_872_292_trimmed_bismark_bt2.CpG",294,214,80,294
"3293","07_report/CpG_context_sampling_872_293_trimmed_bismark_bt2.CpG",311,221,90,311
"3294","07_report/CpG_context_sampling_872_294_trimmed_bismark_bt2.CpG",292,192,100,292
"3295","07_report/CpG_context_sampling_872_295_trimmed_bismark_bt2.CpG",323,219,104,323
"3296","07_report/CpG_context_sampling_872_296_trimmed_bismark_bt2.CpG",289,195,94,289
"3297","07_report/CpG_context_sampling_872_297_trimmed_bismark_bt2.CpG",314,227,87,314
"3298","07_report/CpG_context_sampling_872_298_trimmed_bismark_bt2.CpG",336,248,88,336
"3299","07_report/CpG_context_sampling_872_299_trimmed_bismark_bt2.CpG",312,226,86,312
"3300","07_report/CpG_context_sampling_872_300_trimmed_bismark_bt2.CpG",289,202,87,289
"3301","07_report/CpG_context_sampling_872_301_trimmed_bismark_bt2.CpG",297,204,93,297
"3302","07_report/CpG_context_sampling_872_302_trimmed_bismark_bt2.CpG",283,200,83,283
"3303","07_report/CpG_context_sampling_872_303_trimmed_bismark_bt2.CpG",286,215,71,286
"3304","07_report/CpG_context_sampling_872_304_trimmed_bismark_bt2.CpG",329,241,88,329
"3305","07_report/CpG_context_sampling_872_305_trimmed_bismark_bt2.CpG",316,222,94,316
"3306","07_report/CpG_context_sampling_872_306_trimmed_bismark_bt2.CpG",298,209,89,298
"3307","07_report/CpG_context_sampling_872_307_trimmed_bismark_bt2.CpG",316,227,89,316
"3308","07_report/CpG_context_sampling_872_308_trimmed_bismark_bt2.CpG",292,213,79,292
"3309","07_report/CpG_context_sampling_872_309_trimmed_bismark_bt2.CpG",303,230,73,303
"3310","07_report/CpG_context_sampling_872_310_trimmed_bismark_bt2.CpG",290,198,92,290
"3311","07_report/CpG_context_sampling_872_311_trimmed_bismark_bt2.CpG",304,232,72,304
"3312","07_report/CpG_context_sampling_872_312_trimmed_bismark_bt2.CpG",295,212,83,295
"3313","07_report/CpG_context_sampling_872_313_trimmed_bismark_bt2.CpG",326,229,97,326
"3314","07_report/CpG_context_sampling_872_314_trimmed_bismark_bt2.CpG",316,227,89,316
"3315","07_report/CpG_context_sampling_872_315_trimmed_bismark_bt2.CpG",295,204,91,295
"3316","07_report/CpG_context_sampling_872_316_trimmed_bismark_bt2.CpG",310,228,82,310
"3317","07_report/CpG_context_sampling_872_317_trimmed_bismark_bt2.CpG",310,213,97,310
"3318","07_report/CpG_context_sampling_872_318_trimmed_bismark_bt2.CpG",289,210,79,289
"3319","07_report/CpG_context_sampling_872_319_trimmed_bismark_bt2.CpG",303,215,88,303
"3320","07_report/CpG_context_sampling_872_320_trimmed_bismark_bt2.CpG",309,216,93,309
"3321","07_report/CpG_context_sampling_872_321_trimmed_bismark_bt2.CpG",269,190,79,269
"3322","07_report/CpG_context_sampling_872_322_trimmed_bismark_bt2.CpG",313,226,87,313
"3323","07_report/CpG_context_sampling_872_323_trimmed_bismark_bt2.CpG",310,223,87,310
"3324","07_report/CpG_context_sampling_872_324_trimmed_bismark_bt2.CpG",306,219,87,306
"3325","07_report/CpG_context_sampling_872_325_trimmed_bismark_bt2.CpG",300,219,81,300
"3326","07_report/CpG_context_sampling_872_326_trimmed_bismark_bt2.CpG",313,216,97,313
"3327","07_report/CpG_context_sampling_872_327_trimmed_bismark_bt2.CpG",277,199,78,277
"3328","07_report/CpG_context_sampling_872_328_trimmed_bismark_bt2.CpG",295,200,95,295
"3329","07_report/CpG_context_sampling_872_329_trimmed_bismark_bt2.CpG",315,217,98,315
"3330","07_report/CpG_context_sampling_872_330_trimmed_bismark_bt2.CpG",299,204,95,299
"3331","07_report/CpG_context_sampling_872_331_trimmed_bismark_bt2.CpG",287,199,88,287
"3332","07_report/CpG_context_sampling_872_332_trimmed_bismark_bt2.CpG",313,229,84,313
"3333","07_report/CpG_context_sampling_872_333_trimmed_bismark_bt2.CpG",284,204,80,284
"3334","07_report/CpG_context_sampling_872_334_trimmed_bismark_bt2.CpG",342,240,102,342
"3335","07_report/CpG_context_sampling_872_335_trimmed_bismark_bt2.CpG",297,209,88,297
"3336","07_report/CpG_context_sampling_872_336_trimmed_bismark_bt2.CpG",311,219,92,311
"3337","07_report/CpG_context_sampling_872_337_trimmed_bismark_bt2.CpG",301,213,88,301
"3338","07_report/CpG_context_sampling_872_338_trimmed_bismark_bt2.CpG",315,237,78,315
"3339","07_report/CpG_context_sampling_872_339_trimmed_bismark_bt2.CpG",307,221,86,307
"3340","07_report/CpG_context_sampling_872_340_trimmed_bismark_bt2.CpG",308,234,74,308
"3341","07_report/CpG_context_sampling_872_341_trimmed_bismark_bt2.CpG",334,246,88,334
"3342","07_report/CpG_context_sampling_872_342_trimmed_bismark_bt2.CpG",316,230,86,316
"3343","07_report/CpG_context_sampling_872_343_trimmed_bismark_bt2.CpG",298,205,93,298
"3344","07_report/CpG_context_sampling_872_344_trimmed_bismark_bt2.CpG",298,231,67,298
"3345","07_report/CpG_context_sampling_872_345_trimmed_bismark_bt2.CpG",329,243,86,329
"3346","07_report/CpG_context_sampling_872_346_trimmed_bismark_bt2.CpG",308,221,87,308
"3347","07_report/CpG_context_sampling_872_347_trimmed_bismark_bt2.CpG",325,239,86,325
"3348","07_report/CpG_context_sampling_872_348_trimmed_bismark_bt2.CpG",307,223,84,307
"3349","07_report/CpG_context_sampling_872_349_trimmed_bismark_bt2.CpG",273,199,74,273
"3350","07_report/CpG_context_sampling_872_350_trimmed_bismark_bt2.CpG",293,217,76,293
"3351","07_report/CpG_context_sampling_872_351_trimmed_bismark_bt2.CpG",291,207,84,291
"3352","07_report/CpG_context_sampling_872_352_trimmed_bismark_bt2.CpG",312,239,73,312
"3353","07_report/CpG_context_sampling_872_353_trimmed_bismark_bt2.CpG",306,215,91,306
"3354","07_report/CpG_context_sampling_872_354_trimmed_bismark_bt2.CpG",291,198,93,291
"3355","07_report/CpG_context_sampling_872_355_trimmed_bismark_bt2.CpG",317,227,90,317
"3356","07_report/CpG_context_sampling_872_356_trimmed_bismark_bt2.CpG",308,223,85,308
"3357","07_report/CpG_context_sampling_872_357_trimmed_bismark_bt2.CpG",284,210,74,284
"3358","07_report/CpG_context_sampling_872_358_trimmed_bismark_bt2.CpG",299,220,79,299
"3359","07_report/CpG_context_sampling_872_359_trimmed_bismark_bt2.CpG",285,204,81,285
"3360","07_report/CpG_context_sampling_872_360_trimmed_bismark_bt2.CpG",281,193,88,281
"3361","07_report/CpG_context_sampling_872_361_trimmed_bismark_bt2.CpG",294,222,72,294
"3362","07_report/CpG_context_sampling_872_362_trimmed_bismark_bt2.CpG",306,215,91,306
"3363","07_report/CpG_context_sampling_872_363_trimmed_bismark_bt2.CpG",314,230,84,314
"3364","07_report/CpG_context_sampling_872_364_trimmed_bismark_bt2.CpG",296,201,95,296
"3365","07_report/CpG_context_sampling_872_365_trimmed_bismark_bt2.CpG",319,239,80,319
"3366","07_report/CpG_context_sampling_872_366_trimmed_bismark_bt2.CpG",295,206,89,295
"3367","07_report/CpG_context_sampling_872_367_trimmed_bismark_bt2.CpG",315,231,84,315
"3368","07_report/CpG_context_sampling_872_368_trimmed_bismark_bt2.CpG",296,204,92,296
"3369","07_report/CpG_context_sampling_872_369_trimmed_bismark_bt2.CpG",281,209,72,281
"3370","07_report/CpG_context_sampling_872_370_trimmed_bismark_bt2.CpG",316,219,97,316
"3371","07_report/CpG_context_sampling_872_371_trimmed_bismark_bt2.CpG",323,235,88,323
"3372","07_report/CpG_context_sampling_872_372_trimmed_bismark_bt2.CpG",319,237,82,319
"3373","07_report/CpG_context_sampling_872_373_trimmed_bismark_bt2.CpG",301,225,76,301
"3374","07_report/CpG_context_sampling_872_374_trimmed_bismark_bt2.CpG",304,209,95,304
"3375","07_report/CpG_context_sampling_872_375_trimmed_bismark_bt2.CpG",316,233,83,316
"3376","07_report/CpG_context_sampling_872_376_trimmed_bismark_bt2.CpG",302,221,81,302
"3377","07_report/CpG_context_sampling_872_377_trimmed_bismark_bt2.CpG",299,224,75,299
"3378","07_report/CpG_context_sampling_872_378_trimmed_bismark_bt2.CpG",306,201,105,306
"3379","07_report/CpG_context_sampling_872_379_trimmed_bismark_bt2.CpG",316,226,90,316
"3380","07_report/CpG_context_sampling_872_380_trimmed_bismark_bt2.CpG",306,220,86,306
"3381","07_report/CpG_context_sampling_872_381_trimmed_bismark_bt2.CpG",306,224,82,306
"3382","07_report/CpG_context_sampling_872_382_trimmed_bismark_bt2.CpG",283,210,73,283
"3383","07_report/CpG_context_sampling_872_383_trimmed_bismark_bt2.CpG",304,224,80,304
"3384","07_report/CpG_context_sampling_872_384_trimmed_bismark_bt2.CpG",289,218,71,289
"3385","07_report/CpG_context_sampling_872_385_trimmed_bismark_bt2.CpG",305,227,78,305
"3386","07_report/CpG_context_sampling_872_386_trimmed_bismark_bt2.CpG",307,228,79,307
"3387","07_report/CpG_context_sampling_872_387_trimmed_bismark_bt2.CpG",303,199,104,303
"3388","07_report/CpG_context_sampling_872_388_trimmed_bismark_bt2.CpG",304,213,91,304
"3389","07_report/CpG_context_sampling_872_389_trimmed_bismark_bt2.CpG",286,210,76,286
"3390","07_report/CpG_context_sampling_872_390_trimmed_bismark_bt2.CpG",313,216,97,313
"3391","07_report/CpG_context_sampling_872_391_trimmed_bismark_bt2.CpG",279,197,82,279
"3392","07_report/CpG_context_sampling_872_392_trimmed_bismark_bt2.CpG",319,225,94,319
"3393","07_report/CpG_context_sampling_872_393_trimmed_bismark_bt2.CpG",315,243,72,315
"3394","07_report/CpG_context_sampling_872_394_trimmed_bismark_bt2.CpG",294,219,75,294
"3395","07_report/CpG_context_sampling_872_395_trimmed_bismark_bt2.CpG",277,203,74,277
"3396","07_report/CpG_context_sampling_872_396_trimmed_bismark_bt2.CpG",283,194,89,283
"3397","07_report/CpG_context_sampling_872_397_trimmed_bismark_bt2.CpG",287,201,86,287
"3398","07_report/CpG_context_sampling_872_398_trimmed_bismark_bt2.CpG",313,220,93,313
"3399","07_report/CpG_context_sampling_872_399_trimmed_bismark_bt2.CpG",313,219,94,313
"3400","07_report/CpG_context_sampling_872_400_trimmed_bismark_bt2.CpG",280,195,85,280
"3401","07_report/CpG_context_sampling_872_401_trimmed_bismark_bt2.CpG",306,213,93,306
"3402","07_report/CpG_context_sampling_872_402_trimmed_bismark_bt2.CpG",302,216,86,302
"3403","07_report/CpG_context_sampling_872_403_trimmed_bismark_bt2.CpG",303,208,95,303
"3404","07_report/CpG_context_sampling_872_404_trimmed_bismark_bt2.CpG",302,216,86,302
"3405","07_report/CpG_context_sampling_872_405_trimmed_bismark_bt2.CpG",316,228,88,316
"3406","07_report/CpG_context_sampling_872_406_trimmed_bismark_bt2.CpG",316,234,82,316
"3407","07_report/CpG_context_sampling_872_407_trimmed_bismark_bt2.CpG",316,216,100,316
"3408","07_report/CpG_context_sampling_872_408_trimmed_bismark_bt2.CpG",312,215,97,312
"3409","07_report/CpG_context_sampling_872_409_trimmed_bismark_bt2.CpG",305,222,83,305
"3410","07_report/CpG_context_sampling_872_410_trimmed_bismark_bt2.CpG",298,203,95,298
"3411","07_report/CpG_context_sampling_872_411_trimmed_bismark_bt2.CpG",314,227,87,314
"3412","07_report/CpG_context_sampling_872_412_trimmed_bismark_bt2.CpG",282,191,91,282
"3413","07_report/CpG_context_sampling_872_413_trimmed_bismark_bt2.CpG",289,208,81,289
"3414","07_report/CpG_context_sampling_872_414_trimmed_bismark_bt2.CpG",309,228,81,309
"3415","07_report/CpG_context_sampling_872_415_trimmed_bismark_bt2.CpG",317,220,97,317
"3416","07_report/CpG_context_sampling_872_416_trimmed_bismark_bt2.CpG",325,244,81,325
"3417","07_report/CpG_context_sampling_872_417_trimmed_bismark_bt2.CpG",292,230,62,292
"3418","07_report/CpG_context_sampling_872_418_trimmed_bismark_bt2.CpG",298,211,87,298
"3419","07_report/CpG_context_sampling_872_419_trimmed_bismark_bt2.CpG",318,233,85,318
"3420","07_report/CpG_context_sampling_872_420_trimmed_bismark_bt2.CpG",295,222,73,295
"3421","07_report/CpG_context_sampling_872_421_trimmed_bismark_bt2.CpG",307,206,101,307
"3422","07_report/CpG_context_sampling_872_422_trimmed_bismark_bt2.CpG",283,206,77,283
"3423","07_report/CpG_context_sampling_872_423_trimmed_bismark_bt2.CpG",321,236,85,321
"3424","07_report/CpG_context_sampling_872_424_trimmed_bismark_bt2.CpG",302,215,87,302
"3425","07_report/CpG_context_sampling_872_425_trimmed_bismark_bt2.CpG",296,220,76,296
"3426","07_report/CpG_context_sampling_872_426_trimmed_bismark_bt2.CpG",312,220,92,312
"3427","07_report/CpG_context_sampling_872_427_trimmed_bismark_bt2.CpG",308,219,89,308
"3428","07_report/CpG_context_sampling_872_428_trimmed_bismark_bt2.CpG",321,222,99,321
"3429","07_report/CpG_context_sampling_872_429_trimmed_bismark_bt2.CpG",302,227,75,302
"3430","07_report/CpG_context_sampling_872_430_trimmed_bismark_bt2.CpG",323,240,83,323
"3431","07_report/CpG_context_sampling_872_431_trimmed_bismark_bt2.CpG",297,216,81,297
"3432","07_report/CpG_context_sampling_872_432_trimmed_bismark_bt2.CpG",300,215,85,300
"3433","07_report/CpG_context_sampling_872_433_trimmed_bismark_bt2.CpG",322,228,94,322
"3434","07_report/CpG_context_sampling_872_434_trimmed_bismark_bt2.CpG",297,221,76,297
"3435","07_report/CpG_context_sampling_872_435_trimmed_bismark_bt2.CpG",288,204,84,288
"3436","07_report/CpG_context_sampling_872_436_trimmed_bismark_bt2.CpG",296,212,84,296
"3437","07_report/CpG_context_sampling_872_437_trimmed_bismark_bt2.CpG",320,217,103,320
"3438","07_report/CpG_context_sampling_872_438_trimmed_bismark_bt2.CpG",294,207,87,294
"3439","07_report/CpG_context_sampling_872_439_trimmed_bismark_bt2.CpG",284,200,84,284
"3440","07_report/CpG_context_sampling_872_440_trimmed_bismark_bt2.CpG",291,203,88,291
"3441","07_report/CpG_context_sampling_872_441_trimmed_bismark_bt2.CpG",304,207,97,304
"3442","07_report/CpG_context_sampling_872_442_trimmed_bismark_bt2.CpG",302,212,90,302
"3443","07_report/CpG_context_sampling_872_443_trimmed_bismark_bt2.CpG",317,233,84,317
"3444","07_report/CpG_context_sampling_872_444_trimmed_bismark_bt2.CpG",297,207,90,297
"3445","07_report/CpG_context_sampling_872_445_trimmed_bismark_bt2.CpG",311,219,92,311
"3446","07_report/CpG_context_sampling_872_446_trimmed_bismark_bt2.CpG",307,231,76,307
"3447","07_report/CpG_context_sampling_872_447_trimmed_bismark_bt2.CpG",298,213,85,298
"3448","07_report/CpG_context_sampling_872_448_trimmed_bismark_bt2.CpG",295,198,97,295
"3449","07_report/CpG_context_sampling_872_449_trimmed_bismark_bt2.CpG",308,210,98,308
"3450","07_report/CpG_context_sampling_872_450_trimmed_bismark_bt2.CpG",326,237,89,326
"3451","07_report/CpG_context_sampling_872_451_trimmed_bismark_bt2.CpG",319,230,89,319
"3452","07_report/CpG_context_sampling_872_452_trimmed_bismark_bt2.CpG",293,200,93,293
"3453","07_report/CpG_context_sampling_872_453_trimmed_bismark_bt2.CpG",347,266,81,347
"3454","07_report/CpG_context_sampling_872_454_trimmed_bismark_bt2.CpG",314,221,93,314
"3455","07_report/CpG_context_sampling_872_455_trimmed_bismark_bt2.CpG",291,210,81,291
"3456","07_report/CpG_context_sampling_872_456_trimmed_bismark_bt2.CpG",285,195,90,285
"3457","07_report/CpG_context_sampling_872_457_trimmed_bismark_bt2.CpG",309,214,95,309
"3458","07_report/CpG_context_sampling_872_458_trimmed_bismark_bt2.CpG",291,214,77,291
"3459","07_report/CpG_context_sampling_872_459_trimmed_bismark_bt2.CpG",315,220,95,315
"3460","07_report/CpG_context_sampling_872_460_trimmed_bismark_bt2.CpG",306,210,96,306
"3461","07_report/CpG_context_sampling_872_461_trimmed_bismark_bt2.CpG",332,238,94,332
"3462","07_report/CpG_context_sampling_872_462_trimmed_bismark_bt2.CpG",309,227,82,309
"3463","07_report/CpG_context_sampling_872_463_trimmed_bismark_bt2.CpG",311,228,83,311
"3464","07_report/CpG_context_sampling_872_464_trimmed_bismark_bt2.CpG",279,204,75,279
"3465","07_report/CpG_context_sampling_872_465_trimmed_bismark_bt2.CpG",291,199,92,291
"3466","07_report/CpG_context_sampling_872_466_trimmed_bismark_bt2.CpG",318,239,79,318
"3467","07_report/CpG_context_sampling_872_467_trimmed_bismark_bt2.CpG",304,230,74,304
"3468","07_report/CpG_context_sampling_872_468_trimmed_bismark_bt2.CpG",279,206,73,279
"3469","07_report/CpG_context_sampling_872_469_trimmed_bismark_bt2.CpG",303,223,80,303
"3470","07_report/CpG_context_sampling_872_470_trimmed_bismark_bt2.CpG",304,223,81,304
"3471","07_report/CpG_context_sampling_872_471_trimmed_bismark_bt2.CpG",293,216,77,293
"3472","07_report/CpG_context_sampling_872_472_trimmed_bismark_bt2.CpG",309,239,70,309
"3473","07_report/CpG_context_sampling_872_473_trimmed_bismark_bt2.CpG",321,232,89,321
"3474","07_report/CpG_context_sampling_872_474_trimmed_bismark_bt2.CpG",302,209,93,302
"3475","07_report/CpG_context_sampling_872_475_trimmed_bismark_bt2.CpG",299,204,95,299
"3476","07_report/CpG_context_sampling_872_476_trimmed_bismark_bt2.CpG",306,224,82,306
"3477","07_report/CpG_context_sampling_872_477_trimmed_bismark_bt2.CpG",320,226,94,320
"3478","07_report/CpG_context_sampling_872_478_trimmed_bismark_bt2.CpG",324,234,90,324
"3479","07_report/CpG_context_sampling_872_479_trimmed_bismark_bt2.CpG",294,195,99,294
"3480","07_report/CpG_context_sampling_872_480_trimmed_bismark_bt2.CpG",292,207,85,292
"3481","07_report/CpG_context_sampling_872_481_trimmed_bismark_bt2.CpG",315,209,106,315
"3482","07_report/CpG_context_sampling_872_482_trimmed_bismark_bt2.CpG",337,241,96,337
"3483","07_report/CpG_context_sampling_872_483_trimmed_bismark_bt2.CpG",282,195,87,282
"3484","07_report/CpG_context_sampling_872_484_trimmed_bismark_bt2.CpG",294,209,85,294
"3485","07_report/CpG_context_sampling_872_485_trimmed_bismark_bt2.CpG",301,224,77,301
"3486","07_report/CpG_context_sampling_872_486_trimmed_bismark_bt2.CpG",322,229,93,322
"3487","07_report/CpG_context_sampling_872_487_trimmed_bismark_bt2.CpG",306,216,90,306
"3488","07_report/CpG_context_sampling_872_488_trimmed_bismark_bt2.CpG",284,203,81,284
"3489","07_report/CpG_context_sampling_872_489_trimmed_bismark_bt2.CpG",320,210,110,320
"3490","07_report/CpG_context_sampling_872_490_trimmed_bismark_bt2.CpG",317,223,94,317
"3491","07_report/CpG_context_sampling_872_491_trimmed_bismark_bt2.CpG",316,240,76,316
"3492","07_report/CpG_context_sampling_872_492_trimmed_bismark_bt2.CpG",266,194,72,266
"3493","07_report/CpG_context_sampling_872_493_trimmed_bismark_bt2.CpG",304,217,87,304
"3494","07_report/CpG_context_sampling_872_494_trimmed_bismark_bt2.CpG",300,224,76,300
"3495","07_report/CpG_context_sampling_872_495_trimmed_bismark_bt2.CpG",298,218,80,298
"3496","07_report/CpG_context_sampling_872_496_trimmed_bismark_bt2.CpG",300,218,82,300
"3497","07_report/CpG_context_sampling_872_497_trimmed_bismark_bt2.CpG",333,239,94,333
"3498","07_report/CpG_context_sampling_872_498_trimmed_bismark_bt2.CpG",318,225,93,318
"3499","07_report/CpG_context_sampling_872_499_trimmed_bismark_bt2.CpG",295,215,80,295
"3500","07_report/CpG_context_sampling_872_500_trimmed_bismark_bt2.CpG",292,207,85,292
"3501","07_report/CpG_context_sampling_872_501_trimmed_bismark_bt2.CpG",314,229,85,314
"3502","07_report/CpG_context_sampling_872_502_trimmed_bismark_bt2.CpG",303,225,78,303
"3503","07_report/CpG_context_sampling_872_503_trimmed_bismark_bt2.CpG",282,190,92,282
"3504","07_report/CpG_context_sampling_872_504_trimmed_bismark_bt2.CpG",301,182,119,301
"3505","07_report/CpG_context_sampling_872_505_trimmed_bismark_bt2.CpG",309,229,80,309
"3506","07_report/CpG_context_sampling_872_506_trimmed_bismark_bt2.CpG",299,205,94,299
"3507","07_report/CpG_context_sampling_872_507_trimmed_bismark_bt2.CpG",305,224,81,305
"3508","07_report/CpG_context_sampling_872_508_trimmed_bismark_bt2.CpG",291,202,89,291
"3509","07_report/CpG_context_sampling_872_509_trimmed_bismark_bt2.CpG",329,241,88,329
"3510","07_report/CpG_context_sampling_872_510_trimmed_bismark_bt2.CpG",314,213,101,314
"3511","07_report/CpG_context_sampling_872_511_trimmed_bismark_bt2.CpG",274,209,65,274
"3512","07_report/CpG_context_sampling_872_512_trimmed_bismark_bt2.CpG",297,205,92,297
"3513","07_report/CpG_context_sampling_872_513_trimmed_bismark_bt2.CpG",294,209,85,294
"3514","07_report/CpG_context_sampling_872_514_trimmed_bismark_bt2.CpG",307,222,85,307
"3515","07_report/CpG_context_sampling_872_515_trimmed_bismark_bt2.CpG",296,215,81,296
"3516","07_report/CpG_context_sampling_872_516_trimmed_bismark_bt2.CpG",309,205,104,309
"3517","07_report/CpG_context_sampling_872_517_trimmed_bismark_bt2.CpG",302,217,85,302
"3518","07_report/CpG_context_sampling_872_518_trimmed_bismark_bt2.CpG",312,209,103,312
"3519","07_report/CpG_context_sampling_872_519_trimmed_bismark_bt2.CpG",298,210,88,298
"3520","07_report/CpG_context_sampling_872_520_trimmed_bismark_bt2.CpG",300,224,76,300
"3521","07_report/CpG_context_sampling_872_521_trimmed_bismark_bt2.CpG",315,224,91,315
"3522","07_report/CpG_context_sampling_872_522_trimmed_bismark_bt2.CpG",299,203,96,299
"3523","07_report/CpG_context_sampling_872_523_trimmed_bismark_bt2.CpG",306,224,82,306
"3524","07_report/CpG_context_sampling_872_524_trimmed_bismark_bt2.CpG",282,208,74,282
"3525","07_report/CpG_context_sampling_872_525_trimmed_bismark_bt2.CpG",296,223,73,296
"3526","07_report/CpG_context_sampling_872_526_trimmed_bismark_bt2.CpG",295,209,86,295
"3527","07_report/CpG_context_sampling_872_527_trimmed_bismark_bt2.CpG",302,223,79,302
"3528","07_report/CpG_context_sampling_872_528_trimmed_bismark_bt2.CpG",284,209,75,284
"3529","07_report/CpG_context_sampling_872_529_trimmed_bismark_bt2.CpG",289,202,87,289
"3530","07_report/CpG_context_sampling_872_530_trimmed_bismark_bt2.CpG",334,240,94,334
"3531","07_report/CpG_context_sampling_872_531_trimmed_bismark_bt2.CpG",306,208,98,306
"3532","07_report/CpG_context_sampling_872_532_trimmed_bismark_bt2.CpG",283,203,80,283
"3533","07_report/CpG_context_sampling_872_533_trimmed_bismark_bt2.CpG",282,208,74,282
"3534","07_report/CpG_context_sampling_872_534_trimmed_bismark_bt2.CpG",301,206,95,301
"3535","07_report/CpG_context_sampling_872_535_trimmed_bismark_bt2.CpG",313,233,80,313
"3536","07_report/CpG_context_sampling_872_536_trimmed_bismark_bt2.CpG",329,241,88,329
"3537","07_report/CpG_context_sampling_872_537_trimmed_bismark_bt2.CpG",302,230,72,302
"3538","07_report/CpG_context_sampling_872_538_trimmed_bismark_bt2.CpG",281,207,74,281
"3539","07_report/CpG_context_sampling_872_539_trimmed_bismark_bt2.CpG",285,205,80,285
"3540","07_report/CpG_context_sampling_872_540_trimmed_bismark_bt2.CpG",314,221,93,314
"3541","07_report/CpG_context_sampling_872_541_trimmed_bismark_bt2.CpG",312,227,85,312
"3542","07_report/CpG_context_sampling_872_542_trimmed_bismark_bt2.CpG",288,205,83,288
"3543","07_report/CpG_context_sampling_872_543_trimmed_bismark_bt2.CpG",302,222,80,302
"3544","07_report/CpG_context_sampling_872_544_trimmed_bismark_bt2.CpG",314,238,76,314
"3545","07_report/CpG_context_sampling_872_545_trimmed_bismark_bt2.CpG",319,220,99,319
"3546","07_report/CpG_context_sampling_872_546_trimmed_bismark_bt2.CpG",315,232,83,315
"3547","07_report/CpG_context_sampling_872_547_trimmed_bismark_bt2.CpG",298,216,82,298
"3548","07_report/CpG_context_sampling_872_548_trimmed_bismark_bt2.CpG",290,202,88,290
"3549","07_report/CpG_context_sampling_872_549_trimmed_bismark_bt2.CpG",325,237,88,325
"3550","07_report/CpG_context_sampling_872_550_trimmed_bismark_bt2.CpG",315,224,91,315
"3551","07_report/CpG_context_sampling_872_551_trimmed_bismark_bt2.CpG",290,204,86,290
"3552","07_report/CpG_context_sampling_872_552_trimmed_bismark_bt2.CpG",277,199,78,277
"3553","07_report/CpG_context_sampling_872_553_trimmed_bismark_bt2.CpG",298,205,93,298
"3554","07_report/CpG_context_sampling_872_554_trimmed_bismark_bt2.CpG",323,249,74,323
"3555","07_report/CpG_context_sampling_872_555_trimmed_bismark_bt2.CpG",321,212,109,321
"3556","07_report/CpG_context_sampling_872_556_trimmed_bismark_bt2.CpG",311,226,85,311
"3557","07_report/CpG_context_sampling_872_557_trimmed_bismark_bt2.CpG",287,214,73,287
"3558","07_report/CpG_context_sampling_872_558_trimmed_bismark_bt2.CpG",315,214,101,315
"3559","07_report/CpG_context_sampling_872_559_trimmed_bismark_bt2.CpG",315,233,82,315
"3560","07_report/CpG_context_sampling_872_560_trimmed_bismark_bt2.CpG",318,229,89,318
"3561","07_report/CpG_context_sampling_872_561_trimmed_bismark_bt2.CpG",317,210,107,317
"3562","07_report/CpG_context_sampling_872_562_trimmed_bismark_bt2.CpG",320,231,89,320
"3563","07_report/CpG_context_sampling_872_563_trimmed_bismark_bt2.CpG",266,192,74,266
"3564","07_report/CpG_context_sampling_872_564_trimmed_bismark_bt2.CpG",285,195,90,285
"3565","07_report/CpG_context_sampling_872_565_trimmed_bismark_bt2.CpG",285,196,89,285
"3566","07_report/CpG_context_sampling_872_566_trimmed_bismark_bt2.CpG",304,235,69,304
"3567","07_report/CpG_context_sampling_872_567_trimmed_bismark_bt2.CpG",314,231,83,314
"3568","07_report/CpG_context_sampling_872_568_trimmed_bismark_bt2.CpG",316,229,87,316
"3569","07_report/CpG_context_sampling_872_569_trimmed_bismark_bt2.CpG",300,229,71,300
"3570","07_report/CpG_context_sampling_872_570_trimmed_bismark_bt2.CpG",305,223,82,305
"3571","07_report/CpG_context_sampling_872_571_trimmed_bismark_bt2.CpG",289,203,86,289
"3572","07_report/CpG_context_sampling_872_572_trimmed_bismark_bt2.CpG",302,211,91,302
"3573","07_report/CpG_context_sampling_872_573_trimmed_bismark_bt2.CpG",299,226,73,299
"3574","07_report/CpG_context_sampling_872_574_trimmed_bismark_bt2.CpG",297,202,95,297
"3575","07_report/CpG_context_sampling_872_575_trimmed_bismark_bt2.CpG",295,206,89,295
"3576","07_report/CpG_context_sampling_872_576_trimmed_bismark_bt2.CpG",295,212,83,295
"3577","07_report/CpG_context_sampling_872_577_trimmed_bismark_bt2.CpG",299,221,78,299
"3578","07_report/CpG_context_sampling_872_578_trimmed_bismark_bt2.CpG",301,202,99,301
"3579","07_report/CpG_context_sampling_872_579_trimmed_bismark_bt2.CpG",316,228,88,316
"3580","07_report/CpG_context_sampling_872_580_trimmed_bismark_bt2.CpG",296,206,90,296
"3581","07_report/CpG_context_sampling_872_581_trimmed_bismark_bt2.CpG",309,217,92,309
"3582","07_report/CpG_context_sampling_872_582_trimmed_bismark_bt2.CpG",301,211,90,301
"3583","07_report/CpG_context_sampling_872_583_trimmed_bismark_bt2.CpG",301,209,92,301
"3584","07_report/CpG_context_sampling_872_584_trimmed_bismark_bt2.CpG",296,218,78,296
"3585","07_report/CpG_context_sampling_872_585_trimmed_bismark_bt2.CpG",312,207,105,312
"3586","07_report/CpG_context_sampling_872_586_trimmed_bismark_bt2.CpG",308,213,95,308
"3587","07_report/CpG_context_sampling_872_587_trimmed_bismark_bt2.CpG",305,222,83,305
"3588","07_report/CpG_context_sampling_872_588_trimmed_bismark_bt2.CpG",297,226,71,297
"3589","07_report/CpG_context_sampling_872_589_trimmed_bismark_bt2.CpG",285,200,85,285
"3590","07_report/CpG_context_sampling_872_590_trimmed_bismark_bt2.CpG",307,217,90,307
"3591","07_report/CpG_context_sampling_872_591_trimmed_bismark_bt2.CpG",299,221,78,299
"3592","07_report/CpG_context_sampling_872_592_trimmed_bismark_bt2.CpG",297,209,88,297
"3593","07_report/CpG_context_sampling_872_593_trimmed_bismark_bt2.CpG",298,211,87,298
"3594","07_report/CpG_context_sampling_872_594_trimmed_bismark_bt2.CpG",309,230,79,309
"3595","07_report/CpG_context_sampling_872_595_trimmed_bismark_bt2.CpG",300,220,80,300
"3596","07_report/CpG_context_sampling_872_596_trimmed_bismark_bt2.CpG",285,200,85,285
"3597","07_report/CpG_context_sampling_872_597_trimmed_bismark_bt2.CpG",295,225,70,295
"3598","07_report/CpG_context_sampling_872_598_trimmed_bismark_bt2.CpG",299,207,92,299
"3599","07_report/CpG_context_sampling_872_599_trimmed_bismark_bt2.CpG",333,215,118,333
"3600","07_report/CpG_context_sampling_872_600_trimmed_bismark_bt2.CpG",299,219,80,299
"3601","07_report/CpG_context_sampling_872_601_trimmed_bismark_bt2.CpG",306,221,85,306
"3602","07_report/CpG_context_sampling_872_602_trimmed_bismark_bt2.CpG",296,212,84,296
"3603","07_report/CpG_context_sampling_872_603_trimmed_bismark_bt2.CpG",292,208,84,292
"3604","07_report/CpG_context_sampling_872_604_trimmed_bismark_bt2.CpG",316,239,77,316
"3605","07_report/CpG_context_sampling_872_605_trimmed_bismark_bt2.CpG",280,201,79,280
"3606","07_report/CpG_context_sampling_872_606_trimmed_bismark_bt2.CpG",299,214,85,299
"3607","07_report/CpG_context_sampling_872_607_trimmed_bismark_bt2.CpG",291,210,81,291
"3608","07_report/CpG_context_sampling_872_608_trimmed_bismark_bt2.CpG",300,221,79,300
"3609","07_report/CpG_context_sampling_872_609_trimmed_bismark_bt2.CpG",317,218,99,317
"3610","07_report/CpG_context_sampling_872_610_trimmed_bismark_bt2.CpG",293,211,82,293
"3611","07_report/CpG_context_sampling_872_611_trimmed_bismark_bt2.CpG",319,230,89,319
"3612","07_report/CpG_context_sampling_872_612_trimmed_bismark_bt2.CpG",286,215,71,286
"3613","07_report/CpG_context_sampling_872_613_trimmed_bismark_bt2.CpG",285,202,83,285
"3614","07_report/CpG_context_sampling_872_614_trimmed_bismark_bt2.CpG",298,219,79,298
"3615","07_report/CpG_context_sampling_872_615_trimmed_bismark_bt2.CpG",304,215,89,304
"3616","07_report/CpG_context_sampling_872_616_trimmed_bismark_bt2.CpG",299,223,76,299
"3617","07_report/CpG_context_sampling_872_617_trimmed_bismark_bt2.CpG",306,219,87,306
"3618","07_report/CpG_context_sampling_872_618_trimmed_bismark_bt2.CpG",323,242,81,323
"3619","07_report/CpG_context_sampling_872_619_trimmed_bismark_bt2.CpG",282,210,72,282
"3620","07_report/CpG_context_sampling_872_620_trimmed_bismark_bt2.CpG",296,209,87,296
"3621","07_report/CpG_context_sampling_872_621_trimmed_bismark_bt2.CpG",272,199,73,272
"3622","07_report/CpG_context_sampling_872_622_trimmed_bismark_bt2.CpG",310,205,105,310
"3623","07_report/CpG_context_sampling_872_623_trimmed_bismark_bt2.CpG",298,208,90,298
"3624","07_report/CpG_context_sampling_872_624_trimmed_bismark_bt2.CpG",300,215,85,300
"3625","07_report/CpG_context_sampling_872_625_trimmed_bismark_bt2.CpG",300,212,88,300
"3626","07_report/CpG_context_sampling_872_626_trimmed_bismark_bt2.CpG",287,219,68,287
"3627","07_report/CpG_context_sampling_872_627_trimmed_bismark_bt2.CpG",282,205,77,282
"3628","07_report/CpG_context_sampling_872_628_trimmed_bismark_bt2.CpG",321,226,95,321
"3629","07_report/CpG_context_sampling_872_629_trimmed_bismark_bt2.CpG",330,243,87,330
"3630","07_report/CpG_context_sampling_872_630_trimmed_bismark_bt2.CpG",298,223,75,298
"3631","07_report/CpG_context_sampling_872_631_trimmed_bismark_bt2.CpG",331,232,99,331
"3632","07_report/CpG_context_sampling_872_632_trimmed_bismark_bt2.CpG",278,210,68,278
"3633","07_report/CpG_context_sampling_872_633_trimmed_bismark_bt2.CpG",310,216,94,310
"3634","07_report/CpG_context_sampling_872_634_trimmed_bismark_bt2.CpG",304,218,86,304
"3635","07_report/CpG_context_sampling_872_635_trimmed_bismark_bt2.CpG",291,207,84,291
"3636","07_report/CpG_context_sampling_872_636_trimmed_bismark_bt2.CpG",291,222,69,291
"3637","07_report/CpG_context_sampling_872_637_trimmed_bismark_bt2.CpG",313,208,105,313
"3638","07_report/CpG_context_sampling_872_638_trimmed_bismark_bt2.CpG",330,236,94,330
"3639","07_report/CpG_context_sampling_872_639_trimmed_bismark_bt2.CpG",287,219,68,287
"3640","07_report/CpG_context_sampling_872_640_trimmed_bismark_bt2.CpG",303,221,82,303
"3641","07_report/CpG_context_sampling_872_641_trimmed_bismark_bt2.CpG",305,230,75,305
"3642","07_report/CpG_context_sampling_872_642_trimmed_bismark_bt2.CpG",298,205,93,298
"3643","07_report/CpG_context_sampling_872_643_trimmed_bismark_bt2.CpG",305,220,85,305
"3644","07_report/CpG_context_sampling_872_644_trimmed_bismark_bt2.CpG",329,236,93,329
"3645","07_report/CpG_context_sampling_872_645_trimmed_bismark_bt2.CpG",315,225,90,315
"3646","07_report/CpG_context_sampling_872_646_trimmed_bismark_bt2.CpG",285,200,85,285
"3647","07_report/CpG_context_sampling_872_647_trimmed_bismark_bt2.CpG",287,198,89,287
"3648","07_report/CpG_context_sampling_872_648_trimmed_bismark_bt2.CpG",297,219,78,297
"3649","07_report/CpG_context_sampling_872_649_trimmed_bismark_bt2.CpG",296,202,94,296
"3650","07_report/CpG_context_sampling_872_650_trimmed_bismark_bt2.CpG",286,216,70,286
"3651","07_report/CpG_context_sampling_872_651_trimmed_bismark_bt2.CpG",282,214,68,282
"3652","07_report/CpG_context_sampling_872_652_trimmed_bismark_bt2.CpG",305,216,89,305
"3653","07_report/CpG_context_sampling_872_653_trimmed_bismark_bt2.CpG",293,207,86,293
"3654","07_report/CpG_context_sampling_872_654_trimmed_bismark_bt2.CpG",329,240,89,329
"3655","07_report/CpG_context_sampling_872_655_trimmed_bismark_bt2.CpG",296,199,97,296
"3656","07_report/CpG_context_sampling_872_656_trimmed_bismark_bt2.CpG",307,225,82,307
"3657","07_report/CpG_context_sampling_872_657_trimmed_bismark_bt2.CpG",289,213,76,289
"3658","07_report/CpG_context_sampling_872_658_trimmed_bismark_bt2.CpG",306,220,86,306
"3659","07_report/CpG_context_sampling_872_659_trimmed_bismark_bt2.CpG",296,218,78,296
"3660","07_report/CpG_context_sampling_872_660_trimmed_bismark_bt2.CpG",294,211,83,294
"3661","07_report/CpG_context_sampling_872_661_trimmed_bismark_bt2.CpG",300,211,89,300
"3662","07_report/CpG_context_sampling_872_662_trimmed_bismark_bt2.CpG",330,238,92,330
"3663","07_report/CpG_context_sampling_872_663_trimmed_bismark_bt2.CpG",319,224,95,319
"3664","07_report/CpG_context_sampling_872_664_trimmed_bismark_bt2.CpG",285,206,79,285
"3665","07_report/CpG_context_sampling_872_665_trimmed_bismark_bt2.CpG",296,227,69,296
"3666","07_report/CpG_context_sampling_872_666_trimmed_bismark_bt2.CpG",293,214,79,293
"3667","07_report/CpG_context_sampling_872_667_trimmed_bismark_bt2.CpG",316,233,83,316
"3668","07_report/CpG_context_sampling_872_668_trimmed_bismark_bt2.CpG",290,202,88,290
"3669","07_report/CpG_context_sampling_872_669_trimmed_bismark_bt2.CpG",293,200,93,293
"3670","07_report/CpG_context_sampling_872_670_trimmed_bismark_bt2.CpG",282,210,72,282
"3671","07_report/CpG_context_sampling_872_671_trimmed_bismark_bt2.CpG",289,205,84,289
"3672","07_report/CpG_context_sampling_872_672_trimmed_bismark_bt2.CpG",306,209,97,306
"3673","07_report/CpG_context_sampling_872_673_trimmed_bismark_bt2.CpG",293,205,88,293
"3674","07_report/CpG_context_sampling_872_674_trimmed_bismark_bt2.CpG",283,204,79,283
"3675","07_report/CpG_context_sampling_872_675_trimmed_bismark_bt2.CpG",281,208,73,281
"3676","07_report/CpG_context_sampling_872_676_trimmed_bismark_bt2.CpG",294,205,89,294
"3677","07_report/CpG_context_sampling_872_677_trimmed_bismark_bt2.CpG",302,218,84,302
"3678","07_report/CpG_context_sampling_872_678_trimmed_bismark_bt2.CpG",278,187,91,278
"3679","07_report/CpG_context_sampling_872_679_trimmed_bismark_bt2.CpG",307,221,86,307
"3680","07_report/CpG_context_sampling_872_680_trimmed_bismark_bt2.CpG",293,207,86,293
"3681","07_report/CpG_context_sampling_872_681_trimmed_bismark_bt2.CpG",315,222,93,315
"3682","07_report/CpG_context_sampling_872_682_trimmed_bismark_bt2.CpG",321,225,96,321
"3683","07_report/CpG_context_sampling_872_683_trimmed_bismark_bt2.CpG",302,216,86,302
"3684","07_report/CpG_context_sampling_872_684_trimmed_bismark_bt2.CpG",327,227,100,327
"3685","07_report/CpG_context_sampling_872_685_trimmed_bismark_bt2.CpG",305,217,88,305
"3686","07_report/CpG_context_sampling_872_686_trimmed_bismark_bt2.CpG",284,198,86,284
"3687","07_report/CpG_context_sampling_872_687_trimmed_bismark_bt2.CpG",312,221,91,312
"3688","07_report/CpG_context_sampling_872_688_trimmed_bismark_bt2.CpG",290,198,92,290
"3689","07_report/CpG_context_sampling_872_689_trimmed_bismark_bt2.CpG",306,216,90,306
"3690","07_report/CpG_context_sampling_872_690_trimmed_bismark_bt2.CpG",303,234,69,303
"3691","07_report/CpG_context_sampling_872_691_trimmed_bismark_bt2.CpG",316,212,104,316
"3692","07_report/CpG_context_sampling_872_692_trimmed_bismark_bt2.CpG",306,212,94,306
"3693","07_report/CpG_context_sampling_872_693_trimmed_bismark_bt2.CpG",284,209,75,284
"3694","07_report/CpG_context_sampling_872_694_trimmed_bismark_bt2.CpG",281,194,87,281
"3695","07_report/CpG_context_sampling_872_695_trimmed_bismark_bt2.CpG",307,212,95,307
"3696","07_report/CpG_context_sampling_872_696_trimmed_bismark_bt2.CpG",321,239,82,321
"3697","07_report/CpG_context_sampling_872_697_trimmed_bismark_bt2.CpG",303,202,101,303
"3698","07_report/CpG_context_sampling_872_698_trimmed_bismark_bt2.CpG",314,225,89,314
"3699","07_report/CpG_context_sampling_872_699_trimmed_bismark_bt2.CpG",269,205,64,269
"3700","07_report/CpG_context_sampling_872_700_trimmed_bismark_bt2.CpG",287,206,81,287
"3701","07_report/CpG_context_sampling_872_701_trimmed_bismark_bt2.CpG",323,231,92,323
"3702","07_report/CpG_context_sampling_872_702_trimmed_bismark_bt2.CpG",308,227,81,308
"3703","07_report/CpG_context_sampling_872_703_trimmed_bismark_bt2.CpG",291,212,79,291
"3704","07_report/CpG_context_sampling_872_704_trimmed_bismark_bt2.CpG",301,216,85,301
"3705","07_report/CpG_context_sampling_872_705_trimmed_bismark_bt2.CpG",318,220,98,318
"3706","07_report/CpG_context_sampling_872_706_trimmed_bismark_bt2.CpG",291,202,89,291
"3707","07_report/CpG_context_sampling_872_707_trimmed_bismark_bt2.CpG",317,239,78,317
"3708","07_report/CpG_context_sampling_872_708_trimmed_bismark_bt2.CpG",295,206,89,295
"3709","07_report/CpG_context_sampling_872_709_trimmed_bismark_bt2.CpG",301,227,74,301
"3710","07_report/CpG_context_sampling_872_710_trimmed_bismark_bt2.CpG",276,202,74,276
"3711","07_report/CpG_context_sampling_872_711_trimmed_bismark_bt2.CpG",319,240,79,319
"3712","07_report/CpG_context_sampling_872_712_trimmed_bismark_bt2.CpG",304,212,92,304
"3713","07_report/CpG_context_sampling_872_713_trimmed_bismark_bt2.CpG",322,221,101,322
"3714","07_report/CpG_context_sampling_872_714_trimmed_bismark_bt2.CpG",302,209,93,302
"3715","07_report/CpG_context_sampling_872_715_trimmed_bismark_bt2.CpG",285,205,80,285
"3716","07_report/CpG_context_sampling_872_716_trimmed_bismark_bt2.CpG",312,229,83,312
"3717","07_report/CpG_context_sampling_872_717_trimmed_bismark_bt2.CpG",289,200,89,289
"3718","07_report/CpG_context_sampling_872_718_trimmed_bismark_bt2.CpG",304,222,82,304
"3719","07_report/CpG_context_sampling_872_719_trimmed_bismark_bt2.CpG",310,225,85,310
"3720","07_report/CpG_context_sampling_872_720_trimmed_bismark_bt2.CpG",305,212,93,305
"3721","07_report/CpG_context_sampling_872_721_trimmed_bismark_bt2.CpG",289,200,89,289
"3722","07_report/CpG_context_sampling_872_722_trimmed_bismark_bt2.CpG",329,230,99,329
"3723","07_report/CpG_context_sampling_872_723_trimmed_bismark_bt2.CpG",296,212,84,296
"3724","07_report/CpG_context_sampling_872_724_trimmed_bismark_bt2.CpG",277,200,77,277
"3725","07_report/CpG_context_sampling_872_725_trimmed_bismark_bt2.CpG",273,200,73,273
"3726","07_report/CpG_context_sampling_872_726_trimmed_bismark_bt2.CpG",323,228,95,323
"3727","07_report/CpG_context_sampling_872_727_trimmed_bismark_bt2.CpG",310,221,89,310
"3728","07_report/CpG_context_sampling_872_728_trimmed_bismark_bt2.CpG",308,227,81,308
"3729","07_report/CpG_context_sampling_872_729_trimmed_bismark_bt2.CpG",320,220,100,320
"3730","07_report/CpG_context_sampling_872_730_trimmed_bismark_bt2.CpG",290,198,92,290
"3731","07_report/CpG_context_sampling_872_731_trimmed_bismark_bt2.CpG",288,200,88,288
"3732","07_report/CpG_context_sampling_872_732_trimmed_bismark_bt2.CpG",298,218,80,298
"3733","07_report/CpG_context_sampling_872_733_trimmed_bismark_bt2.CpG",296,229,67,296
"3734","07_report/CpG_context_sampling_872_734_trimmed_bismark_bt2.CpG",319,226,93,319
"3735","07_report/CpG_context_sampling_872_735_trimmed_bismark_bt2.CpG",277,198,79,277
"3736","07_report/CpG_context_sampling_872_736_trimmed_bismark_bt2.CpG",301,211,90,301
"3737","07_report/CpG_context_sampling_872_737_trimmed_bismark_bt2.CpG",310,238,72,310
"3738","07_report/CpG_context_sampling_872_738_trimmed_bismark_bt2.CpG",261,187,74,261
"3739","07_report/CpG_context_sampling_872_739_trimmed_bismark_bt2.CpG",315,234,81,315
"3740","07_report/CpG_context_sampling_872_740_trimmed_bismark_bt2.CpG",294,206,88,294
"3741","07_report/CpG_context_sampling_872_741_trimmed_bismark_bt2.CpG",283,203,80,283
"3742","07_report/CpG_context_sampling_872_742_trimmed_bismark_bt2.CpG",298,211,87,298
"3743","07_report/CpG_context_sampling_872_743_trimmed_bismark_bt2.CpG",311,218,93,311
"3744","07_report/CpG_context_sampling_872_744_trimmed_bismark_bt2.CpG",328,228,100,328
"3745","07_report/CpG_context_sampling_872_745_trimmed_bismark_bt2.CpG",324,225,99,324
"3746","07_report/CpG_context_sampling_872_746_trimmed_bismark_bt2.CpG",284,212,72,284
"3747","07_report/CpG_context_sampling_872_747_trimmed_bismark_bt2.CpG",330,237,93,330
"3748","07_report/CpG_context_sampling_872_748_trimmed_bismark_bt2.CpG",313,230,83,313
"3749","07_report/CpG_context_sampling_872_749_trimmed_bismark_bt2.CpG",302,207,95,302
"3750","07_report/CpG_context_sampling_872_750_trimmed_bismark_bt2.CpG",305,219,86,305
"3751","07_report/CpG_context_sampling_872_751_trimmed_bismark_bt2.CpG",316,235,81,316
"3752","07_report/CpG_context_sampling_872_752_trimmed_bismark_bt2.CpG",286,213,73,286
"3753","07_report/CpG_context_sampling_872_753_trimmed_bismark_bt2.CpG",324,235,89,324
"3754","07_report/CpG_context_sampling_872_754_trimmed_bismark_bt2.CpG",295,226,69,295
"3755","07_report/CpG_context_sampling_872_755_trimmed_bismark_bt2.CpG",295,215,80,295
"3756","07_report/CpG_context_sampling_872_756_trimmed_bismark_bt2.CpG",290,207,83,290
"3757","07_report/CpG_context_sampling_872_757_trimmed_bismark_bt2.CpG",285,201,84,285
"3758","07_report/CpG_context_sampling_872_758_trimmed_bismark_bt2.CpG",322,231,91,322
"3759","07_report/CpG_context_sampling_872_759_trimmed_bismark_bt2.CpG",295,209,86,295
"3760","07_report/CpG_context_sampling_872_760_trimmed_bismark_bt2.CpG",288,213,75,288
"3761","07_report/CpG_context_sampling_872_761_trimmed_bismark_bt2.CpG",298,213,85,298
"3762","07_report/CpG_context_sampling_872_762_trimmed_bismark_bt2.CpG",306,224,82,306
"3763","07_report/CpG_context_sampling_872_763_trimmed_bismark_bt2.CpG",272,204,68,272
"3764","07_report/CpG_context_sampling_872_764_trimmed_bismark_bt2.CpG",312,224,88,312
"3765","07_report/CpG_context_sampling_872_765_trimmed_bismark_bt2.CpG",302,223,79,302
"3766","07_report/CpG_context_sampling_872_766_trimmed_bismark_bt2.CpG",290,220,70,290
"3767","07_report/CpG_context_sampling_872_767_trimmed_bismark_bt2.CpG",313,225,88,313
"3768","07_report/CpG_context_sampling_872_768_trimmed_bismark_bt2.CpG",297,203,94,297
"3769","07_report/CpG_context_sampling_872_769_trimmed_bismark_bt2.CpG",320,226,94,320
"3770","07_report/CpG_context_sampling_872_770_trimmed_bismark_bt2.CpG",318,223,95,318
"3771","07_report/CpG_context_sampling_872_771_trimmed_bismark_bt2.CpG",308,216,92,308
"3772","07_report/CpG_context_sampling_872_772_trimmed_bismark_bt2.CpG",322,230,92,322
"3773","07_report/CpG_context_sampling_872_773_trimmed_bismark_bt2.CpG",310,221,89,310
"3774","07_report/CpG_context_sampling_872_774_trimmed_bismark_bt2.CpG",303,221,82,303
"3775","07_report/CpG_context_sampling_872_775_trimmed_bismark_bt2.CpG",305,220,85,305
"3776","07_report/CpG_context_sampling_872_776_trimmed_bismark_bt2.CpG",291,219,72,291
"3777","07_report/CpG_context_sampling_872_777_trimmed_bismark_bt2.CpG",300,221,79,300
"3778","07_report/CpG_context_sampling_872_778_trimmed_bismark_bt2.CpG",279,190,89,279
"3779","07_report/CpG_context_sampling_872_779_trimmed_bismark_bt2.CpG",295,217,78,295
"3780","07_report/CpG_context_sampling_872_780_trimmed_bismark_bt2.CpG",295,215,80,295
"3781","07_report/CpG_context_sampling_872_781_trimmed_bismark_bt2.CpG",283,197,86,283
"3782","07_report/CpG_context_sampling_872_782_trimmed_bismark_bt2.CpG",312,230,82,312
"3783","07_report/CpG_context_sampling_872_783_trimmed_bismark_bt2.CpG",267,201,66,267
"3784","07_report/CpG_context_sampling_872_784_trimmed_bismark_bt2.CpG",310,232,78,310
"3785","07_report/CpG_context_sampling_872_785_trimmed_bismark_bt2.CpG",314,234,80,314
"3786","07_report/CpG_context_sampling_872_786_trimmed_bismark_bt2.CpG",290,193,97,290
"3787","07_report/CpG_context_sampling_872_787_trimmed_bismark_bt2.CpG",297,213,84,297
"3788","07_report/CpG_context_sampling_872_788_trimmed_bismark_bt2.CpG",319,224,95,319
"3789","07_report/CpG_context_sampling_872_789_trimmed_bismark_bt2.CpG",299,213,86,299
"3790","07_report/CpG_context_sampling_872_790_trimmed_bismark_bt2.CpG",295,216,79,295
"3791","07_report/CpG_context_sampling_872_791_trimmed_bismark_bt2.CpG",322,225,97,322
"3792","07_report/CpG_context_sampling_872_792_trimmed_bismark_bt2.CpG",278,200,78,278
"3793","07_report/CpG_context_sampling_872_793_trimmed_bismark_bt2.CpG",289,200,89,289
"3794","07_report/CpG_context_sampling_872_794_trimmed_bismark_bt2.CpG",303,217,86,303
"3795","07_report/CpG_context_sampling_872_795_trimmed_bismark_bt2.CpG",289,202,87,289
"3796","07_report/CpG_context_sampling_872_796_trimmed_bismark_bt2.CpG",297,224,73,297
"3797","07_report/CpG_context_sampling_872_797_trimmed_bismark_bt2.CpG",310,222,88,310
"3798","07_report/CpG_context_sampling_872_798_trimmed_bismark_bt2.CpG",315,212,103,315
"3799","07_report/CpG_context_sampling_872_799_trimmed_bismark_bt2.CpG",302,222,80,302
"3800","07_report/CpG_context_sampling_872_800_trimmed_bismark_bt2.CpG",299,222,77,299
"3801","07_report/CpG_context_sampling_872_801_trimmed_bismark_bt2.CpG",291,211,80,291
"3802","07_report/CpG_context_sampling_872_802_trimmed_bismark_bt2.CpG",296,211,85,296
"3803","07_report/CpG_context_sampling_872_803_trimmed_bismark_bt2.CpG",295,216,79,295
"3804","07_report/CpG_context_sampling_872_804_trimmed_bismark_bt2.CpG",272,179,93,272
"3805","07_report/CpG_context_sampling_872_805_trimmed_bismark_bt2.CpG",307,219,88,307
"3806","07_report/CpG_context_sampling_872_806_trimmed_bismark_bt2.CpG",300,218,82,300
"3807","07_report/CpG_context_sampling_872_807_trimmed_bismark_bt2.CpG",310,209,101,310
"3808","07_report/CpG_context_sampling_872_808_trimmed_bismark_bt2.CpG",306,215,91,306
"3809","07_report/CpG_context_sampling_872_809_trimmed_bismark_bt2.CpG",279,206,73,279
"3810","07_report/CpG_context_sampling_872_810_trimmed_bismark_bt2.CpG",330,241,89,330
"3811","07_report/CpG_context_sampling_872_811_trimmed_bismark_bt2.CpG",301,211,90,301
"3812","07_report/CpG_context_sampling_872_812_trimmed_bismark_bt2.CpG",312,208,104,312
"3813","07_report/CpG_context_sampling_872_813_trimmed_bismark_bt2.CpG",286,205,81,286
"3814","07_report/CpG_context_sampling_872_814_trimmed_bismark_bt2.CpG",283,198,85,283
"3815","07_report/CpG_context_sampling_872_815_trimmed_bismark_bt2.CpG",290,200,90,290
"3816","07_report/CpG_context_sampling_872_816_trimmed_bismark_bt2.CpG",268,189,79,268
"3817","07_report/CpG_context_sampling_872_817_trimmed_bismark_bt2.CpG",326,236,90,326
"3818","07_report/CpG_context_sampling_872_818_trimmed_bismark_bt2.CpG",313,228,85,313
"3819","07_report/CpG_context_sampling_872_819_trimmed_bismark_bt2.CpG",304,219,85,304
"3820","07_report/CpG_context_sampling_872_820_trimmed_bismark_bt2.CpG",300,225,75,300
"3821","07_report/CpG_context_sampling_872_821_trimmed_bismark_bt2.CpG",304,225,79,304
"3822","07_report/CpG_context_sampling_872_822_trimmed_bismark_bt2.CpG",292,216,76,292
"3823","07_report/CpG_context_sampling_872_823_trimmed_bismark_bt2.CpG",311,218,93,311
"3824","07_report/CpG_context_sampling_872_824_trimmed_bismark_bt2.CpG",301,224,77,301
"3825","07_report/CpG_context_sampling_872_825_trimmed_bismark_bt2.CpG",278,201,77,278
"3826","07_report/CpG_context_sampling_872_826_trimmed_bismark_bt2.CpG",323,238,85,323
"3827","07_report/CpG_context_sampling_872_827_trimmed_bismark_bt2.CpG",308,206,102,308
"3828","07_report/CpG_context_sampling_872_828_trimmed_bismark_bt2.CpG",310,220,90,310
"3829","07_report/CpG_context_sampling_872_829_trimmed_bismark_bt2.CpG",310,220,90,310
"3830","07_report/CpG_context_sampling_872_830_trimmed_bismark_bt2.CpG",280,198,82,280
"3831","07_report/CpG_context_sampling_872_831_trimmed_bismark_bt2.CpG",324,240,84,324
"3832","07_report/CpG_context_sampling_872_832_trimmed_bismark_bt2.CpG",311,223,88,311
"3833","07_report/CpG_context_sampling_872_833_trimmed_bismark_bt2.CpG",302,217,85,302
"3834","07_report/CpG_context_sampling_872_834_trimmed_bismark_bt2.CpG",310,225,85,310
"3835","07_report/CpG_context_sampling_872_835_trimmed_bismark_bt2.CpG",314,235,79,314
"3836","07_report/CpG_context_sampling_872_836_trimmed_bismark_bt2.CpG",310,241,69,310
"3837","07_report/CpG_context_sampling_872_837_trimmed_bismark_bt2.CpG",327,219,108,327
"3838","07_report/CpG_context_sampling_872_838_trimmed_bismark_bt2.CpG",290,212,78,290
"3839","07_report/CpG_context_sampling_872_839_trimmed_bismark_bt2.CpG",302,222,80,302
"3840","07_report/CpG_context_sampling_872_840_trimmed_bismark_bt2.CpG",310,213,97,310
"3841","07_report/CpG_context_sampling_872_841_trimmed_bismark_bt2.CpG",288,197,91,288
"3842","07_report/CpG_context_sampling_872_842_trimmed_bismark_bt2.CpG",273,190,83,273
"3843","07_report/CpG_context_sampling_872_843_trimmed_bismark_bt2.CpG",305,217,88,305
"3844","07_report/CpG_context_sampling_872_844_trimmed_bismark_bt2.CpG",282,204,78,282
"3845","07_report/CpG_context_sampling_872_845_trimmed_bismark_bt2.CpG",311,222,89,311
"3846","07_report/CpG_context_sampling_872_846_trimmed_bismark_bt2.CpG",293,224,69,293
"3847","07_report/CpG_context_sampling_872_847_trimmed_bismark_bt2.CpG",309,222,87,309
"3848","07_report/CpG_context_sampling_872_848_trimmed_bismark_bt2.CpG",292,204,88,292
"3849","07_report/CpG_context_sampling_872_849_trimmed_bismark_bt2.CpG",289,207,82,289
"3850","07_report/CpG_context_sampling_872_850_trimmed_bismark_bt2.CpG",310,218,92,310
"3851","07_report/CpG_context_sampling_872_851_trimmed_bismark_bt2.CpG",295,209,86,295
"3852","07_report/CpG_context_sampling_872_852_trimmed_bismark_bt2.CpG",292,200,92,292
"3853","07_report/CpG_context_sampling_872_853_trimmed_bismark_bt2.CpG",291,211,80,291
"3854","07_report/CpG_context_sampling_872_854_trimmed_bismark_bt2.CpG",319,243,76,319
"3855","07_report/CpG_context_sampling_872_855_trimmed_bismark_bt2.CpG",296,204,92,296
"3856","07_report/CpG_context_sampling_872_856_trimmed_bismark_bt2.CpG",284,210,74,284
"3857","07_report/CpG_context_sampling_872_857_trimmed_bismark_bt2.CpG",293,210,83,293
"3858","07_report/CpG_context_sampling_872_858_trimmed_bismark_bt2.CpG",297,223,74,297
"3859","07_report/CpG_context_sampling_872_859_trimmed_bismark_bt2.CpG",312,238,74,312
"3860","07_report/CpG_context_sampling_872_860_trimmed_bismark_bt2.CpG",269,191,78,269
"3861","07_report/CpG_context_sampling_872_861_trimmed_bismark_bt2.CpG",328,233,95,328
"3862","07_report/CpG_context_sampling_872_862_trimmed_bismark_bt2.CpG",300,209,91,300
"3863","07_report/CpG_context_sampling_872_863_trimmed_bismark_bt2.CpG",289,208,81,289
"3864","07_report/CpG_context_sampling_872_864_trimmed_bismark_bt2.CpG",322,231,91,322
"3865","07_report/CpG_context_sampling_872_865_trimmed_bismark_bt2.CpG",283,200,83,283
"3866","07_report/CpG_context_sampling_872_866_trimmed_bismark_bt2.CpG",284,197,87,284
"3867","07_report/CpG_context_sampling_872_867_trimmed_bismark_bt2.CpG",318,224,94,318
"3868","07_report/CpG_context_sampling_872_868_trimmed_bismark_bt2.CpG",312,235,77,312
"3869","07_report/CpG_context_sampling_872_869_trimmed_bismark_bt2.CpG",284,198,86,284
"3870","07_report/CpG_context_sampling_872_870_trimmed_bismark_bt2.CpG",291,210,81,291
"3871","07_report/CpG_context_sampling_872_871_trimmed_bismark_bt2.CpG",315,253,62,315
"3872","07_report/CpG_context_sampling_872_872_trimmed_bismark_bt2.CpG",306,227,79,306
"3873","07_report/CpG_context_sampling_872_873_trimmed_bismark_bt2.CpG",332,226,106,332
"3874","07_report/CpG_context_sampling_872_874_trimmed_bismark_bt2.CpG",303,225,78,303
"3875","07_report/CpG_context_sampling_872_875_trimmed_bismark_bt2.CpG",290,191,99,290
"3876","07_report/CpG_context_sampling_872_876_trimmed_bismark_bt2.CpG",292,214,78,292
"3877","07_report/CpG_context_sampling_872_877_trimmed_bismark_bt2.CpG",316,232,84,316
"3878","07_report/CpG_context_sampling_872_878_trimmed_bismark_bt2.CpG",286,204,82,286
"3879","07_report/CpG_context_sampling_872_879_trimmed_bismark_bt2.CpG",318,226,92,318
"3880","07_report/CpG_context_sampling_872_880_trimmed_bismark_bt2.CpG",290,213,77,290
"3881","07_report/CpG_context_sampling_872_881_trimmed_bismark_bt2.CpG",314,213,101,314
"3882","07_report/CpG_context_sampling_872_882_trimmed_bismark_bt2.CpG",300,207,93,300
"3883","07_report/CpG_context_sampling_872_883_trimmed_bismark_bt2.CpG",298,215,83,298
"3884","07_report/CpG_context_sampling_872_884_trimmed_bismark_bt2.CpG",282,215,67,282
"3885","07_report/CpG_context_sampling_872_885_trimmed_bismark_bt2.CpG",295,201,94,295
"3886","07_report/CpG_context_sampling_872_886_trimmed_bismark_bt2.CpG",317,231,86,317
"3887","07_report/CpG_context_sampling_872_887_trimmed_bismark_bt2.CpG",321,228,93,321
"3888","07_report/CpG_context_sampling_872_888_trimmed_bismark_bt2.CpG",309,220,89,309
"3889","07_report/CpG_context_sampling_872_889_trimmed_bismark_bt2.CpG",317,220,97,317
"3890","07_report/CpG_context_sampling_872_890_trimmed_bismark_bt2.CpG",298,212,86,298
"3891","07_report/CpG_context_sampling_872_891_trimmed_bismark_bt2.CpG",333,251,82,333
"3892","07_report/CpG_context_sampling_872_892_trimmed_bismark_bt2.CpG",304,218,86,304
"3893","07_report/CpG_context_sampling_872_893_trimmed_bismark_bt2.CpG",299,206,93,299
"3894","07_report/CpG_context_sampling_872_894_trimmed_bismark_bt2.CpG",293,214,79,293
"3895","07_report/CpG_context_sampling_872_895_trimmed_bismark_bt2.CpG",302,208,94,302
"3896","07_report/CpG_context_sampling_872_896_trimmed_bismark_bt2.CpG",323,234,89,323
"3897","07_report/CpG_context_sampling_872_897_trimmed_bismark_bt2.CpG",287,202,85,287
"3898","07_report/CpG_context_sampling_872_898_trimmed_bismark_bt2.CpG",291,220,71,291
"3899","07_report/CpG_context_sampling_872_899_trimmed_bismark_bt2.CpG",295,205,90,295
"3900","07_report/CpG_context_sampling_872_900_trimmed_bismark_bt2.CpG",320,224,96,320
"3901","07_report/CpG_context_sampling_872_901_trimmed_bismark_bt2.CpG",295,206,89,295
"3902","07_report/CpG_context_sampling_872_902_trimmed_bismark_bt2.CpG",325,236,89,325
"3903","07_report/CpG_context_sampling_872_903_trimmed_bismark_bt2.CpG",308,210,98,308
"3904","07_report/CpG_context_sampling_872_904_trimmed_bismark_bt2.CpG",295,213,82,295
"3905","07_report/CpG_context_sampling_872_905_trimmed_bismark_bt2.CpG",311,227,84,311
"3906","07_report/CpG_context_sampling_872_906_trimmed_bismark_bt2.CpG",280,197,83,280
"3907","07_report/CpG_context_sampling_872_907_trimmed_bismark_bt2.CpG",316,224,92,316
"3908","07_report/CpG_context_sampling_872_908_trimmed_bismark_bt2.CpG",309,220,89,309
"3909","07_report/CpG_context_sampling_872_909_trimmed_bismark_bt2.CpG",304,212,92,304
"3910","07_report/CpG_context_sampling_872_910_trimmed_bismark_bt2.CpG",345,245,100,345
"3911","07_report/CpG_context_sampling_872_911_trimmed_bismark_bt2.CpG",291,207,84,291
"3912","07_report/CpG_context_sampling_872_912_trimmed_bismark_bt2.CpG",321,236,85,321
"3913","07_report/CpG_context_sampling_872_913_trimmed_bismark_bt2.CpG",304,219,85,304
"3914","07_report/CpG_context_sampling_872_914_trimmed_bismark_bt2.CpG",293,206,87,293
"3915","07_report/CpG_context_sampling_872_915_trimmed_bismark_bt2.CpG",277,200,77,277
"3916","07_report/CpG_context_sampling_872_916_trimmed_bismark_bt2.CpG",300,230,70,300
"3917","07_report/CpG_context_sampling_872_917_trimmed_bismark_bt2.CpG",300,220,80,300
"3918","07_report/CpG_context_sampling_872_918_trimmed_bismark_bt2.CpG",287,204,83,287
"3919","07_report/CpG_context_sampling_872_919_trimmed_bismark_bt2.CpG",306,205,101,306
"3920","07_report/CpG_context_sampling_872_920_trimmed_bismark_bt2.CpG",315,228,87,315
"3921","07_report/CpG_context_sampling_872_921_trimmed_bismark_bt2.CpG",291,218,73,291
"3922","07_report/CpG_context_sampling_872_922_trimmed_bismark_bt2.CpG",295,222,73,295
"3923","07_report/CpG_context_sampling_872_923_trimmed_bismark_bt2.CpG",319,219,100,319
"3924","07_report/CpG_context_sampling_872_924_trimmed_bismark_bt2.CpG",285,214,71,285
"3925","07_report/CpG_context_sampling_872_925_trimmed_bismark_bt2.CpG",313,209,104,313
"3926","07_report/CpG_context_sampling_872_926_trimmed_bismark_bt2.CpG",316,214,102,316
"3927","07_report/CpG_context_sampling_872_927_trimmed_bismark_bt2.CpG",333,230,103,333
"3928","07_report/CpG_context_sampling_872_928_trimmed_bismark_bt2.CpG",289,198,91,289
"3929","07_report/CpG_context_sampling_872_929_trimmed_bismark_bt2.CpG",305,218,87,305
"3930","07_report/CpG_context_sampling_872_930_trimmed_bismark_bt2.CpG",299,214,85,299
"3931","07_report/CpG_context_sampling_872_931_trimmed_bismark_bt2.CpG",318,220,98,318
"3932","07_report/CpG_context_sampling_872_932_trimmed_bismark_bt2.CpG",306,239,67,306
"3933","07_report/CpG_context_sampling_872_933_trimmed_bismark_bt2.CpG",301,211,90,301
"3934","07_report/CpG_context_sampling_872_934_trimmed_bismark_bt2.CpG",326,230,96,326
"3935","07_report/CpG_context_sampling_872_935_trimmed_bismark_bt2.CpG",305,213,92,305
"3936","07_report/CpG_context_sampling_872_936_trimmed_bismark_bt2.CpG",295,212,83,295
"3937","07_report/CpG_context_sampling_872_937_trimmed_bismark_bt2.CpG",298,220,78,298
"3938","07_report/CpG_context_sampling_872_938_trimmed_bismark_bt2.CpG",302,210,92,302
"3939","07_report/CpG_context_sampling_872_939_trimmed_bismark_bt2.CpG",282,201,81,282
"3940","07_report/CpG_context_sampling_872_940_trimmed_bismark_bt2.CpG",279,184,95,279
"3941","07_report/CpG_context_sampling_872_941_trimmed_bismark_bt2.CpG",281,200,81,281
"3942","07_report/CpG_context_sampling_872_942_trimmed_bismark_bt2.CpG",306,232,74,306
"3943","07_report/CpG_context_sampling_872_943_trimmed_bismark_bt2.CpG",315,227,88,315
"3944","07_report/CpG_context_sampling_872_944_trimmed_bismark_bt2.CpG",302,208,94,302
"3945","07_report/CpG_context_sampling_872_945_trimmed_bismark_bt2.CpG",278,195,83,278
"3946","07_report/CpG_context_sampling_872_946_trimmed_bismark_bt2.CpG",287,212,75,287
"3947","07_report/CpG_context_sampling_872_947_trimmed_bismark_bt2.CpG",297,221,76,297
"3948","07_report/CpG_context_sampling_872_948_trimmed_bismark_bt2.CpG",297,203,94,297
"3949","07_report/CpG_context_sampling_872_949_trimmed_bismark_bt2.CpG",323,224,99,323
"3950","07_report/CpG_context_sampling_872_950_trimmed_bismark_bt2.CpG",305,213,92,305
"3951","07_report/CpG_context_sampling_872_951_trimmed_bismark_bt2.CpG",302,218,84,302
"3952","07_report/CpG_context_sampling_872_952_trimmed_bismark_bt2.CpG",312,240,72,312
"3953","07_report/CpG_context_sampling_872_953_trimmed_bismark_bt2.CpG",343,252,91,343
"3954","07_report/CpG_context_sampling_872_954_trimmed_bismark_bt2.CpG",311,209,102,311
"3955","07_report/CpG_context_sampling_872_955_trimmed_bismark_bt2.CpG",297,229,68,297
"3956","07_report/CpG_context_sampling_872_956_trimmed_bismark_bt2.CpG",314,233,81,314
"3957","07_report/CpG_context_sampling_872_957_trimmed_bismark_bt2.CpG",302,218,84,302
"3958","07_report/CpG_context_sampling_872_958_trimmed_bismark_bt2.CpG",306,224,82,306
"3959","07_report/CpG_context_sampling_872_959_trimmed_bismark_bt2.CpG",297,221,76,297
"3960","07_report/CpG_context_sampling_872_960_trimmed_bismark_bt2.CpG",320,239,81,320
"3961","07_report/CpG_context_sampling_872_961_trimmed_bismark_bt2.CpG",296,222,74,296
"3962","07_report/CpG_context_sampling_872_962_trimmed_bismark_bt2.CpG",280,196,84,280
"3963","07_report/CpG_context_sampling_872_963_trimmed_bismark_bt2.CpG",321,231,90,321
"3964","07_report/CpG_context_sampling_872_964_trimmed_bismark_bt2.CpG",305,222,83,305
"3965","07_report/CpG_context_sampling_872_965_trimmed_bismark_bt2.CpG",315,244,71,315
"3966","07_report/CpG_context_sampling_872_966_trimmed_bismark_bt2.CpG",300,223,77,300
"3967","07_report/CpG_context_sampling_872_967_trimmed_bismark_bt2.CpG",308,223,85,308
"3968","07_report/CpG_context_sampling_872_968_trimmed_bismark_bt2.CpG",292,214,78,292
"3969","07_report/CpG_context_sampling_872_969_trimmed_bismark_bt2.CpG",297,221,76,297
"3970","07_report/CpG_context_sampling_872_970_trimmed_bismark_bt2.CpG",323,230,93,323
"3971","07_report/CpG_context_sampling_872_971_trimmed_bismark_bt2.CpG",286,204,82,286
"3972","07_report/CpG_context_sampling_872_972_trimmed_bismark_bt2.CpG",298,207,91,298
"3973","07_report/CpG_context_sampling_872_973_trimmed_bismark_bt2.CpG",297,212,85,297
"3974","07_report/CpG_context_sampling_872_974_trimmed_bismark_bt2.CpG",293,196,97,293
"3975","07_report/CpG_context_sampling_872_975_trimmed_bismark_bt2.CpG",291,207,84,291
"3976","07_report/CpG_context_sampling_872_976_trimmed_bismark_bt2.CpG",300,201,99,300
"3977","07_report/CpG_context_sampling_872_977_trimmed_bismark_bt2.CpG",298,208,90,298
"3978","07_report/CpG_context_sampling_872_978_trimmed_bismark_bt2.CpG",316,221,95,316
"3979","07_report/CpG_context_sampling_872_979_trimmed_bismark_bt2.CpG",301,224,77,301
"3980","07_report/CpG_context_sampling_872_980_trimmed_bismark_bt2.CpG",317,232,85,317
"3981","07_report/CpG_context_sampling_872_981_trimmed_bismark_bt2.CpG",298,214,84,298
"3982","07_report/CpG_context_sampling_872_982_trimmed_bismark_bt2.CpG",292,222,70,292
"3983","07_report/CpG_context_sampling_872_983_trimmed_bismark_bt2.CpG",313,228,85,313
"3984","07_report/CpG_context_sampling_872_984_trimmed_bismark_bt2.CpG",303,219,84,303
"3985","07_report/CpG_context_sampling_872_985_trimmed_bismark_bt2.CpG",294,203,91,294
"3986","07_report/CpG_context_sampling_872_986_trimmed_bismark_bt2.CpG",311,232,79,311
"3987","07_report/CpG_context_sampling_872_987_trimmed_bismark_bt2.CpG",279,201,78,279
"3988","07_report/CpG_context_sampling_872_988_trimmed_bismark_bt2.CpG",313,224,89,313
"3989","07_report/CpG_context_sampling_872_989_trimmed_bismark_bt2.CpG",287,216,71,287
"3990","07_report/CpG_context_sampling_872_990_trimmed_bismark_bt2.CpG",315,217,98,315
"3991","07_report/CpG_context_sampling_872_991_trimmed_bismark_bt2.CpG",294,196,98,294
"3992","07_report/CpG_context_sampling_872_992_trimmed_bismark_bt2.CpG",338,240,98,338
"3993","07_report/CpG_context_sampling_872_993_trimmed_bismark_bt2.CpG",300,224,76,300
"3994","07_report/CpG_context_sampling_872_994_trimmed_bismark_bt2.CpG",292,208,84,292
"3995","07_report/CpG_context_sampling_872_995_trimmed_bismark_bt2.CpG",325,221,104,325
"3996","07_report/CpG_context_sampling_872_996_trimmed_bismark_bt2.CpG",298,218,80,298
"3997","07_report/CpG_context_sampling_872_997_trimmed_bismark_bt2.CpG",284,192,92,284
"3998","07_report/CpG_context_sampling_872_998_trimmed_bismark_bt2.CpG",313,226,87,313
"3999","07_report/CpG_context_sampling_872_999_trimmed_bismark_bt2.CpG",291,207,84,291
"4000","07_report/CpG_context_sampling_872_1000_trimmed_bismark_bt2.CpG",296,201,95,296
"4001","07_report/CpG_context_sampling_1245_1_trimmed_bismark_bt2.CpG",447,315,132,447
"4002","07_report/CpG_context_sampling_1245_2_trimmed_bismark_bt2.CpG",449,335,114,449
"4003","07_report/CpG_context_sampling_1245_3_trimmed_bismark_bt2.CpG",431,314,117,431
"4004","07_report/CpG_context_sampling_1245_4_trimmed_bismark_bt2.CpG",432,315,117,432
"4005","07_report/CpG_context_sampling_1245_5_trimmed_bismark_bt2.CpG",423,288,135,423
"4006","07_report/CpG_context_sampling_1245_6_trimmed_bismark_bt2.CpG",435,315,120,435
"4007","07_report/CpG_context_sampling_1245_7_trimmed_bismark_bt2.CpG",423,306,117,423
"4008","07_report/CpG_context_sampling_1245_8_trimmed_bismark_bt2.CpG",431,318,113,431
"4009","07_report/CpG_context_sampling_1245_9_trimmed_bismark_bt2.CpG",405,301,104,405
"4010","07_report/CpG_context_sampling_1245_10_trimmed_bismark_bt2.CpG",439,316,123,439
"4011","07_report/CpG_context_sampling_1245_11_trimmed_bismark_bt2.CpG",425,313,112,425
"4012","07_report/CpG_context_sampling_1245_12_trimmed_bismark_bt2.CpG",440,326,114,440
"4013","07_report/CpG_context_sampling_1245_13_trimmed_bismark_bt2.CpG",446,328,118,446
"4014","07_report/CpG_context_sampling_1245_14_trimmed_bismark_bt2.CpG",420,284,136,420
"4015","07_report/CpG_context_sampling_1245_15_trimmed_bismark_bt2.CpG",426,299,127,426
"4016","07_report/CpG_context_sampling_1245_16_trimmed_bismark_bt2.CpG",414,305,109,414
"4017","07_report/CpG_context_sampling_1245_17_trimmed_bismark_bt2.CpG",431,303,128,431
"4018","07_report/CpG_context_sampling_1245_18_trimmed_bismark_bt2.CpG",395,274,121,395
"4019","07_report/CpG_context_sampling_1245_19_trimmed_bismark_bt2.CpG",437,303,134,437
"4020","07_report/CpG_context_sampling_1245_20_trimmed_bismark_bt2.CpG",444,341,103,444
"4021","07_report/CpG_context_sampling_1245_21_trimmed_bismark_bt2.CpG",436,329,107,436
"4022","07_report/CpG_context_sampling_1245_22_trimmed_bismark_bt2.CpG",384,278,106,384
"4023","07_report/CpG_context_sampling_1245_23_trimmed_bismark_bt2.CpG",416,286,130,416
"4024","07_report/CpG_context_sampling_1245_24_trimmed_bismark_bt2.CpG",422,290,132,422
"4025","07_report/CpG_context_sampling_1245_25_trimmed_bismark_bt2.CpG",439,315,124,439
"4026","07_report/CpG_context_sampling_1245_26_trimmed_bismark_bt2.CpG",436,305,131,436
"4027","07_report/CpG_context_sampling_1245_27_trimmed_bismark_bt2.CpG",395,270,125,395
"4028","07_report/CpG_context_sampling_1245_28_trimmed_bismark_bt2.CpG",446,314,132,446
"4029","07_report/CpG_context_sampling_1245_29_trimmed_bismark_bt2.CpG",431,310,121,431
"4030","07_report/CpG_context_sampling_1245_30_trimmed_bismark_bt2.CpG",436,299,137,436
"4031","07_report/CpG_context_sampling_1245_31_trimmed_bismark_bt2.CpG",442,320,122,442
"4032","07_report/CpG_context_sampling_1245_32_trimmed_bismark_bt2.CpG",452,331,121,452
"4033","07_report/CpG_context_sampling_1245_33_trimmed_bismark_bt2.CpG",441,317,124,441
"4034","07_report/CpG_context_sampling_1245_34_trimmed_bismark_bt2.CpG",452,315,137,452
"4035","07_report/CpG_context_sampling_1245_35_trimmed_bismark_bt2.CpG",453,311,142,453
"4036","07_report/CpG_context_sampling_1245_36_trimmed_bismark_bt2.CpG",445,324,121,445
"4037","07_report/CpG_context_sampling_1245_37_trimmed_bismark_bt2.CpG",430,302,128,430
"4038","07_report/CpG_context_sampling_1245_38_trimmed_bismark_bt2.CpG",437,315,122,437
"4039","07_report/CpG_context_sampling_1245_39_trimmed_bismark_bt2.CpG",413,283,130,413
"4040","07_report/CpG_context_sampling_1245_40_trimmed_bismark_bt2.CpG",413,301,112,413
"4041","07_report/CpG_context_sampling_1245_41_trimmed_bismark_bt2.CpG",432,314,118,432
"4042","07_report/CpG_context_sampling_1245_42_trimmed_bismark_bt2.CpG",442,313,129,442
"4043","07_report/CpG_context_sampling_1245_43_trimmed_bismark_bt2.CpG",447,335,112,447
"4044","07_report/CpG_context_sampling_1245_44_trimmed_bismark_bt2.CpG",414,316,98,414
"4045","07_report/CpG_context_sampling_1245_45_trimmed_bismark_bt2.CpG",413,290,123,413
"4046","07_report/CpG_context_sampling_1245_46_trimmed_bismark_bt2.CpG",433,312,121,433
"4047","07_report/CpG_context_sampling_1245_47_trimmed_bismark_bt2.CpG",423,309,114,423
"4048","07_report/CpG_context_sampling_1245_48_trimmed_bismark_bt2.CpG",437,305,132,437
"4049","07_report/CpG_context_sampling_1245_49_trimmed_bismark_bt2.CpG",423,305,118,423
"4050","07_report/CpG_context_sampling_1245_50_trimmed_bismark_bt2.CpG",441,330,111,441
"4051","07_report/CpG_context_sampling_1245_51_trimmed_bismark_bt2.CpG",422,299,123,422
"4052","07_report/CpG_context_sampling_1245_52_trimmed_bismark_bt2.CpG",421,307,114,421
"4053","07_report/CpG_context_sampling_1245_53_trimmed_bismark_bt2.CpG",447,322,125,447
"4054","07_report/CpG_context_sampling_1245_54_trimmed_bismark_bt2.CpG",433,317,116,433
"4055","07_report/CpG_context_sampling_1245_55_trimmed_bismark_bt2.CpG",446,320,126,446
"4056","07_report/CpG_context_sampling_1245_56_trimmed_bismark_bt2.CpG",429,329,100,429
"4057","07_report/CpG_context_sampling_1245_57_trimmed_bismark_bt2.CpG",454,340,114,454
"4058","07_report/CpG_context_sampling_1245_58_trimmed_bismark_bt2.CpG",424,311,113,424
"4059","07_report/CpG_context_sampling_1245_59_trimmed_bismark_bt2.CpG",429,306,123,429
"4060","07_report/CpG_context_sampling_1245_60_trimmed_bismark_bt2.CpG",450,326,124,450
"4061","07_report/CpG_context_sampling_1245_61_trimmed_bismark_bt2.CpG",430,324,106,430
"4062","07_report/CpG_context_sampling_1245_62_trimmed_bismark_bt2.CpG",430,308,122,430
"4063","07_report/CpG_context_sampling_1245_63_trimmed_bismark_bt2.CpG",425,303,122,425
"4064","07_report/CpG_context_sampling_1245_64_trimmed_bismark_bt2.CpG",461,323,138,461
"4065","07_report/CpG_context_sampling_1245_65_trimmed_bismark_bt2.CpG",428,303,125,428
"4066","07_report/CpG_context_sampling_1245_66_trimmed_bismark_bt2.CpG",399,281,118,399
"4067","07_report/CpG_context_sampling_1245_67_trimmed_bismark_bt2.CpG",424,296,128,424
"4068","07_report/CpG_context_sampling_1245_68_trimmed_bismark_bt2.CpG",439,304,135,439
"4069","07_report/CpG_context_sampling_1245_69_trimmed_bismark_bt2.CpG",443,321,122,443
"4070","07_report/CpG_context_sampling_1245_70_trimmed_bismark_bt2.CpG",460,325,135,460
"4071","07_report/CpG_context_sampling_1245_71_trimmed_bismark_bt2.CpG",432,315,117,432
"4072","07_report/CpG_context_sampling_1245_72_trimmed_bismark_bt2.CpG",428,313,115,428
"4073","07_report/CpG_context_sampling_1245_73_trimmed_bismark_bt2.CpG",440,327,113,440
"4074","07_report/CpG_context_sampling_1245_74_trimmed_bismark_bt2.CpG",429,313,116,429
"4075","07_report/CpG_context_sampling_1245_75_trimmed_bismark_bt2.CpG",424,290,134,424
"4076","07_report/CpG_context_sampling_1245_76_trimmed_bismark_bt2.CpG",445,309,136,445
"4077","07_report/CpG_context_sampling_1245_77_trimmed_bismark_bt2.CpG",445,319,126,445
"4078","07_report/CpG_context_sampling_1245_78_trimmed_bismark_bt2.CpG",452,316,136,452
"4079","07_report/CpG_context_sampling_1245_79_trimmed_bismark_bt2.CpG",413,287,126,413
"4080","07_report/CpG_context_sampling_1245_80_trimmed_bismark_bt2.CpG",484,364,120,484
"4081","07_report/CpG_context_sampling_1245_81_trimmed_bismark_bt2.CpG",453,323,130,453
"4082","07_report/CpG_context_sampling_1245_82_trimmed_bismark_bt2.CpG",427,299,128,427
"4083","07_report/CpG_context_sampling_1245_83_trimmed_bismark_bt2.CpG",420,293,127,420
"4084","07_report/CpG_context_sampling_1245_84_trimmed_bismark_bt2.CpG",447,320,127,447
"4085","07_report/CpG_context_sampling_1245_85_trimmed_bismark_bt2.CpG",414,303,111,414
"4086","07_report/CpG_context_sampling_1245_86_trimmed_bismark_bt2.CpG",449,322,127,449
"4087","07_report/CpG_context_sampling_1245_87_trimmed_bismark_bt2.CpG",438,298,140,438
"4088","07_report/CpG_context_sampling_1245_88_trimmed_bismark_bt2.CpG",469,337,132,469
"4089","07_report/CpG_context_sampling_1245_89_trimmed_bismark_bt2.CpG",450,334,116,450
"4090","07_report/CpG_context_sampling_1245_90_trimmed_bismark_bt2.CpG",432,314,118,432
"4091","07_report/CpG_context_sampling_1245_91_trimmed_bismark_bt2.CpG",421,304,117,421
"4092","07_report/CpG_context_sampling_1245_92_trimmed_bismark_bt2.CpG",429,297,132,429
"4093","07_report/CpG_context_sampling_1245_93_trimmed_bismark_bt2.CpG",447,335,112,447
"4094","07_report/CpG_context_sampling_1245_94_trimmed_bismark_bt2.CpG",455,334,121,455
"4095","07_report/CpG_context_sampling_1245_95_trimmed_bismark_bt2.CpG",407,291,116,407
"4096","07_report/CpG_context_sampling_1245_96_trimmed_bismark_bt2.CpG",414,300,114,414
"4097","07_report/CpG_context_sampling_1245_97_trimmed_bismark_bt2.CpG",432,316,116,432
"4098","07_report/CpG_context_sampling_1245_98_trimmed_bismark_bt2.CpG",442,333,109,442
"4099","07_report/CpG_context_sampling_1245_99_trimmed_bismark_bt2.CpG",428,323,105,428
"4100","07_report/CpG_context_sampling_1245_100_trimmed_bismark_bt2.CpG",439,314,125,439
"4101","07_report/CpG_context_sampling_1245_101_trimmed_bismark_bt2.CpG",431,301,130,431
"4102","07_report/CpG_context_sampling_1245_102_trimmed_bismark_bt2.CpG",426,299,127,426
"4103","07_report/CpG_context_sampling_1245_103_trimmed_bismark_bt2.CpG",438,335,103,438
"4104","07_report/CpG_context_sampling_1245_104_trimmed_bismark_bt2.CpG",438,324,114,438
"4105","07_report/CpG_context_sampling_1245_105_trimmed_bismark_bt2.CpG",458,324,134,458
"4106","07_report/CpG_context_sampling_1245_106_trimmed_bismark_bt2.CpG",420,299,121,420
"4107","07_report/CpG_context_sampling_1245_107_trimmed_bismark_bt2.CpG",418,293,125,418
"4108","07_report/CpG_context_sampling_1245_108_trimmed_bismark_bt2.CpG",448,302,146,448
"4109","07_report/CpG_context_sampling_1245_109_trimmed_bismark_bt2.CpG",494,359,135,494
"4110","07_report/CpG_context_sampling_1245_110_trimmed_bismark_bt2.CpG",428,291,137,428
"4111","07_report/CpG_context_sampling_1245_111_trimmed_bismark_bt2.CpG",434,313,121,434
"4112","07_report/CpG_context_sampling_1245_112_trimmed_bismark_bt2.CpG",419,309,110,419
"4113","07_report/CpG_context_sampling_1245_113_trimmed_bismark_bt2.CpG",460,325,135,460
"4114","07_report/CpG_context_sampling_1245_114_trimmed_bismark_bt2.CpG",440,318,122,440
"4115","07_report/CpG_context_sampling_1245_115_trimmed_bismark_bt2.CpG",417,301,116,417
"4116","07_report/CpG_context_sampling_1245_116_trimmed_bismark_bt2.CpG",432,290,142,432
"4117","07_report/CpG_context_sampling_1245_117_trimmed_bismark_bt2.CpG",446,312,134,446
"4118","07_report/CpG_context_sampling_1245_118_trimmed_bismark_bt2.CpG",453,348,105,453
"4119","07_report/CpG_context_sampling_1245_119_trimmed_bismark_bt2.CpG",393,281,112,393
"4120","07_report/CpG_context_sampling_1245_120_trimmed_bismark_bt2.CpG",437,309,128,437
"4121","07_report/CpG_context_sampling_1245_121_trimmed_bismark_bt2.CpG",427,316,111,427
"4122","07_report/CpG_context_sampling_1245_122_trimmed_bismark_bt2.CpG",432,319,113,432
"4123","07_report/CpG_context_sampling_1245_123_trimmed_bismark_bt2.CpG",424,302,122,424
"4124","07_report/CpG_context_sampling_1245_124_trimmed_bismark_bt2.CpG",454,325,129,454
"4125","07_report/CpG_context_sampling_1245_125_trimmed_bismark_bt2.CpG",458,328,130,458
"4126","07_report/CpG_context_sampling_1245_126_trimmed_bismark_bt2.CpG",432,316,116,432
"4127","07_report/CpG_context_sampling_1245_127_trimmed_bismark_bt2.CpG",431,296,135,431
"4128","07_report/CpG_context_sampling_1245_128_trimmed_bismark_bt2.CpG",451,324,127,451
"4129","07_report/CpG_context_sampling_1245_129_trimmed_bismark_bt2.CpG",445,323,122,445
"4130","07_report/CpG_context_sampling_1245_130_trimmed_bismark_bt2.CpG",405,270,135,405
"4131","07_report/CpG_context_sampling_1245_131_trimmed_bismark_bt2.CpG",436,280,156,436
"4132","07_report/CpG_context_sampling_1245_132_trimmed_bismark_bt2.CpG",440,321,119,440
"4133","07_report/CpG_context_sampling_1245_133_trimmed_bismark_bt2.CpG",423,298,125,423
"4134","07_report/CpG_context_sampling_1245_134_trimmed_bismark_bt2.CpG",444,327,117,444
"4135","07_report/CpG_context_sampling_1245_135_trimmed_bismark_bt2.CpG",416,290,126,416
"4136","07_report/CpG_context_sampling_1245_136_trimmed_bismark_bt2.CpG",452,334,118,452
"4137","07_report/CpG_context_sampling_1245_137_trimmed_bismark_bt2.CpG",441,304,137,441
"4138","07_report/CpG_context_sampling_1245_138_trimmed_bismark_bt2.CpG",408,307,101,408
"4139","07_report/CpG_context_sampling_1245_139_trimmed_bismark_bt2.CpG",439,322,117,439
"4140","07_report/CpG_context_sampling_1245_140_trimmed_bismark_bt2.CpG",406,285,121,406
"4141","07_report/CpG_context_sampling_1245_141_trimmed_bismark_bt2.CpG",421,303,118,421
"4142","07_report/CpG_context_sampling_1245_142_trimmed_bismark_bt2.CpG",440,314,126,440
"4143","07_report/CpG_context_sampling_1245_143_trimmed_bismark_bt2.CpG",438,298,140,438
"4144","07_report/CpG_context_sampling_1245_144_trimmed_bismark_bt2.CpG",441,318,123,441
"4145","07_report/CpG_context_sampling_1245_145_trimmed_bismark_bt2.CpG",453,308,145,453
"4146","07_report/CpG_context_sampling_1245_146_trimmed_bismark_bt2.CpG",436,305,131,436
"4147","07_report/CpG_context_sampling_1245_147_trimmed_bismark_bt2.CpG",426,318,108,426
"4148","07_report/CpG_context_sampling_1245_148_trimmed_bismark_bt2.CpG",455,330,125,455
"4149","07_report/CpG_context_sampling_1245_149_trimmed_bismark_bt2.CpG",431,293,138,431
"4150","07_report/CpG_context_sampling_1245_150_trimmed_bismark_bt2.CpG",423,309,114,423
"4151","07_report/CpG_context_sampling_1245_151_trimmed_bismark_bt2.CpG",418,308,110,418
"4152","07_report/CpG_context_sampling_1245_152_trimmed_bismark_bt2.CpG",425,312,113,425
"4153","07_report/CpG_context_sampling_1245_153_trimmed_bismark_bt2.CpG",414,292,122,414
"4154","07_report/CpG_context_sampling_1245_154_trimmed_bismark_bt2.CpG",439,325,114,439
"4155","07_report/CpG_context_sampling_1245_155_trimmed_bismark_bt2.CpG",409,301,108,409
"4156","07_report/CpG_context_sampling_1245_156_trimmed_bismark_bt2.CpG",434,305,129,434
"4157","07_report/CpG_context_sampling_1245_157_trimmed_bismark_bt2.CpG",447,322,125,447
"4158","07_report/CpG_context_sampling_1245_158_trimmed_bismark_bt2.CpG",442,300,142,442
"4159","07_report/CpG_context_sampling_1245_159_trimmed_bismark_bt2.CpG",414,292,122,414
"4160","07_report/CpG_context_sampling_1245_160_trimmed_bismark_bt2.CpG",414,296,118,414
"4161","07_report/CpG_context_sampling_1245_161_trimmed_bismark_bt2.CpG",428,294,134,428
"4162","07_report/CpG_context_sampling_1245_162_trimmed_bismark_bt2.CpG",443,331,112,443
"4163","07_report/CpG_context_sampling_1245_163_trimmed_bismark_bt2.CpG",469,334,135,469
"4164","07_report/CpG_context_sampling_1245_164_trimmed_bismark_bt2.CpG",427,314,113,427
"4165","07_report/CpG_context_sampling_1245_165_trimmed_bismark_bt2.CpG",395,291,104,395
"4166","07_report/CpG_context_sampling_1245_166_trimmed_bismark_bt2.CpG",424,306,118,424
"4167","07_report/CpG_context_sampling_1245_167_trimmed_bismark_bt2.CpG",439,311,128,439
"4168","07_report/CpG_context_sampling_1245_168_trimmed_bismark_bt2.CpG",453,334,119,453
"4169","07_report/CpG_context_sampling_1245_169_trimmed_bismark_bt2.CpG",405,280,125,405
"4170","07_report/CpG_context_sampling_1245_170_trimmed_bismark_bt2.CpG",420,302,118,420
"4171","07_report/CpG_context_sampling_1245_171_trimmed_bismark_bt2.CpG",441,316,125,441
"4172","07_report/CpG_context_sampling_1245_172_trimmed_bismark_bt2.CpG",449,304,145,449
"4173","07_report/CpG_context_sampling_1245_173_trimmed_bismark_bt2.CpG",439,318,121,439
"4174","07_report/CpG_context_sampling_1245_174_trimmed_bismark_bt2.CpG",435,314,121,435
"4175","07_report/CpG_context_sampling_1245_175_trimmed_bismark_bt2.CpG",393,267,126,393
"4176","07_report/CpG_context_sampling_1245_176_trimmed_bismark_bt2.CpG",473,331,142,473
"4177","07_report/CpG_context_sampling_1245_177_trimmed_bismark_bt2.CpG",442,321,121,442
"4178","07_report/CpG_context_sampling_1245_178_trimmed_bismark_bt2.CpG",423,302,121,423
"4179","07_report/CpG_context_sampling_1245_179_trimmed_bismark_bt2.CpG",411,295,116,411
"4180","07_report/CpG_context_sampling_1245_180_trimmed_bismark_bt2.CpG",424,288,136,424
"4181","07_report/CpG_context_sampling_1245_181_trimmed_bismark_bt2.CpG",450,345,105,450
"4182","07_report/CpG_context_sampling_1245_182_trimmed_bismark_bt2.CpG",461,311,150,461
"4183","07_report/CpG_context_sampling_1245_183_trimmed_bismark_bt2.CpG",443,311,132,443
"4184","07_report/CpG_context_sampling_1245_184_trimmed_bismark_bt2.CpG",412,303,109,412
"4185","07_report/CpG_context_sampling_1245_185_trimmed_bismark_bt2.CpG",451,312,139,451
"4186","07_report/CpG_context_sampling_1245_186_trimmed_bismark_bt2.CpG",448,331,117,448
"4187","07_report/CpG_context_sampling_1245_187_trimmed_bismark_bt2.CpG",437,314,123,437
"4188","07_report/CpG_context_sampling_1245_188_trimmed_bismark_bt2.CpG",442,305,137,442
"4189","07_report/CpG_context_sampling_1245_189_trimmed_bismark_bt2.CpG",461,342,119,461
"4190","07_report/CpG_context_sampling_1245_190_trimmed_bismark_bt2.CpG",390,280,110,390
"4191","07_report/CpG_context_sampling_1245_191_trimmed_bismark_bt2.CpG",421,295,126,421
"4192","07_report/CpG_context_sampling_1245_192_trimmed_bismark_bt2.CpG",401,281,120,401
"4193","07_report/CpG_context_sampling_1245_193_trimmed_bismark_bt2.CpG",459,345,114,459
"4194","07_report/CpG_context_sampling_1245_194_trimmed_bismark_bt2.CpG",439,315,124,439
"4195","07_report/CpG_context_sampling_1245_195_trimmed_bismark_bt2.CpG",449,319,130,449
"4196","07_report/CpG_context_sampling_1245_196_trimmed_bismark_bt2.CpG",424,328,96,424
"4197","07_report/CpG_context_sampling_1245_197_trimmed_bismark_bt2.CpG",437,313,124,437
"4198","07_report/CpG_context_sampling_1245_198_trimmed_bismark_bt2.CpG",406,283,123,406
"4199","07_report/CpG_context_sampling_1245_199_trimmed_bismark_bt2.CpG",427,306,121,427
"4200","07_report/CpG_context_sampling_1245_200_trimmed_bismark_bt2.CpG",440,332,108,440
"4201","07_report/CpG_context_sampling_1245_201_trimmed_bismark_bt2.CpG",412,286,126,412
"4202","07_report/CpG_context_sampling_1245_202_trimmed_bismark_bt2.CpG",398,279,119,398
"4203","07_report/CpG_context_sampling_1245_203_trimmed_bismark_bt2.CpG",432,303,129,432
"4204","07_report/CpG_context_sampling_1245_204_trimmed_bismark_bt2.CpG",428,316,112,428
"4205","07_report/CpG_context_sampling_1245_205_trimmed_bismark_bt2.CpG",426,287,139,426
"4206","07_report/CpG_context_sampling_1245_206_trimmed_bismark_bt2.CpG",443,323,120,443
"4207","07_report/CpG_context_sampling_1245_207_trimmed_bismark_bt2.CpG",419,295,124,419
"4208","07_report/CpG_context_sampling_1245_208_trimmed_bismark_bt2.CpG",421,300,121,421
"4209","07_report/CpG_context_sampling_1245_209_trimmed_bismark_bt2.CpG",424,304,120,424
"4210","07_report/CpG_context_sampling_1245_210_trimmed_bismark_bt2.CpG",435,301,134,435
"4211","07_report/CpG_context_sampling_1245_211_trimmed_bismark_bt2.CpG",420,314,106,420
"4212","07_report/CpG_context_sampling_1245_212_trimmed_bismark_bt2.CpG",446,302,144,446
"4213","07_report/CpG_context_sampling_1245_213_trimmed_bismark_bt2.CpG",447,309,138,447
"4214","07_report/CpG_context_sampling_1245_214_trimmed_bismark_bt2.CpG",449,321,128,449
"4215","07_report/CpG_context_sampling_1245_215_trimmed_bismark_bt2.CpG",418,317,101,418
"4216","07_report/CpG_context_sampling_1245_216_trimmed_bismark_bt2.CpG",418,299,119,418
"4217","07_report/CpG_context_sampling_1245_217_trimmed_bismark_bt2.CpG",421,297,124,421
"4218","07_report/CpG_context_sampling_1245_218_trimmed_bismark_bt2.CpG",428,316,112,428
"4219","07_report/CpG_context_sampling_1245_219_trimmed_bismark_bt2.CpG",448,313,135,448
"4220","07_report/CpG_context_sampling_1245_220_trimmed_bismark_bt2.CpG",414,296,118,414
"4221","07_report/CpG_context_sampling_1245_221_trimmed_bismark_bt2.CpG",433,320,113,433
"4222","07_report/CpG_context_sampling_1245_222_trimmed_bismark_bt2.CpG",430,307,123,430
"4223","07_report/CpG_context_sampling_1245_223_trimmed_bismark_bt2.CpG",410,290,120,410
"4224","07_report/CpG_context_sampling_1245_224_trimmed_bismark_bt2.CpG",423,317,106,423
"4225","07_report/CpG_context_sampling_1245_225_trimmed_bismark_bt2.CpG",435,305,130,435
"4226","07_report/CpG_context_sampling_1245_226_trimmed_bismark_bt2.CpG",453,304,149,453
"4227","07_report/CpG_context_sampling_1245_227_trimmed_bismark_bt2.CpG",438,325,113,438
"4228","07_report/CpG_context_sampling_1245_228_trimmed_bismark_bt2.CpG",445,322,123,445
"4229","07_report/CpG_context_sampling_1245_229_trimmed_bismark_bt2.CpG",435,313,122,435
"4230","07_report/CpG_context_sampling_1245_230_trimmed_bismark_bt2.CpG",419,293,126,419
"4231","07_report/CpG_context_sampling_1245_231_trimmed_bismark_bt2.CpG",453,333,120,453
"4232","07_report/CpG_context_sampling_1245_232_trimmed_bismark_bt2.CpG",410,297,113,410
"4233","07_report/CpG_context_sampling_1245_233_trimmed_bismark_bt2.CpG",430,302,128,430
"4234","07_report/CpG_context_sampling_1245_234_trimmed_bismark_bt2.CpG",414,295,119,414
"4235","07_report/CpG_context_sampling_1245_235_trimmed_bismark_bt2.CpG",445,316,129,445
"4236","07_report/CpG_context_sampling_1245_236_trimmed_bismark_bt2.CpG",432,299,133,432
"4237","07_report/CpG_context_sampling_1245_237_trimmed_bismark_bt2.CpG",418,301,117,418
"4238","07_report/CpG_context_sampling_1245_238_trimmed_bismark_bt2.CpG",445,323,122,445
"4239","07_report/CpG_context_sampling_1245_239_trimmed_bismark_bt2.CpG",410,301,109,410
"4240","07_report/CpG_context_sampling_1245_240_trimmed_bismark_bt2.CpG",428,303,125,428
"4241","07_report/CpG_context_sampling_1245_241_trimmed_bismark_bt2.CpG",451,320,131,451
"4242","07_report/CpG_context_sampling_1245_242_trimmed_bismark_bt2.CpG",422,296,126,422
"4243","07_report/CpG_context_sampling_1245_243_trimmed_bismark_bt2.CpG",416,301,115,416
"4244","07_report/CpG_context_sampling_1245_244_trimmed_bismark_bt2.CpG",417,293,124,417
"4245","07_report/CpG_context_sampling_1245_245_trimmed_bismark_bt2.CpG",450,339,111,450
"4246","07_report/CpG_context_sampling_1245_246_trimmed_bismark_bt2.CpG",427,313,114,427
"4247","07_report/CpG_context_sampling_1245_247_trimmed_bismark_bt2.CpG",410,280,130,410
"4248","07_report/CpG_context_sampling_1245_248_trimmed_bismark_bt2.CpG",403,298,105,403
"4249","07_report/CpG_context_sampling_1245_249_trimmed_bismark_bt2.CpG",450,317,133,450
"4250","07_report/CpG_context_sampling_1245_250_trimmed_bismark_bt2.CpG",427,305,122,427
"4251","07_report/CpG_context_sampling_1245_251_trimmed_bismark_bt2.CpG",435,317,118,435
"4252","07_report/CpG_context_sampling_1245_252_trimmed_bismark_bt2.CpG",429,317,112,429
"4253","07_report/CpG_context_sampling_1245_253_trimmed_bismark_bt2.CpG",429,322,107,429
"4254","07_report/CpG_context_sampling_1245_254_trimmed_bismark_bt2.CpG",412,302,110,412
"4255","07_report/CpG_context_sampling_1245_255_trimmed_bismark_bt2.CpG",463,329,134,463
"4256","07_report/CpG_context_sampling_1245_256_trimmed_bismark_bt2.CpG",462,325,137,462
"4257","07_report/CpG_context_sampling_1245_257_trimmed_bismark_bt2.CpG",411,309,102,411
"4258","07_report/CpG_context_sampling_1245_258_trimmed_bismark_bt2.CpG",452,316,136,452
"4259","07_report/CpG_context_sampling_1245_259_trimmed_bismark_bt2.CpG",397,295,102,397
"4260","07_report/CpG_context_sampling_1245_260_trimmed_bismark_bt2.CpG",437,307,130,437
"4261","07_report/CpG_context_sampling_1245_261_trimmed_bismark_bt2.CpG",418,295,123,418
"4262","07_report/CpG_context_sampling_1245_262_trimmed_bismark_bt2.CpG",428,302,126,428
"4263","07_report/CpG_context_sampling_1245_263_trimmed_bismark_bt2.CpG",409,299,110,409
"4264","07_report/CpG_context_sampling_1245_264_trimmed_bismark_bt2.CpG",446,303,143,446
"4265","07_report/CpG_context_sampling_1245_265_trimmed_bismark_bt2.CpG",448,308,140,448
"4266","07_report/CpG_context_sampling_1245_266_trimmed_bismark_bt2.CpG",410,306,104,410
"4267","07_report/CpG_context_sampling_1245_267_trimmed_bismark_bt2.CpG",436,323,113,436
"4268","07_report/CpG_context_sampling_1245_268_trimmed_bismark_bt2.CpG",455,331,124,455
"4269","07_report/CpG_context_sampling_1245_269_trimmed_bismark_bt2.CpG",436,302,134,436
"4270","07_report/CpG_context_sampling_1245_270_trimmed_bismark_bt2.CpG",440,318,122,440
"4271","07_report/CpG_context_sampling_1245_271_trimmed_bismark_bt2.CpG",448,330,118,448
"4272","07_report/CpG_context_sampling_1245_272_trimmed_bismark_bt2.CpG",442,311,131,442
"4273","07_report/CpG_context_sampling_1245_273_trimmed_bismark_bt2.CpG",431,305,126,431
"4274","07_report/CpG_context_sampling_1245_274_trimmed_bismark_bt2.CpG",406,281,125,406
"4275","07_report/CpG_context_sampling_1245_275_trimmed_bismark_bt2.CpG",436,312,124,436
"4276","07_report/CpG_context_sampling_1245_276_trimmed_bismark_bt2.CpG",420,289,131,420
"4277","07_report/CpG_context_sampling_1245_277_trimmed_bismark_bt2.CpG",418,311,107,418
"4278","07_report/CpG_context_sampling_1245_278_trimmed_bismark_bt2.CpG",411,301,110,411
"4279","07_report/CpG_context_sampling_1245_279_trimmed_bismark_bt2.CpG",416,291,125,416
"4280","07_report/CpG_context_sampling_1245_280_trimmed_bismark_bt2.CpG",414,289,125,414
"4281","07_report/CpG_context_sampling_1245_281_trimmed_bismark_bt2.CpG",469,341,128,469
"4282","07_report/CpG_context_sampling_1245_282_trimmed_bismark_bt2.CpG",424,280,144,424
"4283","07_report/CpG_context_sampling_1245_283_trimmed_bismark_bt2.CpG",441,319,122,441
"4284","07_report/CpG_context_sampling_1245_284_trimmed_bismark_bt2.CpG",426,301,125,426
"4285","07_report/CpG_context_sampling_1245_285_trimmed_bismark_bt2.CpG",424,305,119,424
"4286","07_report/CpG_context_sampling_1245_286_trimmed_bismark_bt2.CpG",407,299,108,407
"4287","07_report/CpG_context_sampling_1245_287_trimmed_bismark_bt2.CpG",423,300,123,423
"4288","07_report/CpG_context_sampling_1245_288_trimmed_bismark_bt2.CpG",437,312,125,437
"4289","07_report/CpG_context_sampling_1245_289_trimmed_bismark_bt2.CpG",472,342,130,472
"4290","07_report/CpG_context_sampling_1245_290_trimmed_bismark_bt2.CpG",447,302,145,447
"4291","07_report/CpG_context_sampling_1245_291_trimmed_bismark_bt2.CpG",396,282,114,396
"4292","07_report/CpG_context_sampling_1245_292_trimmed_bismark_bt2.CpG",419,323,96,419
"4293","07_report/CpG_context_sampling_1245_293_trimmed_bismark_bt2.CpG",421,314,107,421
"4294","07_report/CpG_context_sampling_1245_294_trimmed_bismark_bt2.CpG",442,316,126,442
"4295","07_report/CpG_context_sampling_1245_295_trimmed_bismark_bt2.CpG",406,287,119,406
"4296","07_report/CpG_context_sampling_1245_296_trimmed_bismark_bt2.CpG",428,294,134,428
"4297","07_report/CpG_context_sampling_1245_297_trimmed_bismark_bt2.CpG",417,309,108,417
"4298","07_report/CpG_context_sampling_1245_298_trimmed_bismark_bt2.CpG",412,295,117,412
"4299","07_report/CpG_context_sampling_1245_299_trimmed_bismark_bt2.CpG",436,289,147,436
"4300","07_report/CpG_context_sampling_1245_300_trimmed_bismark_bt2.CpG",408,287,121,408
"4301","07_report/CpG_context_sampling_1245_301_trimmed_bismark_bt2.CpG",417,301,116,417
"4302","07_report/CpG_context_sampling_1245_302_trimmed_bismark_bt2.CpG",396,285,111,396
"4303","07_report/CpG_context_sampling_1245_303_trimmed_bismark_bt2.CpG",423,296,127,423
"4304","07_report/CpG_context_sampling_1245_304_trimmed_bismark_bt2.CpG",420,311,109,420
"4305","07_report/CpG_context_sampling_1245_305_trimmed_bismark_bt2.CpG",416,284,132,416
"4306","07_report/CpG_context_sampling_1245_306_trimmed_bismark_bt2.CpG",445,314,131,445
"4307","07_report/CpG_context_sampling_1245_307_trimmed_bismark_bt2.CpG",411,290,121,411
"4308","07_report/CpG_context_sampling_1245_308_trimmed_bismark_bt2.CpG",452,318,134,452
"4309","07_report/CpG_context_sampling_1245_309_trimmed_bismark_bt2.CpG",463,325,138,463
"4310","07_report/CpG_context_sampling_1245_310_trimmed_bismark_bt2.CpG",426,297,129,426
"4311","07_report/CpG_context_sampling_1245_311_trimmed_bismark_bt2.CpG",448,310,138,448
"4312","07_report/CpG_context_sampling_1245_312_trimmed_bismark_bt2.CpG",436,311,125,436
"4313","07_report/CpG_context_sampling_1245_313_trimmed_bismark_bt2.CpG",412,291,121,412
"4314","07_report/CpG_context_sampling_1245_314_trimmed_bismark_bt2.CpG",446,325,121,446
"4315","07_report/CpG_context_sampling_1245_315_trimmed_bismark_bt2.CpG",413,289,124,413
"4316","07_report/CpG_context_sampling_1245_316_trimmed_bismark_bt2.CpG",436,305,131,436
"4317","07_report/CpG_context_sampling_1245_317_trimmed_bismark_bt2.CpG",420,318,102,420
"4318","07_report/CpG_context_sampling_1245_318_trimmed_bismark_bt2.CpG",438,290,148,438
"4319","07_report/CpG_context_sampling_1245_319_trimmed_bismark_bt2.CpG",455,312,143,455
"4320","07_report/CpG_context_sampling_1245_320_trimmed_bismark_bt2.CpG",437,308,129,437
"4321","07_report/CpG_context_sampling_1245_321_trimmed_bismark_bt2.CpG",396,273,123,396
"4322","07_report/CpG_context_sampling_1245_322_trimmed_bismark_bt2.CpG",438,302,136,438
"4323","07_report/CpG_context_sampling_1245_323_trimmed_bismark_bt2.CpG",442,321,121,442
"4324","07_report/CpG_context_sampling_1245_324_trimmed_bismark_bt2.CpG",420,289,131,420
"4325","07_report/CpG_context_sampling_1245_325_trimmed_bismark_bt2.CpG",456,325,131,456
"4326","07_report/CpG_context_sampling_1245_326_trimmed_bismark_bt2.CpG",397,299,98,397
"4327","07_report/CpG_context_sampling_1245_327_trimmed_bismark_bt2.CpG",432,306,126,432
"4328","07_report/CpG_context_sampling_1245_328_trimmed_bismark_bt2.CpG",444,312,132,444
"4329","07_report/CpG_context_sampling_1245_329_trimmed_bismark_bt2.CpG",449,327,122,449
"4330","07_report/CpG_context_sampling_1245_330_trimmed_bismark_bt2.CpG",410,296,114,410
"4331","07_report/CpG_context_sampling_1245_331_trimmed_bismark_bt2.CpG",420,296,124,420
"4332","07_report/CpG_context_sampling_1245_332_trimmed_bismark_bt2.CpG",454,323,131,454
"4333","07_report/CpG_context_sampling_1245_333_trimmed_bismark_bt2.CpG",420,295,125,420
"4334","07_report/CpG_context_sampling_1245_334_trimmed_bismark_bt2.CpG",441,323,118,441
"4335","07_report/CpG_context_sampling_1245_335_trimmed_bismark_bt2.CpG",420,303,117,420
"4336","07_report/CpG_context_sampling_1245_336_trimmed_bismark_bt2.CpG",424,318,106,424
"4337","07_report/CpG_context_sampling_1245_337_trimmed_bismark_bt2.CpG",386,283,103,386
"4338","07_report/CpG_context_sampling_1245_338_trimmed_bismark_bt2.CpG",449,337,112,449
"4339","07_report/CpG_context_sampling_1245_339_trimmed_bismark_bt2.CpG",442,317,125,442
"4340","07_report/CpG_context_sampling_1245_340_trimmed_bismark_bt2.CpG",458,314,144,458
"4341","07_report/CpG_context_sampling_1245_341_trimmed_bismark_bt2.CpG",424,298,126,424
"4342","07_report/CpG_context_sampling_1245_342_trimmed_bismark_bt2.CpG",428,304,124,428
"4343","07_report/CpG_context_sampling_1245_343_trimmed_bismark_bt2.CpG",460,338,122,460
"4344","07_report/CpG_context_sampling_1245_344_trimmed_bismark_bt2.CpG",420,292,128,420
"4345","07_report/CpG_context_sampling_1245_345_trimmed_bismark_bt2.CpG",438,324,114,438
"4346","07_report/CpG_context_sampling_1245_346_trimmed_bismark_bt2.CpG",431,318,113,431
"4347","07_report/CpG_context_sampling_1245_347_trimmed_bismark_bt2.CpG",446,317,129,446
"4348","07_report/CpG_context_sampling_1245_348_trimmed_bismark_bt2.CpG",416,285,131,416
"4349","07_report/CpG_context_sampling_1245_349_trimmed_bismark_bt2.CpG",460,326,134,460
"4350","07_report/CpG_context_sampling_1245_350_trimmed_bismark_bt2.CpG",427,300,127,427
"4351","07_report/CpG_context_sampling_1245_351_trimmed_bismark_bt2.CpG",405,293,112,405
"4352","07_report/CpG_context_sampling_1245_352_trimmed_bismark_bt2.CpG",396,286,110,396
"4353","07_report/CpG_context_sampling_1245_353_trimmed_bismark_bt2.CpG",448,318,130,448
"4354","07_report/CpG_context_sampling_1245_354_trimmed_bismark_bt2.CpG",430,308,122,430
"4355","07_report/CpG_context_sampling_1245_355_trimmed_bismark_bt2.CpG",442,330,112,442
"4356","07_report/CpG_context_sampling_1245_356_trimmed_bismark_bt2.CpG",442,302,140,442
"4357","07_report/CpG_context_sampling_1245_357_trimmed_bismark_bt2.CpG",412,288,124,412
"4358","07_report/CpG_context_sampling_1245_358_trimmed_bismark_bt2.CpG",419,297,122,419
"4359","07_report/CpG_context_sampling_1245_359_trimmed_bismark_bt2.CpG",441,324,117,441
"4360","07_report/CpG_context_sampling_1245_360_trimmed_bismark_bt2.CpG",432,328,104,432
"4361","07_report/CpG_context_sampling_1245_361_trimmed_bismark_bt2.CpG",445,315,130,445
"4362","07_report/CpG_context_sampling_1245_362_trimmed_bismark_bt2.CpG",404,293,111,404
"4363","07_report/CpG_context_sampling_1245_363_trimmed_bismark_bt2.CpG",429,312,117,429
"4364","07_report/CpG_context_sampling_1245_364_trimmed_bismark_bt2.CpG",430,326,104,430
"4365","07_report/CpG_context_sampling_1245_365_trimmed_bismark_bt2.CpG",385,274,111,385
"4366","07_report/CpG_context_sampling_1245_366_trimmed_bismark_bt2.CpG",438,322,116,438
"4367","07_report/CpG_context_sampling_1245_367_trimmed_bismark_bt2.CpG",420,296,124,420
"4368","07_report/CpG_context_sampling_1245_368_trimmed_bismark_bt2.CpG",433,313,120,433
"4369","07_report/CpG_context_sampling_1245_369_trimmed_bismark_bt2.CpG",403,285,118,403
"4370","07_report/CpG_context_sampling_1245_370_trimmed_bismark_bt2.CpG",428,290,138,428
"4371","07_report/CpG_context_sampling_1245_371_trimmed_bismark_bt2.CpG",443,317,126,443
"4372","07_report/CpG_context_sampling_1245_372_trimmed_bismark_bt2.CpG",457,325,132,457
"4373","07_report/CpG_context_sampling_1245_373_trimmed_bismark_bt2.CpG",410,306,104,410
"4374","07_report/CpG_context_sampling_1245_374_trimmed_bismark_bt2.CpG",461,328,133,461
"4375","07_report/CpG_context_sampling_1245_375_trimmed_bismark_bt2.CpG",437,320,117,437
"4376","07_report/CpG_context_sampling_1245_376_trimmed_bismark_bt2.CpG",419,292,127,419
"4377","07_report/CpG_context_sampling_1245_377_trimmed_bismark_bt2.CpG",454,321,133,454
"4378","07_report/CpG_context_sampling_1245_378_trimmed_bismark_bt2.CpG",450,324,126,450
"4379","07_report/CpG_context_sampling_1245_379_trimmed_bismark_bt2.CpG",418,310,108,418
"4380","07_report/CpG_context_sampling_1245_380_trimmed_bismark_bt2.CpG",462,338,124,462
"4381","07_report/CpG_context_sampling_1245_381_trimmed_bismark_bt2.CpG",406,301,105,406
"4382","07_report/CpG_context_sampling_1245_382_trimmed_bismark_bt2.CpG",422,307,115,422
"4383","07_report/CpG_context_sampling_1245_383_trimmed_bismark_bt2.CpG",414,292,122,414
"4384","07_report/CpG_context_sampling_1245_384_trimmed_bismark_bt2.CpG",428,302,126,428
"4385","07_report/CpG_context_sampling_1245_385_trimmed_bismark_bt2.CpG",467,334,133,467
"4386","07_report/CpG_context_sampling_1245_386_trimmed_bismark_bt2.CpG",426,309,117,426
"4387","07_report/CpG_context_sampling_1245_387_trimmed_bismark_bt2.CpG",417,301,116,417
"4388","07_report/CpG_context_sampling_1245_388_trimmed_bismark_bt2.CpG",430,299,131,430
"4389","07_report/CpG_context_sampling_1245_389_trimmed_bismark_bt2.CpG",450,327,123,450
"4390","07_report/CpG_context_sampling_1245_390_trimmed_bismark_bt2.CpG",404,291,113,404
"4391","07_report/CpG_context_sampling_1245_391_trimmed_bismark_bt2.CpG",438,311,127,438
"4392","07_report/CpG_context_sampling_1245_392_trimmed_bismark_bt2.CpG",426,312,114,426
"4393","07_report/CpG_context_sampling_1245_393_trimmed_bismark_bt2.CpG",429,314,115,429
"4394","07_report/CpG_context_sampling_1245_394_trimmed_bismark_bt2.CpG",438,313,125,438
"4395","07_report/CpG_context_sampling_1245_395_trimmed_bismark_bt2.CpG",416,284,132,416
"4396","07_report/CpG_context_sampling_1245_396_trimmed_bismark_bt2.CpG",458,331,127,458
"4397","07_report/CpG_context_sampling_1245_397_trimmed_bismark_bt2.CpG",435,307,128,435
"4398","07_report/CpG_context_sampling_1245_398_trimmed_bismark_bt2.CpG",444,319,125,444
"4399","07_report/CpG_context_sampling_1245_399_trimmed_bismark_bt2.CpG",451,326,125,451
"4400","07_report/CpG_context_sampling_1245_400_trimmed_bismark_bt2.CpG",437,307,130,437
"4401","07_report/CpG_context_sampling_1245_401_trimmed_bismark_bt2.CpG",420,309,111,420
"4402","07_report/CpG_context_sampling_1245_402_trimmed_bismark_bt2.CpG",435,324,111,435
"4403","07_report/CpG_context_sampling_1245_403_trimmed_bismark_bt2.CpG",416,310,106,416
"4404","07_report/CpG_context_sampling_1245_404_trimmed_bismark_bt2.CpG",431,310,121,431
"4405","07_report/CpG_context_sampling_1245_405_trimmed_bismark_bt2.CpG",395,266,129,395
"4406","07_report/CpG_context_sampling_1245_406_trimmed_bismark_bt2.CpG",422,313,109,422
"4407","07_report/CpG_context_sampling_1245_407_trimmed_bismark_bt2.CpG",424,309,115,424
"4408","07_report/CpG_context_sampling_1245_408_trimmed_bismark_bt2.CpG",422,299,123,422
"4409","07_report/CpG_context_sampling_1245_409_trimmed_bismark_bt2.CpG",461,342,119,461
"4410","07_report/CpG_context_sampling_1245_410_trimmed_bismark_bt2.CpG",409,308,101,409
"4411","07_report/CpG_context_sampling_1245_411_trimmed_bismark_bt2.CpG",438,330,108,438
"4412","07_report/CpG_context_sampling_1245_412_trimmed_bismark_bt2.CpG",453,334,119,453
"4413","07_report/CpG_context_sampling_1245_413_trimmed_bismark_bt2.CpG",419,292,127,419
"4414","07_report/CpG_context_sampling_1245_414_trimmed_bismark_bt2.CpG",427,310,117,427
"4415","07_report/CpG_context_sampling_1245_415_trimmed_bismark_bt2.CpG",447,321,126,447
"4416","07_report/CpG_context_sampling_1245_416_trimmed_bismark_bt2.CpG",419,292,127,419
"4417","07_report/CpG_context_sampling_1245_417_trimmed_bismark_bt2.CpG",430,306,124,430
"4418","07_report/CpG_context_sampling_1245_418_trimmed_bismark_bt2.CpG",463,326,137,463
"4419","07_report/CpG_context_sampling_1245_419_trimmed_bismark_bt2.CpG",408,291,117,408
"4420","07_report/CpG_context_sampling_1245_420_trimmed_bismark_bt2.CpG",416,289,127,416
"4421","07_report/CpG_context_sampling_1245_421_trimmed_bismark_bt2.CpG",423,301,122,423
"4422","07_report/CpG_context_sampling_1245_422_trimmed_bismark_bt2.CpG",412,287,125,412
"4423","07_report/CpG_context_sampling_1245_423_trimmed_bismark_bt2.CpG",415,303,112,415
"4424","07_report/CpG_context_sampling_1245_424_trimmed_bismark_bt2.CpG",441,302,139,441
"4425","07_report/CpG_context_sampling_1245_425_trimmed_bismark_bt2.CpG",438,297,141,438
"4426","07_report/CpG_context_sampling_1245_426_trimmed_bismark_bt2.CpG",434,314,120,434
"4427","07_report/CpG_context_sampling_1245_427_trimmed_bismark_bt2.CpG",426,313,113,426
"4428","07_report/CpG_context_sampling_1245_428_trimmed_bismark_bt2.CpG",414,295,119,414
"4429","07_report/CpG_context_sampling_1245_429_trimmed_bismark_bt2.CpG",422,293,129,422
"4430","07_report/CpG_context_sampling_1245_430_trimmed_bismark_bt2.CpG",414,306,108,414
"4431","07_report/CpG_context_sampling_1245_431_trimmed_bismark_bt2.CpG",397,271,126,397
"4432","07_report/CpG_context_sampling_1245_432_trimmed_bismark_bt2.CpG",426,296,130,426
"4433","07_report/CpG_context_sampling_1245_433_trimmed_bismark_bt2.CpG",446,330,116,446
"4434","07_report/CpG_context_sampling_1245_434_trimmed_bismark_bt2.CpG",449,316,133,449
"4435","07_report/CpG_context_sampling_1245_435_trimmed_bismark_bt2.CpG",443,313,130,443
"4436","07_report/CpG_context_sampling_1245_436_trimmed_bismark_bt2.CpG",417,308,109,417
"4437","07_report/CpG_context_sampling_1245_437_trimmed_bismark_bt2.CpG",450,320,130,450
"4438","07_report/CpG_context_sampling_1245_438_trimmed_bismark_bt2.CpG",441,303,138,441
"4439","07_report/CpG_context_sampling_1245_439_trimmed_bismark_bt2.CpG",440,308,132,440
"4440","07_report/CpG_context_sampling_1245_440_trimmed_bismark_bt2.CpG",407,295,112,407
"4441","07_report/CpG_context_sampling_1245_441_trimmed_bismark_bt2.CpG",425,301,124,425
"4442","07_report/CpG_context_sampling_1245_442_trimmed_bismark_bt2.CpG",425,299,126,425
"4443","07_report/CpG_context_sampling_1245_443_trimmed_bismark_bt2.CpG",401,286,115,401
"4444","07_report/CpG_context_sampling_1245_444_trimmed_bismark_bt2.CpG",443,317,126,443
"4445","07_report/CpG_context_sampling_1245_445_trimmed_bismark_bt2.CpG",426,302,124,426
"4446","07_report/CpG_context_sampling_1245_446_trimmed_bismark_bt2.CpG",419,310,109,419
"4447","07_report/CpG_context_sampling_1245_447_trimmed_bismark_bt2.CpG",432,321,111,432
"4448","07_report/CpG_context_sampling_1245_448_trimmed_bismark_bt2.CpG",435,319,116,435
"4449","07_report/CpG_context_sampling_1245_449_trimmed_bismark_bt2.CpG",415,301,114,415
"4450","07_report/CpG_context_sampling_1245_450_trimmed_bismark_bt2.CpG",414,297,117,414
"4451","07_report/CpG_context_sampling_1245_451_trimmed_bismark_bt2.CpG",409,302,107,409
"4452","07_report/CpG_context_sampling_1245_452_trimmed_bismark_bt2.CpG",413,294,119,413
"4453","07_report/CpG_context_sampling_1245_453_trimmed_bismark_bt2.CpG",459,341,118,459
"4454","07_report/CpG_context_sampling_1245_454_trimmed_bismark_bt2.CpG",433,294,139,433
"4455","07_report/CpG_context_sampling_1245_455_trimmed_bismark_bt2.CpG",438,314,124,438
"4456","07_report/CpG_context_sampling_1245_456_trimmed_bismark_bt2.CpG",450,311,139,450
"4457","07_report/CpG_context_sampling_1245_457_trimmed_bismark_bt2.CpG",415,292,123,415
"4458","07_report/CpG_context_sampling_1245_458_trimmed_bismark_bt2.CpG",455,335,120,455
"4459","07_report/CpG_context_sampling_1245_459_trimmed_bismark_bt2.CpG",436,322,114,436
"4460","07_report/CpG_context_sampling_1245_460_trimmed_bismark_bt2.CpG",424,299,125,424
"4461","07_report/CpG_context_sampling_1245_461_trimmed_bismark_bt2.CpG",448,324,124,448
"4462","07_report/CpG_context_sampling_1245_462_trimmed_bismark_bt2.CpG",455,331,124,455
"4463","07_report/CpG_context_sampling_1245_463_trimmed_bismark_bt2.CpG",454,337,117,454
"4464","07_report/CpG_context_sampling_1245_464_trimmed_bismark_bt2.CpG",456,307,149,456
"4465","07_report/CpG_context_sampling_1245_465_trimmed_bismark_bt2.CpG",416,304,112,416
"4466","07_report/CpG_context_sampling_1245_466_trimmed_bismark_bt2.CpG",443,317,126,443
"4467","07_report/CpG_context_sampling_1245_467_trimmed_bismark_bt2.CpG",434,309,125,434
"4468","07_report/CpG_context_sampling_1245_468_trimmed_bismark_bt2.CpG",412,287,125,412
"4469","07_report/CpG_context_sampling_1245_469_trimmed_bismark_bt2.CpG",406,289,117,406
"4470","07_report/CpG_context_sampling_1245_470_trimmed_bismark_bt2.CpG",443,315,128,443
"4471","07_report/CpG_context_sampling_1245_471_trimmed_bismark_bt2.CpG",409,291,118,409
"4472","07_report/CpG_context_sampling_1245_472_trimmed_bismark_bt2.CpG",445,319,126,445
"4473","07_report/CpG_context_sampling_1245_473_trimmed_bismark_bt2.CpG",427,317,110,427
"4474","07_report/CpG_context_sampling_1245_474_trimmed_bismark_bt2.CpG",447,322,125,447
"4475","07_report/CpG_context_sampling_1245_475_trimmed_bismark_bt2.CpG",423,302,121,423
"4476","07_report/CpG_context_sampling_1245_476_trimmed_bismark_bt2.CpG",420,302,118,420
"4477","07_report/CpG_context_sampling_1245_477_trimmed_bismark_bt2.CpG",449,322,127,449
"4478","07_report/CpG_context_sampling_1245_478_trimmed_bismark_bt2.CpG",419,305,114,419
"4479","07_report/CpG_context_sampling_1245_479_trimmed_bismark_bt2.CpG",428,292,136,428
"4480","07_report/CpG_context_sampling_1245_480_trimmed_bismark_bt2.CpG",423,306,117,423
"4481","07_report/CpG_context_sampling_1245_481_trimmed_bismark_bt2.CpG",462,351,111,462
"4482","07_report/CpG_context_sampling_1245_482_trimmed_bismark_bt2.CpG",415,288,127,415
"4483","07_report/CpG_context_sampling_1245_483_trimmed_bismark_bt2.CpG",419,305,114,419
"4484","07_report/CpG_context_sampling_1245_484_trimmed_bismark_bt2.CpG",425,300,125,425
"4485","07_report/CpG_context_sampling_1245_485_trimmed_bismark_bt2.CpG",419,314,105,419
"4486","07_report/CpG_context_sampling_1245_486_trimmed_bismark_bt2.CpG",441,328,113,441
"4487","07_report/CpG_context_sampling_1245_487_trimmed_bismark_bt2.CpG",398,287,111,398
"4488","07_report/CpG_context_sampling_1245_488_trimmed_bismark_bt2.CpG",453,311,142,453
"4489","07_report/CpG_context_sampling_1245_489_trimmed_bismark_bt2.CpG",421,304,117,421
"4490","07_report/CpG_context_sampling_1245_490_trimmed_bismark_bt2.CpG",427,312,115,427
"4491","07_report/CpG_context_sampling_1245_491_trimmed_bismark_bt2.CpG",446,322,124,446
"4492","07_report/CpG_context_sampling_1245_492_trimmed_bismark_bt2.CpG",416,294,122,416
"4493","07_report/CpG_context_sampling_1245_493_trimmed_bismark_bt2.CpG",431,307,124,431
"4494","07_report/CpG_context_sampling_1245_494_trimmed_bismark_bt2.CpG",446,317,129,446
"4495","07_report/CpG_context_sampling_1245_495_trimmed_bismark_bt2.CpG",441,319,122,441
"4496","07_report/CpG_context_sampling_1245_496_trimmed_bismark_bt2.CpG",406,285,121,406
"4497","07_report/CpG_context_sampling_1245_497_trimmed_bismark_bt2.CpG",429,307,122,429
"4498","07_report/CpG_context_sampling_1245_498_trimmed_bismark_bt2.CpG",446,343,103,446
"4499","07_report/CpG_context_sampling_1245_499_trimmed_bismark_bt2.CpG",433,317,116,433
"4500","07_report/CpG_context_sampling_1245_500_trimmed_bismark_bt2.CpG",470,328,142,470
"4501","07_report/CpG_context_sampling_1245_501_trimmed_bismark_bt2.CpG",431,316,115,431
"4502","07_report/CpG_context_sampling_1245_502_trimmed_bismark_bt2.CpG",430,288,142,430
"4503","07_report/CpG_context_sampling_1245_503_trimmed_bismark_bt2.CpG",423,309,114,423
"4504","07_report/CpG_context_sampling_1245_504_trimmed_bismark_bt2.CpG",453,334,119,453
"4505","07_report/CpG_context_sampling_1245_505_trimmed_bismark_bt2.CpG",415,297,118,415
"4506","07_report/CpG_context_sampling_1245_506_trimmed_bismark_bt2.CpG",430,304,126,430
"4507","07_report/CpG_context_sampling_1245_507_trimmed_bismark_bt2.CpG",421,309,112,421
"4508","07_report/CpG_context_sampling_1245_508_trimmed_bismark_bt2.CpG",461,314,147,461
"4509","07_report/CpG_context_sampling_1245_509_trimmed_bismark_bt2.CpG",423,298,125,423
"4510","07_report/CpG_context_sampling_1245_510_trimmed_bismark_bt2.CpG",410,296,114,410
"4511","07_report/CpG_context_sampling_1245_511_trimmed_bismark_bt2.CpG",411,311,100,411
"4512","07_report/CpG_context_sampling_1245_512_trimmed_bismark_bt2.CpG",432,299,133,432
"4513","07_report/CpG_context_sampling_1245_513_trimmed_bismark_bt2.CpG",429,314,115,429
"4514","07_report/CpG_context_sampling_1245_514_trimmed_bismark_bt2.CpG",452,311,141,452
"4515","07_report/CpG_context_sampling_1245_515_trimmed_bismark_bt2.CpG",444,324,120,444
"4516","07_report/CpG_context_sampling_1245_516_trimmed_bismark_bt2.CpG",453,310,143,453
"4517","07_report/CpG_context_sampling_1245_517_trimmed_bismark_bt2.CpG",441,317,124,441
"4518","07_report/CpG_context_sampling_1245_518_trimmed_bismark_bt2.CpG",454,342,112,454
"4519","07_report/CpG_context_sampling_1245_519_trimmed_bismark_bt2.CpG",445,316,129,445
"4520","07_report/CpG_context_sampling_1245_520_trimmed_bismark_bt2.CpG",427,289,138,427
"4521","07_report/CpG_context_sampling_1245_521_trimmed_bismark_bt2.CpG",428,316,112,428
"4522","07_report/CpG_context_sampling_1245_522_trimmed_bismark_bt2.CpG",437,310,127,437
"4523","07_report/CpG_context_sampling_1245_523_trimmed_bismark_bt2.CpG",438,318,120,438
"4524","07_report/CpG_context_sampling_1245_524_trimmed_bismark_bt2.CpG",396,275,121,396
"4525","07_report/CpG_context_sampling_1245_525_trimmed_bismark_bt2.CpG",421,321,100,421
"4526","07_report/CpG_context_sampling_1245_526_trimmed_bismark_bt2.CpG",428,301,127,428
"4527","07_report/CpG_context_sampling_1245_527_trimmed_bismark_bt2.CpG",456,319,137,456
"4528","07_report/CpG_context_sampling_1245_528_trimmed_bismark_bt2.CpG",419,297,122,419
"4529","07_report/CpG_context_sampling_1245_529_trimmed_bismark_bt2.CpG",462,332,130,462
"4530","07_report/CpG_context_sampling_1245_530_trimmed_bismark_bt2.CpG",443,308,135,443
"4531","07_report/CpG_context_sampling_1245_531_trimmed_bismark_bt2.CpG",435,312,123,435
"4532","07_report/CpG_context_sampling_1245_532_trimmed_bismark_bt2.CpG",445,325,120,445
"4533","07_report/CpG_context_sampling_1245_533_trimmed_bismark_bt2.CpG",414,304,110,414
"4534","07_report/CpG_context_sampling_1245_534_trimmed_bismark_bt2.CpG",445,308,137,445
"4535","07_report/CpG_context_sampling_1245_535_trimmed_bismark_bt2.CpG",433,308,125,433
"4536","07_report/CpG_context_sampling_1245_536_trimmed_bismark_bt2.CpG",447,310,137,447
"4537","07_report/CpG_context_sampling_1245_537_trimmed_bismark_bt2.CpG",464,334,130,464
"4538","07_report/CpG_context_sampling_1245_538_trimmed_bismark_bt2.CpG",418,299,119,418
"4539","07_report/CpG_context_sampling_1245_539_trimmed_bismark_bt2.CpG",444,325,119,444
"4540","07_report/CpG_context_sampling_1245_540_trimmed_bismark_bt2.CpG",440,309,131,440
"4541","07_report/CpG_context_sampling_1245_541_trimmed_bismark_bt2.CpG",431,302,129,431
"4542","07_report/CpG_context_sampling_1245_542_trimmed_bismark_bt2.CpG",435,320,115,435
"4543","07_report/CpG_context_sampling_1245_543_trimmed_bismark_bt2.CpG",423,319,104,423
"4544","07_report/CpG_context_sampling_1245_544_trimmed_bismark_bt2.CpG",430,310,120,430
"4545","07_report/CpG_context_sampling_1245_545_trimmed_bismark_bt2.CpG",419,299,120,419
"4546","07_report/CpG_context_sampling_1245_546_trimmed_bismark_bt2.CpG",444,303,141,444
"4547","07_report/CpG_context_sampling_1245_547_trimmed_bismark_bt2.CpG",443,315,128,443
"4548","07_report/CpG_context_sampling_1245_548_trimmed_bismark_bt2.CpG",419,313,106,419
"4549","07_report/CpG_context_sampling_1245_549_trimmed_bismark_bt2.CpG",420,312,108,420
"4550","07_report/CpG_context_sampling_1245_550_trimmed_bismark_bt2.CpG",442,309,133,442
"4551","07_report/CpG_context_sampling_1245_551_trimmed_bismark_bt2.CpG",427,318,109,427
"4552","07_report/CpG_context_sampling_1245_552_trimmed_bismark_bt2.CpG",434,287,147,434
"4553","07_report/CpG_context_sampling_1245_553_trimmed_bismark_bt2.CpG",449,305,144,449
"4554","07_report/CpG_context_sampling_1245_554_trimmed_bismark_bt2.CpG",466,320,146,466
"4555","07_report/CpG_context_sampling_1245_555_trimmed_bismark_bt2.CpG",422,288,134,422
"4556","07_report/CpG_context_sampling_1245_556_trimmed_bismark_bt2.CpG",427,309,118,427
"4557","07_report/CpG_context_sampling_1245_557_trimmed_bismark_bt2.CpG",431,306,125,431
"4558","07_report/CpG_context_sampling_1245_558_trimmed_bismark_bt2.CpG",458,319,139,458
"4559","07_report/CpG_context_sampling_1245_559_trimmed_bismark_bt2.CpG",449,329,120,449
"4560","07_report/CpG_context_sampling_1245_560_trimmed_bismark_bt2.CpG",438,319,119,438
"4561","07_report/CpG_context_sampling_1245_561_trimmed_bismark_bt2.CpG",460,323,137,460
"4562","07_report/CpG_context_sampling_1245_562_trimmed_bismark_bt2.CpG",431,296,135,431
"4563","07_report/CpG_context_sampling_1245_563_trimmed_bismark_bt2.CpG",413,297,116,413
"4564","07_report/CpG_context_sampling_1245_564_trimmed_bismark_bt2.CpG",435,316,119,435
"4565","07_report/CpG_context_sampling_1245_565_trimmed_bismark_bt2.CpG",442,308,134,442
"4566","07_report/CpG_context_sampling_1245_566_trimmed_bismark_bt2.CpG",413,292,121,413
"4567","07_report/CpG_context_sampling_1245_567_trimmed_bismark_bt2.CpG",415,279,136,415
"4568","07_report/CpG_context_sampling_1245_568_trimmed_bismark_bt2.CpG",410,292,118,410
"4569","07_report/CpG_context_sampling_1245_569_trimmed_bismark_bt2.CpG",424,314,110,424
"4570","07_report/CpG_context_sampling_1245_570_trimmed_bismark_bt2.CpG",447,323,124,447
"4571","07_report/CpG_context_sampling_1245_571_trimmed_bismark_bt2.CpG",416,295,121,416
"4572","07_report/CpG_context_sampling_1245_572_trimmed_bismark_bt2.CpG",417,288,129,417
"4573","07_report/CpG_context_sampling_1245_573_trimmed_bismark_bt2.CpG",425,303,122,425
"4574","07_report/CpG_context_sampling_1245_574_trimmed_bismark_bt2.CpG",431,317,114,431
"4575","07_report/CpG_context_sampling_1245_575_trimmed_bismark_bt2.CpG",434,295,139,434
"4576","07_report/CpG_context_sampling_1245_576_trimmed_bismark_bt2.CpG",454,316,138,454
"4577","07_report/CpG_context_sampling_1245_577_trimmed_bismark_bt2.CpG",439,304,135,439
"4578","07_report/CpG_context_sampling_1245_578_trimmed_bismark_bt2.CpG",438,318,120,438
"4579","07_report/CpG_context_sampling_1245_579_trimmed_bismark_bt2.CpG",436,329,107,436
"4580","07_report/CpG_context_sampling_1245_580_trimmed_bismark_bt2.CpG",473,347,126,473
"4581","07_report/CpG_context_sampling_1245_581_trimmed_bismark_bt2.CpG",438,296,142,438
"4582","07_report/CpG_context_sampling_1245_582_trimmed_bismark_bt2.CpG",428,328,100,428
"4583","07_report/CpG_context_sampling_1245_583_trimmed_bismark_bt2.CpG",445,325,120,445
"4584","07_report/CpG_context_sampling_1245_584_trimmed_bismark_bt2.CpG",431,300,131,431
"4585","07_report/CpG_context_sampling_1245_585_trimmed_bismark_bt2.CpG",433,313,120,433
"4586","07_report/CpG_context_sampling_1245_586_trimmed_bismark_bt2.CpG",436,319,117,436
"4587","07_report/CpG_context_sampling_1245_587_trimmed_bismark_bt2.CpG",471,354,117,471
"4588","07_report/CpG_context_sampling_1245_588_trimmed_bismark_bt2.CpG",418,308,110,418
"4589","07_report/CpG_context_sampling_1245_589_trimmed_bismark_bt2.CpG",397,279,118,397
"4590","07_report/CpG_context_sampling_1245_590_trimmed_bismark_bt2.CpG",435,319,116,435
"4591","07_report/CpG_context_sampling_1245_591_trimmed_bismark_bt2.CpG",443,313,130,443
"4592","07_report/CpG_context_sampling_1245_592_trimmed_bismark_bt2.CpG",443,338,105,443
"4593","07_report/CpG_context_sampling_1245_593_trimmed_bismark_bt2.CpG",427,303,124,427
"4594","07_report/CpG_context_sampling_1245_594_trimmed_bismark_bt2.CpG",433,301,132,433
"4595","07_report/CpG_context_sampling_1245_595_trimmed_bismark_bt2.CpG",411,306,105,411
"4596","07_report/CpG_context_sampling_1245_596_trimmed_bismark_bt2.CpG",432,324,108,432
"4597","07_report/CpG_context_sampling_1245_597_trimmed_bismark_bt2.CpG",446,314,132,446
"4598","07_report/CpG_context_sampling_1245_598_trimmed_bismark_bt2.CpG",408,288,120,408
"4599","07_report/CpG_context_sampling_1245_599_trimmed_bismark_bt2.CpG",439,307,132,439
"4600","07_report/CpG_context_sampling_1245_600_trimmed_bismark_bt2.CpG",448,315,133,448
"4601","07_report/CpG_context_sampling_1245_601_trimmed_bismark_bt2.CpG",432,287,145,432
"4602","07_report/CpG_context_sampling_1245_602_trimmed_bismark_bt2.CpG",423,304,119,423
"4603","07_report/CpG_context_sampling_1245_603_trimmed_bismark_bt2.CpG",441,306,135,441
"4604","07_report/CpG_context_sampling_1245_604_trimmed_bismark_bt2.CpG",419,296,123,419
"4605","07_report/CpG_context_sampling_1245_605_trimmed_bismark_bt2.CpG",437,305,132,437
"4606","07_report/CpG_context_sampling_1245_606_trimmed_bismark_bt2.CpG",406,303,103,406
"4607","07_report/CpG_context_sampling_1245_607_trimmed_bismark_bt2.CpG",439,326,113,439
"4608","07_report/CpG_context_sampling_1245_608_trimmed_bismark_bt2.CpG",419,298,121,419
"4609","07_report/CpG_context_sampling_1245_609_trimmed_bismark_bt2.CpG",426,326,100,426
"4610","07_report/CpG_context_sampling_1245_610_trimmed_bismark_bt2.CpG",472,333,139,472
"4611","07_report/CpG_context_sampling_1245_611_trimmed_bismark_bt2.CpG",433,316,117,433
"4612","07_report/CpG_context_sampling_1245_612_trimmed_bismark_bt2.CpG",426,307,119,426
"4613","07_report/CpG_context_sampling_1245_613_trimmed_bismark_bt2.CpG",429,314,115,429
"4614","07_report/CpG_context_sampling_1245_614_trimmed_bismark_bt2.CpG",410,300,110,410
"4615","07_report/CpG_context_sampling_1245_615_trimmed_bismark_bt2.CpG",434,309,125,434
"4616","07_report/CpG_context_sampling_1245_616_trimmed_bismark_bt2.CpG",417,303,114,417
"4617","07_report/CpG_context_sampling_1245_617_trimmed_bismark_bt2.CpG",428,307,121,428
"4618","07_report/CpG_context_sampling_1245_618_trimmed_bismark_bt2.CpG",430,298,132,430
"4619","07_report/CpG_context_sampling_1245_619_trimmed_bismark_bt2.CpG",480,334,146,480
"4620","07_report/CpG_context_sampling_1245_620_trimmed_bismark_bt2.CpG",450,332,118,450
"4621","07_report/CpG_context_sampling_1245_621_trimmed_bismark_bt2.CpG",420,296,124,420
"4622","07_report/CpG_context_sampling_1245_622_trimmed_bismark_bt2.CpG",445,307,138,445
"4623","07_report/CpG_context_sampling_1245_623_trimmed_bismark_bt2.CpG",411,294,117,411
"4624","07_report/CpG_context_sampling_1245_624_trimmed_bismark_bt2.CpG",414,289,125,414
"4625","07_report/CpG_context_sampling_1245_625_trimmed_bismark_bt2.CpG",438,310,128,438
"4626","07_report/CpG_context_sampling_1245_626_trimmed_bismark_bt2.CpG",425,289,136,425
"4627","07_report/CpG_context_sampling_1245_627_trimmed_bismark_bt2.CpG",437,299,138,437
"4628","07_report/CpG_context_sampling_1245_628_trimmed_bismark_bt2.CpG",434,308,126,434
"4629","07_report/CpG_context_sampling_1245_629_trimmed_bismark_bt2.CpG",455,320,135,455
"4630","07_report/CpG_context_sampling_1245_630_trimmed_bismark_bt2.CpG",418,297,121,418
"4631","07_report/CpG_context_sampling_1245_631_trimmed_bismark_bt2.CpG",449,308,141,449
"4632","07_report/CpG_context_sampling_1245_632_trimmed_bismark_bt2.CpG",420,307,113,420
"4633","07_report/CpG_context_sampling_1245_633_trimmed_bismark_bt2.CpG",419,289,130,419
"4634","07_report/CpG_context_sampling_1245_634_trimmed_bismark_bt2.CpG",415,304,111,415
"4635","07_report/CpG_context_sampling_1245_635_trimmed_bismark_bt2.CpG",400,296,104,400
"4636","07_report/CpG_context_sampling_1245_636_trimmed_bismark_bt2.CpG",431,307,124,431
"4637","07_report/CpG_context_sampling_1245_637_trimmed_bismark_bt2.CpG",440,321,119,440
"4638","07_report/CpG_context_sampling_1245_638_trimmed_bismark_bt2.CpG",418,309,109,418
"4639","07_report/CpG_context_sampling_1245_639_trimmed_bismark_bt2.CpG",420,303,117,420
"4640","07_report/CpG_context_sampling_1245_640_trimmed_bismark_bt2.CpG",425,318,107,425
"4641","07_report/CpG_context_sampling_1245_641_trimmed_bismark_bt2.CpG",465,332,133,465
"4642","07_report/CpG_context_sampling_1245_642_trimmed_bismark_bt2.CpG",413,307,106,413
"4643","07_report/CpG_context_sampling_1245_643_trimmed_bismark_bt2.CpG",436,318,118,436
"4644","07_report/CpG_context_sampling_1245_644_trimmed_bismark_bt2.CpG",452,313,139,452
"4645","07_report/CpG_context_sampling_1245_645_trimmed_bismark_bt2.CpG",445,328,117,445
"4646","07_report/CpG_context_sampling_1245_646_trimmed_bismark_bt2.CpG",448,332,116,448
"4647","07_report/CpG_context_sampling_1245_647_trimmed_bismark_bt2.CpG",423,311,112,423
"4648","07_report/CpG_context_sampling_1245_648_trimmed_bismark_bt2.CpG",422,287,135,422
"4649","07_report/CpG_context_sampling_1245_649_trimmed_bismark_bt2.CpG",424,316,108,424
"4650","07_report/CpG_context_sampling_1245_650_trimmed_bismark_bt2.CpG",416,310,106,416
"4651","07_report/CpG_context_sampling_1245_651_trimmed_bismark_bt2.CpG",444,331,113,444
"4652","07_report/CpG_context_sampling_1245_652_trimmed_bismark_bt2.CpG",442,312,130,442
"4653","07_report/CpG_context_sampling_1245_653_trimmed_bismark_bt2.CpG",434,308,126,434
"4654","07_report/CpG_context_sampling_1245_654_trimmed_bismark_bt2.CpG",409,290,119,409
"4655","07_report/CpG_context_sampling_1245_655_trimmed_bismark_bt2.CpG",462,335,127,462
"4656","07_report/CpG_context_sampling_1245_656_trimmed_bismark_bt2.CpG",466,322,144,466
"4657","07_report/CpG_context_sampling_1245_657_trimmed_bismark_bt2.CpG",427,308,119,427
"4658","07_report/CpG_context_sampling_1245_658_trimmed_bismark_bt2.CpG",439,309,130,439
"4659","07_report/CpG_context_sampling_1245_659_trimmed_bismark_bt2.CpG",418,290,128,418
"4660","07_report/CpG_context_sampling_1245_660_trimmed_bismark_bt2.CpG",416,305,111,416
"4661","07_report/CpG_context_sampling_1245_661_trimmed_bismark_bt2.CpG",409,303,106,409
"4662","07_report/CpG_context_sampling_1245_662_trimmed_bismark_bt2.CpG",453,328,125,453
"4663","07_report/CpG_context_sampling_1245_663_trimmed_bismark_bt2.CpG",448,331,117,448
"4664","07_report/CpG_context_sampling_1245_664_trimmed_bismark_bt2.CpG",451,321,130,451
"4665","07_report/CpG_context_sampling_1245_665_trimmed_bismark_bt2.CpG",428,295,133,428
"4666","07_report/CpG_context_sampling_1245_666_trimmed_bismark_bt2.CpG",424,322,102,424
"4667","07_report/CpG_context_sampling_1245_667_trimmed_bismark_bt2.CpG",440,321,119,440
"4668","07_report/CpG_context_sampling_1245_668_trimmed_bismark_bt2.CpG",472,343,129,472
"4669","07_report/CpG_context_sampling_1245_669_trimmed_bismark_bt2.CpG",389,274,115,389
"4670","07_report/CpG_context_sampling_1245_670_trimmed_bismark_bt2.CpG",441,325,116,441
"4671","07_report/CpG_context_sampling_1245_671_trimmed_bismark_bt2.CpG",435,313,122,435
"4672","07_report/CpG_context_sampling_1245_672_trimmed_bismark_bt2.CpG",457,312,145,457
"4673","07_report/CpG_context_sampling_1245_673_trimmed_bismark_bt2.CpG",413,296,117,413
"4674","07_report/CpG_context_sampling_1245_674_trimmed_bismark_bt2.CpG",457,321,136,457
"4675","07_report/CpG_context_sampling_1245_675_trimmed_bismark_bt2.CpG",430,306,124,430
"4676","07_report/CpG_context_sampling_1245_676_trimmed_bismark_bt2.CpG",473,345,128,473
"4677","07_report/CpG_context_sampling_1245_677_trimmed_bismark_bt2.CpG",443,326,117,443
"4678","07_report/CpG_context_sampling_1245_678_trimmed_bismark_bt2.CpG",413,301,112,413
"4679","07_report/CpG_context_sampling_1245_679_trimmed_bismark_bt2.CpG",455,329,126,455
"4680","07_report/CpG_context_sampling_1245_680_trimmed_bismark_bt2.CpG",441,334,107,441
"4681","07_report/CpG_context_sampling_1245_681_trimmed_bismark_bt2.CpG",431,317,114,431
"4682","07_report/CpG_context_sampling_1245_682_trimmed_bismark_bt2.CpG",456,338,118,456
"4683","07_report/CpG_context_sampling_1245_683_trimmed_bismark_bt2.CpG",420,298,122,420
"4684","07_report/CpG_context_sampling_1245_684_trimmed_bismark_bt2.CpG",455,333,122,455
"4685","07_report/CpG_context_sampling_1245_685_trimmed_bismark_bt2.CpG",439,310,129,439
"4686","07_report/CpG_context_sampling_1245_686_trimmed_bismark_bt2.CpG",450,313,137,450
"4687","07_report/CpG_context_sampling_1245_687_trimmed_bismark_bt2.CpG",448,320,128,448
"4688","07_report/CpG_context_sampling_1245_688_trimmed_bismark_bt2.CpG",426,296,130,426
"4689","07_report/CpG_context_sampling_1245_689_trimmed_bismark_bt2.CpG",421,299,122,421
"4690","07_report/CpG_context_sampling_1245_690_trimmed_bismark_bt2.CpG",422,293,129,422
"4691","07_report/CpG_context_sampling_1245_691_trimmed_bismark_bt2.CpG",421,314,107,421
"4692","07_report/CpG_context_sampling_1245_692_trimmed_bismark_bt2.CpG",427,302,125,427
"4693","07_report/CpG_context_sampling_1245_693_trimmed_bismark_bt2.CpG",398,291,107,398
"4694","07_report/CpG_context_sampling_1245_694_trimmed_bismark_bt2.CpG",424,304,120,424
"4695","07_report/CpG_context_sampling_1245_695_trimmed_bismark_bt2.CpG",433,313,120,433
"4696","07_report/CpG_context_sampling_1245_696_trimmed_bismark_bt2.CpG",417,282,135,417
"4697","07_report/CpG_context_sampling_1245_697_trimmed_bismark_bt2.CpG",420,305,115,420
"4698","07_report/CpG_context_sampling_1245_698_trimmed_bismark_bt2.CpG",419,283,136,419
"4699","07_report/CpG_context_sampling_1245_699_trimmed_bismark_bt2.CpG",408,298,110,408
"4700","07_report/CpG_context_sampling_1245_700_trimmed_bismark_bt2.CpG",408,287,121,408
"4701","07_report/CpG_context_sampling_1245_701_trimmed_bismark_bt2.CpG",461,317,144,461
"4702","07_report/CpG_context_sampling_1245_702_trimmed_bismark_bt2.CpG",425,310,115,425
"4703","07_report/CpG_context_sampling_1245_703_trimmed_bismark_bt2.CpG",419,299,120,419
"4704","07_report/CpG_context_sampling_1245_704_trimmed_bismark_bt2.CpG",430,322,108,430
"4705","07_report/CpG_context_sampling_1245_705_trimmed_bismark_bt2.CpG",427,298,129,427
"4706","07_report/CpG_context_sampling_1245_706_trimmed_bismark_bt2.CpG",413,299,114,413
"4707","07_report/CpG_context_sampling_1245_707_trimmed_bismark_bt2.CpG",425,299,126,425
"4708","07_report/CpG_context_sampling_1245_708_trimmed_bismark_bt2.CpG",404,277,127,404
"4709","07_report/CpG_context_sampling_1245_709_trimmed_bismark_bt2.CpG",409,308,101,409
"4710","07_report/CpG_context_sampling_1245_710_trimmed_bismark_bt2.CpG",437,306,131,437
"4711","07_report/CpG_context_sampling_1245_711_trimmed_bismark_bt2.CpG",410,311,99,410
"4712","07_report/CpG_context_sampling_1245_712_trimmed_bismark_bt2.CpG",448,329,119,448
"4713","07_report/CpG_context_sampling_1245_713_trimmed_bismark_bt2.CpG",428,294,134,428
"4714","07_report/CpG_context_sampling_1245_714_trimmed_bismark_bt2.CpG",446,319,127,446
"4715","07_report/CpG_context_sampling_1245_715_trimmed_bismark_bt2.CpG",429,314,115,429
"4716","07_report/CpG_context_sampling_1245_716_trimmed_bismark_bt2.CpG",431,294,137,431
"4717","07_report/CpG_context_sampling_1245_717_trimmed_bismark_bt2.CpG",440,306,134,440
"4718","07_report/CpG_context_sampling_1245_718_trimmed_bismark_bt2.CpG",435,302,133,435
"4719","07_report/CpG_context_sampling_1245_719_trimmed_bismark_bt2.CpG",449,302,147,449
"4720","07_report/CpG_context_sampling_1245_720_trimmed_bismark_bt2.CpG",438,321,117,438
"4721","07_report/CpG_context_sampling_1245_721_trimmed_bismark_bt2.CpG",414,295,119,414
"4722","07_report/CpG_context_sampling_1245_722_trimmed_bismark_bt2.CpG",458,326,132,458
"4723","07_report/CpG_context_sampling_1245_723_trimmed_bismark_bt2.CpG",424,295,129,424
"4724","07_report/CpG_context_sampling_1245_724_trimmed_bismark_bt2.CpG",461,334,127,461
"4725","07_report/CpG_context_sampling_1245_725_trimmed_bismark_bt2.CpG",479,358,121,479
"4726","07_report/CpG_context_sampling_1245_726_trimmed_bismark_bt2.CpG",451,317,134,451
"4727","07_report/CpG_context_sampling_1245_727_trimmed_bismark_bt2.CpG",410,293,117,410
"4728","07_report/CpG_context_sampling_1245_728_trimmed_bismark_bt2.CpG",444,307,137,444
"4729","07_report/CpG_context_sampling_1245_729_trimmed_bismark_bt2.CpG",435,327,108,435
"4730","07_report/CpG_context_sampling_1245_730_trimmed_bismark_bt2.CpG",460,350,110,460
"4731","07_report/CpG_context_sampling_1245_731_trimmed_bismark_bt2.CpG",437,295,142,437
"4732","07_report/CpG_context_sampling_1245_732_trimmed_bismark_bt2.CpG",438,327,111,438
"4733","07_report/CpG_context_sampling_1245_733_trimmed_bismark_bt2.CpG",460,314,146,460
"4734","07_report/CpG_context_sampling_1245_734_trimmed_bismark_bt2.CpG",426,297,129,426
"4735","07_report/CpG_context_sampling_1245_735_trimmed_bismark_bt2.CpG",440,322,118,440
"4736","07_report/CpG_context_sampling_1245_736_trimmed_bismark_bt2.CpG",427,319,108,427
"4737","07_report/CpG_context_sampling_1245_737_trimmed_bismark_bt2.CpG",430,305,125,430
"4738","07_report/CpG_context_sampling_1245_738_trimmed_bismark_bt2.CpG",424,299,125,424
"4739","07_report/CpG_context_sampling_1245_739_trimmed_bismark_bt2.CpG",431,305,126,431
"4740","07_report/CpG_context_sampling_1245_740_trimmed_bismark_bt2.CpG",405,302,103,405
"4741","07_report/CpG_context_sampling_1245_741_trimmed_bismark_bt2.CpG",439,324,115,439
"4742","07_report/CpG_context_sampling_1245_742_trimmed_bismark_bt2.CpG",414,315,99,414
"4743","07_report/CpG_context_sampling_1245_743_trimmed_bismark_bt2.CpG",445,316,129,445
"4744","07_report/CpG_context_sampling_1245_744_trimmed_bismark_bt2.CpG",438,311,127,438
"4745","07_report/CpG_context_sampling_1245_745_trimmed_bismark_bt2.CpG",450,335,115,450
"4746","07_report/CpG_context_sampling_1245_746_trimmed_bismark_bt2.CpG",454,317,137,454
"4747","07_report/CpG_context_sampling_1245_747_trimmed_bismark_bt2.CpG",435,309,126,435
"4748","07_report/CpG_context_sampling_1245_748_trimmed_bismark_bt2.CpG",440,318,122,440
"4749","07_report/CpG_context_sampling_1245_749_trimmed_bismark_bt2.CpG",438,318,120,438
"4750","07_report/CpG_context_sampling_1245_750_trimmed_bismark_bt2.CpG",442,312,130,442
"4751","07_report/CpG_context_sampling_1245_751_trimmed_bismark_bt2.CpG",455,325,130,455
"4752","07_report/CpG_context_sampling_1245_752_trimmed_bismark_bt2.CpG",414,295,119,414
"4753","07_report/CpG_context_sampling_1245_753_trimmed_bismark_bt2.CpG",425,313,112,425
"4754","07_report/CpG_context_sampling_1245_754_trimmed_bismark_bt2.CpG",408,282,126,408
"4755","07_report/CpG_context_sampling_1245_755_trimmed_bismark_bt2.CpG",427,310,117,427
"4756","07_report/CpG_context_sampling_1245_756_trimmed_bismark_bt2.CpG",439,317,122,439
"4757","07_report/CpG_context_sampling_1245_757_trimmed_bismark_bt2.CpG",448,323,125,448
"4758","07_report/CpG_context_sampling_1245_758_trimmed_bismark_bt2.CpG",391,282,109,391
"4759","07_report/CpG_context_sampling_1245_759_trimmed_bismark_bt2.CpG",426,303,123,426
"4760","07_report/CpG_context_sampling_1245_760_trimmed_bismark_bt2.CpG",438,306,132,438
"4761","07_report/CpG_context_sampling_1245_761_trimmed_bismark_bt2.CpG",411,296,115,411
"4762","07_report/CpG_context_sampling_1245_762_trimmed_bismark_bt2.CpG",453,320,133,453
"4763","07_report/CpG_context_sampling_1245_763_trimmed_bismark_bt2.CpG",437,307,130,437
"4764","07_report/CpG_context_sampling_1245_764_trimmed_bismark_bt2.CpG",408,313,95,408
"4765","07_report/CpG_context_sampling_1245_765_trimmed_bismark_bt2.CpG",418,295,123,418
"4766","07_report/CpG_context_sampling_1245_766_trimmed_bismark_bt2.CpG",408,294,114,408
"4767","07_report/CpG_context_sampling_1245_767_trimmed_bismark_bt2.CpG",429,306,123,429
"4768","07_report/CpG_context_sampling_1245_768_trimmed_bismark_bt2.CpG",442,321,121,442
"4769","07_report/CpG_context_sampling_1245_769_trimmed_bismark_bt2.CpG",454,319,135,454
"4770","07_report/CpG_context_sampling_1245_770_trimmed_bismark_bt2.CpG",436,303,133,436
"4771","07_report/CpG_context_sampling_1245_771_trimmed_bismark_bt2.CpG",439,306,133,439
"4772","07_report/CpG_context_sampling_1245_772_trimmed_bismark_bt2.CpG",441,304,137,441
"4773","07_report/CpG_context_sampling_1245_773_trimmed_bismark_bt2.CpG",462,331,131,462
"4774","07_report/CpG_context_sampling_1245_774_trimmed_bismark_bt2.CpG",452,326,126,452
"4775","07_report/CpG_context_sampling_1245_775_trimmed_bismark_bt2.CpG",447,311,136,447
"4776","07_report/CpG_context_sampling_1245_776_trimmed_bismark_bt2.CpG",425,297,128,425
"4777","07_report/CpG_context_sampling_1245_777_trimmed_bismark_bt2.CpG",419,292,127,419
"4778","07_report/CpG_context_sampling_1245_778_trimmed_bismark_bt2.CpG",429,294,135,429
"4779","07_report/CpG_context_sampling_1245_779_trimmed_bismark_bt2.CpG",407,277,130,407
"4780","07_report/CpG_context_sampling_1245_780_trimmed_bismark_bt2.CpG",435,318,117,435
"4781","07_report/CpG_context_sampling_1245_781_trimmed_bismark_bt2.CpG",454,320,134,454
"4782","07_report/CpG_context_sampling_1245_782_trimmed_bismark_bt2.CpG",427,288,139,427
"4783","07_report/CpG_context_sampling_1245_783_trimmed_bismark_bt2.CpG",440,300,140,440
"4784","07_report/CpG_context_sampling_1245_784_trimmed_bismark_bt2.CpG",439,312,127,439
"4785","07_report/CpG_context_sampling_1245_785_trimmed_bismark_bt2.CpG",445,320,125,445
"4786","07_report/CpG_context_sampling_1245_786_trimmed_bismark_bt2.CpG",407,294,113,407
"4787","07_report/CpG_context_sampling_1245_787_trimmed_bismark_bt2.CpG",393,283,110,393
"4788","07_report/CpG_context_sampling_1245_788_trimmed_bismark_bt2.CpG",434,315,119,434
"4789","07_report/CpG_context_sampling_1245_789_trimmed_bismark_bt2.CpG",416,311,105,416
"4790","07_report/CpG_context_sampling_1245_790_trimmed_bismark_bt2.CpG",417,289,128,417
"4791","07_report/CpG_context_sampling_1245_791_trimmed_bismark_bt2.CpG",422,293,129,422
"4792","07_report/CpG_context_sampling_1245_792_trimmed_bismark_bt2.CpG",446,314,132,446
"4793","07_report/CpG_context_sampling_1245_793_trimmed_bismark_bt2.CpG",418,313,105,418
"4794","07_report/CpG_context_sampling_1245_794_trimmed_bismark_bt2.CpG",411,312,99,411
"4795","07_report/CpG_context_sampling_1245_795_trimmed_bismark_bt2.CpG",443,311,132,443
"4796","07_report/CpG_context_sampling_1245_796_trimmed_bismark_bt2.CpG",441,301,140,441
"4797","07_report/CpG_context_sampling_1245_797_trimmed_bismark_bt2.CpG",437,316,121,437
"4798","07_report/CpG_context_sampling_1245_798_trimmed_bismark_bt2.CpG",421,302,119,421
"4799","07_report/CpG_context_sampling_1245_799_trimmed_bismark_bt2.CpG",440,305,135,440
"4800","07_report/CpG_context_sampling_1245_800_trimmed_bismark_bt2.CpG",451,333,118,451
"4801","07_report/CpG_context_sampling_1245_801_trimmed_bismark_bt2.CpG",451,328,123,451
"4802","07_report/CpG_context_sampling_1245_802_trimmed_bismark_bt2.CpG",431,311,120,431
"4803","07_report/CpG_context_sampling_1245_803_trimmed_bismark_bt2.CpG",429,309,120,429
"4804","07_report/CpG_context_sampling_1245_804_trimmed_bismark_bt2.CpG",424,300,124,424
"4805","07_report/CpG_context_sampling_1245_805_trimmed_bismark_bt2.CpG",414,300,114,414
"4806","07_report/CpG_context_sampling_1245_806_trimmed_bismark_bt2.CpG",434,310,124,434
"4807","07_report/CpG_context_sampling_1245_807_trimmed_bismark_bt2.CpG",454,324,130,454
"4808","07_report/CpG_context_sampling_1245_808_trimmed_bismark_bt2.CpG",453,317,136,453
"4809","07_report/CpG_context_sampling_1245_809_trimmed_bismark_bt2.CpG",444,310,134,444
"4810","07_report/CpG_context_sampling_1245_810_trimmed_bismark_bt2.CpG",441,320,121,441
"4811","07_report/CpG_context_sampling_1245_811_trimmed_bismark_bt2.CpG",413,282,131,413
"4812","07_report/CpG_context_sampling_1245_812_trimmed_bismark_bt2.CpG",421,307,114,421
"4813","07_report/CpG_context_sampling_1245_813_trimmed_bismark_bt2.CpG",446,318,128,446
"4814","07_report/CpG_context_sampling_1245_814_trimmed_bismark_bt2.CpG",445,304,141,445
"4815","07_report/CpG_context_sampling_1245_815_trimmed_bismark_bt2.CpG",439,306,133,439
"4816","07_report/CpG_context_sampling_1245_816_trimmed_bismark_bt2.CpG",435,301,134,435
"4817","07_report/CpG_context_sampling_1245_817_trimmed_bismark_bt2.CpG",440,331,109,440
"4818","07_report/CpG_context_sampling_1245_818_trimmed_bismark_bt2.CpG",404,268,136,404
"4819","07_report/CpG_context_sampling_1245_819_trimmed_bismark_bt2.CpG",447,332,115,447
"4820","07_report/CpG_context_sampling_1245_820_trimmed_bismark_bt2.CpG",401,275,126,401
"4821","07_report/CpG_context_sampling_1245_821_trimmed_bismark_bt2.CpG",430,299,131,430
"4822","07_report/CpG_context_sampling_1245_822_trimmed_bismark_bt2.CpG",439,306,133,439
"4823","07_report/CpG_context_sampling_1245_823_trimmed_bismark_bt2.CpG",476,344,132,476
"4824","07_report/CpG_context_sampling_1245_824_trimmed_bismark_bt2.CpG",438,327,111,438
"4825","07_report/CpG_context_sampling_1245_825_trimmed_bismark_bt2.CpG",429,311,118,429
"4826","07_report/CpG_context_sampling_1245_826_trimmed_bismark_bt2.CpG",421,297,124,421
"4827","07_report/CpG_context_sampling_1245_827_trimmed_bismark_bt2.CpG",438,310,128,438
"4828","07_report/CpG_context_sampling_1245_828_trimmed_bismark_bt2.CpG",461,322,139,461
"4829","07_report/CpG_context_sampling_1245_829_trimmed_bismark_bt2.CpG",413,299,114,413
"4830","07_report/CpG_context_sampling_1245_830_trimmed_bismark_bt2.CpG",427,294,133,427
"4831","07_report/CpG_context_sampling_1245_831_trimmed_bismark_bt2.CpG",421,314,107,421
"4832","07_report/CpG_context_sampling_1245_832_trimmed_bismark_bt2.CpG",433,307,126,433
"4833","07_report/CpG_context_sampling_1245_833_trimmed_bismark_bt2.CpG",437,313,124,437
"4834","07_report/CpG_context_sampling_1245_834_trimmed_bismark_bt2.CpG",450,329,121,450
"4835","07_report/CpG_context_sampling_1245_835_trimmed_bismark_bt2.CpG",418,306,112,418
"4836","07_report/CpG_context_sampling_1245_836_trimmed_bismark_bt2.CpG",439,327,112,439
"4837","07_report/CpG_context_sampling_1245_837_trimmed_bismark_bt2.CpG",430,318,112,430
"4838","07_report/CpG_context_sampling_1245_838_trimmed_bismark_bt2.CpG",429,301,128,429
"4839","07_report/CpG_context_sampling_1245_839_trimmed_bismark_bt2.CpG",420,304,116,420
"4840","07_report/CpG_context_sampling_1245_840_trimmed_bismark_bt2.CpG",408,289,119,408
"4841","07_report/CpG_context_sampling_1245_841_trimmed_bismark_bt2.CpG",413,294,119,413
"4842","07_report/CpG_context_sampling_1245_842_trimmed_bismark_bt2.CpG",422,305,117,422
"4843","07_report/CpG_context_sampling_1245_843_trimmed_bismark_bt2.CpG",422,296,126,422
"4844","07_report/CpG_context_sampling_1245_844_trimmed_bismark_bt2.CpG",446,326,120,446
"4845","07_report/CpG_context_sampling_1245_845_trimmed_bismark_bt2.CpG",450,335,115,450
"4846","07_report/CpG_context_sampling_1245_846_trimmed_bismark_bt2.CpG",412,294,118,412
"4847","07_report/CpG_context_sampling_1245_847_trimmed_bismark_bt2.CpG",426,318,108,426
"4848","07_report/CpG_context_sampling_1245_848_trimmed_bismark_bt2.CpG",423,286,137,423
"4849","07_report/CpG_context_sampling_1245_849_trimmed_bismark_bt2.CpG",436,318,118,436
"4850","07_report/CpG_context_sampling_1245_850_trimmed_bismark_bt2.CpG",416,302,114,416
"4851","07_report/CpG_context_sampling_1245_851_trimmed_bismark_bt2.CpG",411,280,131,411
"4852","07_report/CpG_context_sampling_1245_852_trimmed_bismark_bt2.CpG",450,320,130,450
"4853","07_report/CpG_context_sampling_1245_853_trimmed_bismark_bt2.CpG",431,307,124,431
"4854","07_report/CpG_context_sampling_1245_854_trimmed_bismark_bt2.CpG",422,304,118,422
"4855","07_report/CpG_context_sampling_1245_855_trimmed_bismark_bt2.CpG",445,324,121,445
"4856","07_report/CpG_context_sampling_1245_856_trimmed_bismark_bt2.CpG",446,324,122,446
"4857","07_report/CpG_context_sampling_1245_857_trimmed_bismark_bt2.CpG",409,299,110,409
"4858","07_report/CpG_context_sampling_1245_858_trimmed_bismark_bt2.CpG",411,288,123,411
"4859","07_report/CpG_context_sampling_1245_859_trimmed_bismark_bt2.CpG",439,324,115,439
"4860","07_report/CpG_context_sampling_1245_860_trimmed_bismark_bt2.CpG",441,327,114,441
"4861","07_report/CpG_context_sampling_1245_861_trimmed_bismark_bt2.CpG",428,326,102,428
"4862","07_report/CpG_context_sampling_1245_862_trimmed_bismark_bt2.CpG",420,303,117,420
"4863","07_report/CpG_context_sampling_1245_863_trimmed_bismark_bt2.CpG",435,312,123,435
"4864","07_report/CpG_context_sampling_1245_864_trimmed_bismark_bt2.CpG",406,280,126,406
"4865","07_report/CpG_context_sampling_1245_865_trimmed_bismark_bt2.CpG",419,304,115,419
"4866","07_report/CpG_context_sampling_1245_866_trimmed_bismark_bt2.CpG",439,311,128,439
"4867","07_report/CpG_context_sampling_1245_867_trimmed_bismark_bt2.CpG",420,296,124,420
"4868","07_report/CpG_context_sampling_1245_868_trimmed_bismark_bt2.CpG",456,325,131,456
"4869","07_report/CpG_context_sampling_1245_869_trimmed_bismark_bt2.CpG",422,303,119,422
"4870","07_report/CpG_context_sampling_1245_870_trimmed_bismark_bt2.CpG",433,326,107,433
"4871","07_report/CpG_context_sampling_1245_871_trimmed_bismark_bt2.CpG",442,313,129,442
"4872","07_report/CpG_context_sampling_1245_872_trimmed_bismark_bt2.CpG",403,280,123,403
"4873","07_report/CpG_context_sampling_1245_873_trimmed_bismark_bt2.CpG",424,303,121,424
"4874","07_report/CpG_context_sampling_1245_874_trimmed_bismark_bt2.CpG",444,313,131,444
"4875","07_report/CpG_context_sampling_1245_875_trimmed_bismark_bt2.CpG",432,327,105,432
"4876","07_report/CpG_context_sampling_1245_876_trimmed_bismark_bt2.CpG",447,309,138,447
"4877","07_report/CpG_context_sampling_1245_877_trimmed_bismark_bt2.CpG",420,307,113,420
"4878","07_report/CpG_context_sampling_1245_878_trimmed_bismark_bt2.CpG",423,305,118,423
"4879","07_report/CpG_context_sampling_1245_879_trimmed_bismark_bt2.CpG",427,311,116,427
"4880","07_report/CpG_context_sampling_1245_880_trimmed_bismark_bt2.CpG",441,328,113,441
"4881","07_report/CpG_context_sampling_1245_881_trimmed_bismark_bt2.CpG",408,279,129,408
"4882","07_report/CpG_context_sampling_1245_882_trimmed_bismark_bt2.CpG",402,279,123,402
"4883","07_report/CpG_context_sampling_1245_883_trimmed_bismark_bt2.CpG",451,336,115,451
"4884","07_report/CpG_context_sampling_1245_884_trimmed_bismark_bt2.CpG",417,310,107,417
"4885","07_report/CpG_context_sampling_1245_885_trimmed_bismark_bt2.CpG",420,306,114,420
"4886","07_report/CpG_context_sampling_1245_886_trimmed_bismark_bt2.CpG",418,284,134,418
"4887","07_report/CpG_context_sampling_1245_887_trimmed_bismark_bt2.CpG",424,297,127,424
"4888","07_report/CpG_context_sampling_1245_888_trimmed_bismark_bt2.CpG",427,308,119,427
"4889","07_report/CpG_context_sampling_1245_889_trimmed_bismark_bt2.CpG",441,312,129,441
"4890","07_report/CpG_context_sampling_1245_890_trimmed_bismark_bt2.CpG",429,302,127,429
"4891","07_report/CpG_context_sampling_1245_891_trimmed_bismark_bt2.CpG",436,290,146,436
"4892","07_report/CpG_context_sampling_1245_892_trimmed_bismark_bt2.CpG",452,325,127,452
"4893","07_report/CpG_context_sampling_1245_893_trimmed_bismark_bt2.CpG",428,316,112,428
"4894","07_report/CpG_context_sampling_1245_894_trimmed_bismark_bt2.CpG",440,308,132,440
"4895","07_report/CpG_context_sampling_1245_895_trimmed_bismark_bt2.CpG",424,315,109,424
"4896","07_report/CpG_context_sampling_1245_896_trimmed_bismark_bt2.CpG",447,319,128,447
"4897","07_report/CpG_context_sampling_1245_897_trimmed_bismark_bt2.CpG",421,304,117,421
"4898","07_report/CpG_context_sampling_1245_898_trimmed_bismark_bt2.CpG",439,317,122,439
"4899","07_report/CpG_context_sampling_1245_899_trimmed_bismark_bt2.CpG",417,297,120,417
"4900","07_report/CpG_context_sampling_1245_900_trimmed_bismark_bt2.CpG",412,287,125,412
"4901","07_report/CpG_context_sampling_1245_901_trimmed_bismark_bt2.CpG",440,301,139,440
"4902","07_report/CpG_context_sampling_1245_902_trimmed_bismark_bt2.CpG",452,322,130,452
"4903","07_report/CpG_context_sampling_1245_903_trimmed_bismark_bt2.CpG",439,324,115,439
"4904","07_report/CpG_context_sampling_1245_904_trimmed_bismark_bt2.CpG",411,280,131,411
"4905","07_report/CpG_context_sampling_1245_905_trimmed_bismark_bt2.CpG",433,313,120,433
"4906","07_report/CpG_context_sampling_1245_906_trimmed_bismark_bt2.CpG",424,302,122,424
"4907","07_report/CpG_context_sampling_1245_907_trimmed_bismark_bt2.CpG",419,299,120,419
"4908","07_report/CpG_context_sampling_1245_908_trimmed_bismark_bt2.CpG",412,293,119,412
"4909","07_report/CpG_context_sampling_1245_909_trimmed_bismark_bt2.CpG",427,297,130,427
"4910","07_report/CpG_context_sampling_1245_910_trimmed_bismark_bt2.CpG",424,302,122,424
"4911","07_report/CpG_context_sampling_1245_911_trimmed_bismark_bt2.CpG",435,314,121,435
"4912","07_report/CpG_context_sampling_1245_912_trimmed_bismark_bt2.CpG",441,326,115,441
"4913","07_report/CpG_context_sampling_1245_913_trimmed_bismark_bt2.CpG",456,329,127,456
"4914","07_report/CpG_context_sampling_1245_914_trimmed_bismark_bt2.CpG",404,301,103,404
"4915","07_report/CpG_context_sampling_1245_915_trimmed_bismark_bt2.CpG",460,337,123,460
"4916","07_report/CpG_context_sampling_1245_916_trimmed_bismark_bt2.CpG",422,311,111,422
"4917","07_report/CpG_context_sampling_1245_917_trimmed_bismark_bt2.CpG",420,312,108,420
"4918","07_report/CpG_context_sampling_1245_918_trimmed_bismark_bt2.CpG",424,317,107,424
"4919","07_report/CpG_context_sampling_1245_919_trimmed_bismark_bt2.CpG",435,299,136,435
"4920","07_report/CpG_context_sampling_1245_920_trimmed_bismark_bt2.CpG",464,320,144,464
"4921","07_report/CpG_context_sampling_1245_921_trimmed_bismark_bt2.CpG",451,330,121,451
"4922","07_report/CpG_context_sampling_1245_922_trimmed_bismark_bt2.CpG",471,335,136,471
"4923","07_report/CpG_context_sampling_1245_923_trimmed_bismark_bt2.CpG",453,327,126,453
"4924","07_report/CpG_context_sampling_1245_924_trimmed_bismark_bt2.CpG",438,317,121,438
"4925","07_report/CpG_context_sampling_1245_925_trimmed_bismark_bt2.CpG",444,315,129,444
"4926","07_report/CpG_context_sampling_1245_926_trimmed_bismark_bt2.CpG",413,301,112,413
"4927","07_report/CpG_context_sampling_1245_927_trimmed_bismark_bt2.CpG",420,293,127,420
"4928","07_report/CpG_context_sampling_1245_928_trimmed_bismark_bt2.CpG",432,326,106,432
"4929","07_report/CpG_context_sampling_1245_929_trimmed_bismark_bt2.CpG",431,306,125,431
"4930","07_report/CpG_context_sampling_1245_930_trimmed_bismark_bt2.CpG",423,295,128,423
"4931","07_report/CpG_context_sampling_1245_931_trimmed_bismark_bt2.CpG",451,331,120,451
"4932","07_report/CpG_context_sampling_1245_932_trimmed_bismark_bt2.CpG",426,299,127,426
"4933","07_report/CpG_context_sampling_1245_933_trimmed_bismark_bt2.CpG",411,309,102,411
"4934","07_report/CpG_context_sampling_1245_934_trimmed_bismark_bt2.CpG",428,313,115,428
"4935","07_report/CpG_context_sampling_1245_935_trimmed_bismark_bt2.CpG",437,310,127,437
"4936","07_report/CpG_context_sampling_1245_936_trimmed_bismark_bt2.CpG",432,306,126,432
"4937","07_report/CpG_context_sampling_1245_937_trimmed_bismark_bt2.CpG",442,317,125,442
"4938","07_report/CpG_context_sampling_1245_938_trimmed_bismark_bt2.CpG",440,330,110,440
"4939","07_report/CpG_context_sampling_1245_939_trimmed_bismark_bt2.CpG",403,287,116,403
"4940","07_report/CpG_context_sampling_1245_940_trimmed_bismark_bt2.CpG",461,328,133,461
"4941","07_report/CpG_context_sampling_1245_941_trimmed_bismark_bt2.CpG",423,310,113,423
"4942","07_report/CpG_context_sampling_1245_942_trimmed_bismark_bt2.CpG",454,318,136,454
"4943","07_report/CpG_context_sampling_1245_943_trimmed_bismark_bt2.CpG",442,314,128,442
"4944","07_report/CpG_context_sampling_1245_944_trimmed_bismark_bt2.CpG",415,289,126,415
"4945","07_report/CpG_context_sampling_1245_945_trimmed_bismark_bt2.CpG",431,308,123,431
"4946","07_report/CpG_context_sampling_1245_946_trimmed_bismark_bt2.CpG",422,307,115,422
"4947","07_report/CpG_context_sampling_1245_947_trimmed_bismark_bt2.CpG",418,302,116,418
"4948","07_report/CpG_context_sampling_1245_948_trimmed_bismark_bt2.CpG",433,318,115,433
"4949","07_report/CpG_context_sampling_1245_949_trimmed_bismark_bt2.CpG",456,324,132,456
"4950","07_report/CpG_context_sampling_1245_950_trimmed_bismark_bt2.CpG",415,292,123,415
"4951","07_report/CpG_context_sampling_1245_951_trimmed_bismark_bt2.CpG",419,280,139,419
"4952","07_report/CpG_context_sampling_1245_952_trimmed_bismark_bt2.CpG",450,303,147,450
"4953","07_report/CpG_context_sampling_1245_953_trimmed_bismark_bt2.CpG",448,308,140,448
"4954","07_report/CpG_context_sampling_1245_954_trimmed_bismark_bt2.CpG",443,338,105,443
"4955","07_report/CpG_context_sampling_1245_955_trimmed_bismark_bt2.CpG",419,307,112,419
"4956","07_report/CpG_context_sampling_1245_956_trimmed_bismark_bt2.CpG",428,306,122,428
"4957","07_report/CpG_context_sampling_1245_957_trimmed_bismark_bt2.CpG",404,276,128,404
"4958","07_report/CpG_context_sampling_1245_958_trimmed_bismark_bt2.CpG",461,323,138,461
"4959","07_report/CpG_context_sampling_1245_959_trimmed_bismark_bt2.CpG",423,299,124,423
"4960","07_report/CpG_context_sampling_1245_960_trimmed_bismark_bt2.CpG",420,300,120,420
"4961","07_report/CpG_context_sampling_1245_961_trimmed_bismark_bt2.CpG",416,304,112,416
"4962","07_report/CpG_context_sampling_1245_962_trimmed_bismark_bt2.CpG",442,320,122,442
"4963","07_report/CpG_context_sampling_1245_963_trimmed_bismark_bt2.CpG",427,309,118,427
"4964","07_report/CpG_context_sampling_1245_964_trimmed_bismark_bt2.CpG",431,299,132,431
"4965","07_report/CpG_context_sampling_1245_965_trimmed_bismark_bt2.CpG",451,302,149,451
"4966","07_report/CpG_context_sampling_1245_966_trimmed_bismark_bt2.CpG",424,308,116,424
"4967","07_report/CpG_context_sampling_1245_967_trimmed_bismark_bt2.CpG",464,344,120,464
"4968","07_report/CpG_context_sampling_1245_968_trimmed_bismark_bt2.CpG",431,318,113,431
"4969","07_report/CpG_context_sampling_1245_969_trimmed_bismark_bt2.CpG",436,308,128,436
"4970","07_report/CpG_context_sampling_1245_970_trimmed_bismark_bt2.CpG",425,311,114,425
"4971","07_report/CpG_context_sampling_1245_971_trimmed_bismark_bt2.CpG",420,305,115,420
"4972","07_report/CpG_context_sampling_1245_972_trimmed_bismark_bt2.CpG",461,323,138,461
"4973","07_report/CpG_context_sampling_1245_973_trimmed_bismark_bt2.CpG",423,300,123,423
"4974","07_report/CpG_context_sampling_1245_974_trimmed_bismark_bt2.CpG",426,298,128,426
"4975","07_report/CpG_context_sampling_1245_975_trimmed_bismark_bt2.CpG",431,306,125,431
"4976","07_report/CpG_context_sampling_1245_976_trimmed_bismark_bt2.CpG",434,298,136,434
"4977","07_report/CpG_context_sampling_1245_977_trimmed_bismark_bt2.CpG",413,291,122,413
"4978","07_report/CpG_context_sampling_1245_978_trimmed_bismark_bt2.CpG",439,324,115,439
"4979","07_report/CpG_context_sampling_1245_979_trimmed_bismark_bt2.CpG",424,306,118,424
"4980","07_report/CpG_context_sampling_1245_980_trimmed_bismark_bt2.CpG",447,326,121,447
"4981","07_report/CpG_context_sampling_1245_981_trimmed_bismark_bt2.CpG",431,308,123,431
"4982","07_report/CpG_context_sampling_1245_982_trimmed_bismark_bt2.CpG",437,309,128,437
"4983","07_report/CpG_context_sampling_1245_983_trimmed_bismark_bt2.CpG",429,317,112,429
"4984","07_report/CpG_context_sampling_1245_984_trimmed_bismark_bt2.CpG",455,332,123,455
"4985","07_report/CpG_context_sampling_1245_985_trimmed_bismark_bt2.CpG",413,307,106,413
"4986","07_report/CpG_context_sampling_1245_986_trimmed_bismark_bt2.CpG",436,320,116,436
"4987","07_report/CpG_context_sampling_1245_987_trimmed_bismark_bt2.CpG",462,332,130,462
"4988","07_report/CpG_context_sampling_1245_988_trimmed_bismark_bt2.CpG",416,291,125,416
"4989","07_report/CpG_context_sampling_1245_989_trimmed_bismark_bt2.CpG",435,308,127,435
"4990","07_report/CpG_context_sampling_1245_990_trimmed_bismark_bt2.CpG",439,311,128,439
"4991","07_report/CpG_context_sampling_1245_991_trimmed_bismark_bt2.CpG",439,307,132,439
"4992","07_report/CpG_context_sampling_1245_992_trimmed_bismark_bt2.CpG",443,328,115,443
"4993","07_report/CpG_context_sampling_1245_993_trimmed_bismark_bt2.CpG",449,298,151,449
"4994","07_report/CpG_context_sampling_1245_994_trimmed_bismark_bt2.CpG",380,268,112,380
"4995","07_report/CpG_context_sampling_1245_995_trimmed_bismark_bt2.CpG",426,302,124,426
"4996","07_report/CpG_context_sampling_1245_996_trimmed_bismark_bt2.CpG",438,316,122,438
"4997","07_report/CpG_context_sampling_1245_997_trimmed_bismark_bt2.CpG",429,306,123,429
"4998","07_report/CpG_context_sampling_1245_998_trimmed_bismark_bt2.CpG",449,313,136,449
"4999","07_report/CpG_context_sampling_1245_999_trimmed_bismark_bt2.CpG",431,321,110,431
"5000","07_report/CpG_context_sampling_1245_1000_trimmed_bismark_bt2.CpG",426,301,125,426
"5001","07_report/CpG_context_sampling_1868_1_trimmed_bismark_bt2.CpG",644,457,187,644
"5002","07_report/CpG_context_sampling_1868_2_trimmed_bismark_bt2.CpG",660,465,195,660
"5003","07_report/CpG_context_sampling_1868_3_trimmed_bismark_bt2.CpG",632,434,198,632
"5004","07_report/CpG_context_sampling_1868_4_trimmed_bismark_bt2.CpG",658,461,197,658
"5005","07_report/CpG_context_sampling_1868_5_trimmed_bismark_bt2.CpG",648,449,199,648
"5006","07_report/CpG_context_sampling_1868_6_trimmed_bismark_bt2.CpG",672,472,200,672
"5007","07_report/CpG_context_sampling_1868_7_trimmed_bismark_bt2.CpG",639,458,181,639
"5008","07_report/CpG_context_sampling_1868_8_trimmed_bismark_bt2.CpG",684,477,207,684
"5009","07_report/CpG_context_sampling_1868_9_trimmed_bismark_bt2.CpG",614,445,169,614
"5010","07_report/CpG_context_sampling_1868_10_trimmed_bismark_bt2.CpG",623,436,187,623
"5011","07_report/CpG_context_sampling_1868_11_trimmed_bismark_bt2.CpG",631,449,182,631
"5012","07_report/CpG_context_sampling_1868_12_trimmed_bismark_bt2.CpG",629,461,168,629
"5013","07_report/CpG_context_sampling_1868_13_trimmed_bismark_bt2.CpG",635,458,177,635
"5014","07_report/CpG_context_sampling_1868_14_trimmed_bismark_bt2.CpG",658,480,178,658
"5015","07_report/CpG_context_sampling_1868_15_trimmed_bismark_bt2.CpG",624,441,183,624
"5016","07_report/CpG_context_sampling_1868_16_trimmed_bismark_bt2.CpG",639,469,170,639
"5017","07_report/CpG_context_sampling_1868_17_trimmed_bismark_bt2.CpG",642,475,167,642
"5018","07_report/CpG_context_sampling_1868_18_trimmed_bismark_bt2.CpG",659,476,183,659
"5019","07_report/CpG_context_sampling_1868_19_trimmed_bismark_bt2.CpG",632,468,164,632
"5020","07_report/CpG_context_sampling_1868_20_trimmed_bismark_bt2.CpG",649,470,179,649
"5021","07_report/CpG_context_sampling_1868_21_trimmed_bismark_bt2.CpG",674,460,214,674
"5022","07_report/CpG_context_sampling_1868_22_trimmed_bismark_bt2.CpG",654,483,171,654
"5023","07_report/CpG_context_sampling_1868_23_trimmed_bismark_bt2.CpG",685,500,185,685
"5024","07_report/CpG_context_sampling_1868_24_trimmed_bismark_bt2.CpG",647,477,170,647
"5025","07_report/CpG_context_sampling_1868_25_trimmed_bismark_bt2.CpG",629,436,193,629
"5026","07_report/CpG_context_sampling_1868_26_trimmed_bismark_bt2.CpG",630,469,161,630
"5027","07_report/CpG_context_sampling_1868_27_trimmed_bismark_bt2.CpG",636,465,171,636
"5028","07_report/CpG_context_sampling_1868_28_trimmed_bismark_bt2.CpG",649,489,160,649
"5029","07_report/CpG_context_sampling_1868_29_trimmed_bismark_bt2.CpG",665,470,195,665
"5030","07_report/CpG_context_sampling_1868_30_trimmed_bismark_bt2.CpG",656,468,188,656
"5031","07_report/CpG_context_sampling_1868_31_trimmed_bismark_bt2.CpG",602,425,177,602
"5032","07_report/CpG_context_sampling_1868_32_trimmed_bismark_bt2.CpG",675,494,181,675
"5033","07_report/CpG_context_sampling_1868_33_trimmed_bismark_bt2.CpG",676,458,218,676
"5034","07_report/CpG_context_sampling_1868_34_trimmed_bismark_bt2.CpG",619,449,170,619
"5035","07_report/CpG_context_sampling_1868_35_trimmed_bismark_bt2.CpG",657,457,200,657
"5036","07_report/CpG_context_sampling_1868_36_trimmed_bismark_bt2.CpG",629,448,181,629
"5037","07_report/CpG_context_sampling_1868_37_trimmed_bismark_bt2.CpG",641,472,169,641
"5038","07_report/CpG_context_sampling_1868_38_trimmed_bismark_bt2.CpG",604,442,162,604
"5039","07_report/CpG_context_sampling_1868_39_trimmed_bismark_bt2.CpG",663,482,181,663
"5040","07_report/CpG_context_sampling_1868_40_trimmed_bismark_bt2.CpG",662,483,179,662
"5041","07_report/CpG_context_sampling_1868_41_trimmed_bismark_bt2.CpG",667,467,200,667
"5042","07_report/CpG_context_sampling_1868_42_trimmed_bismark_bt2.CpG",622,432,190,622
"5043","07_report/CpG_context_sampling_1868_43_trimmed_bismark_bt2.CpG",660,502,158,660
"5044","07_report/CpG_context_sampling_1868_44_trimmed_bismark_bt2.CpG",670,489,181,670
"5045","07_report/CpG_context_sampling_1868_45_trimmed_bismark_bt2.CpG",685,495,190,685
"5046","07_report/CpG_context_sampling_1868_46_trimmed_bismark_bt2.CpG",616,428,188,616
"5047","07_report/CpG_context_sampling_1868_47_trimmed_bismark_bt2.CpG",651,478,173,651
"5048","07_report/CpG_context_sampling_1868_48_trimmed_bismark_bt2.CpG",656,467,189,656
"5049","07_report/CpG_context_sampling_1868_49_trimmed_bismark_bt2.CpG",674,474,200,674
"5050","07_report/CpG_context_sampling_1868_50_trimmed_bismark_bt2.CpG",644,460,184,644
"5051","07_report/CpG_context_sampling_1868_51_trimmed_bismark_bt2.CpG",668,473,195,668
"5052","07_report/CpG_context_sampling_1868_52_trimmed_bismark_bt2.CpG",626,451,175,626
"5053","07_report/CpG_context_sampling_1868_53_trimmed_bismark_bt2.CpG",670,493,177,670
"5054","07_report/CpG_context_sampling_1868_54_trimmed_bismark_bt2.CpG",633,458,175,633
"5055","07_report/CpG_context_sampling_1868_55_trimmed_bismark_bt2.CpG",637,450,187,637
"5056","07_report/CpG_context_sampling_1868_56_trimmed_bismark_bt2.CpG",674,472,202,674
"5057","07_report/CpG_context_sampling_1868_57_trimmed_bismark_bt2.CpG",652,478,174,652
"5058","07_report/CpG_context_sampling_1868_58_trimmed_bismark_bt2.CpG",642,475,167,642
"5059","07_report/CpG_context_sampling_1868_59_trimmed_bismark_bt2.CpG",667,485,182,667
"5060","07_report/CpG_context_sampling_1868_60_trimmed_bismark_bt2.CpG",626,446,180,626
"5061","07_report/CpG_context_sampling_1868_61_trimmed_bismark_bt2.CpG",702,516,186,702
"5062","07_report/CpG_context_sampling_1868_62_trimmed_bismark_bt2.CpG",654,468,186,654
"5063","07_report/CpG_context_sampling_1868_63_trimmed_bismark_bt2.CpG",670,467,203,670
"5064","07_report/CpG_context_sampling_1868_64_trimmed_bismark_bt2.CpG",666,476,190,666
"5065","07_report/CpG_context_sampling_1868_65_trimmed_bismark_bt2.CpG",652,454,198,652
"5066","07_report/CpG_context_sampling_1868_66_trimmed_bismark_bt2.CpG",625,449,176,625
"5067","07_report/CpG_context_sampling_1868_67_trimmed_bismark_bt2.CpG",651,449,202,651
"5068","07_report/CpG_context_sampling_1868_68_trimmed_bismark_bt2.CpG",636,463,173,636
"5069","07_report/CpG_context_sampling_1868_69_trimmed_bismark_bt2.CpG",639,455,184,639
"5070","07_report/CpG_context_sampling_1868_70_trimmed_bismark_bt2.CpG",625,468,157,625
"5071","07_report/CpG_context_sampling_1868_71_trimmed_bismark_bt2.CpG",634,457,177,634
"5072","07_report/CpG_context_sampling_1868_72_trimmed_bismark_bt2.CpG",647,472,175,647
"5073","07_report/CpG_context_sampling_1868_73_trimmed_bismark_bt2.CpG",620,430,190,620
"5074","07_report/CpG_context_sampling_1868_74_trimmed_bismark_bt2.CpG",633,451,182,633
"5075","07_report/CpG_context_sampling_1868_75_trimmed_bismark_bt2.CpG",637,446,191,637
"5076","07_report/CpG_context_sampling_1868_76_trimmed_bismark_bt2.CpG",621,443,178,621
"5077","07_report/CpG_context_sampling_1868_77_trimmed_bismark_bt2.CpG",631,455,176,631
"5078","07_report/CpG_context_sampling_1868_78_trimmed_bismark_bt2.CpG",673,463,210,673
"5079","07_report/CpG_context_sampling_1868_79_trimmed_bismark_bt2.CpG",655,479,176,655
"5080","07_report/CpG_context_sampling_1868_80_trimmed_bismark_bt2.CpG",614,432,182,614
"5081","07_report/CpG_context_sampling_1868_81_trimmed_bismark_bt2.CpG",636,475,161,636
"5082","07_report/CpG_context_sampling_1868_82_trimmed_bismark_bt2.CpG",659,454,205,659
"5083","07_report/CpG_context_sampling_1868_83_trimmed_bismark_bt2.CpG",653,472,181,653
"5084","07_report/CpG_context_sampling_1868_84_trimmed_bismark_bt2.CpG",630,452,178,630
"5085","07_report/CpG_context_sampling_1868_85_trimmed_bismark_bt2.CpG",630,440,190,630
"5086","07_report/CpG_context_sampling_1868_86_trimmed_bismark_bt2.CpG",633,461,172,633
"5087","07_report/CpG_context_sampling_1868_87_trimmed_bismark_bt2.CpG",650,455,195,650
"5088","07_report/CpG_context_sampling_1868_88_trimmed_bismark_bt2.CpG",619,457,162,619
"5089","07_report/CpG_context_sampling_1868_89_trimmed_bismark_bt2.CpG",651,486,165,651
"5090","07_report/CpG_context_sampling_1868_90_trimmed_bismark_bt2.CpG",654,458,196,654
"5091","07_report/CpG_context_sampling_1868_91_trimmed_bismark_bt2.CpG",666,479,187,666
"5092","07_report/CpG_context_sampling_1868_92_trimmed_bismark_bt2.CpG",638,471,167,638
"5093","07_report/CpG_context_sampling_1868_93_trimmed_bismark_bt2.CpG",636,441,195,636
"5094","07_report/CpG_context_sampling_1868_94_trimmed_bismark_bt2.CpG",668,474,194,668
"5095","07_report/CpG_context_sampling_1868_95_trimmed_bismark_bt2.CpG",644,437,207,644
"5096","07_report/CpG_context_sampling_1868_96_trimmed_bismark_bt2.CpG",672,459,213,672
"5097","07_report/CpG_context_sampling_1868_97_trimmed_bismark_bt2.CpG",656,477,179,656
"5098","07_report/CpG_context_sampling_1868_98_trimmed_bismark_bt2.CpG",626,439,187,626
"5099","07_report/CpG_context_sampling_1868_99_trimmed_bismark_bt2.CpG",670,471,199,670
"5100","07_report/CpG_context_sampling_1868_100_trimmed_bismark_bt2.CpG",626,443,183,626
"5101","07_report/CpG_context_sampling_1868_101_trimmed_bismark_bt2.CpG",655,471,184,655
"5102","07_report/CpG_context_sampling_1868_102_trimmed_bismark_bt2.CpG",713,526,187,713
"5103","07_report/CpG_context_sampling_1868_103_trimmed_bismark_bt2.CpG",669,469,200,669
"5104","07_report/CpG_context_sampling_1868_104_trimmed_bismark_bt2.CpG",630,448,182,630
"5105","07_report/CpG_context_sampling_1868_105_trimmed_bismark_bt2.CpG",645,450,195,645
"5106","07_report/CpG_context_sampling_1868_106_trimmed_bismark_bt2.CpG",657,482,175,657
"5107","07_report/CpG_context_sampling_1868_107_trimmed_bismark_bt2.CpG",674,500,174,674
"5108","07_report/CpG_context_sampling_1868_108_trimmed_bismark_bt2.CpG",638,445,193,638
"5109","07_report/CpG_context_sampling_1868_109_trimmed_bismark_bt2.CpG",644,473,171,644
"5110","07_report/CpG_context_sampling_1868_110_trimmed_bismark_bt2.CpG",678,466,212,678
"5111","07_report/CpG_context_sampling_1868_111_trimmed_bismark_bt2.CpG",653,466,187,653
"5112","07_report/CpG_context_sampling_1868_112_trimmed_bismark_bt2.CpG",653,473,180,653
"5113","07_report/CpG_context_sampling_1868_113_trimmed_bismark_bt2.CpG",655,479,176,655
"5114","07_report/CpG_context_sampling_1868_114_trimmed_bismark_bt2.CpG",651,471,180,651
"5115","07_report/CpG_context_sampling_1868_115_trimmed_bismark_bt2.CpG",644,460,184,644
"5116","07_report/CpG_context_sampling_1868_116_trimmed_bismark_bt2.CpG",648,469,179,648
"5117","07_report/CpG_context_sampling_1868_117_trimmed_bismark_bt2.CpG",606,447,159,606
"5118","07_report/CpG_context_sampling_1868_118_trimmed_bismark_bt2.CpG",642,465,177,642
"5119","07_report/CpG_context_sampling_1868_119_trimmed_bismark_bt2.CpG",634,470,164,634
"5120","07_report/CpG_context_sampling_1868_120_trimmed_bismark_bt2.CpG",640,459,181,640
"5121","07_report/CpG_context_sampling_1868_121_trimmed_bismark_bt2.CpG",652,473,179,652
"5122","07_report/CpG_context_sampling_1868_122_trimmed_bismark_bt2.CpG",668,495,173,668
"5123","07_report/CpG_context_sampling_1868_123_trimmed_bismark_bt2.CpG",667,470,197,667
"5124","07_report/CpG_context_sampling_1868_124_trimmed_bismark_bt2.CpG",636,457,179,636
"5125","07_report/CpG_context_sampling_1868_125_trimmed_bismark_bt2.CpG",645,469,176,645
"5126","07_report/CpG_context_sampling_1868_126_trimmed_bismark_bt2.CpG",639,453,186,639
"5127","07_report/CpG_context_sampling_1868_127_trimmed_bismark_bt2.CpG",651,454,197,651
"5128","07_report/CpG_context_sampling_1868_128_trimmed_bismark_bt2.CpG",675,487,188,675
"5129","07_report/CpG_context_sampling_1868_129_trimmed_bismark_bt2.CpG",653,460,193,653
"5130","07_report/CpG_context_sampling_1868_130_trimmed_bismark_bt2.CpG",636,456,180,636
"5131","07_report/CpG_context_sampling_1868_131_trimmed_bismark_bt2.CpG",613,427,186,613
"5132","07_report/CpG_context_sampling_1868_132_trimmed_bismark_bt2.CpG",651,473,178,651
"5133","07_report/CpG_context_sampling_1868_133_trimmed_bismark_bt2.CpG",632,454,178,632
"5134","07_report/CpG_context_sampling_1868_134_trimmed_bismark_bt2.CpG",663,470,193,663
"5135","07_report/CpG_context_sampling_1868_135_trimmed_bismark_bt2.CpG",627,459,168,627
"5136","07_report/CpG_context_sampling_1868_136_trimmed_bismark_bt2.CpG",629,467,162,629
"5137","07_report/CpG_context_sampling_1868_137_trimmed_bismark_bt2.CpG",650,480,170,650
"5138","07_report/CpG_context_sampling_1868_138_trimmed_bismark_bt2.CpG",630,453,177,630
"5139","07_report/CpG_context_sampling_1868_139_trimmed_bismark_bt2.CpG",667,475,192,667
"5140","07_report/CpG_context_sampling_1868_140_trimmed_bismark_bt2.CpG",657,463,194,657
"5141","07_report/CpG_context_sampling_1868_141_trimmed_bismark_bt2.CpG",627,484,143,627
"5142","07_report/CpG_context_sampling_1868_142_trimmed_bismark_bt2.CpG",623,442,181,623
"5143","07_report/CpG_context_sampling_1868_143_trimmed_bismark_bt2.CpG",615,439,176,615
"5144","07_report/CpG_context_sampling_1868_144_trimmed_bismark_bt2.CpG",646,456,190,646
"5145","07_report/CpG_context_sampling_1868_145_trimmed_bismark_bt2.CpG",664,473,191,664
"5146","07_report/CpG_context_sampling_1868_146_trimmed_bismark_bt2.CpG",665,467,198,665
"5147","07_report/CpG_context_sampling_1868_147_trimmed_bismark_bt2.CpG",655,463,192,655
"5148","07_report/CpG_context_sampling_1868_148_trimmed_bismark_bt2.CpG",646,456,190,646
"5149","07_report/CpG_context_sampling_1868_149_trimmed_bismark_bt2.CpG",651,445,206,651
"5150","07_report/CpG_context_sampling_1868_150_trimmed_bismark_bt2.CpG",674,475,199,674
"5151","07_report/CpG_context_sampling_1868_151_trimmed_bismark_bt2.CpG",668,471,197,668
"5152","07_report/CpG_context_sampling_1868_152_trimmed_bismark_bt2.CpG",683,474,209,683
"5153","07_report/CpG_context_sampling_1868_153_trimmed_bismark_bt2.CpG",628,445,183,628
"5154","07_report/CpG_context_sampling_1868_154_trimmed_bismark_bt2.CpG",649,453,196,649
"5155","07_report/CpG_context_sampling_1868_155_trimmed_bismark_bt2.CpG",648,442,206,648
"5156","07_report/CpG_context_sampling_1868_156_trimmed_bismark_bt2.CpG",630,431,199,630
"5157","07_report/CpG_context_sampling_1868_157_trimmed_bismark_bt2.CpG",670,485,185,670
"5158","07_report/CpG_context_sampling_1868_158_trimmed_bismark_bt2.CpG",666,462,204,666
"5159","07_report/CpG_context_sampling_1868_159_trimmed_bismark_bt2.CpG",642,442,200,642
"5160","07_report/CpG_context_sampling_1868_160_trimmed_bismark_bt2.CpG",647,451,196,647
"5161","07_report/CpG_context_sampling_1868_161_trimmed_bismark_bt2.CpG",660,465,195,660
"5162","07_report/CpG_context_sampling_1868_162_trimmed_bismark_bt2.CpG",682,492,190,682
"5163","07_report/CpG_context_sampling_1868_163_trimmed_bismark_bt2.CpG",618,449,169,618
"5164","07_report/CpG_context_sampling_1868_164_trimmed_bismark_bt2.CpG",623,444,179,623
"5165","07_report/CpG_context_sampling_1868_165_trimmed_bismark_bt2.CpG",653,463,190,653
"5166","07_report/CpG_context_sampling_1868_166_trimmed_bismark_bt2.CpG",632,463,169,632
"5167","07_report/CpG_context_sampling_1868_167_trimmed_bismark_bt2.CpG",639,441,198,639
"5168","07_report/CpG_context_sampling_1868_168_trimmed_bismark_bt2.CpG",620,439,181,620
"5169","07_report/CpG_context_sampling_1868_169_trimmed_bismark_bt2.CpG",635,435,200,635
"5170","07_report/CpG_context_sampling_1868_170_trimmed_bismark_bt2.CpG",636,450,186,636
"5171","07_report/CpG_context_sampling_1868_171_trimmed_bismark_bt2.CpG",624,465,159,624
"5172","07_report/CpG_context_sampling_1868_172_trimmed_bismark_bt2.CpG",664,476,188,664
"5173","07_report/CpG_context_sampling_1868_173_trimmed_bismark_bt2.CpG",643,446,197,643
"5174","07_report/CpG_context_sampling_1868_174_trimmed_bismark_bt2.CpG",656,484,172,656
"5175","07_report/CpG_context_sampling_1868_175_trimmed_bismark_bt2.CpG",658,457,201,658
"5176","07_report/CpG_context_sampling_1868_176_trimmed_bismark_bt2.CpG",681,478,203,681
"5177","07_report/CpG_context_sampling_1868_177_trimmed_bismark_bt2.CpG",680,503,177,680
"5178","07_report/CpG_context_sampling_1868_178_trimmed_bismark_bt2.CpG",655,480,175,655
"5179","07_report/CpG_context_sampling_1868_179_trimmed_bismark_bt2.CpG",662,478,184,662
"5180","07_report/CpG_context_sampling_1868_180_trimmed_bismark_bt2.CpG",614,438,176,614
"5181","07_report/CpG_context_sampling_1868_181_trimmed_bismark_bt2.CpG",657,468,189,657
"5182","07_report/CpG_context_sampling_1868_182_trimmed_bismark_bt2.CpG",612,448,164,612
"5183","07_report/CpG_context_sampling_1868_183_trimmed_bismark_bt2.CpG",642,460,182,642
"5184","07_report/CpG_context_sampling_1868_184_trimmed_bismark_bt2.CpG",677,488,189,677
"5185","07_report/CpG_context_sampling_1868_185_trimmed_bismark_bt2.CpG",658,460,198,658
"5186","07_report/CpG_context_sampling_1868_186_trimmed_bismark_bt2.CpG",644,459,185,644
"5187","07_report/CpG_context_sampling_1868_187_trimmed_bismark_bt2.CpG",643,466,177,643
"5188","07_report/CpG_context_sampling_1868_188_trimmed_bismark_bt2.CpG",628,440,188,628
"5189","07_report/CpG_context_sampling_1868_189_trimmed_bismark_bt2.CpG",629,445,184,629
"5190","07_report/CpG_context_sampling_1868_190_trimmed_bismark_bt2.CpG",666,475,191,666
"5191","07_report/CpG_context_sampling_1868_191_trimmed_bismark_bt2.CpG",646,447,199,646
"5192","07_report/CpG_context_sampling_1868_192_trimmed_bismark_bt2.CpG",661,484,177,661
"5193","07_report/CpG_context_sampling_1868_193_trimmed_bismark_bt2.CpG",652,452,200,652
"5194","07_report/CpG_context_sampling_1868_194_trimmed_bismark_bt2.CpG",674,501,173,674
"5195","07_report/CpG_context_sampling_1868_195_trimmed_bismark_bt2.CpG",617,417,200,617
"5196","07_report/CpG_context_sampling_1868_196_trimmed_bismark_bt2.CpG",658,490,168,658
"5197","07_report/CpG_context_sampling_1868_197_trimmed_bismark_bt2.CpG",622,439,183,622
"5198","07_report/CpG_context_sampling_1868_198_trimmed_bismark_bt2.CpG",644,455,189,644
"5199","07_report/CpG_context_sampling_1868_199_trimmed_bismark_bt2.CpG",646,456,190,646
"5200","07_report/CpG_context_sampling_1868_200_trimmed_bismark_bt2.CpG",697,506,191,697
"5201","07_report/CpG_context_sampling_1868_201_trimmed_bismark_bt2.CpG",649,471,178,649
"5202","07_report/CpG_context_sampling_1868_202_trimmed_bismark_bt2.CpG",640,470,170,640
"5203","07_report/CpG_context_sampling_1868_203_trimmed_bismark_bt2.CpG",659,460,199,659
"5204","07_report/CpG_context_sampling_1868_204_trimmed_bismark_bt2.CpG",651,459,192,651
"5205","07_report/CpG_context_sampling_1868_205_trimmed_bismark_bt2.CpG",685,480,205,685
"5206","07_report/CpG_context_sampling_1868_206_trimmed_bismark_bt2.CpG",615,433,182,615
"5207","07_report/CpG_context_sampling_1868_207_trimmed_bismark_bt2.CpG",639,445,194,639
"5208","07_report/CpG_context_sampling_1868_208_trimmed_bismark_bt2.CpG",635,483,152,635
"5209","07_report/CpG_context_sampling_1868_209_trimmed_bismark_bt2.CpG",648,467,181,648
"5210","07_report/CpG_context_sampling_1868_210_trimmed_bismark_bt2.CpG",673,469,204,673
"5211","07_report/CpG_context_sampling_1868_211_trimmed_bismark_bt2.CpG",678,494,184,678
"5212","07_report/CpG_context_sampling_1868_212_trimmed_bismark_bt2.CpG",647,469,178,647
"5213","07_report/CpG_context_sampling_1868_213_trimmed_bismark_bt2.CpG",666,483,183,666
"5214","07_report/CpG_context_sampling_1868_214_trimmed_bismark_bt2.CpG",635,459,176,635
"5215","07_report/CpG_context_sampling_1868_215_trimmed_bismark_bt2.CpG",652,461,191,652
"5216","07_report/CpG_context_sampling_1868_216_trimmed_bismark_bt2.CpG",650,461,189,650
"5217","07_report/CpG_context_sampling_1868_217_trimmed_bismark_bt2.CpG",601,428,173,601
"5218","07_report/CpG_context_sampling_1868_218_trimmed_bismark_bt2.CpG",627,438,189,627
"5219","07_report/CpG_context_sampling_1868_219_trimmed_bismark_bt2.CpG",606,430,176,606
"5220","07_report/CpG_context_sampling_1868_220_trimmed_bismark_bt2.CpG",637,457,180,637
"5221","07_report/CpG_context_sampling_1868_221_trimmed_bismark_bt2.CpG",658,486,172,658
"5222","07_report/CpG_context_sampling_1868_222_trimmed_bismark_bt2.CpG",671,499,172,671
"5223","07_report/CpG_context_sampling_1868_223_trimmed_bismark_bt2.CpG",605,431,174,605
"5224","07_report/CpG_context_sampling_1868_224_trimmed_bismark_bt2.CpG",635,477,158,635
"5225","07_report/CpG_context_sampling_1868_225_trimmed_bismark_bt2.CpG",624,435,189,624
"5226","07_report/CpG_context_sampling_1868_226_trimmed_bismark_bt2.CpG",641,451,190,641
"5227","07_report/CpG_context_sampling_1868_227_trimmed_bismark_bt2.CpG",616,452,164,616
"5228","07_report/CpG_context_sampling_1868_228_trimmed_bismark_bt2.CpG",631,436,195,631
"5229","07_report/CpG_context_sampling_1868_229_trimmed_bismark_bt2.CpG",663,477,186,663
"5230","07_report/CpG_context_sampling_1868_230_trimmed_bismark_bt2.CpG",652,459,193,652
"5231","07_report/CpG_context_sampling_1868_231_trimmed_bismark_bt2.CpG",662,473,189,662
"5232","07_report/CpG_context_sampling_1868_232_trimmed_bismark_bt2.CpG",662,477,185,662
"5233","07_report/CpG_context_sampling_1868_233_trimmed_bismark_bt2.CpG",660,472,188,660
"5234","07_report/CpG_context_sampling_1868_234_trimmed_bismark_bt2.CpG",602,433,169,602
"5235","07_report/CpG_context_sampling_1868_235_trimmed_bismark_bt2.CpG",621,442,179,621
"5236","07_report/CpG_context_sampling_1868_236_trimmed_bismark_bt2.CpG",633,458,175,633
"5237","07_report/CpG_context_sampling_1868_237_trimmed_bismark_bt2.CpG",649,485,164,649
"5238","07_report/CpG_context_sampling_1868_238_trimmed_bismark_bt2.CpG",615,458,157,615
"5239","07_report/CpG_context_sampling_1868_239_trimmed_bismark_bt2.CpG",628,452,176,628
"5240","07_report/CpG_context_sampling_1868_240_trimmed_bismark_bt2.CpG",664,483,181,664
"5241","07_report/CpG_context_sampling_1868_241_trimmed_bismark_bt2.CpG",626,445,181,626
"5242","07_report/CpG_context_sampling_1868_242_trimmed_bismark_bt2.CpG",637,461,176,637
"5243","07_report/CpG_context_sampling_1868_243_trimmed_bismark_bt2.CpG",651,464,187,651
"5244","07_report/CpG_context_sampling_1868_244_trimmed_bismark_bt2.CpG",637,454,183,637
"5245","07_report/CpG_context_sampling_1868_245_trimmed_bismark_bt2.CpG",675,490,185,675
"5246","07_report/CpG_context_sampling_1868_246_trimmed_bismark_bt2.CpG",639,444,195,639
"5247","07_report/CpG_context_sampling_1868_247_trimmed_bismark_bt2.CpG",654,483,171,654
"5248","07_report/CpG_context_sampling_1868_248_trimmed_bismark_bt2.CpG",654,470,184,654
"5249","07_report/CpG_context_sampling_1868_249_trimmed_bismark_bt2.CpG",627,434,193,627
"5250","07_report/CpG_context_sampling_1868_250_trimmed_bismark_bt2.CpG",648,455,193,648
"5251","07_report/CpG_context_sampling_1868_251_trimmed_bismark_bt2.CpG",650,447,203,650
"5252","07_report/CpG_context_sampling_1868_252_trimmed_bismark_bt2.CpG",650,486,164,650
"5253","07_report/CpG_context_sampling_1868_253_trimmed_bismark_bt2.CpG",652,461,191,652
"5254","07_report/CpG_context_sampling_1868_254_trimmed_bismark_bt2.CpG",649,478,171,649
"5255","07_report/CpG_context_sampling_1868_255_trimmed_bismark_bt2.CpG",631,461,170,631
"5256","07_report/CpG_context_sampling_1868_256_trimmed_bismark_bt2.CpG",627,446,181,627
"5257","07_report/CpG_context_sampling_1868_257_trimmed_bismark_bt2.CpG",659,500,159,659
"5258","07_report/CpG_context_sampling_1868_258_trimmed_bismark_bt2.CpG",636,429,207,636
"5259","07_report/CpG_context_sampling_1868_259_trimmed_bismark_bt2.CpG",630,441,189,630
"5260","07_report/CpG_context_sampling_1868_260_trimmed_bismark_bt2.CpG",664,483,181,664
"5261","07_report/CpG_context_sampling_1868_261_trimmed_bismark_bt2.CpG",628,459,169,628
"5262","07_report/CpG_context_sampling_1868_262_trimmed_bismark_bt2.CpG",640,463,177,640
"5263","07_report/CpG_context_sampling_1868_263_trimmed_bismark_bt2.CpG",649,440,209,649
"5264","07_report/CpG_context_sampling_1868_264_trimmed_bismark_bt2.CpG",618,440,178,618
"5265","07_report/CpG_context_sampling_1868_265_trimmed_bismark_bt2.CpG",642,463,179,642
"5266","07_report/CpG_context_sampling_1868_266_trimmed_bismark_bt2.CpG",642,447,195,642
"5267","07_report/CpG_context_sampling_1868_267_trimmed_bismark_bt2.CpG",642,465,177,642
"5268","07_report/CpG_context_sampling_1868_268_trimmed_bismark_bt2.CpG",655,448,207,655
"5269","07_report/CpG_context_sampling_1868_269_trimmed_bismark_bt2.CpG",687,499,188,687
"5270","07_report/CpG_context_sampling_1868_270_trimmed_bismark_bt2.CpG",660,475,185,660
"5271","07_report/CpG_context_sampling_1868_271_trimmed_bismark_bt2.CpG",672,467,205,672
"5272","07_report/CpG_context_sampling_1868_272_trimmed_bismark_bt2.CpG",649,475,174,649
"5273","07_report/CpG_context_sampling_1868_273_trimmed_bismark_bt2.CpG",655,464,191,655
"5274","07_report/CpG_context_sampling_1868_274_trimmed_bismark_bt2.CpG",642,461,181,642
"5275","07_report/CpG_context_sampling_1868_275_trimmed_bismark_bt2.CpG",631,440,191,631
"5276","07_report/CpG_context_sampling_1868_276_trimmed_bismark_bt2.CpG",622,438,184,622
"5277","07_report/CpG_context_sampling_1868_277_trimmed_bismark_bt2.CpG",640,441,199,640
"5278","07_report/CpG_context_sampling_1868_278_trimmed_bismark_bt2.CpG",648,446,202,648
"5279","07_report/CpG_context_sampling_1868_279_trimmed_bismark_bt2.CpG",677,473,204,677
"5280","07_report/CpG_context_sampling_1868_280_trimmed_bismark_bt2.CpG",637,460,177,637
"5281","07_report/CpG_context_sampling_1868_281_trimmed_bismark_bt2.CpG",638,438,200,638
"5282","07_report/CpG_context_sampling_1868_282_trimmed_bismark_bt2.CpG",657,474,183,657
"5283","07_report/CpG_context_sampling_1868_283_trimmed_bismark_bt2.CpG",642,455,187,642
"5284","07_report/CpG_context_sampling_1868_284_trimmed_bismark_bt2.CpG",613,448,165,613
"5285","07_report/CpG_context_sampling_1868_285_trimmed_bismark_bt2.CpG",619,431,188,619
"5286","07_report/CpG_context_sampling_1868_286_trimmed_bismark_bt2.CpG",644,452,192,644
"5287","07_report/CpG_context_sampling_1868_287_trimmed_bismark_bt2.CpG",647,449,198,647
"5288","07_report/CpG_context_sampling_1868_288_trimmed_bismark_bt2.CpG",648,483,165,648
"5289","07_report/CpG_context_sampling_1868_289_trimmed_bismark_bt2.CpG",658,486,172,658
"5290","07_report/CpG_context_sampling_1868_290_trimmed_bismark_bt2.CpG",673,493,180,673
"5291","07_report/CpG_context_sampling_1868_291_trimmed_bismark_bt2.CpG",610,456,154,610
"5292","07_report/CpG_context_sampling_1868_292_trimmed_bismark_bt2.CpG",677,498,179,677
"5293","07_report/CpG_context_sampling_1868_293_trimmed_bismark_bt2.CpG",644,467,177,644
"5294","07_report/CpG_context_sampling_1868_294_trimmed_bismark_bt2.CpG",646,465,181,646
"5295","07_report/CpG_context_sampling_1868_295_trimmed_bismark_bt2.CpG",655,486,169,655
"5296","07_report/CpG_context_sampling_1868_296_trimmed_bismark_bt2.CpG",649,447,202,649
"5297","07_report/CpG_context_sampling_1868_297_trimmed_bismark_bt2.CpG",695,484,211,695
"5298","07_report/CpG_context_sampling_1868_298_trimmed_bismark_bt2.CpG",669,490,179,669
"5299","07_report/CpG_context_sampling_1868_299_trimmed_bismark_bt2.CpG",680,480,200,680
"5300","07_report/CpG_context_sampling_1868_300_trimmed_bismark_bt2.CpG",655,463,192,655
"5301","07_report/CpG_context_sampling_1868_301_trimmed_bismark_bt2.CpG",644,466,178,644
"5302","07_report/CpG_context_sampling_1868_302_trimmed_bismark_bt2.CpG",674,474,200,674
"5303","07_report/CpG_context_sampling_1868_303_trimmed_bismark_bt2.CpG",637,467,170,637
"5304","07_report/CpG_context_sampling_1868_304_trimmed_bismark_bt2.CpG",643,452,191,643
"5305","07_report/CpG_context_sampling_1868_305_trimmed_bismark_bt2.CpG",635,470,165,635
"5306","07_report/CpG_context_sampling_1868_306_trimmed_bismark_bt2.CpG",657,457,200,657
"5307","07_report/CpG_context_sampling_1868_307_trimmed_bismark_bt2.CpG",632,452,180,632
"5308","07_report/CpG_context_sampling_1868_308_trimmed_bismark_bt2.CpG",656,477,179,656
"5309","07_report/CpG_context_sampling_1868_309_trimmed_bismark_bt2.CpG",654,465,189,654
"5310","07_report/CpG_context_sampling_1868_310_trimmed_bismark_bt2.CpG",629,472,157,629
"5311","07_report/CpG_context_sampling_1868_311_trimmed_bismark_bt2.CpG",653,486,167,653
"5312","07_report/CpG_context_sampling_1868_312_trimmed_bismark_bt2.CpG",659,473,186,659
"5313","07_report/CpG_context_sampling_1868_313_trimmed_bismark_bt2.CpG",631,454,177,631
"5314","07_report/CpG_context_sampling_1868_314_trimmed_bismark_bt2.CpG",649,463,186,649
"5315","07_report/CpG_context_sampling_1868_315_trimmed_bismark_bt2.CpG",643,479,164,643
"5316","07_report/CpG_context_sampling_1868_316_trimmed_bismark_bt2.CpG",626,447,179,626
"5317","07_report/CpG_context_sampling_1868_317_trimmed_bismark_bt2.CpG",698,500,198,698
"5318","07_report/CpG_context_sampling_1868_318_trimmed_bismark_bt2.CpG",641,465,176,641
"5319","07_report/CpG_context_sampling_1868_319_trimmed_bismark_bt2.CpG",680,486,194,680
"5320","07_report/CpG_context_sampling_1868_320_trimmed_bismark_bt2.CpG",652,470,182,652
"5321","07_report/CpG_context_sampling_1868_321_trimmed_bismark_bt2.CpG",621,439,182,621
"5322","07_report/CpG_context_sampling_1868_322_trimmed_bismark_bt2.CpG",638,463,175,638
"5323","07_report/CpG_context_sampling_1868_323_trimmed_bismark_bt2.CpG",617,446,171,617
"5324","07_report/CpG_context_sampling_1868_324_trimmed_bismark_bt2.CpG",626,449,177,626
"5325","07_report/CpG_context_sampling_1868_325_trimmed_bismark_bt2.CpG",649,477,172,649
"5326","07_report/CpG_context_sampling_1868_326_trimmed_bismark_bt2.CpG",668,477,191,668
"5327","07_report/CpG_context_sampling_1868_327_trimmed_bismark_bt2.CpG",635,449,186,635
"5328","07_report/CpG_context_sampling_1868_328_trimmed_bismark_bt2.CpG",629,434,195,629
"5329","07_report/CpG_context_sampling_1868_329_trimmed_bismark_bt2.CpG",666,459,207,666
"5330","07_report/CpG_context_sampling_1868_330_trimmed_bismark_bt2.CpG",672,483,189,672
"5331","07_report/CpG_context_sampling_1868_331_trimmed_bismark_bt2.CpG",648,495,153,648
"5332","07_report/CpG_context_sampling_1868_332_trimmed_bismark_bt2.CpG",633,467,166,633
"5333","07_report/CpG_context_sampling_1868_333_trimmed_bismark_bt2.CpG",649,464,185,649
"5334","07_report/CpG_context_sampling_1868_334_trimmed_bismark_bt2.CpG",614,424,190,614
"5335","07_report/CpG_context_sampling_1868_335_trimmed_bismark_bt2.CpG",674,472,202,674
"5336","07_report/CpG_context_sampling_1868_336_trimmed_bismark_bt2.CpG",650,467,183,650
"5337","07_report/CpG_context_sampling_1868_337_trimmed_bismark_bt2.CpG",622,444,178,622
"5338","07_report/CpG_context_sampling_1868_338_trimmed_bismark_bt2.CpG",632,461,171,632
"5339","07_report/CpG_context_sampling_1868_339_trimmed_bismark_bt2.CpG",660,465,195,660
"5340","07_report/CpG_context_sampling_1868_340_trimmed_bismark_bt2.CpG",654,469,185,654
"5341","07_report/CpG_context_sampling_1868_341_trimmed_bismark_bt2.CpG",627,439,188,627
"5342","07_report/CpG_context_sampling_1868_342_trimmed_bismark_bt2.CpG",673,459,214,673
"5343","07_report/CpG_context_sampling_1868_343_trimmed_bismark_bt2.CpG",632,472,160,632
"5344","07_report/CpG_context_sampling_1868_344_trimmed_bismark_bt2.CpG",675,499,176,675
"5345","07_report/CpG_context_sampling_1868_345_trimmed_bismark_bt2.CpG",648,467,181,648
"5346","07_report/CpG_context_sampling_1868_346_trimmed_bismark_bt2.CpG",677,483,194,677
"5347","07_report/CpG_context_sampling_1868_347_trimmed_bismark_bt2.CpG",632,466,166,632
"5348","07_report/CpG_context_sampling_1868_348_trimmed_bismark_bt2.CpG",633,451,182,633
"5349","07_report/CpG_context_sampling_1868_349_trimmed_bismark_bt2.CpG",691,479,212,691
"5350","07_report/CpG_context_sampling_1868_350_trimmed_bismark_bt2.CpG",657,466,191,657
"5351","07_report/CpG_context_sampling_1868_351_trimmed_bismark_bt2.CpG",637,455,182,637
"5352","07_report/CpG_context_sampling_1868_352_trimmed_bismark_bt2.CpG",643,449,194,643
"5353","07_report/CpG_context_sampling_1868_353_trimmed_bismark_bt2.CpG",649,433,216,649
"5354","07_report/CpG_context_sampling_1868_354_trimmed_bismark_bt2.CpG",622,446,176,622
"5355","07_report/CpG_context_sampling_1868_355_trimmed_bismark_bt2.CpG",650,473,177,650
"5356","07_report/CpG_context_sampling_1868_356_trimmed_bismark_bt2.CpG",664,490,174,664
"5357","07_report/CpG_context_sampling_1868_357_trimmed_bismark_bt2.CpG",657,472,185,657
"5358","07_report/CpG_context_sampling_1868_358_trimmed_bismark_bt2.CpG",658,477,181,658
"5359","07_report/CpG_context_sampling_1868_359_trimmed_bismark_bt2.CpG",652,470,182,652
"5360","07_report/CpG_context_sampling_1868_360_trimmed_bismark_bt2.CpG",637,456,181,637
"5361","07_report/CpG_context_sampling_1868_361_trimmed_bismark_bt2.CpG",668,476,192,668
"5362","07_report/CpG_context_sampling_1868_362_trimmed_bismark_bt2.CpG",625,464,161,625
"5363","07_report/CpG_context_sampling_1868_363_trimmed_bismark_bt2.CpG",660,472,188,660
"5364","07_report/CpG_context_sampling_1868_364_trimmed_bismark_bt2.CpG",657,481,176,657
"5365","07_report/CpG_context_sampling_1868_365_trimmed_bismark_bt2.CpG",628,444,184,628
"5366","07_report/CpG_context_sampling_1868_366_trimmed_bismark_bt2.CpG",651,477,174,651
"5367","07_report/CpG_context_sampling_1868_367_trimmed_bismark_bt2.CpG",654,450,204,654
"5368","07_report/CpG_context_sampling_1868_368_trimmed_bismark_bt2.CpG",664,470,194,664
"5369","07_report/CpG_context_sampling_1868_369_trimmed_bismark_bt2.CpG",652,489,163,652
"5370","07_report/CpG_context_sampling_1868_370_trimmed_bismark_bt2.CpG",677,455,222,677
"5371","07_report/CpG_context_sampling_1868_371_trimmed_bismark_bt2.CpG",597,418,179,597
"5372","07_report/CpG_context_sampling_1868_372_trimmed_bismark_bt2.CpG",625,454,171,625
"5373","07_report/CpG_context_sampling_1868_373_trimmed_bismark_bt2.CpG",666,481,185,666
"5374","07_report/CpG_context_sampling_1868_374_trimmed_bismark_bt2.CpG",640,463,177,640
"5375","07_report/CpG_context_sampling_1868_375_trimmed_bismark_bt2.CpG",655,441,214,655
"5376","07_report/CpG_context_sampling_1868_376_trimmed_bismark_bt2.CpG",642,472,170,642
"5377","07_report/CpG_context_sampling_1868_377_trimmed_bismark_bt2.CpG",646,457,189,646
"5378","07_report/CpG_context_sampling_1868_378_trimmed_bismark_bt2.CpG",612,430,182,612
"5379","07_report/CpG_context_sampling_1868_379_trimmed_bismark_bt2.CpG",648,454,194,648
"5380","07_report/CpG_context_sampling_1868_380_trimmed_bismark_bt2.CpG",635,447,188,635
"5381","07_report/CpG_context_sampling_1868_381_trimmed_bismark_bt2.CpG",655,452,203,655
"5382","07_report/CpG_context_sampling_1868_382_trimmed_bismark_bt2.CpG",648,465,183,648
"5383","07_report/CpG_context_sampling_1868_383_trimmed_bismark_bt2.CpG",676,479,197,676
"5384","07_report/CpG_context_sampling_1868_384_trimmed_bismark_bt2.CpG",679,484,195,679
"5385","07_report/CpG_context_sampling_1868_385_trimmed_bismark_bt2.CpG",661,488,173,661
"5386","07_report/CpG_context_sampling_1868_386_trimmed_bismark_bt2.CpG",636,436,200,636
"5387","07_report/CpG_context_sampling_1868_387_trimmed_bismark_bt2.CpG",642,486,156,642
"5388","07_report/CpG_context_sampling_1868_388_trimmed_bismark_bt2.CpG",670,499,171,670
"5389","07_report/CpG_context_sampling_1868_389_trimmed_bismark_bt2.CpG",647,469,178,647
"5390","07_report/CpG_context_sampling_1868_390_trimmed_bismark_bt2.CpG",645,466,179,645
"5391","07_report/CpG_context_sampling_1868_391_trimmed_bismark_bt2.CpG",651,464,187,651
"5392","07_report/CpG_context_sampling_1868_392_trimmed_bismark_bt2.CpG",682,510,172,682
"5393","07_report/CpG_context_sampling_1868_393_trimmed_bismark_bt2.CpG",631,434,197,631
"5394","07_report/CpG_context_sampling_1868_394_trimmed_bismark_bt2.CpG",674,487,187,674
"5395","07_report/CpG_context_sampling_1868_395_trimmed_bismark_bt2.CpG",618,467,151,618
"5396","07_report/CpG_context_sampling_1868_396_trimmed_bismark_bt2.CpG",650,471,179,650
"5397","07_report/CpG_context_sampling_1868_397_trimmed_bismark_bt2.CpG",660,467,193,660
"5398","07_report/CpG_context_sampling_1868_398_trimmed_bismark_bt2.CpG",654,484,170,654
"5399","07_report/CpG_context_sampling_1868_399_trimmed_bismark_bt2.CpG",648,469,179,648
"5400","07_report/CpG_context_sampling_1868_400_trimmed_bismark_bt2.CpG",654,471,183,654
"5401","07_report/CpG_context_sampling_1868_401_trimmed_bismark_bt2.CpG",692,485,207,692
"5402","07_report/CpG_context_sampling_1868_402_trimmed_bismark_bt2.CpG",639,444,195,639
"5403","07_report/CpG_context_sampling_1868_403_trimmed_bismark_bt2.CpG",658,473,185,658
"5404","07_report/CpG_context_sampling_1868_404_trimmed_bismark_bt2.CpG",658,461,197,658
"5405","07_report/CpG_context_sampling_1868_405_trimmed_bismark_bt2.CpG",650,482,168,650
"5406","07_report/CpG_context_sampling_1868_406_trimmed_bismark_bt2.CpG",644,457,187,644
"5407","07_report/CpG_context_sampling_1868_407_trimmed_bismark_bt2.CpG",606,441,165,606
"5408","07_report/CpG_context_sampling_1868_408_trimmed_bismark_bt2.CpG",626,450,176,626
"5409","07_report/CpG_context_sampling_1868_409_trimmed_bismark_bt2.CpG",650,480,170,650
"5410","07_report/CpG_context_sampling_1868_410_trimmed_bismark_bt2.CpG",640,463,177,640
"5411","07_report/CpG_context_sampling_1868_411_trimmed_bismark_bt2.CpG",622,448,174,622
"5412","07_report/CpG_context_sampling_1868_412_trimmed_bismark_bt2.CpG",662,457,205,662
"5413","07_report/CpG_context_sampling_1868_413_trimmed_bismark_bt2.CpG",676,477,199,676
"5414","07_report/CpG_context_sampling_1868_414_trimmed_bismark_bt2.CpG",669,490,179,669
"5415","07_report/CpG_context_sampling_1868_415_trimmed_bismark_bt2.CpG",635,442,193,635
"5416","07_report/CpG_context_sampling_1868_416_trimmed_bismark_bt2.CpG",643,473,170,643
"5417","07_report/CpG_context_sampling_1868_417_trimmed_bismark_bt2.CpG",640,471,169,640
"5418","07_report/CpG_context_sampling_1868_418_trimmed_bismark_bt2.CpG",695,473,222,695
"5419","07_report/CpG_context_sampling_1868_419_trimmed_bismark_bt2.CpG",669,480,189,669
"5420","07_report/CpG_context_sampling_1868_420_trimmed_bismark_bt2.CpG",652,463,189,652
"5421","07_report/CpG_context_sampling_1868_421_trimmed_bismark_bt2.CpG",654,460,194,654
"5422","07_report/CpG_context_sampling_1868_422_trimmed_bismark_bt2.CpG",642,458,184,642
"5423","07_report/CpG_context_sampling_1868_423_trimmed_bismark_bt2.CpG",647,449,198,647
"5424","07_report/CpG_context_sampling_1868_424_trimmed_bismark_bt2.CpG",631,444,187,631
"5425","07_report/CpG_context_sampling_1868_425_trimmed_bismark_bt2.CpG",619,460,159,619
"5426","07_report/CpG_context_sampling_1868_426_trimmed_bismark_bt2.CpG",610,451,159,610
"5427","07_report/CpG_context_sampling_1868_427_trimmed_bismark_bt2.CpG",651,458,193,651
"5428","07_report/CpG_context_sampling_1868_428_trimmed_bismark_bt2.CpG",671,466,205,671
"5429","07_report/CpG_context_sampling_1868_429_trimmed_bismark_bt2.CpG",704,501,203,704
"5430","07_report/CpG_context_sampling_1868_430_trimmed_bismark_bt2.CpG",684,503,181,684
"5431","07_report/CpG_context_sampling_1868_431_trimmed_bismark_bt2.CpG",606,441,165,606
"5432","07_report/CpG_context_sampling_1868_432_trimmed_bismark_bt2.CpG",624,478,146,624
"5433","07_report/CpG_context_sampling_1868_433_trimmed_bismark_bt2.CpG",684,489,195,684
"5434","07_report/CpG_context_sampling_1868_434_trimmed_bismark_bt2.CpG",649,452,197,649
"5435","07_report/CpG_context_sampling_1868_435_trimmed_bismark_bt2.CpG",637,471,166,637
"5436","07_report/CpG_context_sampling_1868_436_trimmed_bismark_bt2.CpG",683,478,205,683
"5437","07_report/CpG_context_sampling_1868_437_trimmed_bismark_bt2.CpG",658,466,192,658
"5438","07_report/CpG_context_sampling_1868_438_trimmed_bismark_bt2.CpG",613,450,163,613
"5439","07_report/CpG_context_sampling_1868_439_trimmed_bismark_bt2.CpG",646,461,185,646
"5440","07_report/CpG_context_sampling_1868_440_trimmed_bismark_bt2.CpG",661,474,187,661
"5441","07_report/CpG_context_sampling_1868_441_trimmed_bismark_bt2.CpG",635,425,210,635
"5442","07_report/CpG_context_sampling_1868_442_trimmed_bismark_bt2.CpG",622,446,176,622
"5443","07_report/CpG_context_sampling_1868_443_trimmed_bismark_bt2.CpG",653,480,173,653
"5444","07_report/CpG_context_sampling_1868_444_trimmed_bismark_bt2.CpG",671,472,199,671
"5445","07_report/CpG_context_sampling_1868_445_trimmed_bismark_bt2.CpG",660,481,179,660
"5446","07_report/CpG_context_sampling_1868_446_trimmed_bismark_bt2.CpG",666,454,212,666
"5447","07_report/CpG_context_sampling_1868_447_trimmed_bismark_bt2.CpG",650,472,178,650
"5448","07_report/CpG_context_sampling_1868_448_trimmed_bismark_bt2.CpG",622,451,171,622
"5449","07_report/CpG_context_sampling_1868_449_trimmed_bismark_bt2.CpG",655,486,169,655
"5450","07_report/CpG_context_sampling_1868_450_trimmed_bismark_bt2.CpG",654,474,180,654
"5451","07_report/CpG_context_sampling_1868_451_trimmed_bismark_bt2.CpG",670,496,174,670
"5452","07_report/CpG_context_sampling_1868_452_trimmed_bismark_bt2.CpG",641,441,200,641
"5453","07_report/CpG_context_sampling_1868_453_trimmed_bismark_bt2.CpG",643,469,174,643
"5454","07_report/CpG_context_sampling_1868_454_trimmed_bismark_bt2.CpG",666,485,181,666
"5455","07_report/CpG_context_sampling_1868_455_trimmed_bismark_bt2.CpG",693,508,185,693
"5456","07_report/CpG_context_sampling_1868_456_trimmed_bismark_bt2.CpG",661,465,196,661
"5457","07_report/CpG_context_sampling_1868_457_trimmed_bismark_bt2.CpG",629,452,177,629
"5458","07_report/CpG_context_sampling_1868_458_trimmed_bismark_bt2.CpG",646,473,173,646
"5459","07_report/CpG_context_sampling_1868_459_trimmed_bismark_bt2.CpG",711,501,210,711
"5460","07_report/CpG_context_sampling_1868_460_trimmed_bismark_bt2.CpG",633,448,185,633
"5461","07_report/CpG_context_sampling_1868_461_trimmed_bismark_bt2.CpG",649,447,202,649
"5462","07_report/CpG_context_sampling_1868_462_trimmed_bismark_bt2.CpG",647,447,200,647
"5463","07_report/CpG_context_sampling_1868_463_trimmed_bismark_bt2.CpG",646,463,183,646
"5464","07_report/CpG_context_sampling_1868_464_trimmed_bismark_bt2.CpG",656,465,191,656
"5465","07_report/CpG_context_sampling_1868_465_trimmed_bismark_bt2.CpG",632,445,187,632
"5466","07_report/CpG_context_sampling_1868_466_trimmed_bismark_bt2.CpG",656,476,180,656
"5467","07_report/CpG_context_sampling_1868_467_trimmed_bismark_bt2.CpG",647,468,179,647
"5468","07_report/CpG_context_sampling_1868_468_trimmed_bismark_bt2.CpG",668,473,195,668
"5469","07_report/CpG_context_sampling_1868_469_trimmed_bismark_bt2.CpG",664,491,173,664
"5470","07_report/CpG_context_sampling_1868_470_trimmed_bismark_bt2.CpG",668,457,211,668
"5471","07_report/CpG_context_sampling_1868_471_trimmed_bismark_bt2.CpG",654,470,184,654
"5472","07_report/CpG_context_sampling_1868_472_trimmed_bismark_bt2.CpG",649,468,181,649
"5473","07_report/CpG_context_sampling_1868_473_trimmed_bismark_bt2.CpG",643,476,167,643
"5474","07_report/CpG_context_sampling_1868_474_trimmed_bismark_bt2.CpG",616,435,181,616
"5475","07_report/CpG_context_sampling_1868_475_trimmed_bismark_bt2.CpG",616,423,193,616
"5476","07_report/CpG_context_sampling_1868_476_trimmed_bismark_bt2.CpG",631,464,167,631
"5477","07_report/CpG_context_sampling_1868_477_trimmed_bismark_bt2.CpG",685,496,189,685
"5478","07_report/CpG_context_sampling_1868_478_trimmed_bismark_bt2.CpG",696,498,198,696
"5479","07_report/CpG_context_sampling_1868_479_trimmed_bismark_bt2.CpG",633,466,167,633
"5480","07_report/CpG_context_sampling_1868_480_trimmed_bismark_bt2.CpG",625,442,183,625
"5481","07_report/CpG_context_sampling_1868_481_trimmed_bismark_bt2.CpG",671,473,198,671
"5482","07_report/CpG_context_sampling_1868_482_trimmed_bismark_bt2.CpG",650,479,171,650
"5483","07_report/CpG_context_sampling_1868_483_trimmed_bismark_bt2.CpG",689,500,189,689
"5484","07_report/CpG_context_sampling_1868_484_trimmed_bismark_bt2.CpG",643,456,187,643
"5485","07_report/CpG_context_sampling_1868_485_trimmed_bismark_bt2.CpG",667,443,224,667
"5486","07_report/CpG_context_sampling_1868_486_trimmed_bismark_bt2.CpG",678,502,176,678
"5487","07_report/CpG_context_sampling_1868_487_trimmed_bismark_bt2.CpG",639,467,172,639
"5488","07_report/CpG_context_sampling_1868_488_trimmed_bismark_bt2.CpG",610,443,167,610
"5489","07_report/CpG_context_sampling_1868_489_trimmed_bismark_bt2.CpG",635,462,173,635
"5490","07_report/CpG_context_sampling_1868_490_trimmed_bismark_bt2.CpG",652,454,198,652
"5491","07_report/CpG_context_sampling_1868_491_trimmed_bismark_bt2.CpG",657,485,172,657
"5492","07_report/CpG_context_sampling_1868_492_trimmed_bismark_bt2.CpG",648,473,175,648
"5493","07_report/CpG_context_sampling_1868_493_trimmed_bismark_bt2.CpG",638,455,183,638
"5494","07_report/CpG_context_sampling_1868_494_trimmed_bismark_bt2.CpG",678,464,214,678
"5495","07_report/CpG_context_sampling_1868_495_trimmed_bismark_bt2.CpG",683,482,201,683
"5496","07_report/CpG_context_sampling_1868_496_trimmed_bismark_bt2.CpG",641,457,184,641
"5497","07_report/CpG_context_sampling_1868_497_trimmed_bismark_bt2.CpG",628,470,158,628
"5498","07_report/CpG_context_sampling_1868_498_trimmed_bismark_bt2.CpG",615,437,178,615
"5499","07_report/CpG_context_sampling_1868_499_trimmed_bismark_bt2.CpG",653,466,187,653
"5500","07_report/CpG_context_sampling_1868_500_trimmed_bismark_bt2.CpG",650,454,196,650
"5501","07_report/CpG_context_sampling_1868_501_trimmed_bismark_bt2.CpG",662,474,188,662
"5502","07_report/CpG_context_sampling_1868_502_trimmed_bismark_bt2.CpG",678,474,204,678
"5503","07_report/CpG_context_sampling_1868_503_trimmed_bismark_bt2.CpG",664,503,161,664
"5504","07_report/CpG_context_sampling_1868_504_trimmed_bismark_bt2.CpG",628,457,171,628
"5505","07_report/CpG_context_sampling_1868_505_trimmed_bismark_bt2.CpG",671,490,181,671
"5506","07_report/CpG_context_sampling_1868_506_trimmed_bismark_bt2.CpG",627,452,175,627
"5507","07_report/CpG_context_sampling_1868_507_trimmed_bismark_bt2.CpG",646,462,184,646
"5508","07_report/CpG_context_sampling_1868_508_trimmed_bismark_bt2.CpG",608,427,181,608
"5509","07_report/CpG_context_sampling_1868_509_trimmed_bismark_bt2.CpG",642,451,191,642
"5510","07_report/CpG_context_sampling_1868_510_trimmed_bismark_bt2.CpG",673,480,193,673
"5511","07_report/CpG_context_sampling_1868_511_trimmed_bismark_bt2.CpG",638,458,180,638
"5512","07_report/CpG_context_sampling_1868_512_trimmed_bismark_bt2.CpG",662,470,192,662
"5513","07_report/CpG_context_sampling_1868_513_trimmed_bismark_bt2.CpG",660,472,188,660
"5514","07_report/CpG_context_sampling_1868_514_trimmed_bismark_bt2.CpG",667,462,205,667
"5515","07_report/CpG_context_sampling_1868_515_trimmed_bismark_bt2.CpG",685,495,190,685
"5516","07_report/CpG_context_sampling_1868_516_trimmed_bismark_bt2.CpG",642,457,185,642
"5517","07_report/CpG_context_sampling_1868_517_trimmed_bismark_bt2.CpG",663,477,186,663
"5518","07_report/CpG_context_sampling_1868_518_trimmed_bismark_bt2.CpG",652,470,182,652
"5519","07_report/CpG_context_sampling_1868_519_trimmed_bismark_bt2.CpG",673,476,197,673
"5520","07_report/CpG_context_sampling_1868_520_trimmed_bismark_bt2.CpG",666,467,199,666
"5521","07_report/CpG_context_sampling_1868_521_trimmed_bismark_bt2.CpG",660,471,189,660
"5522","07_report/CpG_context_sampling_1868_522_trimmed_bismark_bt2.CpG",631,448,183,631
"5523","07_report/CpG_context_sampling_1868_523_trimmed_bismark_bt2.CpG",650,463,187,650
"5524","07_report/CpG_context_sampling_1868_524_trimmed_bismark_bt2.CpG",648,477,171,648
"5525","07_report/CpG_context_sampling_1868_525_trimmed_bismark_bt2.CpG",648,471,177,648
"5526","07_report/CpG_context_sampling_1868_526_trimmed_bismark_bt2.CpG",659,452,207,659
"5527","07_report/CpG_context_sampling_1868_527_trimmed_bismark_bt2.CpG",609,435,174,609
"5528","07_report/CpG_context_sampling_1868_528_trimmed_bismark_bt2.CpG",651,491,160,651
"5529","07_report/CpG_context_sampling_1868_529_trimmed_bismark_bt2.CpG",658,476,182,658
"5530","07_report/CpG_context_sampling_1868_530_trimmed_bismark_bt2.CpG",685,490,195,685
"5531","07_report/CpG_context_sampling_1868_531_trimmed_bismark_bt2.CpG",656,462,194,656
"5532","07_report/CpG_context_sampling_1868_532_trimmed_bismark_bt2.CpG",640,477,163,640
"5533","07_report/CpG_context_sampling_1868_533_trimmed_bismark_bt2.CpG",649,458,191,649
"5534","07_report/CpG_context_sampling_1868_534_trimmed_bismark_bt2.CpG",683,477,206,683
"5535","07_report/CpG_context_sampling_1868_535_trimmed_bismark_bt2.CpG",626,451,175,626
"5536","07_report/CpG_context_sampling_1868_536_trimmed_bismark_bt2.CpG",684,458,226,684
"5537","07_report/CpG_context_sampling_1868_537_trimmed_bismark_bt2.CpG",660,480,180,660
"5538","07_report/CpG_context_sampling_1868_538_trimmed_bismark_bt2.CpG",639,441,198,639
"5539","07_report/CpG_context_sampling_1868_539_trimmed_bismark_bt2.CpG",670,483,187,670
"5540","07_report/CpG_context_sampling_1868_540_trimmed_bismark_bt2.CpG",637,448,189,637
"5541","07_report/CpG_context_sampling_1868_541_trimmed_bismark_bt2.CpG",627,436,191,627
"5542","07_report/CpG_context_sampling_1868_542_trimmed_bismark_bt2.CpG",630,462,168,630
"5543","07_report/CpG_context_sampling_1868_543_trimmed_bismark_bt2.CpG",639,463,176,639
"5544","07_report/CpG_context_sampling_1868_544_trimmed_bismark_bt2.CpG",659,450,209,659
"5545","07_report/CpG_context_sampling_1868_545_trimmed_bismark_bt2.CpG",631,449,182,631
"5546","07_report/CpG_context_sampling_1868_546_trimmed_bismark_bt2.CpG",634,478,156,634
"5547","07_report/CpG_context_sampling_1868_547_trimmed_bismark_bt2.CpG",647,465,182,647
"5548","07_report/CpG_context_sampling_1868_548_trimmed_bismark_bt2.CpG",673,508,165,673
"5549","07_report/CpG_context_sampling_1868_549_trimmed_bismark_bt2.CpG",655,488,167,655
"5550","07_report/CpG_context_sampling_1868_550_trimmed_bismark_bt2.CpG",662,477,185,662
"5551","07_report/CpG_context_sampling_1868_551_trimmed_bismark_bt2.CpG",621,459,162,621
"5552","07_report/CpG_context_sampling_1868_552_trimmed_bismark_bt2.CpG",661,467,194,661
"5553","07_report/CpG_context_sampling_1868_553_trimmed_bismark_bt2.CpG",631,425,206,631
"5554","07_report/CpG_context_sampling_1868_554_trimmed_bismark_bt2.CpG",687,499,188,687
"5555","07_report/CpG_context_sampling_1868_555_trimmed_bismark_bt2.CpG",675,491,184,675
"5556","07_report/CpG_context_sampling_1868_556_trimmed_bismark_bt2.CpG",654,489,165,654
"5557","07_report/CpG_context_sampling_1868_557_trimmed_bismark_bt2.CpG",670,487,183,670
"5558","07_report/CpG_context_sampling_1868_558_trimmed_bismark_bt2.CpG",622,443,179,622
"5559","07_report/CpG_context_sampling_1868_559_trimmed_bismark_bt2.CpG",622,434,188,622
"5560","07_report/CpG_context_sampling_1868_560_trimmed_bismark_bt2.CpG",613,441,172,613
"5561","07_report/CpG_context_sampling_1868_561_trimmed_bismark_bt2.CpG",637,455,182,637
"5562","07_report/CpG_context_sampling_1868_562_trimmed_bismark_bt2.CpG",621,438,183,621
"5563","07_report/CpG_context_sampling_1868_563_trimmed_bismark_bt2.CpG",639,455,184,639
"5564","07_report/CpG_context_sampling_1868_564_trimmed_bismark_bt2.CpG",643,478,165,643
"5565","07_report/CpG_context_sampling_1868_565_trimmed_bismark_bt2.CpG",644,480,164,644
"5566","07_report/CpG_context_sampling_1868_566_trimmed_bismark_bt2.CpG",668,455,213,668
"5567","07_report/CpG_context_sampling_1868_567_trimmed_bismark_bt2.CpG",643,479,164,643
"5568","07_report/CpG_context_sampling_1868_568_trimmed_bismark_bt2.CpG",645,453,192,645
"5569","07_report/CpG_context_sampling_1868_569_trimmed_bismark_bt2.CpG",667,486,181,667
"5570","07_report/CpG_context_sampling_1868_570_trimmed_bismark_bt2.CpG",647,460,187,647
"5571","07_report/CpG_context_sampling_1868_571_trimmed_bismark_bt2.CpG",663,482,181,663
"5572","07_report/CpG_context_sampling_1868_572_trimmed_bismark_bt2.CpG",623,454,169,623
"5573","07_report/CpG_context_sampling_1868_573_trimmed_bismark_bt2.CpG",635,469,166,635
"5574","07_report/CpG_context_sampling_1868_574_trimmed_bismark_bt2.CpG",681,482,199,681
"5575","07_report/CpG_context_sampling_1868_575_trimmed_bismark_bt2.CpG",658,465,193,658
"5576","07_report/CpG_context_sampling_1868_576_trimmed_bismark_bt2.CpG",634,457,177,634
"5577","07_report/CpG_context_sampling_1868_577_trimmed_bismark_bt2.CpG",609,421,188,609
"5578","07_report/CpG_context_sampling_1868_578_trimmed_bismark_bt2.CpG",628,450,178,628
"5579","07_report/CpG_context_sampling_1868_579_trimmed_bismark_bt2.CpG",641,438,203,641
"5580","07_report/CpG_context_sampling_1868_580_trimmed_bismark_bt2.CpG",662,469,193,662
"5581","07_report/CpG_context_sampling_1868_581_trimmed_bismark_bt2.CpG",646,441,205,646
"5582","07_report/CpG_context_sampling_1868_582_trimmed_bismark_bt2.CpG",665,474,191,665
"5583","07_report/CpG_context_sampling_1868_583_trimmed_bismark_bt2.CpG",633,454,179,633
"5584","07_report/CpG_context_sampling_1868_584_trimmed_bismark_bt2.CpG",670,482,188,670
"5585","07_report/CpG_context_sampling_1868_585_trimmed_bismark_bt2.CpG",642,471,171,642
"5586","07_report/CpG_context_sampling_1868_586_trimmed_bismark_bt2.CpG",605,426,179,605
"5587","07_report/CpG_context_sampling_1868_587_trimmed_bismark_bt2.CpG",635,464,171,635
"5588","07_report/CpG_context_sampling_1868_588_trimmed_bismark_bt2.CpG",637,461,176,637
"5589","07_report/CpG_context_sampling_1868_589_trimmed_bismark_bt2.CpG",648,484,164,648
"5590","07_report/CpG_context_sampling_1868_590_trimmed_bismark_bt2.CpG",655,468,187,655
"5591","07_report/CpG_context_sampling_1868_591_trimmed_bismark_bt2.CpG",654,476,178,654
"5592","07_report/CpG_context_sampling_1868_592_trimmed_bismark_bt2.CpG",639,473,166,639
"5593","07_report/CpG_context_sampling_1868_593_trimmed_bismark_bt2.CpG",648,482,166,648
"5594","07_report/CpG_context_sampling_1868_594_trimmed_bismark_bt2.CpG",631,453,178,631
"5595","07_report/CpG_context_sampling_1868_595_trimmed_bismark_bt2.CpG",651,472,179,651
"5596","07_report/CpG_context_sampling_1868_596_trimmed_bismark_bt2.CpG",650,471,179,650
"5597","07_report/CpG_context_sampling_1868_597_trimmed_bismark_bt2.CpG",630,457,173,630
"5598","07_report/CpG_context_sampling_1868_598_trimmed_bismark_bt2.CpG",645,457,188,645
"5599","07_report/CpG_context_sampling_1868_599_trimmed_bismark_bt2.CpG",651,472,179,651
"5600","07_report/CpG_context_sampling_1868_600_trimmed_bismark_bt2.CpG",649,457,192,649
"5601","07_report/CpG_context_sampling_1868_601_trimmed_bismark_bt2.CpG",613,442,171,613
"5602","07_report/CpG_context_sampling_1868_602_trimmed_bismark_bt2.CpG",651,447,204,651
"5603","07_report/CpG_context_sampling_1868_603_trimmed_bismark_bt2.CpG",654,474,180,654
"5604","07_report/CpG_context_sampling_1868_604_trimmed_bismark_bt2.CpG",626,449,177,626
"5605","07_report/CpG_context_sampling_1868_605_trimmed_bismark_bt2.CpG",630,446,184,630
"5606","07_report/CpG_context_sampling_1868_606_trimmed_bismark_bt2.CpG",692,480,212,692
"5607","07_report/CpG_context_sampling_1868_607_trimmed_bismark_bt2.CpG",623,453,170,623
"5608","07_report/CpG_context_sampling_1868_608_trimmed_bismark_bt2.CpG",645,484,161,645
"5609","07_report/CpG_context_sampling_1868_609_trimmed_bismark_bt2.CpG",650,475,175,650
"5610","07_report/CpG_context_sampling_1868_610_trimmed_bismark_bt2.CpG",623,452,171,623
"5611","07_report/CpG_context_sampling_1868_611_trimmed_bismark_bt2.CpG",670,490,180,670
"5612","07_report/CpG_context_sampling_1868_612_trimmed_bismark_bt2.CpG",656,456,200,656
"5613","07_report/CpG_context_sampling_1868_613_trimmed_bismark_bt2.CpG",610,439,171,610
"5614","07_report/CpG_context_sampling_1868_614_trimmed_bismark_bt2.CpG",636,450,186,636
"5615","07_report/CpG_context_sampling_1868_615_trimmed_bismark_bt2.CpG",656,478,178,656
"5616","07_report/CpG_context_sampling_1868_616_trimmed_bismark_bt2.CpG",680,501,179,680
"5617","07_report/CpG_context_sampling_1868_617_trimmed_bismark_bt2.CpG",620,444,176,620
"5618","07_report/CpG_context_sampling_1868_618_trimmed_bismark_bt2.CpG",638,443,195,638
"5619","07_report/CpG_context_sampling_1868_619_trimmed_bismark_bt2.CpG",669,474,195,669
"5620","07_report/CpG_context_sampling_1868_620_trimmed_bismark_bt2.CpG",616,452,164,616
"5621","07_report/CpG_context_sampling_1868_621_trimmed_bismark_bt2.CpG",662,475,187,662
"5622","07_report/CpG_context_sampling_1868_622_trimmed_bismark_bt2.CpG",624,457,167,624
"5623","07_report/CpG_context_sampling_1868_623_trimmed_bismark_bt2.CpG",625,447,178,625
"5624","07_report/CpG_context_sampling_1868_624_trimmed_bismark_bt2.CpG",635,437,198,635
"5625","07_report/CpG_context_sampling_1868_625_trimmed_bismark_bt2.CpG",676,480,196,676
"5626","07_report/CpG_context_sampling_1868_626_trimmed_bismark_bt2.CpG",631,443,188,631
"5627","07_report/CpG_context_sampling_1868_627_trimmed_bismark_bt2.CpG",644,479,165,644
"5628","07_report/CpG_context_sampling_1868_628_trimmed_bismark_bt2.CpG",640,455,185,640
"5629","07_report/CpG_context_sampling_1868_629_trimmed_bismark_bt2.CpG",669,468,201,669
"5630","07_report/CpG_context_sampling_1868_630_trimmed_bismark_bt2.CpG",689,487,202,689
"5631","07_report/CpG_context_sampling_1868_631_trimmed_bismark_bt2.CpG",660,472,188,660
"5632","07_report/CpG_context_sampling_1868_632_trimmed_bismark_bt2.CpG",661,464,197,661
"5633","07_report/CpG_context_sampling_1868_633_trimmed_bismark_bt2.CpG",660,456,204,660
"5634","07_report/CpG_context_sampling_1868_634_trimmed_bismark_bt2.CpG",616,430,186,616
"5635","07_report/CpG_context_sampling_1868_635_trimmed_bismark_bt2.CpG",605,425,180,605
"5636","07_report/CpG_context_sampling_1868_636_trimmed_bismark_bt2.CpG",658,472,186,658
"5637","07_report/CpG_context_sampling_1868_637_trimmed_bismark_bt2.CpG",635,460,175,635
"5638","07_report/CpG_context_sampling_1868_638_trimmed_bismark_bt2.CpG",670,443,227,670
"5639","07_report/CpG_context_sampling_1868_639_trimmed_bismark_bt2.CpG",658,472,186,658
"5640","07_report/CpG_context_sampling_1868_640_trimmed_bismark_bt2.CpG",616,458,158,616
"5641","07_report/CpG_context_sampling_1868_641_trimmed_bismark_bt2.CpG",651,451,200,651
"5642","07_report/CpG_context_sampling_1868_642_trimmed_bismark_bt2.CpG",625,443,182,625
"5643","07_report/CpG_context_sampling_1868_643_trimmed_bismark_bt2.CpG",647,486,161,647
"5644","07_report/CpG_context_sampling_1868_644_trimmed_bismark_bt2.CpG",639,466,173,639
"5645","07_report/CpG_context_sampling_1868_645_trimmed_bismark_bt2.CpG",669,478,191,669
"5646","07_report/CpG_context_sampling_1868_646_trimmed_bismark_bt2.CpG",629,465,164,629
"5647","07_report/CpG_context_sampling_1868_647_trimmed_bismark_bt2.CpG",647,456,191,647
"5648","07_report/CpG_context_sampling_1868_648_trimmed_bismark_bt2.CpG",662,474,188,662
"5649","07_report/CpG_context_sampling_1868_649_trimmed_bismark_bt2.CpG",649,470,179,649
"5650","07_report/CpG_context_sampling_1868_650_trimmed_bismark_bt2.CpG",635,456,179,635
"5651","07_report/CpG_context_sampling_1868_651_trimmed_bismark_bt2.CpG",664,466,198,664
"5652","07_report/CpG_context_sampling_1868_652_trimmed_bismark_bt2.CpG",633,433,200,633
"5653","07_report/CpG_context_sampling_1868_653_trimmed_bismark_bt2.CpG",678,511,167,678
"5654","07_report/CpG_context_sampling_1868_654_trimmed_bismark_bt2.CpG",610,442,168,610
"5655","07_report/CpG_context_sampling_1868_655_trimmed_bismark_bt2.CpG",653,507,146,653
"5656","07_report/CpG_context_sampling_1868_656_trimmed_bismark_bt2.CpG",604,420,184,604
"5657","07_report/CpG_context_sampling_1868_657_trimmed_bismark_bt2.CpG",622,473,149,622
"5658","07_report/CpG_context_sampling_1868_658_trimmed_bismark_bt2.CpG",669,482,187,669
"5659","07_report/CpG_context_sampling_1868_659_trimmed_bismark_bt2.CpG",676,498,178,676
"5660","07_report/CpG_context_sampling_1868_660_trimmed_bismark_bt2.CpG",624,439,185,624
"5661","07_report/CpG_context_sampling_1868_661_trimmed_bismark_bt2.CpG",639,464,175,639
"5662","07_report/CpG_context_sampling_1868_662_trimmed_bismark_bt2.CpG",643,448,195,643
"5663","07_report/CpG_context_sampling_1868_663_trimmed_bismark_bt2.CpG",621,435,186,621
"5664","07_report/CpG_context_sampling_1868_664_trimmed_bismark_bt2.CpG",654,479,175,654
"5665","07_report/CpG_context_sampling_1868_665_trimmed_bismark_bt2.CpG",644,465,179,644
"5666","07_report/CpG_context_sampling_1868_666_trimmed_bismark_bt2.CpG",643,464,179,643
"5667","07_report/CpG_context_sampling_1868_667_trimmed_bismark_bt2.CpG",630,451,179,630
"5668","07_report/CpG_context_sampling_1868_668_trimmed_bismark_bt2.CpG",634,446,188,634
"5669","07_report/CpG_context_sampling_1868_669_trimmed_bismark_bt2.CpG",679,508,171,679
"5670","07_report/CpG_context_sampling_1868_670_trimmed_bismark_bt2.CpG",637,459,178,637
"5671","07_report/CpG_context_sampling_1868_671_trimmed_bismark_bt2.CpG",633,459,174,633
"5672","07_report/CpG_context_sampling_1868_672_trimmed_bismark_bt2.CpG",643,462,181,643
"5673","07_report/CpG_context_sampling_1868_673_trimmed_bismark_bt2.CpG",604,441,163,604
"5674","07_report/CpG_context_sampling_1868_674_trimmed_bismark_bt2.CpG",659,469,190,659
"5675","07_report/CpG_context_sampling_1868_675_trimmed_bismark_bt2.CpG",616,441,175,616
"5676","07_report/CpG_context_sampling_1868_676_trimmed_bismark_bt2.CpG",627,414,213,627
"5677","07_report/CpG_context_sampling_1868_677_trimmed_bismark_bt2.CpG",640,449,191,640
"5678","07_report/CpG_context_sampling_1868_678_trimmed_bismark_bt2.CpG",636,434,202,636
"5679","07_report/CpG_context_sampling_1868_679_trimmed_bismark_bt2.CpG",651,441,210,651
"5680","07_report/CpG_context_sampling_1868_680_trimmed_bismark_bt2.CpG",647,462,185,647
"5681","07_report/CpG_context_sampling_1868_681_trimmed_bismark_bt2.CpG",648,456,192,648
"5682","07_report/CpG_context_sampling_1868_682_trimmed_bismark_bt2.CpG",655,458,197,655
"5683","07_report/CpG_context_sampling_1868_683_trimmed_bismark_bt2.CpG",653,455,198,653
"5684","07_report/CpG_context_sampling_1868_684_trimmed_bismark_bt2.CpG",653,463,190,653
"5685","07_report/CpG_context_sampling_1868_685_trimmed_bismark_bt2.CpG",671,481,190,671
"5686","07_report/CpG_context_sampling_1868_686_trimmed_bismark_bt2.CpG",668,488,180,668
"5687","07_report/CpG_context_sampling_1868_687_trimmed_bismark_bt2.CpG",695,515,180,695
"5688","07_report/CpG_context_sampling_1868_688_trimmed_bismark_bt2.CpG",658,472,186,658
"5689","07_report/CpG_context_sampling_1868_689_trimmed_bismark_bt2.CpG",647,442,205,647
"5690","07_report/CpG_context_sampling_1868_690_trimmed_bismark_bt2.CpG",685,474,211,685
"5691","07_report/CpG_context_sampling_1868_691_trimmed_bismark_bt2.CpG",690,500,190,690
"5692","07_report/CpG_context_sampling_1868_692_trimmed_bismark_bt2.CpG",625,436,189,625
"5693","07_report/CpG_context_sampling_1868_693_trimmed_bismark_bt2.CpG",601,415,186,601
"5694","07_report/CpG_context_sampling_1868_694_trimmed_bismark_bt2.CpG",599,415,184,599
"5695","07_report/CpG_context_sampling_1868_695_trimmed_bismark_bt2.CpG",620,454,166,620
"5696","07_report/CpG_context_sampling_1868_696_trimmed_bismark_bt2.CpG",621,438,183,621
"5697","07_report/CpG_context_sampling_1868_697_trimmed_bismark_bt2.CpG",662,465,197,662
"5698","07_report/CpG_context_sampling_1868_698_trimmed_bismark_bt2.CpG",645,477,168,645
"5699","07_report/CpG_context_sampling_1868_699_trimmed_bismark_bt2.CpG",610,424,186,610
"5700","07_report/CpG_context_sampling_1868_700_trimmed_bismark_bt2.CpG",625,448,177,625
"5701","07_report/CpG_context_sampling_1868_701_trimmed_bismark_bt2.CpG",631,459,172,631
"5702","07_report/CpG_context_sampling_1868_702_trimmed_bismark_bt2.CpG",616,468,148,616
"5703","07_report/CpG_context_sampling_1868_703_trimmed_bismark_bt2.CpG",677,470,207,677
"5704","07_report/CpG_context_sampling_1868_704_trimmed_bismark_bt2.CpG",642,472,170,642
"5705","07_report/CpG_context_sampling_1868_705_trimmed_bismark_bt2.CpG",642,457,185,642
"5706","07_report/CpG_context_sampling_1868_706_trimmed_bismark_bt2.CpG",705,506,199,705
"5707","07_report/CpG_context_sampling_1868_707_trimmed_bismark_bt2.CpG",622,428,194,622
"5708","07_report/CpG_context_sampling_1868_708_trimmed_bismark_bt2.CpG",646,469,177,646
"5709","07_report/CpG_context_sampling_1868_709_trimmed_bismark_bt2.CpG",667,472,195,667
"5710","07_report/CpG_context_sampling_1868_710_trimmed_bismark_bt2.CpG",660,473,187,660
"5711","07_report/CpG_context_sampling_1868_711_trimmed_bismark_bt2.CpG",651,464,187,651
"5712","07_report/CpG_context_sampling_1868_712_trimmed_bismark_bt2.CpG",633,463,170,633
"5713","07_report/CpG_context_sampling_1868_713_trimmed_bismark_bt2.CpG",648,454,194,648
"5714","07_report/CpG_context_sampling_1868_714_trimmed_bismark_bt2.CpG",648,464,184,648
"5715","07_report/CpG_context_sampling_1868_715_trimmed_bismark_bt2.CpG",672,500,172,672
"5716","07_report/CpG_context_sampling_1868_716_trimmed_bismark_bt2.CpG",652,476,176,652
"5717","07_report/CpG_context_sampling_1868_717_trimmed_bismark_bt2.CpG",699,484,215,699
"5718","07_report/CpG_context_sampling_1868_718_trimmed_bismark_bt2.CpG",633,452,181,633
"5719","07_report/CpG_context_sampling_1868_719_trimmed_bismark_bt2.CpG",641,451,190,641
"5720","07_report/CpG_context_sampling_1868_720_trimmed_bismark_bt2.CpG",649,479,170,649
"5721","07_report/CpG_context_sampling_1868_721_trimmed_bismark_bt2.CpG",654,467,187,654
"5722","07_report/CpG_context_sampling_1868_722_trimmed_bismark_bt2.CpG",638,467,171,638
"5723","07_report/CpG_context_sampling_1868_723_trimmed_bismark_bt2.CpG",618,452,166,618
"5724","07_report/CpG_context_sampling_1868_724_trimmed_bismark_bt2.CpG",635,441,194,635
"5725","07_report/CpG_context_sampling_1868_725_trimmed_bismark_bt2.CpG",659,463,196,659
"5726","07_report/CpG_context_sampling_1868_726_trimmed_bismark_bt2.CpG",650,484,166,650
"5727","07_report/CpG_context_sampling_1868_727_trimmed_bismark_bt2.CpG",640,468,172,640
"5728","07_report/CpG_context_sampling_1868_728_trimmed_bismark_bt2.CpG",645,456,189,645
"5729","07_report/CpG_context_sampling_1868_729_trimmed_bismark_bt2.CpG",658,475,183,658
"5730","07_report/CpG_context_sampling_1868_730_trimmed_bismark_bt2.CpG",608,423,185,608
"5731","07_report/CpG_context_sampling_1868_731_trimmed_bismark_bt2.CpG",641,455,186,641
"5732","07_report/CpG_context_sampling_1868_732_trimmed_bismark_bt2.CpG",666,484,182,666
"5733","07_report/CpG_context_sampling_1868_733_trimmed_bismark_bt2.CpG",652,478,174,652
"5734","07_report/CpG_context_sampling_1868_734_trimmed_bismark_bt2.CpG",616,430,186,616
"5735","07_report/CpG_context_sampling_1868_735_trimmed_bismark_bt2.CpG",639,477,162,639
"5736","07_report/CpG_context_sampling_1868_736_trimmed_bismark_bt2.CpG",630,465,165,630
"5737","07_report/CpG_context_sampling_1868_737_trimmed_bismark_bt2.CpG",644,461,183,644
"5738","07_report/CpG_context_sampling_1868_738_trimmed_bismark_bt2.CpG",635,459,176,635
"5739","07_report/CpG_context_sampling_1868_739_trimmed_bismark_bt2.CpG",681,488,193,681
"5740","07_report/CpG_context_sampling_1868_740_trimmed_bismark_bt2.CpG",641,448,193,641
"5741","07_report/CpG_context_sampling_1868_741_trimmed_bismark_bt2.CpG",645,469,176,645
"5742","07_report/CpG_context_sampling_1868_742_trimmed_bismark_bt2.CpG",675,490,185,675
"5743","07_report/CpG_context_sampling_1868_743_trimmed_bismark_bt2.CpG",615,445,170,615
"5744","07_report/CpG_context_sampling_1868_744_trimmed_bismark_bt2.CpG",638,450,188,638
"5745","07_report/CpG_context_sampling_1868_745_trimmed_bismark_bt2.CpG",634,452,182,634
"5746","07_report/CpG_context_sampling_1868_746_trimmed_bismark_bt2.CpG",657,481,176,657
"5747","07_report/CpG_context_sampling_1868_747_trimmed_bismark_bt2.CpG",650,463,187,650
"5748","07_report/CpG_context_sampling_1868_748_trimmed_bismark_bt2.CpG",628,452,176,628
"5749","07_report/CpG_context_sampling_1868_749_trimmed_bismark_bt2.CpG",654,453,201,654
"5750","07_report/CpG_context_sampling_1868_750_trimmed_bismark_bt2.CpG",616,429,187,616
"5751","07_report/CpG_context_sampling_1868_751_trimmed_bismark_bt2.CpG",682,498,184,682
"5752","07_report/CpG_context_sampling_1868_752_trimmed_bismark_bt2.CpG",690,511,179,690
"5753","07_report/CpG_context_sampling_1868_753_trimmed_bismark_bt2.CpG",644,471,173,644
"5754","07_report/CpG_context_sampling_1868_754_trimmed_bismark_bt2.CpG",639,465,174,639
"5755","07_report/CpG_context_sampling_1868_755_trimmed_bismark_bt2.CpG",661,487,174,661
"5756","07_report/CpG_context_sampling_1868_756_trimmed_bismark_bt2.CpG",648,469,179,648
"5757","07_report/CpG_context_sampling_1868_757_trimmed_bismark_bt2.CpG",641,449,192,641
"5758","07_report/CpG_context_sampling_1868_758_trimmed_bismark_bt2.CpG",619,462,157,619
"5759","07_report/CpG_context_sampling_1868_759_trimmed_bismark_bt2.CpG",671,477,194,671
"5760","07_report/CpG_context_sampling_1868_760_trimmed_bismark_bt2.CpG",677,474,203,677
"5761","07_report/CpG_context_sampling_1868_761_trimmed_bismark_bt2.CpG",641,450,191,641
"5762","07_report/CpG_context_sampling_1868_762_trimmed_bismark_bt2.CpG",639,463,176,639
"5763","07_report/CpG_context_sampling_1868_763_trimmed_bismark_bt2.CpG",645,451,194,645
"5764","07_report/CpG_context_sampling_1868_764_trimmed_bismark_bt2.CpG",596,432,164,596
"5765","07_report/CpG_context_sampling_1868_765_trimmed_bismark_bt2.CpG",648,466,182,648
"5766","07_report/CpG_context_sampling_1868_766_trimmed_bismark_bt2.CpG",658,490,168,658
"5767","07_report/CpG_context_sampling_1868_767_trimmed_bismark_bt2.CpG",637,445,192,637
"5768","07_report/CpG_context_sampling_1868_768_trimmed_bismark_bt2.CpG",631,450,181,631
"5769","07_report/CpG_context_sampling_1868_769_trimmed_bismark_bt2.CpG",629,453,176,629
"5770","07_report/CpG_context_sampling_1868_770_trimmed_bismark_bt2.CpG",652,467,185,652
"5771","07_report/CpG_context_sampling_1868_771_trimmed_bismark_bt2.CpG",648,450,198,648
"5772","07_report/CpG_context_sampling_1868_772_trimmed_bismark_bt2.CpG",624,460,164,624
"5773","07_report/CpG_context_sampling_1868_773_trimmed_bismark_bt2.CpG",645,464,181,645
"5774","07_report/CpG_context_sampling_1868_774_trimmed_bismark_bt2.CpG",652,474,178,652
"5775","07_report/CpG_context_sampling_1868_775_trimmed_bismark_bt2.CpG",654,464,190,654
"5776","07_report/CpG_context_sampling_1868_776_trimmed_bismark_bt2.CpG",682,494,188,682
"5777","07_report/CpG_context_sampling_1868_777_trimmed_bismark_bt2.CpG",668,471,197,668
"5778","07_report/CpG_context_sampling_1868_778_trimmed_bismark_bt2.CpG",649,481,168,649
"5779","07_report/CpG_context_sampling_1868_779_trimmed_bismark_bt2.CpG",634,448,186,634
"5780","07_report/CpG_context_sampling_1868_780_trimmed_bismark_bt2.CpG",642,466,176,642
"5781","07_report/CpG_context_sampling_1868_781_trimmed_bismark_bt2.CpG",673,469,204,673
"5782","07_report/CpG_context_sampling_1868_782_trimmed_bismark_bt2.CpG",642,457,185,642
"5783","07_report/CpG_context_sampling_1868_783_trimmed_bismark_bt2.CpG",649,476,173,649
"5784","07_report/CpG_context_sampling_1868_784_trimmed_bismark_bt2.CpG",644,467,177,644
"5785","07_report/CpG_context_sampling_1868_785_trimmed_bismark_bt2.CpG",647,458,189,647
"5786","07_report/CpG_context_sampling_1868_786_trimmed_bismark_bt2.CpG",649,478,171,649
"5787","07_report/CpG_context_sampling_1868_787_trimmed_bismark_bt2.CpG",669,483,186,669
"5788","07_report/CpG_context_sampling_1868_788_trimmed_bismark_bt2.CpG",631,463,168,631
"5789","07_report/CpG_context_sampling_1868_789_trimmed_bismark_bt2.CpG",615,441,174,615
"5790","07_report/CpG_context_sampling_1868_790_trimmed_bismark_bt2.CpG",628,441,187,628
"5791","07_report/CpG_context_sampling_1868_791_trimmed_bismark_bt2.CpG",629,467,162,629
"5792","07_report/CpG_context_sampling_1868_792_trimmed_bismark_bt2.CpG",672,478,194,672
"5793","07_report/CpG_context_sampling_1868_793_trimmed_bismark_bt2.CpG",636,470,166,636
"5794","07_report/CpG_context_sampling_1868_794_trimmed_bismark_bt2.CpG",630,447,183,630
"5795","07_report/CpG_context_sampling_1868_795_trimmed_bismark_bt2.CpG",649,454,195,649
"5796","07_report/CpG_context_sampling_1868_796_trimmed_bismark_bt2.CpG",658,466,192,658
"5797","07_report/CpG_context_sampling_1868_797_trimmed_bismark_bt2.CpG",669,478,191,669
"5798","07_report/CpG_context_sampling_1868_798_trimmed_bismark_bt2.CpG",667,482,185,667
"5799","07_report/CpG_context_sampling_1868_799_trimmed_bismark_bt2.CpG",685,481,204,685
"5800","07_report/CpG_context_sampling_1868_800_trimmed_bismark_bt2.CpG",641,463,178,641
"5801","07_report/CpG_context_sampling_1868_801_trimmed_bismark_bt2.CpG",665,500,165,665
"5802","07_report/CpG_context_sampling_1868_802_trimmed_bismark_bt2.CpG",652,479,173,652
"5803","07_report/CpG_context_sampling_1868_803_trimmed_bismark_bt2.CpG",669,478,191,669
"5804","07_report/CpG_context_sampling_1868_804_trimmed_bismark_bt2.CpG",621,438,183,621
"5805","07_report/CpG_context_sampling_1868_805_trimmed_bismark_bt2.CpG",663,474,189,663
"5806","07_report/CpG_context_sampling_1868_806_trimmed_bismark_bt2.CpG",647,463,184,647
"5807","07_report/CpG_context_sampling_1868_807_trimmed_bismark_bt2.CpG",629,439,190,629
"5808","07_report/CpG_context_sampling_1868_808_trimmed_bismark_bt2.CpG",679,493,186,679
"5809","07_report/CpG_context_sampling_1868_809_trimmed_bismark_bt2.CpG",641,464,177,641
"5810","07_report/CpG_context_sampling_1868_810_trimmed_bismark_bt2.CpG",645,439,206,645
"5811","07_report/CpG_context_sampling_1868_811_trimmed_bismark_bt2.CpG",625,439,186,625
"5812","07_report/CpG_context_sampling_1868_812_trimmed_bismark_bt2.CpG",647,462,185,647
"5813","07_report/CpG_context_sampling_1868_813_trimmed_bismark_bt2.CpG",660,450,210,660
"5814","07_report/CpG_context_sampling_1868_814_trimmed_bismark_bt2.CpG",658,490,168,658
"5815","07_report/CpG_context_sampling_1868_815_trimmed_bismark_bt2.CpG",630,432,198,630
"5816","07_report/CpG_context_sampling_1868_816_trimmed_bismark_bt2.CpG",680,496,184,680
"5817","07_report/CpG_context_sampling_1868_817_trimmed_bismark_bt2.CpG",637,468,169,637
"5818","07_report/CpG_context_sampling_1868_818_trimmed_bismark_bt2.CpG",633,442,191,633
"5819","07_report/CpG_context_sampling_1868_819_trimmed_bismark_bt2.CpG",652,467,185,652
"5820","07_report/CpG_context_sampling_1868_820_trimmed_bismark_bt2.CpG",666,463,203,666
"5821","07_report/CpG_context_sampling_1868_821_trimmed_bismark_bt2.CpG",648,478,170,648
"5822","07_report/CpG_context_sampling_1868_822_trimmed_bismark_bt2.CpG",612,429,183,612
"5823","07_report/CpG_context_sampling_1868_823_trimmed_bismark_bt2.CpG",624,462,162,624
"5824","07_report/CpG_context_sampling_1868_824_trimmed_bismark_bt2.CpG",625,433,192,625
"5825","07_report/CpG_context_sampling_1868_825_trimmed_bismark_bt2.CpG",605,441,164,605
"5826","07_report/CpG_context_sampling_1868_826_trimmed_bismark_bt2.CpG",674,477,197,674
"5827","07_report/CpG_context_sampling_1868_827_trimmed_bismark_bt2.CpG",608,443,165,608
"5828","07_report/CpG_context_sampling_1868_828_trimmed_bismark_bt2.CpG",644,470,174,644
"5829","07_report/CpG_context_sampling_1868_829_trimmed_bismark_bt2.CpG",661,475,186,661
"5830","07_report/CpG_context_sampling_1868_830_trimmed_bismark_bt2.CpG",640,451,189,640
"5831","07_report/CpG_context_sampling_1868_831_trimmed_bismark_bt2.CpG",633,468,165,633
"5832","07_report/CpG_context_sampling_1868_832_trimmed_bismark_bt2.CpG",629,455,174,629
"5833","07_report/CpG_context_sampling_1868_833_trimmed_bismark_bt2.CpG",650,448,202,650
"5834","07_report/CpG_context_sampling_1868_834_trimmed_bismark_bt2.CpG",651,472,179,651
"5835","07_report/CpG_context_sampling_1868_835_trimmed_bismark_bt2.CpG",645,472,173,645
"5836","07_report/CpG_context_sampling_1868_836_trimmed_bismark_bt2.CpG",634,453,181,634
"5837","07_report/CpG_context_sampling_1868_837_trimmed_bismark_bt2.CpG",659,487,172,659
"5838","07_report/CpG_context_sampling_1868_838_trimmed_bismark_bt2.CpG",656,465,191,656
"5839","07_report/CpG_context_sampling_1868_839_trimmed_bismark_bt2.CpG",628,446,182,628
"5840","07_report/CpG_context_sampling_1868_840_trimmed_bismark_bt2.CpG",616,451,165,616
"5841","07_report/CpG_context_sampling_1868_841_trimmed_bismark_bt2.CpG",642,481,161,642
"5842","07_report/CpG_context_sampling_1868_842_trimmed_bismark_bt2.CpG",621,444,177,621
"5843","07_report/CpG_context_sampling_1868_843_trimmed_bismark_bt2.CpG",630,457,173,630
"5844","07_report/CpG_context_sampling_1868_844_trimmed_bismark_bt2.CpG",659,453,206,659
"5845","07_report/CpG_context_sampling_1868_845_trimmed_bismark_bt2.CpG",624,446,178,624
"5846","07_report/CpG_context_sampling_1868_846_trimmed_bismark_bt2.CpG",665,464,201,665
"5847","07_report/CpG_context_sampling_1868_847_trimmed_bismark_bt2.CpG",630,451,179,630
"5848","07_report/CpG_context_sampling_1868_848_trimmed_bismark_bt2.CpG",621,440,181,621
"5849","07_report/CpG_context_sampling_1868_849_trimmed_bismark_bt2.CpG",684,484,200,684
"5850","07_report/CpG_context_sampling_1868_850_trimmed_bismark_bt2.CpG",616,433,183,616
"5851","07_report/CpG_context_sampling_1868_851_trimmed_bismark_bt2.CpG",652,490,162,652
"5852","07_report/CpG_context_sampling_1868_852_trimmed_bismark_bt2.CpG",622,450,172,622
"5853","07_report/CpG_context_sampling_1868_853_trimmed_bismark_bt2.CpG",631,449,182,631
"5854","07_report/CpG_context_sampling_1868_854_trimmed_bismark_bt2.CpG",647,469,178,647
"5855","07_report/CpG_context_sampling_1868_855_trimmed_bismark_bt2.CpG",676,497,179,676
"5856","07_report/CpG_context_sampling_1868_856_trimmed_bismark_bt2.CpG",612,427,185,612
"5857","07_report/CpG_context_sampling_1868_857_trimmed_bismark_bt2.CpG",625,455,170,625
"5858","07_report/CpG_context_sampling_1868_858_trimmed_bismark_bt2.CpG",687,470,217,687
"5859","07_report/CpG_context_sampling_1868_859_trimmed_bismark_bt2.CpG",671,476,195,671
"5860","07_report/CpG_context_sampling_1868_860_trimmed_bismark_bt2.CpG",675,505,170,675
"5861","07_report/CpG_context_sampling_1868_861_trimmed_bismark_bt2.CpG",621,450,171,621
"5862","07_report/CpG_context_sampling_1868_862_trimmed_bismark_bt2.CpG",634,453,181,634
"5863","07_report/CpG_context_sampling_1868_863_trimmed_bismark_bt2.CpG",646,473,173,646
"5864","07_report/CpG_context_sampling_1868_864_trimmed_bismark_bt2.CpG",644,462,182,644
"5865","07_report/CpG_context_sampling_1868_865_trimmed_bismark_bt2.CpG",667,477,190,667
"5866","07_report/CpG_context_sampling_1868_866_trimmed_bismark_bt2.CpG",662,488,174,662
"5867","07_report/CpG_context_sampling_1868_867_trimmed_bismark_bt2.CpG",641,445,196,641
"5868","07_report/CpG_context_sampling_1868_868_trimmed_bismark_bt2.CpG",669,475,194,669
"5869","07_report/CpG_context_sampling_1868_869_trimmed_bismark_bt2.CpG",643,466,177,643
"5870","07_report/CpG_context_sampling_1868_870_trimmed_bismark_bt2.CpG",630,453,177,630
"5871","07_report/CpG_context_sampling_1868_871_trimmed_bismark_bt2.CpG",663,459,204,663
"5872","07_report/CpG_context_sampling_1868_872_trimmed_bismark_bt2.CpG",667,462,205,667
"5873","07_report/CpG_context_sampling_1868_873_trimmed_bismark_bt2.CpG",651,471,180,651
"5874","07_report/CpG_context_sampling_1868_874_trimmed_bismark_bt2.CpG",662,471,191,662
"5875","07_report/CpG_context_sampling_1868_875_trimmed_bismark_bt2.CpG",662,467,195,662
"5876","07_report/CpG_context_sampling_1868_876_trimmed_bismark_bt2.CpG",659,467,192,659
"5877","07_report/CpG_context_sampling_1868_877_trimmed_bismark_bt2.CpG",655,471,184,655
"5878","07_report/CpG_context_sampling_1868_878_trimmed_bismark_bt2.CpG",633,468,165,633
"5879","07_report/CpG_context_sampling_1868_879_trimmed_bismark_bt2.CpG",660,467,193,660
"5880","07_report/CpG_context_sampling_1868_880_trimmed_bismark_bt2.CpG",624,444,180,624
"5881","07_report/CpG_context_sampling_1868_881_trimmed_bismark_bt2.CpG",657,496,161,657
"5882","07_report/CpG_context_sampling_1868_882_trimmed_bismark_bt2.CpG",656,465,191,656
"5883","07_report/CpG_context_sampling_1868_883_trimmed_bismark_bt2.CpG",675,483,192,675
"5884","07_report/CpG_context_sampling_1868_884_trimmed_bismark_bt2.CpG",628,446,182,628
"5885","07_report/CpG_context_sampling_1868_885_trimmed_bismark_bt2.CpG",645,454,191,645
"5886","07_report/CpG_context_sampling_1868_886_trimmed_bismark_bt2.CpG",632,438,194,632
"5887","07_report/CpG_context_sampling_1868_887_trimmed_bismark_bt2.CpG",653,475,178,653
"5888","07_report/CpG_context_sampling_1868_888_trimmed_bismark_bt2.CpG",648,451,197,648
"5889","07_report/CpG_context_sampling_1868_889_trimmed_bismark_bt2.CpG",641,451,190,641
"5890","07_report/CpG_context_sampling_1868_890_trimmed_bismark_bt2.CpG",639,450,189,639
"5891","07_report/CpG_context_sampling_1868_891_trimmed_bismark_bt2.CpG",636,466,170,636
"5892","07_report/CpG_context_sampling_1868_892_trimmed_bismark_bt2.CpG",666,469,197,666
"5893","07_report/CpG_context_sampling_1868_893_trimmed_bismark_bt2.CpG",668,468,200,668
"5894","07_report/CpG_context_sampling_1868_894_trimmed_bismark_bt2.CpG",663,481,182,663
"5895","07_report/CpG_context_sampling_1868_895_trimmed_bismark_bt2.CpG",676,490,186,676
"5896","07_report/CpG_context_sampling_1868_896_trimmed_bismark_bt2.CpG",631,451,180,631
"5897","07_report/CpG_context_sampling_1868_897_trimmed_bismark_bt2.CpG",601,426,175,601
"5898","07_report/CpG_context_sampling_1868_898_trimmed_bismark_bt2.CpG",659,471,188,659
"5899","07_report/CpG_context_sampling_1868_899_trimmed_bismark_bt2.CpG",644,483,161,644
"5900","07_report/CpG_context_sampling_1868_900_trimmed_bismark_bt2.CpG",664,474,190,664
"5901","07_report/CpG_context_sampling_1868_901_trimmed_bismark_bt2.CpG",632,460,172,632
"5902","07_report/CpG_context_sampling_1868_902_trimmed_bismark_bt2.CpG",618,438,180,618
"5903","07_report/CpG_context_sampling_1868_903_trimmed_bismark_bt2.CpG",610,440,170,610
"5904","07_report/CpG_context_sampling_1868_904_trimmed_bismark_bt2.CpG",626,428,198,626
"5905","07_report/CpG_context_sampling_1868_905_trimmed_bismark_bt2.CpG",632,462,170,632
"5906","07_report/CpG_context_sampling_1868_906_trimmed_bismark_bt2.CpG",637,474,163,637
"5907","07_report/CpG_context_sampling_1868_907_trimmed_bismark_bt2.CpG",646,444,202,646
"5908","07_report/CpG_context_sampling_1868_908_trimmed_bismark_bt2.CpG",620,448,172,620
"5909","07_report/CpG_context_sampling_1868_909_trimmed_bismark_bt2.CpG",638,476,162,638
"5910","07_report/CpG_context_sampling_1868_910_trimmed_bismark_bt2.CpG",643,464,179,643
"5911","07_report/CpG_context_sampling_1868_911_trimmed_bismark_bt2.CpG",652,460,192,652
"5912","07_report/CpG_context_sampling_1868_912_trimmed_bismark_bt2.CpG",702,491,211,702
"5913","07_report/CpG_context_sampling_1868_913_trimmed_bismark_bt2.CpG",672,478,194,672
"5914","07_report/CpG_context_sampling_1868_914_trimmed_bismark_bt2.CpG",634,448,186,634
"5915","07_report/CpG_context_sampling_1868_915_trimmed_bismark_bt2.CpG",656,468,188,656
"5916","07_report/CpG_context_sampling_1868_916_trimmed_bismark_bt2.CpG",649,464,185,649
"5917","07_report/CpG_context_sampling_1868_917_trimmed_bismark_bt2.CpG",635,455,180,635
"5918","07_report/CpG_context_sampling_1868_918_trimmed_bismark_bt2.CpG",619,450,169,619
"5919","07_report/CpG_context_sampling_1868_919_trimmed_bismark_bt2.CpG",662,455,207,662
"5920","07_report/CpG_context_sampling_1868_920_trimmed_bismark_bt2.CpG",631,454,177,631
"5921","07_report/CpG_context_sampling_1868_921_trimmed_bismark_bt2.CpG",652,476,176,652
"5922","07_report/CpG_context_sampling_1868_922_trimmed_bismark_bt2.CpG",643,467,176,643
"5923","07_report/CpG_context_sampling_1868_923_trimmed_bismark_bt2.CpG",639,461,178,639
"5924","07_report/CpG_context_sampling_1868_924_trimmed_bismark_bt2.CpG",649,481,168,649
"5925","07_report/CpG_context_sampling_1868_925_trimmed_bismark_bt2.CpG",609,434,175,609
"5926","07_report/CpG_context_sampling_1868_926_trimmed_bismark_bt2.CpG",639,461,178,639
"5927","07_report/CpG_context_sampling_1868_927_trimmed_bismark_bt2.CpG",695,480,215,695
"5928","07_report/CpG_context_sampling_1868_928_trimmed_bismark_bt2.CpG",658,463,195,658
"5929","07_report/CpG_context_sampling_1868_929_trimmed_bismark_bt2.CpG",637,465,172,637
"5930","07_report/CpG_context_sampling_1868_930_trimmed_bismark_bt2.CpG",643,439,204,643
"5931","07_report/CpG_context_sampling_1868_931_trimmed_bismark_bt2.CpG",636,451,185,636
"5932","07_report/CpG_context_sampling_1868_932_trimmed_bismark_bt2.CpG",690,491,199,690
"5933","07_report/CpG_context_sampling_1868_933_trimmed_bismark_bt2.CpG",553,397,156,553
"5934","07_report/CpG_context_sampling_1868_934_trimmed_bismark_bt2.CpG",642,442,200,642
"5935","07_report/CpG_context_sampling_1868_935_trimmed_bismark_bt2.CpG",634,458,176,634
"5936","07_report/CpG_context_sampling_1868_936_trimmed_bismark_bt2.CpG",651,444,207,651
"5937","07_report/CpG_context_sampling_1868_937_trimmed_bismark_bt2.CpG",635,453,182,635
"5938","07_report/CpG_context_sampling_1868_938_trimmed_bismark_bt2.CpG",676,479,197,676
"5939","07_report/CpG_context_sampling_1868_939_trimmed_bismark_bt2.CpG",668,474,194,668
"5940","07_report/CpG_context_sampling_1868_940_trimmed_bismark_bt2.CpG",673,505,168,673
"5941","07_report/CpG_context_sampling_1868_941_trimmed_bismark_bt2.CpG",645,448,197,645
"5942","07_report/CpG_context_sampling_1868_942_trimmed_bismark_bt2.CpG",651,497,154,651
"5943","07_report/CpG_context_sampling_1868_943_trimmed_bismark_bt2.CpG",647,461,186,647
"5944","07_report/CpG_context_sampling_1868_944_trimmed_bismark_bt2.CpG",655,463,192,655
"5945","07_report/CpG_context_sampling_1868_945_trimmed_bismark_bt2.CpG",665,477,188,665
"5946","07_report/CpG_context_sampling_1868_946_trimmed_bismark_bt2.CpG",654,466,188,654
"5947","07_report/CpG_context_sampling_1868_947_trimmed_bismark_bt2.CpG",650,488,162,650
"5948","07_report/CpG_context_sampling_1868_948_trimmed_bismark_bt2.CpG",668,463,205,668
"5949","07_report/CpG_context_sampling_1868_949_trimmed_bismark_bt2.CpG",653,461,192,653
"5950","07_report/CpG_context_sampling_1868_950_trimmed_bismark_bt2.CpG",645,456,189,645
"5951","07_report/CpG_context_sampling_1868_951_trimmed_bismark_bt2.CpG",658,476,182,658
"5952","07_report/CpG_context_sampling_1868_952_trimmed_bismark_bt2.CpG",695,490,205,695
"5953","07_report/CpG_context_sampling_1868_953_trimmed_bismark_bt2.CpG",653,477,176,653
"5954","07_report/CpG_context_sampling_1868_954_trimmed_bismark_bt2.CpG",633,455,178,633
"5955","07_report/CpG_context_sampling_1868_955_trimmed_bismark_bt2.CpG",700,496,204,700
"5956","07_report/CpG_context_sampling_1868_956_trimmed_bismark_bt2.CpG",655,469,186,655
"5957","07_report/CpG_context_sampling_1868_957_trimmed_bismark_bt2.CpG",660,457,203,660
"5958","07_report/CpG_context_sampling_1868_958_trimmed_bismark_bt2.CpG",659,475,184,659
"5959","07_report/CpG_context_sampling_1868_959_trimmed_bismark_bt2.CpG",638,440,198,638
"5960","07_report/CpG_context_sampling_1868_960_trimmed_bismark_bt2.CpG",657,485,172,657
"5961","07_report/CpG_context_sampling_1868_961_trimmed_bismark_bt2.CpG",652,458,194,652
"5962","07_report/CpG_context_sampling_1868_962_trimmed_bismark_bt2.CpG",655,478,177,655
"5963","07_report/CpG_context_sampling_1868_963_trimmed_bismark_bt2.CpG",653,461,192,653
"5964","07_report/CpG_context_sampling_1868_964_trimmed_bismark_bt2.CpG",658,446,212,658
"5965","07_report/CpG_context_sampling_1868_965_trimmed_bismark_bt2.CpG",636,468,168,636
"5966","07_report/CpG_context_sampling_1868_966_trimmed_bismark_bt2.CpG",647,468,179,647
"5967","07_report/CpG_context_sampling_1868_967_trimmed_bismark_bt2.CpG",650,473,177,650
"5968","07_report/CpG_context_sampling_1868_968_trimmed_bismark_bt2.CpG",616,447,169,616
"5969","07_report/CpG_context_sampling_1868_969_trimmed_bismark_bt2.CpG",642,437,205,642
"5970","07_report/CpG_context_sampling_1868_970_trimmed_bismark_bt2.CpG",675,481,194,675
"5971","07_report/CpG_context_sampling_1868_971_trimmed_bismark_bt2.CpG",662,469,193,662
"5972","07_report/CpG_context_sampling_1868_972_trimmed_bismark_bt2.CpG",654,463,191,654
"5973","07_report/CpG_context_sampling_1868_973_trimmed_bismark_bt2.CpG",621,429,192,621
"5974","07_report/CpG_context_sampling_1868_974_trimmed_bismark_bt2.CpG",617,445,172,617
"5975","07_report/CpG_context_sampling_1868_975_trimmed_bismark_bt2.CpG",643,471,172,643
"5976","07_report/CpG_context_sampling_1868_976_trimmed_bismark_bt2.CpG",635,452,183,635
"5977","07_report/CpG_context_sampling_1868_977_trimmed_bismark_bt2.CpG",676,464,212,676
"5978","07_report/CpG_context_sampling_1868_978_trimmed_bismark_bt2.CpG",667,489,178,667
"5979","07_report/CpG_context_sampling_1868_979_trimmed_bismark_bt2.CpG",649,499,150,649
"5980","07_report/CpG_context_sampling_1868_980_trimmed_bismark_bt2.CpG",691,489,202,691
"5981","07_report/CpG_context_sampling_1868_981_trimmed_bismark_bt2.CpG",657,457,200,657
"5982","07_report/CpG_context_sampling_1868_982_trimmed_bismark_bt2.CpG",633,456,177,633
"5983","07_report/CpG_context_sampling_1868_983_trimmed_bismark_bt2.CpG",648,442,206,648
"5984","07_report/CpG_context_sampling_1868_984_trimmed_bismark_bt2.CpG",648,484,164,648
"5985","07_report/CpG_context_sampling_1868_985_trimmed_bismark_bt2.CpG",589,441,148,589
"5986","07_report/CpG_context_sampling_1868_986_trimmed_bismark_bt2.CpG",643,471,172,643
"5987","07_report/CpG_context_sampling_1868_987_trimmed_bismark_bt2.CpG",641,463,178,641
"5988","07_report/CpG_context_sampling_1868_988_trimmed_bismark_bt2.CpG",634,445,189,634
"5989","07_report/CpG_context_sampling_1868_989_trimmed_bismark_bt2.CpG",650,458,192,650
"5990","07_report/CpG_context_sampling_1868_990_trimmed_bismark_bt2.CpG",661,465,196,661
"5991","07_report/CpG_context_sampling_1868_991_trimmed_bismark_bt2.CpG",673,502,171,673
"5992","07_report/CpG_context_sampling_1868_992_trimmed_bismark_bt2.CpG",620,453,167,620
"5993","07_report/CpG_context_sampling_1868_993_trimmed_bismark_bt2.CpG",624,471,153,624
"5994","07_report/CpG_context_sampling_1868_994_trimmed_bismark_bt2.CpG",674,488,186,674
"5995","07_report/CpG_context_sampling_1868_995_trimmed_bismark_bt2.CpG",644,447,197,644
"5996","07_report/CpG_context_sampling_1868_996_trimmed_bismark_bt2.CpG",661,480,181,661
"5997","07_report/CpG_context_sampling_1868_997_trimmed_bismark_bt2.CpG",636,440,196,636
"5998","07_report/CpG_context_sampling_1868_998_trimmed_bismark_bt2.CpG",606,427,179,606
"5999","07_report/CpG_context_sampling_1868_999_trimmed_bismark_bt2.CpG",666,460,206,666
"6000","07_report/CpG_context_sampling_1868_1000_trimmed_bismark_bt2.CpG",668,478,190,668
"6001","07_report/CpG_context_sampling_2490_1_trimmed_bismark_bt2.CpG",833,610,223,833
"6002","07_report/CpG_context_sampling_2490_2_trimmed_bismark_bt2.CpG",849,584,265,849
"6003","07_report/CpG_context_sampling_2490_3_trimmed_bismark_bt2.CpG",913,644,269,913
"6004","07_report/CpG_context_sampling_2490_4_trimmed_bismark_bt2.CpG",842,592,250,842
"6005","07_report/CpG_context_sampling_2490_5_trimmed_bismark_bt2.CpG",869,632,237,869
"6006","07_report/CpG_context_sampling_2490_6_trimmed_bismark_bt2.CpG",868,618,250,868
"6007","07_report/CpG_context_sampling_2490_7_trimmed_bismark_bt2.CpG",884,628,256,884
"6008","07_report/CpG_context_sampling_2490_8_trimmed_bismark_bt2.CpG",918,641,277,918
"6009","07_report/CpG_context_sampling_2490_9_trimmed_bismark_bt2.CpG",881,646,235,881
"6010","07_report/CpG_context_sampling_2490_10_trimmed_bismark_bt2.CpG",873,605,268,873
"6011","07_report/CpG_context_sampling_2490_11_trimmed_bismark_bt2.CpG",861,599,262,861
"6012","07_report/CpG_context_sampling_2490_12_trimmed_bismark_bt2.CpG",830,583,247,830
"6013","07_report/CpG_context_sampling_2490_13_trimmed_bismark_bt2.CpG",822,570,252,822
"6014","07_report/CpG_context_sampling_2490_14_trimmed_bismark_bt2.CpG",870,627,243,870
"6015","07_report/CpG_context_sampling_2490_15_trimmed_bismark_bt2.CpG",852,609,243,852
"6016","07_report/CpG_context_sampling_2490_16_trimmed_bismark_bt2.CpG",898,606,292,898
"6017","07_report/CpG_context_sampling_2490_17_trimmed_bismark_bt2.CpG",859,609,250,859
"6018","07_report/CpG_context_sampling_2490_18_trimmed_bismark_bt2.CpG",836,619,217,836
"6019","07_report/CpG_context_sampling_2490_19_trimmed_bismark_bt2.CpG",889,616,273,889
"6020","07_report/CpG_context_sampling_2490_20_trimmed_bismark_bt2.CpG",845,600,245,845
"6021","07_report/CpG_context_sampling_2490_21_trimmed_bismark_bt2.CpG",876,648,228,876
"6022","07_report/CpG_context_sampling_2490_22_trimmed_bismark_bt2.CpG",867,629,238,867
"6023","07_report/CpG_context_sampling_2490_23_trimmed_bismark_bt2.CpG",881,629,252,881
"6024","07_report/CpG_context_sampling_2490_24_trimmed_bismark_bt2.CpG",844,620,224,844
"6025","07_report/CpG_context_sampling_2490_25_trimmed_bismark_bt2.CpG",855,590,265,855
"6026","07_report/CpG_context_sampling_2490_26_trimmed_bismark_bt2.CpG",882,630,252,882
"6027","07_report/CpG_context_sampling_2490_27_trimmed_bismark_bt2.CpG",857,614,243,857
"6028","07_report/CpG_context_sampling_2490_28_trimmed_bismark_bt2.CpG",850,611,239,850
"6029","07_report/CpG_context_sampling_2490_29_trimmed_bismark_bt2.CpG",875,625,250,875
"6030","07_report/CpG_context_sampling_2490_30_trimmed_bismark_bt2.CpG",839,577,262,839
"6031","07_report/CpG_context_sampling_2490_31_trimmed_bismark_bt2.CpG",901,666,235,901
"6032","07_report/CpG_context_sampling_2490_32_trimmed_bismark_bt2.CpG",853,616,237,853
"6033","07_report/CpG_context_sampling_2490_33_trimmed_bismark_bt2.CpG",864,657,207,864
"6034","07_report/CpG_context_sampling_2490_34_trimmed_bismark_bt2.CpG",813,574,239,813
"6035","07_report/CpG_context_sampling_2490_35_trimmed_bismark_bt2.CpG",839,619,220,839
"6036","07_report/CpG_context_sampling_2490_36_trimmed_bismark_bt2.CpG",902,651,251,902
"6037","07_report/CpG_context_sampling_2490_37_trimmed_bismark_bt2.CpG",886,645,241,886
"6038","07_report/CpG_context_sampling_2490_38_trimmed_bismark_bt2.CpG",859,597,262,859
"6039","07_report/CpG_context_sampling_2490_39_trimmed_bismark_bt2.CpG",867,619,248,867
"6040","07_report/CpG_context_sampling_2490_40_trimmed_bismark_bt2.CpG",853,593,260,853
"6041","07_report/CpG_context_sampling_2490_41_trimmed_bismark_bt2.CpG",851,609,242,851
"6042","07_report/CpG_context_sampling_2490_42_trimmed_bismark_bt2.CpG",862,638,224,862
"6043","07_report/CpG_context_sampling_2490_43_trimmed_bismark_bt2.CpG",873,622,251,873
"6044","07_report/CpG_context_sampling_2490_44_trimmed_bismark_bt2.CpG",839,613,226,839
"6045","07_report/CpG_context_sampling_2490_45_trimmed_bismark_bt2.CpG",857,620,237,857
"6046","07_report/CpG_context_sampling_2490_46_trimmed_bismark_bt2.CpG",853,611,242,853
"6047","07_report/CpG_context_sampling_2490_47_trimmed_bismark_bt2.CpG",891,650,241,891
"6048","07_report/CpG_context_sampling_2490_48_trimmed_bismark_bt2.CpG",853,611,242,853
"6049","07_report/CpG_context_sampling_2490_49_trimmed_bismark_bt2.CpG",840,607,233,840
"6050","07_report/CpG_context_sampling_2490_50_trimmed_bismark_bt2.CpG",878,634,244,878
"6051","07_report/CpG_context_sampling_2490_51_trimmed_bismark_bt2.CpG",805,586,219,805
"6052","07_report/CpG_context_sampling_2490_52_trimmed_bismark_bt2.CpG",881,625,256,881
"6053","07_report/CpG_context_sampling_2490_53_trimmed_bismark_bt2.CpG",848,604,244,848
"6054","07_report/CpG_context_sampling_2490_54_trimmed_bismark_bt2.CpG",844,561,283,844
"6055","07_report/CpG_context_sampling_2490_55_trimmed_bismark_bt2.CpG",865,600,265,865
"6056","07_report/CpG_context_sampling_2490_56_trimmed_bismark_bt2.CpG",864,590,274,864
"6057","07_report/CpG_context_sampling_2490_57_trimmed_bismark_bt2.CpG",870,593,277,870
"6058","07_report/CpG_context_sampling_2490_58_trimmed_bismark_bt2.CpG",838,591,247,838
"6059","07_report/CpG_context_sampling_2490_59_trimmed_bismark_bt2.CpG",882,629,253,882
"6060","07_report/CpG_context_sampling_2490_60_trimmed_bismark_bt2.CpG",872,603,269,872
"6061","07_report/CpG_context_sampling_2490_61_trimmed_bismark_bt2.CpG",878,616,262,878
"6062","07_report/CpG_context_sampling_2490_62_trimmed_bismark_bt2.CpG",881,629,252,881
"6063","07_report/CpG_context_sampling_2490_63_trimmed_bismark_bt2.CpG",901,649,252,901
"6064","07_report/CpG_context_sampling_2490_64_trimmed_bismark_bt2.CpG",898,650,248,898
"6065","07_report/CpG_context_sampling_2490_65_trimmed_bismark_bt2.CpG",941,697,244,941
"6066","07_report/CpG_context_sampling_2490_66_trimmed_bismark_bt2.CpG",848,611,237,848
"6067","07_report/CpG_context_sampling_2490_67_trimmed_bismark_bt2.CpG",862,584,278,862
"6068","07_report/CpG_context_sampling_2490_68_trimmed_bismark_bt2.CpG",912,641,271,912
"6069","07_report/CpG_context_sampling_2490_69_trimmed_bismark_bt2.CpG",910,659,251,910
"6070","07_report/CpG_context_sampling_2490_70_trimmed_bismark_bt2.CpG",846,597,249,846
"6071","07_report/CpG_context_sampling_2490_71_trimmed_bismark_bt2.CpG",815,564,251,815
"6072","07_report/CpG_context_sampling_2490_72_trimmed_bismark_bt2.CpG",800,563,237,800
"6073","07_report/CpG_context_sampling_2490_73_trimmed_bismark_bt2.CpG",854,618,236,854
"6074","07_report/CpG_context_sampling_2490_74_trimmed_bismark_bt2.CpG",829,588,241,829
"6075","07_report/CpG_context_sampling_2490_75_trimmed_bismark_bt2.CpG",896,627,269,896
"6076","07_report/CpG_context_sampling_2490_76_trimmed_bismark_bt2.CpG",838,621,217,838
"6077","07_report/CpG_context_sampling_2490_77_trimmed_bismark_bt2.CpG",811,576,235,811
"6078","07_report/CpG_context_sampling_2490_78_trimmed_bismark_bt2.CpG",854,603,251,854
"6079","07_report/CpG_context_sampling_2490_79_trimmed_bismark_bt2.CpG",841,604,237,841
"6080","07_report/CpG_context_sampling_2490_80_trimmed_bismark_bt2.CpG",837,630,207,837
"6081","07_report/CpG_context_sampling_2490_81_trimmed_bismark_bt2.CpG",901,628,273,901
"6082","07_report/CpG_context_sampling_2490_82_trimmed_bismark_bt2.CpG",834,609,225,834
"6083","07_report/CpG_context_sampling_2490_83_trimmed_bismark_bt2.CpG",860,616,244,860
"6084","07_report/CpG_context_sampling_2490_84_trimmed_bismark_bt2.CpG",910,645,265,910
"6085","07_report/CpG_context_sampling_2490_85_trimmed_bismark_bt2.CpG",847,584,263,847
"6086","07_report/CpG_context_sampling_2490_86_trimmed_bismark_bt2.CpG",877,632,245,877
"6087","07_report/CpG_context_sampling_2490_87_trimmed_bismark_bt2.CpG",908,639,269,908
"6088","07_report/CpG_context_sampling_2490_88_trimmed_bismark_bt2.CpG",875,624,251,875
"6089","07_report/CpG_context_sampling_2490_89_trimmed_bismark_bt2.CpG",864,630,234,864
"6090","07_report/CpG_context_sampling_2490_90_trimmed_bismark_bt2.CpG",841,610,231,841
"6091","07_report/CpG_context_sampling_2490_91_trimmed_bismark_bt2.CpG",876,613,263,876
"6092","07_report/CpG_context_sampling_2490_92_trimmed_bismark_bt2.CpG",873,625,248,873
"6093","07_report/CpG_context_sampling_2490_93_trimmed_bismark_bt2.CpG",871,640,231,871
"6094","07_report/CpG_context_sampling_2490_94_trimmed_bismark_bt2.CpG",869,634,235,869
"6095","07_report/CpG_context_sampling_2490_95_trimmed_bismark_bt2.CpG",906,638,268,906
"6096","07_report/CpG_context_sampling_2490_96_trimmed_bismark_bt2.CpG",844,603,241,844
"6097","07_report/CpG_context_sampling_2490_97_trimmed_bismark_bt2.CpG",855,607,248,855
"6098","07_report/CpG_context_sampling_2490_98_trimmed_bismark_bt2.CpG",873,647,226,873
"6099","07_report/CpG_context_sampling_2490_99_trimmed_bismark_bt2.CpG",888,641,247,888
"6100","07_report/CpG_context_sampling_2490_100_trimmed_bismark_bt2.CpG",835,596,239,835
"6101","07_report/CpG_context_sampling_2490_101_trimmed_bismark_bt2.CpG",845,617,228,845
"6102","07_report/CpG_context_sampling_2490_102_trimmed_bismark_bt2.CpG",845,588,257,845
"6103","07_report/CpG_context_sampling_2490_103_trimmed_bismark_bt2.CpG",881,623,258,881
"6104","07_report/CpG_context_sampling_2490_104_trimmed_bismark_bt2.CpG",841,614,227,841
"6105","07_report/CpG_context_sampling_2490_105_trimmed_bismark_bt2.CpG",870,630,240,870
"6106","07_report/CpG_context_sampling_2490_106_trimmed_bismark_bt2.CpG",837,604,233,837
"6107","07_report/CpG_context_sampling_2490_107_trimmed_bismark_bt2.CpG",877,632,245,877
"6108","07_report/CpG_context_sampling_2490_108_trimmed_bismark_bt2.CpG",798,564,234,798
"6109","07_report/CpG_context_sampling_2490_109_trimmed_bismark_bt2.CpG",869,612,257,869
"6110","07_report/CpG_context_sampling_2490_110_trimmed_bismark_bt2.CpG",882,630,252,882
"6111","07_report/CpG_context_sampling_2490_111_trimmed_bismark_bt2.CpG",848,621,227,848
"6112","07_report/CpG_context_sampling_2490_112_trimmed_bismark_bt2.CpG",825,582,243,825
"6113","07_report/CpG_context_sampling_2490_113_trimmed_bismark_bt2.CpG",852,631,221,852
"6114","07_report/CpG_context_sampling_2490_114_trimmed_bismark_bt2.CpG",839,621,218,839
"6115","07_report/CpG_context_sampling_2490_115_trimmed_bismark_bt2.CpG",874,622,252,874
"6116","07_report/CpG_context_sampling_2490_116_trimmed_bismark_bt2.CpG",849,615,234,849
"6117","07_report/CpG_context_sampling_2490_117_trimmed_bismark_bt2.CpG",895,632,263,895
"6118","07_report/CpG_context_sampling_2490_118_trimmed_bismark_bt2.CpG",864,595,269,864
"6119","07_report/CpG_context_sampling_2490_119_trimmed_bismark_bt2.CpG",873,629,244,873
"6120","07_report/CpG_context_sampling_2490_120_trimmed_bismark_bt2.CpG",870,639,231,870
"6121","07_report/CpG_context_sampling_2490_121_trimmed_bismark_bt2.CpG",831,597,234,831
"6122","07_report/CpG_context_sampling_2490_122_trimmed_bismark_bt2.CpG",837,586,251,837
"6123","07_report/CpG_context_sampling_2490_123_trimmed_bismark_bt2.CpG",869,611,258,869
"6124","07_report/CpG_context_sampling_2490_124_trimmed_bismark_bt2.CpG",870,628,242,870
"6125","07_report/CpG_context_sampling_2490_125_trimmed_bismark_bt2.CpG",880,622,258,880
"6126","07_report/CpG_context_sampling_2490_126_trimmed_bismark_bt2.CpG",833,602,231,833
"6127","07_report/CpG_context_sampling_2490_127_trimmed_bismark_bt2.CpG",885,626,259,885
"6128","07_report/CpG_context_sampling_2490_128_trimmed_bismark_bt2.CpG",838,589,249,838
"6129","07_report/CpG_context_sampling_2490_129_trimmed_bismark_bt2.CpG",894,649,245,894
"6130","07_report/CpG_context_sampling_2490_130_trimmed_bismark_bt2.CpG",902,661,241,902
"6131","07_report/CpG_context_sampling_2490_131_trimmed_bismark_bt2.CpG",848,624,224,848
"6132","07_report/CpG_context_sampling_2490_132_trimmed_bismark_bt2.CpG",867,625,242,867
"6133","07_report/CpG_context_sampling_2490_133_trimmed_bismark_bt2.CpG",870,625,245,870
"6134","07_report/CpG_context_sampling_2490_134_trimmed_bismark_bt2.CpG",874,625,249,874
"6135","07_report/CpG_context_sampling_2490_135_trimmed_bismark_bt2.CpG",851,598,253,851
"6136","07_report/CpG_context_sampling_2490_136_trimmed_bismark_bt2.CpG",819,599,220,819
"6137","07_report/CpG_context_sampling_2490_137_trimmed_bismark_bt2.CpG",892,648,244,892
"6138","07_report/CpG_context_sampling_2490_138_trimmed_bismark_bt2.CpG",888,622,266,888
"6139","07_report/CpG_context_sampling_2490_139_trimmed_bismark_bt2.CpG",881,629,252,881
"6140","07_report/CpG_context_sampling_2490_140_trimmed_bismark_bt2.CpG",853,617,236,853
"6141","07_report/CpG_context_sampling_2490_141_trimmed_bismark_bt2.CpG",866,602,264,866
"6142","07_report/CpG_context_sampling_2490_142_trimmed_bismark_bt2.CpG",831,611,220,831
"6143","07_report/CpG_context_sampling_2490_143_trimmed_bismark_bt2.CpG",877,635,242,877
"6144","07_report/CpG_context_sampling_2490_144_trimmed_bismark_bt2.CpG",862,630,232,862
"6145","07_report/CpG_context_sampling_2490_145_trimmed_bismark_bt2.CpG",844,586,258,844
"6146","07_report/CpG_context_sampling_2490_146_trimmed_bismark_bt2.CpG",855,608,247,855
"6147","07_report/CpG_context_sampling_2490_147_trimmed_bismark_bt2.CpG",851,608,243,851
"6148","07_report/CpG_context_sampling_2490_148_trimmed_bismark_bt2.CpG",875,642,233,875
"6149","07_report/CpG_context_sampling_2490_149_trimmed_bismark_bt2.CpG",861,602,259,861
"6150","07_report/CpG_context_sampling_2490_150_trimmed_bismark_bt2.CpG",835,605,230,835
"6151","07_report/CpG_context_sampling_2490_151_trimmed_bismark_bt2.CpG",874,626,248,874
"6152","07_report/CpG_context_sampling_2490_152_trimmed_bismark_bt2.CpG",862,618,244,862
"6153","07_report/CpG_context_sampling_2490_153_trimmed_bismark_bt2.CpG",856,611,245,856
"6154","07_report/CpG_context_sampling_2490_154_trimmed_bismark_bt2.CpG",890,656,234,890
"6155","07_report/CpG_context_sampling_2490_155_trimmed_bismark_bt2.CpG",885,621,264,885
"6156","07_report/CpG_context_sampling_2490_156_trimmed_bismark_bt2.CpG",857,628,229,857
"6157","07_report/CpG_context_sampling_2490_157_trimmed_bismark_bt2.CpG",838,583,255,838
"6158","07_report/CpG_context_sampling_2490_158_trimmed_bismark_bt2.CpG",840,595,245,840
"6159","07_report/CpG_context_sampling_2490_159_trimmed_bismark_bt2.CpG",864,601,263,864
"6160","07_report/CpG_context_sampling_2490_160_trimmed_bismark_bt2.CpG",852,620,232,852
"6161","07_report/CpG_context_sampling_2490_161_trimmed_bismark_bt2.CpG",858,626,232,858
"6162","07_report/CpG_context_sampling_2490_162_trimmed_bismark_bt2.CpG",870,634,236,870
"6163","07_report/CpG_context_sampling_2490_163_trimmed_bismark_bt2.CpG",889,632,257,889
"6164","07_report/CpG_context_sampling_2490_164_trimmed_bismark_bt2.CpG",863,635,228,863
"6165","07_report/CpG_context_sampling_2490_165_trimmed_bismark_bt2.CpG",894,637,257,894
"6166","07_report/CpG_context_sampling_2490_166_trimmed_bismark_bt2.CpG",848,612,236,848
"6167","07_report/CpG_context_sampling_2490_167_trimmed_bismark_bt2.CpG",841,606,235,841
"6168","07_report/CpG_context_sampling_2490_168_trimmed_bismark_bt2.CpG",838,591,247,838
"6169","07_report/CpG_context_sampling_2490_169_trimmed_bismark_bt2.CpG",860,624,236,860
"6170","07_report/CpG_context_sampling_2490_170_trimmed_bismark_bt2.CpG",855,623,232,855
"6171","07_report/CpG_context_sampling_2490_171_trimmed_bismark_bt2.CpG",841,619,222,841
"6172","07_report/CpG_context_sampling_2490_172_trimmed_bismark_bt2.CpG",860,604,256,860
"6173","07_report/CpG_context_sampling_2490_173_trimmed_bismark_bt2.CpG",865,614,251,865
"6174","07_report/CpG_context_sampling_2490_174_trimmed_bismark_bt2.CpG",877,627,250,877
"6175","07_report/CpG_context_sampling_2490_175_trimmed_bismark_bt2.CpG",863,616,247,863
"6176","07_report/CpG_context_sampling_2490_176_trimmed_bismark_bt2.CpG",878,618,260,878
"6177","07_report/CpG_context_sampling_2490_177_trimmed_bismark_bt2.CpG",902,642,260,902
"6178","07_report/CpG_context_sampling_2490_178_trimmed_bismark_bt2.CpG",854,614,240,854
"6179","07_report/CpG_context_sampling_2490_179_trimmed_bismark_bt2.CpG",874,652,222,874
"6180","07_report/CpG_context_sampling_2490_180_trimmed_bismark_bt2.CpG",867,637,230,867
"6181","07_report/CpG_context_sampling_2490_181_trimmed_bismark_bt2.CpG",880,626,254,880
"6182","07_report/CpG_context_sampling_2490_182_trimmed_bismark_bt2.CpG",838,591,247,838
"6183","07_report/CpG_context_sampling_2490_183_trimmed_bismark_bt2.CpG",892,640,252,892
"6184","07_report/CpG_context_sampling_2490_184_trimmed_bismark_bt2.CpG",854,605,249,854
"6185","07_report/CpG_context_sampling_2490_185_trimmed_bismark_bt2.CpG",846,598,248,846
"6186","07_report/CpG_context_sampling_2490_186_trimmed_bismark_bt2.CpG",917,661,256,917
"6187","07_report/CpG_context_sampling_2490_187_trimmed_bismark_bt2.CpG",851,616,235,851
"6188","07_report/CpG_context_sampling_2490_188_trimmed_bismark_bt2.CpG",852,580,272,852
"6189","07_report/CpG_context_sampling_2490_189_trimmed_bismark_bt2.CpG",844,601,243,844
"6190","07_report/CpG_context_sampling_2490_190_trimmed_bismark_bt2.CpG",860,619,241,860
"6191","07_report/CpG_context_sampling_2490_191_trimmed_bismark_bt2.CpG",878,603,275,878
"6192","07_report/CpG_context_sampling_2490_192_trimmed_bismark_bt2.CpG",878,652,226,878
"6193","07_report/CpG_context_sampling_2490_193_trimmed_bismark_bt2.CpG",844,586,258,844
"6194","07_report/CpG_context_sampling_2490_194_trimmed_bismark_bt2.CpG",894,636,258,894
"6195","07_report/CpG_context_sampling_2490_195_trimmed_bismark_bt2.CpG",872,637,235,872
"6196","07_report/CpG_context_sampling_2490_196_trimmed_bismark_bt2.CpG",838,581,257,838
"6197","07_report/CpG_context_sampling_2490_197_trimmed_bismark_bt2.CpG",869,615,254,869
"6198","07_report/CpG_context_sampling_2490_198_trimmed_bismark_bt2.CpG",883,626,257,883
"6199","07_report/CpG_context_sampling_2490_199_trimmed_bismark_bt2.CpG",861,622,239,861
"6200","07_report/CpG_context_sampling_2490_200_trimmed_bismark_bt2.CpG",810,579,231,810
"6201","07_report/CpG_context_sampling_2490_201_trimmed_bismark_bt2.CpG",850,623,227,850
"6202","07_report/CpG_context_sampling_2490_202_trimmed_bismark_bt2.CpG",815,562,253,815
"6203","07_report/CpG_context_sampling_2490_203_trimmed_bismark_bt2.CpG",809,587,222,809
"6204","07_report/CpG_context_sampling_2490_204_trimmed_bismark_bt2.CpG",883,634,249,883
"6205","07_report/CpG_context_sampling_2490_205_trimmed_bismark_bt2.CpG",823,598,225,823
"6206","07_report/CpG_context_sampling_2490_206_trimmed_bismark_bt2.CpG",853,605,248,853
"6207","07_report/CpG_context_sampling_2490_207_trimmed_bismark_bt2.CpG",878,615,263,878
"6208","07_report/CpG_context_sampling_2490_208_trimmed_bismark_bt2.CpG",865,614,251,865
"6209","07_report/CpG_context_sampling_2490_209_trimmed_bismark_bt2.CpG",861,625,236,861
"6210","07_report/CpG_context_sampling_2490_210_trimmed_bismark_bt2.CpG",839,603,236,839
"6211","07_report/CpG_context_sampling_2490_211_trimmed_bismark_bt2.CpG",865,607,258,865
"6212","07_report/CpG_context_sampling_2490_212_trimmed_bismark_bt2.CpG",876,631,245,876
"6213","07_report/CpG_context_sampling_2490_213_trimmed_bismark_bt2.CpG",859,625,234,859
"6214","07_report/CpG_context_sampling_2490_214_trimmed_bismark_bt2.CpG",843,596,247,843
"6215","07_report/CpG_context_sampling_2490_215_trimmed_bismark_bt2.CpG",884,650,234,884
"6216","07_report/CpG_context_sampling_2490_216_trimmed_bismark_bt2.CpG",864,615,249,864
"6217","07_report/CpG_context_sampling_2490_217_trimmed_bismark_bt2.CpG",846,604,242,846
"6218","07_report/CpG_context_sampling_2490_218_trimmed_bismark_bt2.CpG",839,613,226,839
"6219","07_report/CpG_context_sampling_2490_219_trimmed_bismark_bt2.CpG",871,640,231,871
"6220","07_report/CpG_context_sampling_2490_220_trimmed_bismark_bt2.CpG",842,592,250,842
"6221","07_report/CpG_context_sampling_2490_221_trimmed_bismark_bt2.CpG",826,588,238,826
"6222","07_report/CpG_context_sampling_2490_222_trimmed_bismark_bt2.CpG",864,591,273,864
"6223","07_report/CpG_context_sampling_2490_223_trimmed_bismark_bt2.CpG",843,605,238,843
"6224","07_report/CpG_context_sampling_2490_224_trimmed_bismark_bt2.CpG",891,630,261,891
"6225","07_report/CpG_context_sampling_2490_225_trimmed_bismark_bt2.CpG",851,620,231,851
"6226","07_report/CpG_context_sampling_2490_226_trimmed_bismark_bt2.CpG",854,594,260,854
"6227","07_report/CpG_context_sampling_2490_227_trimmed_bismark_bt2.CpG",895,639,256,895
"6228","07_report/CpG_context_sampling_2490_228_trimmed_bismark_bt2.CpG",839,602,237,839
"6229","07_report/CpG_context_sampling_2490_229_trimmed_bismark_bt2.CpG",880,646,234,880
"6230","07_report/CpG_context_sampling_2490_230_trimmed_bismark_bt2.CpG",828,605,223,828
"6231","07_report/CpG_context_sampling_2490_231_trimmed_bismark_bt2.CpG",829,587,242,829
"6232","07_report/CpG_context_sampling_2490_232_trimmed_bismark_bt2.CpG",866,616,250,866
"6233","07_report/CpG_context_sampling_2490_233_trimmed_bismark_bt2.CpG",895,667,228,895
"6234","07_report/CpG_context_sampling_2490_234_trimmed_bismark_bt2.CpG",828,579,249,828
"6235","07_report/CpG_context_sampling_2490_235_trimmed_bismark_bt2.CpG",818,594,224,818
"6236","07_report/CpG_context_sampling_2490_236_trimmed_bismark_bt2.CpG",921,616,305,921
"6237","07_report/CpG_context_sampling_2490_237_trimmed_bismark_bt2.CpG",893,648,245,893
"6238","07_report/CpG_context_sampling_2490_238_trimmed_bismark_bt2.CpG",881,658,223,881
"6239","07_report/CpG_context_sampling_2490_239_trimmed_bismark_bt2.CpG",823,586,237,823
"6240","07_report/CpG_context_sampling_2490_240_trimmed_bismark_bt2.CpG",845,605,240,845
"6241","07_report/CpG_context_sampling_2490_241_trimmed_bismark_bt2.CpG",885,639,246,885
"6242","07_report/CpG_context_sampling_2490_242_trimmed_bismark_bt2.CpG",861,605,256,861
"6243","07_report/CpG_context_sampling_2490_243_trimmed_bismark_bt2.CpG",887,635,252,887
"6244","07_report/CpG_context_sampling_2490_244_trimmed_bismark_bt2.CpG",875,642,233,875
"6245","07_report/CpG_context_sampling_2490_245_trimmed_bismark_bt2.CpG",869,604,265,869
"6246","07_report/CpG_context_sampling_2490_246_trimmed_bismark_bt2.CpG",862,605,257,862
"6247","07_report/CpG_context_sampling_2490_247_trimmed_bismark_bt2.CpG",838,598,240,838
"6248","07_report/CpG_context_sampling_2490_248_trimmed_bismark_bt2.CpG",827,595,232,827
"6249","07_report/CpG_context_sampling_2490_249_trimmed_bismark_bt2.CpG",859,591,268,859
"6250","07_report/CpG_context_sampling_2490_250_trimmed_bismark_bt2.CpG",873,596,277,873
"6251","07_report/CpG_context_sampling_2490_251_trimmed_bismark_bt2.CpG",872,633,239,872
"6252","07_report/CpG_context_sampling_2490_252_trimmed_bismark_bt2.CpG",860,610,250,860
"6253","07_report/CpG_context_sampling_2490_253_trimmed_bismark_bt2.CpG",859,611,248,859
"6254","07_report/CpG_context_sampling_2490_254_trimmed_bismark_bt2.CpG",878,623,255,878
"6255","07_report/CpG_context_sampling_2490_255_trimmed_bismark_bt2.CpG",854,618,236,854
"6256","07_report/CpG_context_sampling_2490_256_trimmed_bismark_bt2.CpG",844,600,244,844
"6257","07_report/CpG_context_sampling_2490_257_trimmed_bismark_bt2.CpG",876,619,257,876
"6258","07_report/CpG_context_sampling_2490_258_trimmed_bismark_bt2.CpG",834,595,239,834
"6259","07_report/CpG_context_sampling_2490_259_trimmed_bismark_bt2.CpG",894,668,226,894
"6260","07_report/CpG_context_sampling_2490_260_trimmed_bismark_bt2.CpG",862,616,246,862
"6261","07_report/CpG_context_sampling_2490_261_trimmed_bismark_bt2.CpG",881,638,243,881
"6262","07_report/CpG_context_sampling_2490_262_trimmed_bismark_bt2.CpG",834,600,234,834
"6263","07_report/CpG_context_sampling_2490_263_trimmed_bismark_bt2.CpG",842,585,257,842
"6264","07_report/CpG_context_sampling_2490_264_trimmed_bismark_bt2.CpG",854,591,263,854
"6265","07_report/CpG_context_sampling_2490_265_trimmed_bismark_bt2.CpG",884,643,241,884
"6266","07_report/CpG_context_sampling_2490_266_trimmed_bismark_bt2.CpG",871,612,259,871
"6267","07_report/CpG_context_sampling_2490_267_trimmed_bismark_bt2.CpG",845,599,246,845
"6268","07_report/CpG_context_sampling_2490_268_trimmed_bismark_bt2.CpG",859,608,251,859
"6269","07_report/CpG_context_sampling_2490_269_trimmed_bismark_bt2.CpG",848,614,234,848
"6270","07_report/CpG_context_sampling_2490_270_trimmed_bismark_bt2.CpG",871,609,262,871
"6271","07_report/CpG_context_sampling_2490_271_trimmed_bismark_bt2.CpG",881,615,266,881
"6272","07_report/CpG_context_sampling_2490_272_trimmed_bismark_bt2.CpG",886,634,252,886
"6273","07_report/CpG_context_sampling_2490_273_trimmed_bismark_bt2.CpG",894,647,247,894
"6274","07_report/CpG_context_sampling_2490_274_trimmed_bismark_bt2.CpG",832,599,233,832
"6275","07_report/CpG_context_sampling_2490_275_trimmed_bismark_bt2.CpG",821,586,235,821
"6276","07_report/CpG_context_sampling_2490_276_trimmed_bismark_bt2.CpG",892,637,255,892
"6277","07_report/CpG_context_sampling_2490_277_trimmed_bismark_bt2.CpG",878,658,220,878
"6278","07_report/CpG_context_sampling_2490_278_trimmed_bismark_bt2.CpG",862,624,238,862
"6279","07_report/CpG_context_sampling_2490_279_trimmed_bismark_bt2.CpG",864,629,235,864
"6280","07_report/CpG_context_sampling_2490_280_trimmed_bismark_bt2.CpG",824,574,250,824
"6281","07_report/CpG_context_sampling_2490_281_trimmed_bismark_bt2.CpG",837,597,240,837
"6282","07_report/CpG_context_sampling_2490_282_trimmed_bismark_bt2.CpG",845,588,257,845
"6283","07_report/CpG_context_sampling_2490_283_trimmed_bismark_bt2.CpG",864,650,214,864
"6284","07_report/CpG_context_sampling_2490_284_trimmed_bismark_bt2.CpG",862,641,221,862
"6285","07_report/CpG_context_sampling_2490_285_trimmed_bismark_bt2.CpG",867,607,260,867
"6286","07_report/CpG_context_sampling_2490_286_trimmed_bismark_bt2.CpG",837,604,233,837
"6287","07_report/CpG_context_sampling_2490_287_trimmed_bismark_bt2.CpG",842,620,222,842
"6288","07_report/CpG_context_sampling_2490_288_trimmed_bismark_bt2.CpG",857,615,242,857
"6289","07_report/CpG_context_sampling_2490_289_trimmed_bismark_bt2.CpG",873,622,251,873
"6290","07_report/CpG_context_sampling_2490_290_trimmed_bismark_bt2.CpG",935,662,273,935
"6291","07_report/CpG_context_sampling_2490_291_trimmed_bismark_bt2.CpG",915,652,263,915
"6292","07_report/CpG_context_sampling_2490_292_trimmed_bismark_bt2.CpG",849,599,250,849
"6293","07_report/CpG_context_sampling_2490_293_trimmed_bismark_bt2.CpG",870,623,247,870
"6294","07_report/CpG_context_sampling_2490_294_trimmed_bismark_bt2.CpG",864,606,258,864
"6295","07_report/CpG_context_sampling_2490_295_trimmed_bismark_bt2.CpG",837,598,239,837
"6296","07_report/CpG_context_sampling_2490_296_trimmed_bismark_bt2.CpG",838,603,235,838
"6297","07_report/CpG_context_sampling_2490_297_trimmed_bismark_bt2.CpG",881,608,273,881
"6298","07_report/CpG_context_sampling_2490_298_trimmed_bismark_bt2.CpG",854,622,232,854
"6299","07_report/CpG_context_sampling_2490_299_trimmed_bismark_bt2.CpG",865,631,234,865
"6300","07_report/CpG_context_sampling_2490_300_trimmed_bismark_bt2.CpG",842,609,233,842
"6301","07_report/CpG_context_sampling_2490_301_trimmed_bismark_bt2.CpG",835,607,228,835
"6302","07_report/CpG_context_sampling_2490_302_trimmed_bismark_bt2.CpG",898,660,238,898
"6303","07_report/CpG_context_sampling_2490_303_trimmed_bismark_bt2.CpG",814,590,224,814
"6304","07_report/CpG_context_sampling_2490_304_trimmed_bismark_bt2.CpG",849,618,231,849
"6305","07_report/CpG_context_sampling_2490_305_trimmed_bismark_bt2.CpG",909,629,280,909
"6306","07_report/CpG_context_sampling_2490_306_trimmed_bismark_bt2.CpG",889,622,267,889
"6307","07_report/CpG_context_sampling_2490_307_trimmed_bismark_bt2.CpG",852,625,227,852
"6308","07_report/CpG_context_sampling_2490_308_trimmed_bismark_bt2.CpG",848,589,259,848
"6309","07_report/CpG_context_sampling_2490_309_trimmed_bismark_bt2.CpG",844,596,248,844
"6310","07_report/CpG_context_sampling_2490_310_trimmed_bismark_bt2.CpG",906,655,251,906
"6311","07_report/CpG_context_sampling_2490_311_trimmed_bismark_bt2.CpG",766,543,223,766
"6312","07_report/CpG_context_sampling_2490_312_trimmed_bismark_bt2.CpG",849,584,265,849
"6313","07_report/CpG_context_sampling_2490_313_trimmed_bismark_bt2.CpG",840,601,239,840
"6314","07_report/CpG_context_sampling_2490_314_trimmed_bismark_bt2.CpG",866,604,262,866
"6315","07_report/CpG_context_sampling_2490_315_trimmed_bismark_bt2.CpG",842,589,253,842
"6316","07_report/CpG_context_sampling_2490_316_trimmed_bismark_bt2.CpG",887,631,256,887
"6317","07_report/CpG_context_sampling_2490_317_trimmed_bismark_bt2.CpG",884,626,258,884
"6318","07_report/CpG_context_sampling_2490_318_trimmed_bismark_bt2.CpG",881,641,240,881
"6319","07_report/CpG_context_sampling_2490_319_trimmed_bismark_bt2.CpG",857,592,265,857
"6320","07_report/CpG_context_sampling_2490_320_trimmed_bismark_bt2.CpG",871,660,211,871
"6321","07_report/CpG_context_sampling_2490_321_trimmed_bismark_bt2.CpG",880,631,249,880
"6322","07_report/CpG_context_sampling_2490_322_trimmed_bismark_bt2.CpG",868,622,246,868
"6323","07_report/CpG_context_sampling_2490_323_trimmed_bismark_bt2.CpG",899,657,242,899
"6324","07_report/CpG_context_sampling_2490_324_trimmed_bismark_bt2.CpG",867,619,248,867
"6325","07_report/CpG_context_sampling_2490_325_trimmed_bismark_bt2.CpG",849,624,225,849
"6326","07_report/CpG_context_sampling_2490_326_trimmed_bismark_bt2.CpG",892,621,271,892
"6327","07_report/CpG_context_sampling_2490_327_trimmed_bismark_bt2.CpG",872,632,240,872
"6328","07_report/CpG_context_sampling_2490_328_trimmed_bismark_bt2.CpG",851,607,244,851
"6329","07_report/CpG_context_sampling_2490_329_trimmed_bismark_bt2.CpG",871,627,244,871
"6330","07_report/CpG_context_sampling_2490_330_trimmed_bismark_bt2.CpG",909,643,266,909
"6331","07_report/CpG_context_sampling_2490_331_trimmed_bismark_bt2.CpG",874,622,252,874
"6332","07_report/CpG_context_sampling_2490_332_trimmed_bismark_bt2.CpG",868,620,248,868
"6333","07_report/CpG_context_sampling_2490_333_trimmed_bismark_bt2.CpG",905,641,264,905
"6334","07_report/CpG_context_sampling_2490_334_trimmed_bismark_bt2.CpG",872,624,248,872
"6335","07_report/CpG_context_sampling_2490_335_trimmed_bismark_bt2.CpG",889,631,258,889
"6336","07_report/CpG_context_sampling_2490_336_trimmed_bismark_bt2.CpG",865,620,245,865
"6337","07_report/CpG_context_sampling_2490_337_trimmed_bismark_bt2.CpG",861,590,271,861
"6338","07_report/CpG_context_sampling_2490_338_trimmed_bismark_bt2.CpG",864,626,238,864
"6339","07_report/CpG_context_sampling_2490_339_trimmed_bismark_bt2.CpG",874,628,246,874
"6340","07_report/CpG_context_sampling_2490_340_trimmed_bismark_bt2.CpG",883,640,243,883
"6341","07_report/CpG_context_sampling_2490_341_trimmed_bismark_bt2.CpG",873,617,256,873
"6342","07_report/CpG_context_sampling_2490_342_trimmed_bismark_bt2.CpG",874,589,285,874
"6343","07_report/CpG_context_sampling_2490_343_trimmed_bismark_bt2.CpG",850,624,226,850
"6344","07_report/CpG_context_sampling_2490_344_trimmed_bismark_bt2.CpG",856,616,240,856
"6345","07_report/CpG_context_sampling_2490_345_trimmed_bismark_bt2.CpG",857,613,244,857
"6346","07_report/CpG_context_sampling_2490_346_trimmed_bismark_bt2.CpG",831,604,227,831
"6347","07_report/CpG_context_sampling_2490_347_trimmed_bismark_bt2.CpG",860,599,261,860
"6348","07_report/CpG_context_sampling_2490_348_trimmed_bismark_bt2.CpG",878,617,261,878
"6349","07_report/CpG_context_sampling_2490_349_trimmed_bismark_bt2.CpG",889,628,261,889
"6350","07_report/CpG_context_sampling_2490_350_trimmed_bismark_bt2.CpG",887,629,258,887
"6351","07_report/CpG_context_sampling_2490_351_trimmed_bismark_bt2.CpG",872,605,267,872
"6352","07_report/CpG_context_sampling_2490_352_trimmed_bismark_bt2.CpG",843,612,231,843
"6353","07_report/CpG_context_sampling_2490_353_trimmed_bismark_bt2.CpG",878,646,232,878
"6354","07_report/CpG_context_sampling_2490_354_trimmed_bismark_bt2.CpG",858,621,237,858
"6355","07_report/CpG_context_sampling_2490_355_trimmed_bismark_bt2.CpG",866,613,253,866
"6356","07_report/CpG_context_sampling_2490_356_trimmed_bismark_bt2.CpG",888,651,237,888
"6357","07_report/CpG_context_sampling_2490_357_trimmed_bismark_bt2.CpG",880,665,215,880
"6358","07_report/CpG_context_sampling_2490_358_trimmed_bismark_bt2.CpG",918,642,276,918
"6359","07_report/CpG_context_sampling_2490_359_trimmed_bismark_bt2.CpG",886,638,248,886
"6360","07_report/CpG_context_sampling_2490_360_trimmed_bismark_bt2.CpG",833,592,241,833
"6361","07_report/CpG_context_sampling_2490_361_trimmed_bismark_bt2.CpG",874,593,281,874
"6362","07_report/CpG_context_sampling_2490_362_trimmed_bismark_bt2.CpG",847,630,217,847
"6363","07_report/CpG_context_sampling_2490_363_trimmed_bismark_bt2.CpG",824,616,208,824
"6364","07_report/CpG_context_sampling_2490_364_trimmed_bismark_bt2.CpG",859,620,239,859
"6365","07_report/CpG_context_sampling_2490_365_trimmed_bismark_bt2.CpG",873,623,250,873
"6366","07_report/CpG_context_sampling_2490_366_trimmed_bismark_bt2.CpG",839,587,252,839
"6367","07_report/CpG_context_sampling_2490_367_trimmed_bismark_bt2.CpG",878,630,248,878
"6368","07_report/CpG_context_sampling_2490_368_trimmed_bismark_bt2.CpG",869,614,255,869
"6369","07_report/CpG_context_sampling_2490_369_trimmed_bismark_bt2.CpG",876,638,238,876
"6370","07_report/CpG_context_sampling_2490_370_trimmed_bismark_bt2.CpG",831,609,222,831
"6371","07_report/CpG_context_sampling_2490_371_trimmed_bismark_bt2.CpG",817,616,201,817
"6372","07_report/CpG_context_sampling_2490_372_trimmed_bismark_bt2.CpG",908,655,253,908
"6373","07_report/CpG_context_sampling_2490_373_trimmed_bismark_bt2.CpG",882,616,266,882
"6374","07_report/CpG_context_sampling_2490_374_trimmed_bismark_bt2.CpG",860,621,239,860
"6375","07_report/CpG_context_sampling_2490_375_trimmed_bismark_bt2.CpG",860,600,260,860
"6376","07_report/CpG_context_sampling_2490_376_trimmed_bismark_bt2.CpG",811,567,244,811
"6377","07_report/CpG_context_sampling_2490_377_trimmed_bismark_bt2.CpG",888,620,268,888
"6378","07_report/CpG_context_sampling_2490_378_trimmed_bismark_bt2.CpG",904,652,252,904
"6379","07_report/CpG_context_sampling_2490_379_trimmed_bismark_bt2.CpG",854,580,274,854
"6380","07_report/CpG_context_sampling_2490_380_trimmed_bismark_bt2.CpG",850,606,244,850
"6381","07_report/CpG_context_sampling_2490_381_trimmed_bismark_bt2.CpG",870,628,242,870
"6382","07_report/CpG_context_sampling_2490_382_trimmed_bismark_bt2.CpG",870,613,257,870
"6383","07_report/CpG_context_sampling_2490_383_trimmed_bismark_bt2.CpG",887,639,248,887
"6384","07_report/CpG_context_sampling_2490_384_trimmed_bismark_bt2.CpG",845,598,247,845
"6385","07_report/CpG_context_sampling_2490_385_trimmed_bismark_bt2.CpG",817,590,227,817
"6386","07_report/CpG_context_sampling_2490_386_trimmed_bismark_bt2.CpG",851,619,232,851
"6387","07_report/CpG_context_sampling_2490_387_trimmed_bismark_bt2.CpG",850,602,248,850
"6388","07_report/CpG_context_sampling_2490_388_trimmed_bismark_bt2.CpG",837,611,226,837
"6389","07_report/CpG_context_sampling_2490_389_trimmed_bismark_bt2.CpG",834,618,216,834
"6390","07_report/CpG_context_sampling_2490_390_trimmed_bismark_bt2.CpG",853,630,223,853
"6391","07_report/CpG_context_sampling_2490_391_trimmed_bismark_bt2.CpG",846,611,235,846
"6392","07_report/CpG_context_sampling_2490_392_trimmed_bismark_bt2.CpG",857,606,251,857
"6393","07_report/CpG_context_sampling_2490_393_trimmed_bismark_bt2.CpG",880,649,231,880
"6394","07_report/CpG_context_sampling_2490_394_trimmed_bismark_bt2.CpG",853,614,239,853
"6395","07_report/CpG_context_sampling_2490_395_trimmed_bismark_bt2.CpG",851,612,239,851
"6396","07_report/CpG_context_sampling_2490_396_trimmed_bismark_bt2.CpG",856,598,258,856
"6397","07_report/CpG_context_sampling_2490_397_trimmed_bismark_bt2.CpG",892,630,262,892
"6398","07_report/CpG_context_sampling_2490_398_trimmed_bismark_bt2.CpG",846,610,236,846
"6399","07_report/CpG_context_sampling_2490_399_trimmed_bismark_bt2.CpG",882,622,260,882
"6400","07_report/CpG_context_sampling_2490_400_trimmed_bismark_bt2.CpG",879,631,248,879
"6401","07_report/CpG_context_sampling_2490_401_trimmed_bismark_bt2.CpG",841,602,239,841
"6402","07_report/CpG_context_sampling_2490_402_trimmed_bismark_bt2.CpG",840,594,246,840
"6403","07_report/CpG_context_sampling_2490_403_trimmed_bismark_bt2.CpG",862,618,244,862
"6404","07_report/CpG_context_sampling_2490_404_trimmed_bismark_bt2.CpG",886,618,268,886
"6405","07_report/CpG_context_sampling_2490_405_trimmed_bismark_bt2.CpG",881,617,264,881
"6406","07_report/CpG_context_sampling_2490_406_trimmed_bismark_bt2.CpG",857,625,232,857
"6407","07_report/CpG_context_sampling_2490_407_trimmed_bismark_bt2.CpG",852,590,262,852
"6408","07_report/CpG_context_sampling_2490_408_trimmed_bismark_bt2.CpG",871,620,251,871
"6409","07_report/CpG_context_sampling_2490_409_trimmed_bismark_bt2.CpG",848,637,211,848
"6410","07_report/CpG_context_sampling_2490_410_trimmed_bismark_bt2.CpG",807,581,226,807
"6411","07_report/CpG_context_sampling_2490_411_trimmed_bismark_bt2.CpG",862,612,250,862
"6412","07_report/CpG_context_sampling_2490_412_trimmed_bismark_bt2.CpG",863,605,258,863
"6413","07_report/CpG_context_sampling_2490_413_trimmed_bismark_bt2.CpG",880,633,247,880
"6414","07_report/CpG_context_sampling_2490_414_trimmed_bismark_bt2.CpG",881,632,249,881
"6415","07_report/CpG_context_sampling_2490_415_trimmed_bismark_bt2.CpG",906,655,251,906
"6416","07_report/CpG_context_sampling_2490_416_trimmed_bismark_bt2.CpG",840,603,237,840
"6417","07_report/CpG_context_sampling_2490_417_trimmed_bismark_bt2.CpG",878,628,250,878
"6418","07_report/CpG_context_sampling_2490_418_trimmed_bismark_bt2.CpG",884,642,242,884
"6419","07_report/CpG_context_sampling_2490_419_trimmed_bismark_bt2.CpG",893,639,254,893
"6420","07_report/CpG_context_sampling_2490_420_trimmed_bismark_bt2.CpG",846,612,234,846
"6421","07_report/CpG_context_sampling_2490_421_trimmed_bismark_bt2.CpG",887,646,241,887
"6422","07_report/CpG_context_sampling_2490_422_trimmed_bismark_bt2.CpG",883,619,264,883
"6423","07_report/CpG_context_sampling_2490_423_trimmed_bismark_bt2.CpG",870,643,227,870
"6424","07_report/CpG_context_sampling_2490_424_trimmed_bismark_bt2.CpG",896,632,264,896
"6425","07_report/CpG_context_sampling_2490_425_trimmed_bismark_bt2.CpG",848,594,254,848
"6426","07_report/CpG_context_sampling_2490_426_trimmed_bismark_bt2.CpG",885,633,252,885
"6427","07_report/CpG_context_sampling_2490_427_trimmed_bismark_bt2.CpG",870,639,231,870
"6428","07_report/CpG_context_sampling_2490_428_trimmed_bismark_bt2.CpG",891,650,241,891
"6429","07_report/CpG_context_sampling_2490_429_trimmed_bismark_bt2.CpG",869,623,246,869
"6430","07_report/CpG_context_sampling_2490_430_trimmed_bismark_bt2.CpG",819,591,228,819
"6431","07_report/CpG_context_sampling_2490_431_trimmed_bismark_bt2.CpG",876,618,258,876
"6432","07_report/CpG_context_sampling_2490_432_trimmed_bismark_bt2.CpG",889,658,231,889
"6433","07_report/CpG_context_sampling_2490_433_trimmed_bismark_bt2.CpG",900,635,265,900
"6434","07_report/CpG_context_sampling_2490_434_trimmed_bismark_bt2.CpG",803,573,230,803
"6435","07_report/CpG_context_sampling_2490_435_trimmed_bismark_bt2.CpG",861,614,247,861
"6436","07_report/CpG_context_sampling_2490_436_trimmed_bismark_bt2.CpG",841,617,224,841
"6437","07_report/CpG_context_sampling_2490_437_trimmed_bismark_bt2.CpG",833,616,217,833
"6438","07_report/CpG_context_sampling_2490_438_trimmed_bismark_bt2.CpG",876,610,266,876
"6439","07_report/CpG_context_sampling_2490_439_trimmed_bismark_bt2.CpG",853,624,229,853
"6440","07_report/CpG_context_sampling_2490_440_trimmed_bismark_bt2.CpG",883,657,226,883
"6441","07_report/CpG_context_sampling_2490_441_trimmed_bismark_bt2.CpG",875,606,269,875
"6442","07_report/CpG_context_sampling_2490_442_trimmed_bismark_bt2.CpG",847,606,241,847
"6443","07_report/CpG_context_sampling_2490_443_trimmed_bismark_bt2.CpG",881,621,260,881
"6444","07_report/CpG_context_sampling_2490_444_trimmed_bismark_bt2.CpG",857,619,238,857
"6445","07_report/CpG_context_sampling_2490_445_trimmed_bismark_bt2.CpG",874,618,256,874
"6446","07_report/CpG_context_sampling_2490_446_trimmed_bismark_bt2.CpG",888,623,265,888
"6447","07_report/CpG_context_sampling_2490_447_trimmed_bismark_bt2.CpG",889,636,253,889
"6448","07_report/CpG_context_sampling_2490_448_trimmed_bismark_bt2.CpG",884,620,264,884
"6449","07_report/CpG_context_sampling_2490_449_trimmed_bismark_bt2.CpG",847,588,259,847
"6450","07_report/CpG_context_sampling_2490_450_trimmed_bismark_bt2.CpG",843,594,249,843
"6451","07_report/CpG_context_sampling_2490_451_trimmed_bismark_bt2.CpG",890,629,261,890
"6452","07_report/CpG_context_sampling_2490_452_trimmed_bismark_bt2.CpG",861,605,256,861
"6453","07_report/CpG_context_sampling_2490_453_trimmed_bismark_bt2.CpG",847,632,215,847
"6454","07_report/CpG_context_sampling_2490_454_trimmed_bismark_bt2.CpG",893,631,262,893
"6455","07_report/CpG_context_sampling_2490_455_trimmed_bismark_bt2.CpG",816,584,232,816
"6456","07_report/CpG_context_sampling_2490_456_trimmed_bismark_bt2.CpG",919,656,263,919
"6457","07_report/CpG_context_sampling_2490_457_trimmed_bismark_bt2.CpG",834,590,244,834
"6458","07_report/CpG_context_sampling_2490_458_trimmed_bismark_bt2.CpG",859,620,239,859
"6459","07_report/CpG_context_sampling_2490_459_trimmed_bismark_bt2.CpG",871,637,234,871
"6460","07_report/CpG_context_sampling_2490_460_trimmed_bismark_bt2.CpG",824,593,231,824
"6461","07_report/CpG_context_sampling_2490_461_trimmed_bismark_bt2.CpG",901,656,245,901
"6462","07_report/CpG_context_sampling_2490_462_trimmed_bismark_bt2.CpG",866,611,255,866
"6463","07_report/CpG_context_sampling_2490_463_trimmed_bismark_bt2.CpG",903,620,283,903
"6464","07_report/CpG_context_sampling_2490_464_trimmed_bismark_bt2.CpG",847,605,242,847
"6465","07_report/CpG_context_sampling_2490_465_trimmed_bismark_bt2.CpG",870,609,261,870
"6466","07_report/CpG_context_sampling_2490_466_trimmed_bismark_bt2.CpG",870,615,255,870
"6467","07_report/CpG_context_sampling_2490_467_trimmed_bismark_bt2.CpG",903,610,293,903
"6468","07_report/CpG_context_sampling_2490_468_trimmed_bismark_bt2.CpG",879,603,276,879
"6469","07_report/CpG_context_sampling_2490_469_trimmed_bismark_bt2.CpG",891,643,248,891
"6470","07_report/CpG_context_sampling_2490_470_trimmed_bismark_bt2.CpG",875,593,282,875
"6471","07_report/CpG_context_sampling_2490_471_trimmed_bismark_bt2.CpG",889,635,254,889
"6472","07_report/CpG_context_sampling_2490_472_trimmed_bismark_bt2.CpG",859,643,216,859
"6473","07_report/CpG_context_sampling_2490_473_trimmed_bismark_bt2.CpG",894,626,268,894
"6474","07_report/CpG_context_sampling_2490_474_trimmed_bismark_bt2.CpG",918,657,261,918
"6475","07_report/CpG_context_sampling_2490_475_trimmed_bismark_bt2.CpG",849,574,275,849
"6476","07_report/CpG_context_sampling_2490_476_trimmed_bismark_bt2.CpG",844,617,227,844
"6477","07_report/CpG_context_sampling_2490_477_trimmed_bismark_bt2.CpG",875,615,260,875
"6478","07_report/CpG_context_sampling_2490_478_trimmed_bismark_bt2.CpG",862,604,258,862
"6479","07_report/CpG_context_sampling_2490_479_trimmed_bismark_bt2.CpG",865,629,236,865
"6480","07_report/CpG_context_sampling_2490_480_trimmed_bismark_bt2.CpG",854,620,234,854
"6481","07_report/CpG_context_sampling_2490_481_trimmed_bismark_bt2.CpG",868,606,262,868
"6482","07_report/CpG_context_sampling_2490_482_trimmed_bismark_bt2.CpG",832,579,253,832
"6483","07_report/CpG_context_sampling_2490_483_trimmed_bismark_bt2.CpG",837,591,246,837
"6484","07_report/CpG_context_sampling_2490_484_trimmed_bismark_bt2.CpG",851,602,249,851
"6485","07_report/CpG_context_sampling_2490_485_trimmed_bismark_bt2.CpG",885,622,263,885
"6486","07_report/CpG_context_sampling_2490_486_trimmed_bismark_bt2.CpG",869,648,221,869
"6487","07_report/CpG_context_sampling_2490_487_trimmed_bismark_bt2.CpG",868,632,236,868
"6488","07_report/CpG_context_sampling_2490_488_trimmed_bismark_bt2.CpG",911,645,266,911
"6489","07_report/CpG_context_sampling_2490_489_trimmed_bismark_bt2.CpG",848,597,251,848
"6490","07_report/CpG_context_sampling_2490_490_trimmed_bismark_bt2.CpG",835,591,244,835
"6491","07_report/CpG_context_sampling_2490_491_trimmed_bismark_bt2.CpG",871,621,250,871
"6492","07_report/CpG_context_sampling_2490_492_trimmed_bismark_bt2.CpG",833,570,263,833
"6493","07_report/CpG_context_sampling_2490_493_trimmed_bismark_bt2.CpG",848,577,271,848
"6494","07_report/CpG_context_sampling_2490_494_trimmed_bismark_bt2.CpG",913,661,252,913
"6495","07_report/CpG_context_sampling_2490_495_trimmed_bismark_bt2.CpG",835,614,221,835
"6496","07_report/CpG_context_sampling_2490_496_trimmed_bismark_bt2.CpG",890,639,251,890
"6497","07_report/CpG_context_sampling_2490_497_trimmed_bismark_bt2.CpG",870,610,260,870
"6498","07_report/CpG_context_sampling_2490_498_trimmed_bismark_bt2.CpG",925,665,260,925
"6499","07_report/CpG_context_sampling_2490_499_trimmed_bismark_bt2.CpG",872,621,251,872
"6500","07_report/CpG_context_sampling_2490_500_trimmed_bismark_bt2.CpG",859,600,259,859
"6501","07_report/CpG_context_sampling_2490_501_trimmed_bismark_bt2.CpG",850,595,255,850
"6502","07_report/CpG_context_sampling_2490_502_trimmed_bismark_bt2.CpG",881,624,257,881
"6503","07_report/CpG_context_sampling_2490_503_trimmed_bismark_bt2.CpG",901,643,258,901
"6504","07_report/CpG_context_sampling_2490_504_trimmed_bismark_bt2.CpG",850,625,225,850
"6505","07_report/CpG_context_sampling_2490_505_trimmed_bismark_bt2.CpG",816,590,226,816
"6506","07_report/CpG_context_sampling_2490_506_trimmed_bismark_bt2.CpG",833,601,232,833
"6507","07_report/CpG_context_sampling_2490_507_trimmed_bismark_bt2.CpG",884,632,252,884
"6508","07_report/CpG_context_sampling_2490_508_trimmed_bismark_bt2.CpG",868,630,238,868
"6509","07_report/CpG_context_sampling_2490_509_trimmed_bismark_bt2.CpG",870,621,249,870
"6510","07_report/CpG_context_sampling_2490_510_trimmed_bismark_bt2.CpG",891,626,265,891
"6511","07_report/CpG_context_sampling_2490_511_trimmed_bismark_bt2.CpG",845,606,239,845
"6512","07_report/CpG_context_sampling_2490_512_trimmed_bismark_bt2.CpG",872,634,238,872
"6513","07_report/CpG_context_sampling_2490_513_trimmed_bismark_bt2.CpG",862,606,256,862
"6514","07_report/CpG_context_sampling_2490_514_trimmed_bismark_bt2.CpG",881,632,249,881
"6515","07_report/CpG_context_sampling_2490_515_trimmed_bismark_bt2.CpG",850,596,254,850
"6516","07_report/CpG_context_sampling_2490_516_trimmed_bismark_bt2.CpG",855,604,251,855
"6517","07_report/CpG_context_sampling_2490_517_trimmed_bismark_bt2.CpG",808,588,220,808
"6518","07_report/CpG_context_sampling_2490_518_trimmed_bismark_bt2.CpG",886,625,261,886
"6519","07_report/CpG_context_sampling_2490_519_trimmed_bismark_bt2.CpG",834,605,229,834
"6520","07_report/CpG_context_sampling_2490_520_trimmed_bismark_bt2.CpG",891,652,239,891
"6521","07_report/CpG_context_sampling_2490_521_trimmed_bismark_bt2.CpG",858,639,219,858
"6522","07_report/CpG_context_sampling_2490_522_trimmed_bismark_bt2.CpG",887,645,242,887
"6523","07_report/CpG_context_sampling_2490_523_trimmed_bismark_bt2.CpG",886,661,225,886
"6524","07_report/CpG_context_sampling_2490_524_trimmed_bismark_bt2.CpG",869,630,239,869
"6525","07_report/CpG_context_sampling_2490_525_trimmed_bismark_bt2.CpG",876,651,225,876
"6526","07_report/CpG_context_sampling_2490_526_trimmed_bismark_bt2.CpG",850,581,269,850
"6527","07_report/CpG_context_sampling_2490_527_trimmed_bismark_bt2.CpG",845,589,256,845
"6528","07_report/CpG_context_sampling_2490_528_trimmed_bismark_bt2.CpG",844,573,271,844
"6529","07_report/CpG_context_sampling_2490_529_trimmed_bismark_bt2.CpG",864,628,236,864
"6530","07_report/CpG_context_sampling_2490_530_trimmed_bismark_bt2.CpG",863,611,252,863
"6531","07_report/CpG_context_sampling_2490_531_trimmed_bismark_bt2.CpG",884,651,233,884
"6532","07_report/CpG_context_sampling_2490_532_trimmed_bismark_bt2.CpG",854,605,249,854
"6533","07_report/CpG_context_sampling_2490_533_trimmed_bismark_bt2.CpG",883,638,245,883
"6534","07_report/CpG_context_sampling_2490_534_trimmed_bismark_bt2.CpG",859,622,237,859
"6535","07_report/CpG_context_sampling_2490_535_trimmed_bismark_bt2.CpG",826,599,227,826
"6536","07_report/CpG_context_sampling_2490_536_trimmed_bismark_bt2.CpG",846,604,242,846
"6537","07_report/CpG_context_sampling_2490_537_trimmed_bismark_bt2.CpG",891,616,275,891
"6538","07_report/CpG_context_sampling_2490_538_trimmed_bismark_bt2.CpG",872,626,246,872
"6539","07_report/CpG_context_sampling_2490_539_trimmed_bismark_bt2.CpG",830,604,226,830
"6540","07_report/CpG_context_sampling_2490_540_trimmed_bismark_bt2.CpG",880,643,237,880
"6541","07_report/CpG_context_sampling_2490_541_trimmed_bismark_bt2.CpG",826,574,252,826
"6542","07_report/CpG_context_sampling_2490_542_trimmed_bismark_bt2.CpG",843,620,223,843
"6543","07_report/CpG_context_sampling_2490_543_trimmed_bismark_bt2.CpG",851,612,239,851
"6544","07_report/CpG_context_sampling_2490_544_trimmed_bismark_bt2.CpG",904,627,277,904
"6545","07_report/CpG_context_sampling_2490_545_trimmed_bismark_bt2.CpG",846,626,220,846
"6546","07_report/CpG_context_sampling_2490_546_trimmed_bismark_bt2.CpG",867,645,222,867
"6547","07_report/CpG_context_sampling_2490_547_trimmed_bismark_bt2.CpG",796,559,237,796
"6548","07_report/CpG_context_sampling_2490_548_trimmed_bismark_bt2.CpG",855,611,244,855
"6549","07_report/CpG_context_sampling_2490_549_trimmed_bismark_bt2.CpG",878,620,258,878
"6550","07_report/CpG_context_sampling_2490_550_trimmed_bismark_bt2.CpG",828,598,230,828
"6551","07_report/CpG_context_sampling_2490_551_trimmed_bismark_bt2.CpG",847,599,248,847
"6552","07_report/CpG_context_sampling_2490_552_trimmed_bismark_bt2.CpG",877,640,237,877
"6553","07_report/CpG_context_sampling_2490_553_trimmed_bismark_bt2.CpG",865,613,252,865
"6554","07_report/CpG_context_sampling_2490_554_trimmed_bismark_bt2.CpG",838,598,240,838
"6555","07_report/CpG_context_sampling_2490_555_trimmed_bismark_bt2.CpG",862,610,252,862
"6556","07_report/CpG_context_sampling_2490_556_trimmed_bismark_bt2.CpG",837,607,230,837
"6557","07_report/CpG_context_sampling_2490_557_trimmed_bismark_bt2.CpG",861,635,226,861
"6558","07_report/CpG_context_sampling_2490_558_trimmed_bismark_bt2.CpG",860,633,227,860
"6559","07_report/CpG_context_sampling_2490_559_trimmed_bismark_bt2.CpG",831,602,229,831
"6560","07_report/CpG_context_sampling_2490_560_trimmed_bismark_bt2.CpG",823,578,245,823
"6561","07_report/CpG_context_sampling_2490_561_trimmed_bismark_bt2.CpG",869,610,259,869
"6562","07_report/CpG_context_sampling_2490_562_trimmed_bismark_bt2.CpG",868,617,251,868
"6563","07_report/CpG_context_sampling_2490_563_trimmed_bismark_bt2.CpG",813,574,239,813
"6564","07_report/CpG_context_sampling_2490_564_trimmed_bismark_bt2.CpG",892,635,257,892
"6565","07_report/CpG_context_sampling_2490_565_trimmed_bismark_bt2.CpG",808,589,219,808
"6566","07_report/CpG_context_sampling_2490_566_trimmed_bismark_bt2.CpG",842,593,249,842
"6567","07_report/CpG_context_sampling_2490_567_trimmed_bismark_bt2.CpG",838,596,242,838
"6568","07_report/CpG_context_sampling_2490_568_trimmed_bismark_bt2.CpG",895,626,269,895
"6569","07_report/CpG_context_sampling_2490_569_trimmed_bismark_bt2.CpG",809,581,228,809
"6570","07_report/CpG_context_sampling_2490_570_trimmed_bismark_bt2.CpG",823,595,228,823
"6571","07_report/CpG_context_sampling_2490_571_trimmed_bismark_bt2.CpG",858,624,234,858
"6572","07_report/CpG_context_sampling_2490_572_trimmed_bismark_bt2.CpG",862,612,250,862
"6573","07_report/CpG_context_sampling_2490_573_trimmed_bismark_bt2.CpG",857,629,228,857
"6574","07_report/CpG_context_sampling_2490_574_trimmed_bismark_bt2.CpG",847,624,223,847
"6575","07_report/CpG_context_sampling_2490_575_trimmed_bismark_bt2.CpG",876,623,253,876
"6576","07_report/CpG_context_sampling_2490_576_trimmed_bismark_bt2.CpG",888,612,276,888
"6577","07_report/CpG_context_sampling_2490_577_trimmed_bismark_bt2.CpG",867,594,273,867
"6578","07_report/CpG_context_sampling_2490_578_trimmed_bismark_bt2.CpG",894,645,249,894
"6579","07_report/CpG_context_sampling_2490_579_trimmed_bismark_bt2.CpG",829,570,259,829
"6580","07_report/CpG_context_sampling_2490_580_trimmed_bismark_bt2.CpG",890,624,266,890
"6581","07_report/CpG_context_sampling_2490_581_trimmed_bismark_bt2.CpG",846,603,243,846
"6582","07_report/CpG_context_sampling_2490_582_trimmed_bismark_bt2.CpG",883,649,234,883
"6583","07_report/CpG_context_sampling_2490_583_trimmed_bismark_bt2.CpG",844,613,231,844
"6584","07_report/CpG_context_sampling_2490_584_trimmed_bismark_bt2.CpG",888,642,246,888
"6585","07_report/CpG_context_sampling_2490_585_trimmed_bismark_bt2.CpG",871,642,229,871
"6586","07_report/CpG_context_sampling_2490_586_trimmed_bismark_bt2.CpG",868,641,227,868
"6587","07_report/CpG_context_sampling_2490_587_trimmed_bismark_bt2.CpG",877,618,259,877
"6588","07_report/CpG_context_sampling_2490_588_trimmed_bismark_bt2.CpG",842,624,218,842
"6589","07_report/CpG_context_sampling_2490_589_trimmed_bismark_bt2.CpG",845,601,244,845
"6590","07_report/CpG_context_sampling_2490_590_trimmed_bismark_bt2.CpG",850,589,261,850
"6591","07_report/CpG_context_sampling_2490_591_trimmed_bismark_bt2.CpG",873,630,243,873
"6592","07_report/CpG_context_sampling_2490_592_trimmed_bismark_bt2.CpG",854,604,250,854
"6593","07_report/CpG_context_sampling_2490_593_trimmed_bismark_bt2.CpG",890,644,246,890
"6594","07_report/CpG_context_sampling_2490_594_trimmed_bismark_bt2.CpG",877,613,264,877
"6595","07_report/CpG_context_sampling_2490_595_trimmed_bismark_bt2.CpG",889,644,245,889
"6596","07_report/CpG_context_sampling_2490_596_trimmed_bismark_bt2.CpG",888,631,257,888
"6597","07_report/CpG_context_sampling_2490_597_trimmed_bismark_bt2.CpG",867,622,245,867
"6598","07_report/CpG_context_sampling_2490_598_trimmed_bismark_bt2.CpG",813,615,198,813
"6599","07_report/CpG_context_sampling_2490_599_trimmed_bismark_bt2.CpG",903,646,257,903
"6600","07_report/CpG_context_sampling_2490_600_trimmed_bismark_bt2.CpG",895,661,234,895
"6601","07_report/CpG_context_sampling_2490_601_trimmed_bismark_bt2.CpG",848,611,237,848
"6602","07_report/CpG_context_sampling_2490_602_trimmed_bismark_bt2.CpG",863,636,227,863
"6603","07_report/CpG_context_sampling_2490_603_trimmed_bismark_bt2.CpG",817,579,238,817
"6604","07_report/CpG_context_sampling_2490_604_trimmed_bismark_bt2.CpG",859,610,249,859
"6605","07_report/CpG_context_sampling_2490_605_trimmed_bismark_bt2.CpG",879,646,233,879
"6606","07_report/CpG_context_sampling_2490_606_trimmed_bismark_bt2.CpG",885,618,267,885
"6607","07_report/CpG_context_sampling_2490_607_trimmed_bismark_bt2.CpG",896,657,239,896
"6608","07_report/CpG_context_sampling_2490_608_trimmed_bismark_bt2.CpG",872,615,257,872
"6609","07_report/CpG_context_sampling_2490_609_trimmed_bismark_bt2.CpG",824,598,226,824
"6610","07_report/CpG_context_sampling_2490_610_trimmed_bismark_bt2.CpG",879,634,245,879
"6611","07_report/CpG_context_sampling_2490_611_trimmed_bismark_bt2.CpG",910,646,264,910
"6612","07_report/CpG_context_sampling_2490_612_trimmed_bismark_bt2.CpG",867,615,252,867
"6613","07_report/CpG_context_sampling_2490_613_trimmed_bismark_bt2.CpG",865,629,236,865
"6614","07_report/CpG_context_sampling_2490_614_trimmed_bismark_bt2.CpG",850,611,239,850
"6615","07_report/CpG_context_sampling_2490_615_trimmed_bismark_bt2.CpG",849,600,249,849
"6616","07_report/CpG_context_sampling_2490_616_trimmed_bismark_bt2.CpG",869,619,250,869
"6617","07_report/CpG_context_sampling_2490_617_trimmed_bismark_bt2.CpG",848,618,230,848
"6618","07_report/CpG_context_sampling_2490_618_trimmed_bismark_bt2.CpG",887,641,246,887
"6619","07_report/CpG_context_sampling_2490_619_trimmed_bismark_bt2.CpG",830,596,234,830
"6620","07_report/CpG_context_sampling_2490_620_trimmed_bismark_bt2.CpG",860,617,243,860
"6621","07_report/CpG_context_sampling_2490_621_trimmed_bismark_bt2.CpG",880,628,252,880
"6622","07_report/CpG_context_sampling_2490_622_trimmed_bismark_bt2.CpG",838,609,229,838
"6623","07_report/CpG_context_sampling_2490_623_trimmed_bismark_bt2.CpG",842,601,241,842
"6624","07_report/CpG_context_sampling_2490_624_trimmed_bismark_bt2.CpG",878,624,254,878
"6625","07_report/CpG_context_sampling_2490_625_trimmed_bismark_bt2.CpG",911,656,255,911
"6626","07_report/CpG_context_sampling_2490_626_trimmed_bismark_bt2.CpG",863,603,260,863
"6627","07_report/CpG_context_sampling_2490_627_trimmed_bismark_bt2.CpG",847,625,222,847
"6628","07_report/CpG_context_sampling_2490_628_trimmed_bismark_bt2.CpG",830,588,242,830
"6629","07_report/CpG_context_sampling_2490_629_trimmed_bismark_bt2.CpG",814,615,199,814
"6630","07_report/CpG_context_sampling_2490_630_trimmed_bismark_bt2.CpG",856,600,256,856
"6631","07_report/CpG_context_sampling_2490_631_trimmed_bismark_bt2.CpG",843,604,239,843
"6632","07_report/CpG_context_sampling_2490_632_trimmed_bismark_bt2.CpG",837,621,216,837
"6633","07_report/CpG_context_sampling_2490_633_trimmed_bismark_bt2.CpG",832,554,278,832
"6634","07_report/CpG_context_sampling_2490_634_trimmed_bismark_bt2.CpG",874,624,250,874
"6635","07_report/CpG_context_sampling_2490_635_trimmed_bismark_bt2.CpG",878,658,220,878
"6636","07_report/CpG_context_sampling_2490_636_trimmed_bismark_bt2.CpG",879,618,261,879
"6637","07_report/CpG_context_sampling_2490_637_trimmed_bismark_bt2.CpG",880,634,246,880
"6638","07_report/CpG_context_sampling_2490_638_trimmed_bismark_bt2.CpG",916,656,260,916
"6639","07_report/CpG_context_sampling_2490_639_trimmed_bismark_bt2.CpG",872,639,233,872
"6640","07_report/CpG_context_sampling_2490_640_trimmed_bismark_bt2.CpG",866,615,251,866
"6641","07_report/CpG_context_sampling_2490_641_trimmed_bismark_bt2.CpG",876,608,268,876
"6642","07_report/CpG_context_sampling_2490_642_trimmed_bismark_bt2.CpG",889,628,261,889
"6643","07_report/CpG_context_sampling_2490_643_trimmed_bismark_bt2.CpG",881,633,248,881
"6644","07_report/CpG_context_sampling_2490_644_trimmed_bismark_bt2.CpG",797,576,221,797
"6645","07_report/CpG_context_sampling_2490_645_trimmed_bismark_bt2.CpG",899,657,242,899
"6646","07_report/CpG_context_sampling_2490_646_trimmed_bismark_bt2.CpG",890,625,265,890
"6647","07_report/CpG_context_sampling_2490_647_trimmed_bismark_bt2.CpG",842,607,235,842
"6648","07_report/CpG_context_sampling_2490_648_trimmed_bismark_bt2.CpG",900,665,235,900
"6649","07_report/CpG_context_sampling_2490_649_trimmed_bismark_bt2.CpG",846,600,246,846
"6650","07_report/CpG_context_sampling_2490_650_trimmed_bismark_bt2.CpG",856,598,258,856
"6651","07_report/CpG_context_sampling_2490_651_trimmed_bismark_bt2.CpG",870,645,225,870
"6652","07_report/CpG_context_sampling_2490_652_trimmed_bismark_bt2.CpG",837,605,232,837
"6653","07_report/CpG_context_sampling_2490_653_trimmed_bismark_bt2.CpG",920,647,273,920
"6654","07_report/CpG_context_sampling_2490_654_trimmed_bismark_bt2.CpG",867,607,260,867
"6655","07_report/CpG_context_sampling_2490_655_trimmed_bismark_bt2.CpG",871,599,272,871
"6656","07_report/CpG_context_sampling_2490_656_trimmed_bismark_bt2.CpG",822,590,232,822
"6657","07_report/CpG_context_sampling_2490_657_trimmed_bismark_bt2.CpG",880,636,244,880
"6658","07_report/CpG_context_sampling_2490_658_trimmed_bismark_bt2.CpG",866,632,234,866
"6659","07_report/CpG_context_sampling_2490_659_trimmed_bismark_bt2.CpG",849,616,233,849
"6660","07_report/CpG_context_sampling_2490_660_trimmed_bismark_bt2.CpG",834,589,245,834
"6661","07_report/CpG_context_sampling_2490_661_trimmed_bismark_bt2.CpG",852,592,260,852
"6662","07_report/CpG_context_sampling_2490_662_trimmed_bismark_bt2.CpG",865,614,251,865
"6663","07_report/CpG_context_sampling_2490_663_trimmed_bismark_bt2.CpG",842,597,245,842
"6664","07_report/CpG_context_sampling_2490_664_trimmed_bismark_bt2.CpG",846,606,240,846
"6665","07_report/CpG_context_sampling_2490_665_trimmed_bismark_bt2.CpG",881,648,233,881
"6666","07_report/CpG_context_sampling_2490_666_trimmed_bismark_bt2.CpG",919,654,265,919
"6667","07_report/CpG_context_sampling_2490_667_trimmed_bismark_bt2.CpG",854,612,242,854
"6668","07_report/CpG_context_sampling_2490_668_trimmed_bismark_bt2.CpG",844,592,252,844
"6669","07_report/CpG_context_sampling_2490_669_trimmed_bismark_bt2.CpG",849,604,245,849
"6670","07_report/CpG_context_sampling_2490_670_trimmed_bismark_bt2.CpG",905,648,257,905
"6671","07_report/CpG_context_sampling_2490_671_trimmed_bismark_bt2.CpG",810,577,233,810
"6672","07_report/CpG_context_sampling_2490_672_trimmed_bismark_bt2.CpG",827,605,222,827
"6673","07_report/CpG_context_sampling_2490_673_trimmed_bismark_bt2.CpG",851,613,238,851
"6674","07_report/CpG_context_sampling_2490_674_trimmed_bismark_bt2.CpG",851,608,243,851
"6675","07_report/CpG_context_sampling_2490_675_trimmed_bismark_bt2.CpG",885,630,255,885
"6676","07_report/CpG_context_sampling_2490_676_trimmed_bismark_bt2.CpG",831,594,237,831
"6677","07_report/CpG_context_sampling_2490_677_trimmed_bismark_bt2.CpG",860,624,236,860
"6678","07_report/CpG_context_sampling_2490_678_trimmed_bismark_bt2.CpG",890,638,252,890
"6679","07_report/CpG_context_sampling_2490_679_trimmed_bismark_bt2.CpG",865,631,234,865
"6680","07_report/CpG_context_sampling_2490_680_trimmed_bismark_bt2.CpG",830,606,224,830
"6681","07_report/CpG_context_sampling_2490_681_trimmed_bismark_bt2.CpG",852,611,241,852
"6682","07_report/CpG_context_sampling_2490_682_trimmed_bismark_bt2.CpG",851,615,236,851
"6683","07_report/CpG_context_sampling_2490_683_trimmed_bismark_bt2.CpG",903,650,253,903
"6684","07_report/CpG_context_sampling_2490_684_trimmed_bismark_bt2.CpG",867,608,259,867
"6685","07_report/CpG_context_sampling_2490_685_trimmed_bismark_bt2.CpG",844,589,255,844
"6686","07_report/CpG_context_sampling_2490_686_trimmed_bismark_bt2.CpG",882,629,253,882
"6687","07_report/CpG_context_sampling_2490_687_trimmed_bismark_bt2.CpG",838,589,249,838
"6688","07_report/CpG_context_sampling_2490_688_trimmed_bismark_bt2.CpG",834,590,244,834
"6689","07_report/CpG_context_sampling_2490_689_trimmed_bismark_bt2.CpG",877,647,230,877
"6690","07_report/CpG_context_sampling_2490_690_trimmed_bismark_bt2.CpG",867,610,257,867
"6691","07_report/CpG_context_sampling_2490_691_trimmed_bismark_bt2.CpG",802,563,239,802
"6692","07_report/CpG_context_sampling_2490_692_trimmed_bismark_bt2.CpG",881,633,248,881
"6693","07_report/CpG_context_sampling_2490_693_trimmed_bismark_bt2.CpG",872,622,250,872
"6694","07_report/CpG_context_sampling_2490_694_trimmed_bismark_bt2.CpG",924,647,277,924
"6695","07_report/CpG_context_sampling_2490_695_trimmed_bismark_bt2.CpG",827,586,241,827
"6696","07_report/CpG_context_sampling_2490_696_trimmed_bismark_bt2.CpG",902,654,248,902
"6697","07_report/CpG_context_sampling_2490_697_trimmed_bismark_bt2.CpG",856,601,255,856
"6698","07_report/CpG_context_sampling_2490_698_trimmed_bismark_bt2.CpG",838,588,250,838
"6699","07_report/CpG_context_sampling_2490_699_trimmed_bismark_bt2.CpG",863,636,227,863
"6700","07_report/CpG_context_sampling_2490_700_trimmed_bismark_bt2.CpG",892,679,213,892
"6701","07_report/CpG_context_sampling_2490_701_trimmed_bismark_bt2.CpG",876,613,263,876
"6702","07_report/CpG_context_sampling_2490_702_trimmed_bismark_bt2.CpG",863,627,236,863
"6703","07_report/CpG_context_sampling_2490_703_trimmed_bismark_bt2.CpG",897,627,270,897
"6704","07_report/CpG_context_sampling_2490_704_trimmed_bismark_bt2.CpG",827,601,226,827
"6705","07_report/CpG_context_sampling_2490_705_trimmed_bismark_bt2.CpG",849,616,233,849
"6706","07_report/CpG_context_sampling_2490_706_trimmed_bismark_bt2.CpG",840,604,236,840
"6707","07_report/CpG_context_sampling_2490_707_trimmed_bismark_bt2.CpG",886,634,252,886
"6708","07_report/CpG_context_sampling_2490_708_trimmed_bismark_bt2.CpG",863,610,253,863
"6709","07_report/CpG_context_sampling_2490_709_trimmed_bismark_bt2.CpG",887,648,239,887
"6710","07_report/CpG_context_sampling_2490_710_trimmed_bismark_bt2.CpG",884,625,259,884
"6711","07_report/CpG_context_sampling_2490_711_trimmed_bismark_bt2.CpG",851,611,240,851
"6712","07_report/CpG_context_sampling_2490_712_trimmed_bismark_bt2.CpG",851,599,252,851
"6713","07_report/CpG_context_sampling_2490_713_trimmed_bismark_bt2.CpG",827,610,217,827
"6714","07_report/CpG_context_sampling_2490_714_trimmed_bismark_bt2.CpG",849,622,227,849
"6715","07_report/CpG_context_sampling_2490_715_trimmed_bismark_bt2.CpG",857,598,259,857
"6716","07_report/CpG_context_sampling_2490_716_trimmed_bismark_bt2.CpG",875,621,254,875
"6717","07_report/CpG_context_sampling_2490_717_trimmed_bismark_bt2.CpG",900,654,246,900
"6718","07_report/CpG_context_sampling_2490_718_trimmed_bismark_bt2.CpG",841,607,234,841
"6719","07_report/CpG_context_sampling_2490_719_trimmed_bismark_bt2.CpG",840,620,220,840
"6720","07_report/CpG_context_sampling_2490_720_trimmed_bismark_bt2.CpG",906,655,251,906
"6721","07_report/CpG_context_sampling_2490_721_trimmed_bismark_bt2.CpG",865,626,239,865
"6722","07_report/CpG_context_sampling_2490_722_trimmed_bismark_bt2.CpG",859,630,229,859
"6723","07_report/CpG_context_sampling_2490_723_trimmed_bismark_bt2.CpG",860,614,246,860
"6724","07_report/CpG_context_sampling_2490_724_trimmed_bismark_bt2.CpG",868,627,241,868
"6725","07_report/CpG_context_sampling_2490_725_trimmed_bismark_bt2.CpG",840,598,242,840
"6726","07_report/CpG_context_sampling_2490_726_trimmed_bismark_bt2.CpG",846,619,227,846
"6727","07_report/CpG_context_sampling_2490_727_trimmed_bismark_bt2.CpG",882,631,251,882
"6728","07_report/CpG_context_sampling_2490_728_trimmed_bismark_bt2.CpG",822,586,236,822
"6729","07_report/CpG_context_sampling_2490_729_trimmed_bismark_bt2.CpG",898,655,243,898
"6730","07_report/CpG_context_sampling_2490_730_trimmed_bismark_bt2.CpG",906,652,254,906
"6731","07_report/CpG_context_sampling_2490_731_trimmed_bismark_bt2.CpG",850,606,244,850
"6732","07_report/CpG_context_sampling_2490_732_trimmed_bismark_bt2.CpG",865,629,236,865
"6733","07_report/CpG_context_sampling_2490_733_trimmed_bismark_bt2.CpG",911,627,284,911
"6734","07_report/CpG_context_sampling_2490_734_trimmed_bismark_bt2.CpG",860,602,258,860
"6735","07_report/CpG_context_sampling_2490_735_trimmed_bismark_bt2.CpG",869,617,252,869
"6736","07_report/CpG_context_sampling_2490_736_trimmed_bismark_bt2.CpG",876,624,252,876
"6737","07_report/CpG_context_sampling_2490_737_trimmed_bismark_bt2.CpG",897,661,236,897
"6738","07_report/CpG_context_sampling_2490_738_trimmed_bismark_bt2.CpG",889,670,219,889
"6739","07_report/CpG_context_sampling_2490_739_trimmed_bismark_bt2.CpG",875,651,224,875
"6740","07_report/CpG_context_sampling_2490_740_trimmed_bismark_bt2.CpG",865,612,253,865
"6741","07_report/CpG_context_sampling_2490_741_trimmed_bismark_bt2.CpG",882,630,252,882
"6742","07_report/CpG_context_sampling_2490_742_trimmed_bismark_bt2.CpG",863,610,253,863
"6743","07_report/CpG_context_sampling_2490_743_trimmed_bismark_bt2.CpG",866,629,237,866
"6744","07_report/CpG_context_sampling_2490_744_trimmed_bismark_bt2.CpG",862,607,255,862
"6745","07_report/CpG_context_sampling_2490_745_trimmed_bismark_bt2.CpG",871,613,258,871
"6746","07_report/CpG_context_sampling_2490_746_trimmed_bismark_bt2.CpG",845,612,233,845
"6747","07_report/CpG_context_sampling_2490_747_trimmed_bismark_bt2.CpG",839,594,245,839
"6748","07_report/CpG_context_sampling_2490_748_trimmed_bismark_bt2.CpG",887,667,220,887
"6749","07_report/CpG_context_sampling_2490_749_trimmed_bismark_bt2.CpG",881,619,262,881
"6750","07_report/CpG_context_sampling_2490_750_trimmed_bismark_bt2.CpG",876,613,263,876
"6751","07_report/CpG_context_sampling_2490_751_trimmed_bismark_bt2.CpG",864,593,271,864
"6752","07_report/CpG_context_sampling_2490_752_trimmed_bismark_bt2.CpG",875,631,244,875
"6753","07_report/CpG_context_sampling_2490_753_trimmed_bismark_bt2.CpG",872,632,240,872
"6754","07_report/CpG_context_sampling_2490_754_trimmed_bismark_bt2.CpG",834,585,249,834
"6755","07_report/CpG_context_sampling_2490_755_trimmed_bismark_bt2.CpG",918,677,241,918
"6756","07_report/CpG_context_sampling_2490_756_trimmed_bismark_bt2.CpG",886,639,247,886
"6757","07_report/CpG_context_sampling_2490_757_trimmed_bismark_bt2.CpG",823,598,225,823
"6758","07_report/CpG_context_sampling_2490_758_trimmed_bismark_bt2.CpG",824,591,233,824
"6759","07_report/CpG_context_sampling_2490_759_trimmed_bismark_bt2.CpG",835,608,227,835
"6760","07_report/CpG_context_sampling_2490_760_trimmed_bismark_bt2.CpG",875,618,257,875
"6761","07_report/CpG_context_sampling_2490_761_trimmed_bismark_bt2.CpG",895,634,261,895
"6762","07_report/CpG_context_sampling_2490_762_trimmed_bismark_bt2.CpG",907,638,269,907
"6763","07_report/CpG_context_sampling_2490_763_trimmed_bismark_bt2.CpG",889,665,224,889
"6764","07_report/CpG_context_sampling_2490_764_trimmed_bismark_bt2.CpG",833,601,232,833
"6765","07_report/CpG_context_sampling_2490_765_trimmed_bismark_bt2.CpG",871,614,257,871
"6766","07_report/CpG_context_sampling_2490_766_trimmed_bismark_bt2.CpG",862,629,233,862
"6767","07_report/CpG_context_sampling_2490_767_trimmed_bismark_bt2.CpG",858,599,259,858
"6768","07_report/CpG_context_sampling_2490_768_trimmed_bismark_bt2.CpG",881,613,268,881
"6769","07_report/CpG_context_sampling_2490_769_trimmed_bismark_bt2.CpG",821,584,237,821
"6770","07_report/CpG_context_sampling_2490_770_trimmed_bismark_bt2.CpG",832,616,216,832
"6771","07_report/CpG_context_sampling_2490_771_trimmed_bismark_bt2.CpG",881,614,267,881
"6772","07_report/CpG_context_sampling_2490_772_trimmed_bismark_bt2.CpG",879,629,250,879
"6773","07_report/CpG_context_sampling_2490_773_trimmed_bismark_bt2.CpG",889,646,243,889
"6774","07_report/CpG_context_sampling_2490_774_trimmed_bismark_bt2.CpG",897,623,274,897
"6775","07_report/CpG_context_sampling_2490_775_trimmed_bismark_bt2.CpG",835,595,240,835
"6776","07_report/CpG_context_sampling_2490_776_trimmed_bismark_bt2.CpG",826,567,259,826
"6777","07_report/CpG_context_sampling_2490_777_trimmed_bismark_bt2.CpG",910,644,266,910
"6778","07_report/CpG_context_sampling_2490_778_trimmed_bismark_bt2.CpG",857,597,260,857
"6779","07_report/CpG_context_sampling_2490_779_trimmed_bismark_bt2.CpG",879,635,244,879
"6780","07_report/CpG_context_sampling_2490_780_trimmed_bismark_bt2.CpG",885,635,250,885
"6781","07_report/CpG_context_sampling_2490_781_trimmed_bismark_bt2.CpG",875,622,253,875
"6782","07_report/CpG_context_sampling_2490_782_trimmed_bismark_bt2.CpG",872,575,297,872
"6783","07_report/CpG_context_sampling_2490_783_trimmed_bismark_bt2.CpG",860,623,237,860
"6784","07_report/CpG_context_sampling_2490_784_trimmed_bismark_bt2.CpG",904,654,250,904
"6785","07_report/CpG_context_sampling_2490_785_trimmed_bismark_bt2.CpG",931,672,259,931
"6786","07_report/CpG_context_sampling_2490_786_trimmed_bismark_bt2.CpG",817,594,223,817
"6787","07_report/CpG_context_sampling_2490_787_trimmed_bismark_bt2.CpG",844,596,248,844
"6788","07_report/CpG_context_sampling_2490_788_trimmed_bismark_bt2.CpG",898,611,287,898
"6789","07_report/CpG_context_sampling_2490_789_trimmed_bismark_bt2.CpG",904,650,254,904
"6790","07_report/CpG_context_sampling_2490_790_trimmed_bismark_bt2.CpG",874,612,262,874
"6791","07_report/CpG_context_sampling_2490_791_trimmed_bismark_bt2.CpG",855,603,252,855
"6792","07_report/CpG_context_sampling_2490_792_trimmed_bismark_bt2.CpG",856,613,243,856
"6793","07_report/CpG_context_sampling_2490_793_trimmed_bismark_bt2.CpG",840,608,232,840
"6794","07_report/CpG_context_sampling_2490_794_trimmed_bismark_bt2.CpG",894,621,273,894
"6795","07_report/CpG_context_sampling_2490_795_trimmed_bismark_bt2.CpG",860,622,238,860
"6796","07_report/CpG_context_sampling_2490_796_trimmed_bismark_bt2.CpG",884,633,251,884
"6797","07_report/CpG_context_sampling_2490_797_trimmed_bismark_bt2.CpG",843,603,240,843
"6798","07_report/CpG_context_sampling_2490_798_trimmed_bismark_bt2.CpG",870,637,233,870
"6799","07_report/CpG_context_sampling_2490_799_trimmed_bismark_bt2.CpG",870,612,258,870
"6800","07_report/CpG_context_sampling_2490_800_trimmed_bismark_bt2.CpG",858,605,253,858
"6801","07_report/CpG_context_sampling_2490_801_trimmed_bismark_bt2.CpG",825,570,255,825
"6802","07_report/CpG_context_sampling_2490_802_trimmed_bismark_bt2.CpG",895,618,277,895
"6803","07_report/CpG_context_sampling_2490_803_trimmed_bismark_bt2.CpG",873,592,281,873
"6804","07_report/CpG_context_sampling_2490_804_trimmed_bismark_bt2.CpG",841,613,228,841
"6805","07_report/CpG_context_sampling_2490_805_trimmed_bismark_bt2.CpG",872,640,232,872
"6806","07_report/CpG_context_sampling_2490_806_trimmed_bismark_bt2.CpG",857,638,219,857
"6807","07_report/CpG_context_sampling_2490_807_trimmed_bismark_bt2.CpG",906,643,263,906
"6808","07_report/CpG_context_sampling_2490_808_trimmed_bismark_bt2.CpG",844,619,225,844
"6809","07_report/CpG_context_sampling_2490_809_trimmed_bismark_bt2.CpG",855,606,249,855
"6810","07_report/CpG_context_sampling_2490_810_trimmed_bismark_bt2.CpG",887,631,256,887
"6811","07_report/CpG_context_sampling_2490_811_trimmed_bismark_bt2.CpG",880,638,242,880
"6812","07_report/CpG_context_sampling_2490_812_trimmed_bismark_bt2.CpG",823,581,242,823
"6813","07_report/CpG_context_sampling_2490_813_trimmed_bismark_bt2.CpG",894,625,269,894
"6814","07_report/CpG_context_sampling_2490_814_trimmed_bismark_bt2.CpG",895,634,261,895
"6815","07_report/CpG_context_sampling_2490_815_trimmed_bismark_bt2.CpG",860,600,260,860
"6816","07_report/CpG_context_sampling_2490_816_trimmed_bismark_bt2.CpG",855,603,252,855
"6817","07_report/CpG_context_sampling_2490_817_trimmed_bismark_bt2.CpG",851,611,240,851
"6818","07_report/CpG_context_sampling_2490_818_trimmed_bismark_bt2.CpG",842,577,265,842
"6819","07_report/CpG_context_sampling_2490_819_trimmed_bismark_bt2.CpG",848,617,231,848
"6820","07_report/CpG_context_sampling_2490_820_trimmed_bismark_bt2.CpG",842,602,240,842
"6821","07_report/CpG_context_sampling_2490_821_trimmed_bismark_bt2.CpG",859,583,276,859
"6822","07_report/CpG_context_sampling_2490_822_trimmed_bismark_bt2.CpG",831,597,234,831
"6823","07_report/CpG_context_sampling_2490_823_trimmed_bismark_bt2.CpG",839,607,232,839
"6824","07_report/CpG_context_sampling_2490_824_trimmed_bismark_bt2.CpG",858,613,245,858
"6825","07_report/CpG_context_sampling_2490_825_trimmed_bismark_bt2.CpG",853,609,244,853
"6826","07_report/CpG_context_sampling_2490_826_trimmed_bismark_bt2.CpG",846,616,230,846
"6827","07_report/CpG_context_sampling_2490_827_trimmed_bismark_bt2.CpG",874,617,257,874
"6828","07_report/CpG_context_sampling_2490_828_trimmed_bismark_bt2.CpG",892,646,246,892
"6829","07_report/CpG_context_sampling_2490_829_trimmed_bismark_bt2.CpG",895,659,236,895
"6830","07_report/CpG_context_sampling_2490_830_trimmed_bismark_bt2.CpG",855,601,254,855
"6831","07_report/CpG_context_sampling_2490_831_trimmed_bismark_bt2.CpG",835,601,234,835
"6832","07_report/CpG_context_sampling_2490_832_trimmed_bismark_bt2.CpG",909,653,256,909
"6833","07_report/CpG_context_sampling_2490_833_trimmed_bismark_bt2.CpG",873,610,263,873
"6834","07_report/CpG_context_sampling_2490_834_trimmed_bismark_bt2.CpG",843,615,228,843
"6835","07_report/CpG_context_sampling_2490_835_trimmed_bismark_bt2.CpG",877,620,257,877
"6836","07_report/CpG_context_sampling_2490_836_trimmed_bismark_bt2.CpG",858,614,244,858
"6837","07_report/CpG_context_sampling_2490_837_trimmed_bismark_bt2.CpG",856,621,235,856
"6838","07_report/CpG_context_sampling_2490_838_trimmed_bismark_bt2.CpG",832,592,240,832
"6839","07_report/CpG_context_sampling_2490_839_trimmed_bismark_bt2.CpG",842,596,246,842
"6840","07_report/CpG_context_sampling_2490_840_trimmed_bismark_bt2.CpG",870,625,245,870
"6841","07_report/CpG_context_sampling_2490_841_trimmed_bismark_bt2.CpG",882,619,263,882
"6842","07_report/CpG_context_sampling_2490_842_trimmed_bismark_bt2.CpG",896,639,257,896
"6843","07_report/CpG_context_sampling_2490_843_trimmed_bismark_bt2.CpG",871,610,261,871
"6844","07_report/CpG_context_sampling_2490_844_trimmed_bismark_bt2.CpG",906,648,258,906
"6845","07_report/CpG_context_sampling_2490_845_trimmed_bismark_bt2.CpG",857,627,230,857
"6846","07_report/CpG_context_sampling_2490_846_trimmed_bismark_bt2.CpG",827,587,240,827
"6847","07_report/CpG_context_sampling_2490_847_trimmed_bismark_bt2.CpG",862,613,249,862
"6848","07_report/CpG_context_sampling_2490_848_trimmed_bismark_bt2.CpG",843,607,236,843
"6849","07_report/CpG_context_sampling_2490_849_trimmed_bismark_bt2.CpG",893,635,258,893
"6850","07_report/CpG_context_sampling_2490_850_trimmed_bismark_bt2.CpG",854,648,206,854
"6851","07_report/CpG_context_sampling_2490_851_trimmed_bismark_bt2.CpG",873,643,230,873
"6852","07_report/CpG_context_sampling_2490_852_trimmed_bismark_bt2.CpG",858,613,245,858
"6853","07_report/CpG_context_sampling_2490_853_trimmed_bismark_bt2.CpG",855,598,257,855
"6854","07_report/CpG_context_sampling_2490_854_trimmed_bismark_bt2.CpG",868,628,240,868
"6855","07_report/CpG_context_sampling_2490_855_trimmed_bismark_bt2.CpG",898,658,240,898
"6856","07_report/CpG_context_sampling_2490_856_trimmed_bismark_bt2.CpG",882,627,255,882
"6857","07_report/CpG_context_sampling_2490_857_trimmed_bismark_bt2.CpG",892,638,254,892
"6858","07_report/CpG_context_sampling_2490_858_trimmed_bismark_bt2.CpG",861,614,247,861
"6859","07_report/CpG_context_sampling_2490_859_trimmed_bismark_bt2.CpG",845,598,247,845
"6860","07_report/CpG_context_sampling_2490_860_trimmed_bismark_bt2.CpG",874,613,261,874
"6861","07_report/CpG_context_sampling_2490_861_trimmed_bismark_bt2.CpG",884,601,283,884
"6862","07_report/CpG_context_sampling_2490_862_trimmed_bismark_bt2.CpG",814,603,211,814
"6863","07_report/CpG_context_sampling_2490_863_trimmed_bismark_bt2.CpG",865,605,260,865
"6864","07_report/CpG_context_sampling_2490_864_trimmed_bismark_bt2.CpG",905,654,251,905
"6865","07_report/CpG_context_sampling_2490_865_trimmed_bismark_bt2.CpG",889,606,283,889
"6866","07_report/CpG_context_sampling_2490_866_trimmed_bismark_bt2.CpG",862,606,256,862
"6867","07_report/CpG_context_sampling_2490_867_trimmed_bismark_bt2.CpG",871,617,254,871
"6868","07_report/CpG_context_sampling_2490_868_trimmed_bismark_bt2.CpG",853,601,252,853
"6869","07_report/CpG_context_sampling_2490_869_trimmed_bismark_bt2.CpG",868,616,252,868
"6870","07_report/CpG_context_sampling_2490_870_trimmed_bismark_bt2.CpG",863,624,239,863
"6871","07_report/CpG_context_sampling_2490_871_trimmed_bismark_bt2.CpG",873,615,258,873
"6872","07_report/CpG_context_sampling_2490_872_trimmed_bismark_bt2.CpG",871,619,252,871
"6873","07_report/CpG_context_sampling_2490_873_trimmed_bismark_bt2.CpG",858,597,261,858
"6874","07_report/CpG_context_sampling_2490_874_trimmed_bismark_bt2.CpG",865,652,213,865
"6875","07_report/CpG_context_sampling_2490_875_trimmed_bismark_bt2.CpG",832,616,216,832
"6876","07_report/CpG_context_sampling_2490_876_trimmed_bismark_bt2.CpG",845,586,259,845
"6877","07_report/CpG_context_sampling_2490_877_trimmed_bismark_bt2.CpG",856,626,230,856
"6878","07_report/CpG_context_sampling_2490_878_trimmed_bismark_bt2.CpG",874,608,266,874
"6879","07_report/CpG_context_sampling_2490_879_trimmed_bismark_bt2.CpG",850,613,237,850
"6880","07_report/CpG_context_sampling_2490_880_trimmed_bismark_bt2.CpG",820,574,246,820
"6881","07_report/CpG_context_sampling_2490_881_trimmed_bismark_bt2.CpG",859,610,249,859
"6882","07_report/CpG_context_sampling_2490_882_trimmed_bismark_bt2.CpG",875,626,249,875
"6883","07_report/CpG_context_sampling_2490_883_trimmed_bismark_bt2.CpG",870,625,245,870
"6884","07_report/CpG_context_sampling_2490_884_trimmed_bismark_bt2.CpG",854,627,227,854
"6885","07_report/CpG_context_sampling_2490_885_trimmed_bismark_bt2.CpG",884,622,262,884
"6886","07_report/CpG_context_sampling_2490_886_trimmed_bismark_bt2.CpG",821,577,244,821
"6887","07_report/CpG_context_sampling_2490_887_trimmed_bismark_bt2.CpG",880,621,259,880
"6888","07_report/CpG_context_sampling_2490_888_trimmed_bismark_bt2.CpG",877,626,251,877
"6889","07_report/CpG_context_sampling_2490_889_trimmed_bismark_bt2.CpG",857,590,267,857
"6890","07_report/CpG_context_sampling_2490_890_trimmed_bismark_bt2.CpG",858,597,261,858
"6891","07_report/CpG_context_sampling_2490_891_trimmed_bismark_bt2.CpG",870,631,239,870
"6892","07_report/CpG_context_sampling_2490_892_trimmed_bismark_bt2.CpG",868,639,229,868
"6893","07_report/CpG_context_sampling_2490_893_trimmed_bismark_bt2.CpG",867,605,262,867
"6894","07_report/CpG_context_sampling_2490_894_trimmed_bismark_bt2.CpG",872,616,256,872
"6895","07_report/CpG_context_sampling_2490_895_trimmed_bismark_bt2.CpG",816,594,222,816
"6896","07_report/CpG_context_sampling_2490_896_trimmed_bismark_bt2.CpG",885,630,255,885
"6897","07_report/CpG_context_sampling_2490_897_trimmed_bismark_bt2.CpG",855,629,226,855
"6898","07_report/CpG_context_sampling_2490_898_trimmed_bismark_bt2.CpG",863,637,226,863
"6899","07_report/CpG_context_sampling_2490_899_trimmed_bismark_bt2.CpG",881,630,251,881
"6900","07_report/CpG_context_sampling_2490_900_trimmed_bismark_bt2.CpG",864,641,223,864
"6901","07_report/CpG_context_sampling_2490_901_trimmed_bismark_bt2.CpG",807,576,231,807
"6902","07_report/CpG_context_sampling_2490_902_trimmed_bismark_bt2.CpG",839,609,230,839
"6903","07_report/CpG_context_sampling_2490_903_trimmed_bismark_bt2.CpG",872,622,250,872
"6904","07_report/CpG_context_sampling_2490_904_trimmed_bismark_bt2.CpG",911,638,273,911
"6905","07_report/CpG_context_sampling_2490_905_trimmed_bismark_bt2.CpG",824,581,243,824
"6906","07_report/CpG_context_sampling_2490_906_trimmed_bismark_bt2.CpG",879,620,259,879
"6907","07_report/CpG_context_sampling_2490_907_trimmed_bismark_bt2.CpG",849,610,239,849
"6908","07_report/CpG_context_sampling_2490_908_trimmed_bismark_bt2.CpG",864,610,254,864
"6909","07_report/CpG_context_sampling_2490_909_trimmed_bismark_bt2.CpG",871,628,243,871
"6910","07_report/CpG_context_sampling_2490_910_trimmed_bismark_bt2.CpG",878,641,237,878
"6911","07_report/CpG_context_sampling_2490_911_trimmed_bismark_bt2.CpG",825,588,237,825
"6912","07_report/CpG_context_sampling_2490_912_trimmed_bismark_bt2.CpG",830,585,245,830
"6913","07_report/CpG_context_sampling_2490_913_trimmed_bismark_bt2.CpG",863,605,258,863
"6914","07_report/CpG_context_sampling_2490_914_trimmed_bismark_bt2.CpG",830,619,211,830
"6915","07_report/CpG_context_sampling_2490_915_trimmed_bismark_bt2.CpG",905,677,228,905
"6916","07_report/CpG_context_sampling_2490_916_trimmed_bismark_bt2.CpG",829,592,237,829
"6917","07_report/CpG_context_sampling_2490_917_trimmed_bismark_bt2.CpG",879,633,246,879
"6918","07_report/CpG_context_sampling_2490_918_trimmed_bismark_bt2.CpG",872,635,237,872
"6919","07_report/CpG_context_sampling_2490_919_trimmed_bismark_bt2.CpG",861,633,228,861
"6920","07_report/CpG_context_sampling_2490_920_trimmed_bismark_bt2.CpG",846,621,225,846
"6921","07_report/CpG_context_sampling_2490_921_trimmed_bismark_bt2.CpG",881,613,268,881
"6922","07_report/CpG_context_sampling_2490_922_trimmed_bismark_bt2.CpG",887,632,255,887
"6923","07_report/CpG_context_sampling_2490_923_trimmed_bismark_bt2.CpG",873,632,241,873
"6924","07_report/CpG_context_sampling_2490_924_trimmed_bismark_bt2.CpG",854,618,236,854
"6925","07_report/CpG_context_sampling_2490_925_trimmed_bismark_bt2.CpG",880,622,258,880
"6926","07_report/CpG_context_sampling_2490_926_trimmed_bismark_bt2.CpG",877,622,255,877
"6927","07_report/CpG_context_sampling_2490_927_trimmed_bismark_bt2.CpG",899,647,252,899
"6928","07_report/CpG_context_sampling_2490_928_trimmed_bismark_bt2.CpG",806,548,258,806
"6929","07_report/CpG_context_sampling_2490_929_trimmed_bismark_bt2.CpG",866,609,257,866
"6930","07_report/CpG_context_sampling_2490_930_trimmed_bismark_bt2.CpG",868,631,237,868
"6931","07_report/CpG_context_sampling_2490_931_trimmed_bismark_bt2.CpG",895,633,262,895
"6932","07_report/CpG_context_sampling_2490_932_trimmed_bismark_bt2.CpG",854,613,241,854
"6933","07_report/CpG_context_sampling_2490_933_trimmed_bismark_bt2.CpG",853,601,252,853
"6934","07_report/CpG_context_sampling_2490_934_trimmed_bismark_bt2.CpG",851,598,253,851
"6935","07_report/CpG_context_sampling_2490_935_trimmed_bismark_bt2.CpG",870,633,237,870
"6936","07_report/CpG_context_sampling_2490_936_trimmed_bismark_bt2.CpG",884,631,253,884
"6937","07_report/CpG_context_sampling_2490_937_trimmed_bismark_bt2.CpG",806,573,233,806
"6938","07_report/CpG_context_sampling_2490_938_trimmed_bismark_bt2.CpG",853,612,241,853
"6939","07_report/CpG_context_sampling_2490_939_trimmed_bismark_bt2.CpG",845,575,270,845
"6940","07_report/CpG_context_sampling_2490_940_trimmed_bismark_bt2.CpG",871,632,239,871
"6941","07_report/CpG_context_sampling_2490_941_trimmed_bismark_bt2.CpG",886,623,263,886
"6942","07_report/CpG_context_sampling_2490_942_trimmed_bismark_bt2.CpG",837,584,253,837
"6943","07_report/CpG_context_sampling_2490_943_trimmed_bismark_bt2.CpG",871,607,264,871
"6944","07_report/CpG_context_sampling_2490_944_trimmed_bismark_bt2.CpG",874,613,261,874
"6945","07_report/CpG_context_sampling_2490_945_trimmed_bismark_bt2.CpG",908,682,226,908
"6946","07_report/CpG_context_sampling_2490_946_trimmed_bismark_bt2.CpG",835,596,239,835
"6947","07_report/CpG_context_sampling_2490_947_trimmed_bismark_bt2.CpG",867,602,265,867
"6948","07_report/CpG_context_sampling_2490_948_trimmed_bismark_bt2.CpG",854,593,261,854
"6949","07_report/CpG_context_sampling_2490_949_trimmed_bismark_bt2.CpG",879,644,235,879
"6950","07_report/CpG_context_sampling_2490_950_trimmed_bismark_bt2.CpG",818,600,218,818
"6951","07_report/CpG_context_sampling_2490_951_trimmed_bismark_bt2.CpG",880,641,239,880
"6952","07_report/CpG_context_sampling_2490_952_trimmed_bismark_bt2.CpG",865,603,262,865
"6953","07_report/CpG_context_sampling_2490_953_trimmed_bismark_bt2.CpG",838,575,263,838
"6954","07_report/CpG_context_sampling_2490_954_trimmed_bismark_bt2.CpG",824,585,239,824
"6955","07_report/CpG_context_sampling_2490_955_trimmed_bismark_bt2.CpG",816,573,243,816
"6956","07_report/CpG_context_sampling_2490_956_trimmed_bismark_bt2.CpG",874,621,253,874
"6957","07_report/CpG_context_sampling_2490_957_trimmed_bismark_bt2.CpG",877,636,241,877
"6958","07_report/CpG_context_sampling_2490_958_trimmed_bismark_bt2.CpG",843,591,252,843
"6959","07_report/CpG_context_sampling_2490_959_trimmed_bismark_bt2.CpG",834,615,219,834
"6960","07_report/CpG_context_sampling_2490_960_trimmed_bismark_bt2.CpG",825,589,236,825
"6961","07_report/CpG_context_sampling_2490_961_trimmed_bismark_bt2.CpG",849,621,228,849
"6962","07_report/CpG_context_sampling_2490_962_trimmed_bismark_bt2.CpG",863,619,244,863
"6963","07_report/CpG_context_sampling_2490_963_trimmed_bismark_bt2.CpG",883,643,240,883
"6964","07_report/CpG_context_sampling_2490_964_trimmed_bismark_bt2.CpG",933,676,257,933
"6965","07_report/CpG_context_sampling_2490_965_trimmed_bismark_bt2.CpG",869,635,234,869
"6966","07_report/CpG_context_sampling_2490_966_trimmed_bismark_bt2.CpG",865,629,236,865
"6967","07_report/CpG_context_sampling_2490_967_trimmed_bismark_bt2.CpG",839,606,233,839
"6968","07_report/CpG_context_sampling_2490_968_trimmed_bismark_bt2.CpG",850,598,252,850
"6969","07_report/CpG_context_sampling_2490_969_trimmed_bismark_bt2.CpG",863,633,230,863
"6970","07_report/CpG_context_sampling_2490_970_trimmed_bismark_bt2.CpG",805,573,232,805
"6971","07_report/CpG_context_sampling_2490_971_trimmed_bismark_bt2.CpG",860,616,244,860
"6972","07_report/CpG_context_sampling_2490_972_trimmed_bismark_bt2.CpG",883,629,254,883
"6973","07_report/CpG_context_sampling_2490_973_trimmed_bismark_bt2.CpG",844,611,233,844
"6974","07_report/CpG_context_sampling_2490_974_trimmed_bismark_bt2.CpG",858,584,274,858
"6975","07_report/CpG_context_sampling_2490_975_trimmed_bismark_bt2.CpG",887,653,234,887
"6976","07_report/CpG_context_sampling_2490_976_trimmed_bismark_bt2.CpG",867,650,217,867
"6977","07_report/CpG_context_sampling_2490_977_trimmed_bismark_bt2.CpG",859,652,207,859
"6978","07_report/CpG_context_sampling_2490_978_trimmed_bismark_bt2.CpG",933,663,270,933
"6979","07_report/CpG_context_sampling_2490_979_trimmed_bismark_bt2.CpG",870,631,239,870
"6980","07_report/CpG_context_sampling_2490_980_trimmed_bismark_bt2.CpG",869,625,244,869
"6981","07_report/CpG_context_sampling_2490_981_trimmed_bismark_bt2.CpG",835,580,255,835
"6982","07_report/CpG_context_sampling_2490_982_trimmed_bismark_bt2.CpG",841,613,228,841
"6983","07_report/CpG_context_sampling_2490_983_trimmed_bismark_bt2.CpG",878,603,275,878
"6984","07_report/CpG_context_sampling_2490_984_trimmed_bismark_bt2.CpG",868,610,258,868
"6985","07_report/CpG_context_sampling_2490_985_trimmed_bismark_bt2.CpG",827,586,241,827
"6986","07_report/CpG_context_sampling_2490_986_trimmed_bismark_bt2.CpG",846,600,246,846
"6987","07_report/CpG_context_sampling_2490_987_trimmed_bismark_bt2.CpG",870,615,255,870
"6988","07_report/CpG_context_sampling_2490_988_trimmed_bismark_bt2.CpG",821,592,229,821
"6989","07_report/CpG_context_sampling_2490_989_trimmed_bismark_bt2.CpG",835,579,256,835
"6990","07_report/CpG_context_sampling_2490_990_trimmed_bismark_bt2.CpG",907,647,260,907
"6991","07_report/CpG_context_sampling_2490_991_trimmed_bismark_bt2.CpG",853,621,232,853
"6992","07_report/CpG_context_sampling_2490_992_trimmed_bismark_bt2.CpG",874,635,239,874
"6993","07_report/CpG_context_sampling_2490_993_trimmed_bismark_bt2.CpG",869,610,259,869
"6994","07_report/CpG_context_sampling_2490_994_trimmed_bismark_bt2.CpG",886,612,274,886
"6995","07_report/CpG_context_sampling_2490_995_trimmed_bismark_bt2.CpG",838,586,252,838
"6996","07_report/CpG_context_sampling_2490_996_trimmed_bismark_bt2.CpG",904,641,263,904
"6997","07_report/CpG_context_sampling_2490_997_trimmed_bismark_bt2.CpG",880,629,251,880
"6998","07_report/CpG_context_sampling_2490_998_trimmed_bismark_bt2.CpG",849,606,243,849
"6999","07_report/CpG_context_sampling_2490_999_trimmed_bismark_bt2.CpG",845,610,235,845
"7000","07_report/CpG_context_sampling_2490_1000_trimmed_bismark_bt2.CpG",833,585,248,833
"7001","07_report/CpG_context_sampling_3735_1_trimmed_bismark_bt2.CpG",1295,946,349,1295
"7002","07_report/CpG_context_sampling_3735_2_trimmed_bismark_bt2.CpG",1311,965,346,1311
"7003","07_report/CpG_context_sampling_3735_3_trimmed_bismark_bt2.CpG",1302,938,364,1302
"7004","07_report/CpG_context_sampling_3735_4_trimmed_bismark_bt2.CpG",1229,862,367,1229
"7005","07_report/CpG_context_sampling_3735_5_trimmed_bismark_bt2.CpG",1328,947,381,1328
"7006","07_report/CpG_context_sampling_3735_6_trimmed_bismark_bt2.CpG",1301,921,380,1301
"7007","07_report/CpG_context_sampling_3735_7_trimmed_bismark_bt2.CpG",1290,908,382,1290
"7008","07_report/CpG_context_sampling_3735_8_trimmed_bismark_bt2.CpG",1283,889,394,1283
"7009","07_report/CpG_context_sampling_3735_9_trimmed_bismark_bt2.CpG",1261,856,405,1261
"7010","07_report/CpG_context_sampling_3735_10_trimmed_bismark_bt2.CpG",1300,902,398,1300
"7011","07_report/CpG_context_sampling_3735_11_trimmed_bismark_bt2.CpG",1277,937,340,1277
"7012","07_report/CpG_context_sampling_3735_12_trimmed_bismark_bt2.CpG",1247,877,370,1247
"7013","07_report/CpG_context_sampling_3735_13_trimmed_bismark_bt2.CpG",1280,916,364,1280
"7014","07_report/CpG_context_sampling_3735_14_trimmed_bismark_bt2.CpG",1248,915,333,1248
"7015","07_report/CpG_context_sampling_3735_15_trimmed_bismark_bt2.CpG",1287,924,363,1287
"7016","07_report/CpG_context_sampling_3735_16_trimmed_bismark_bt2.CpG",1267,884,383,1267
"7017","07_report/CpG_context_sampling_3735_17_trimmed_bismark_bt2.CpG",1172,850,322,1172
"7018","07_report/CpG_context_sampling_3735_18_trimmed_bismark_bt2.CpG",1294,930,364,1294
"7019","07_report/CpG_context_sampling_3735_19_trimmed_bismark_bt2.CpG",1287,921,366,1287
"7020","07_report/CpG_context_sampling_3735_20_trimmed_bismark_bt2.CpG",1326,944,382,1326
"7021","07_report/CpG_context_sampling_3735_21_trimmed_bismark_bt2.CpG",1317,954,363,1317
"7022","07_report/CpG_context_sampling_3735_22_trimmed_bismark_bt2.CpG",1294,901,393,1294
"7023","07_report/CpG_context_sampling_3735_23_trimmed_bismark_bt2.CpG",1307,930,377,1307
"7024","07_report/CpG_context_sampling_3735_24_trimmed_bismark_bt2.CpG",1244,873,371,1244
"7025","07_report/CpG_context_sampling_3735_25_trimmed_bismark_bt2.CpG",1268,903,365,1268
"7026","07_report/CpG_context_sampling_3735_26_trimmed_bismark_bt2.CpG",1299,918,381,1299
"7027","07_report/CpG_context_sampling_3735_27_trimmed_bismark_bt2.CpG",1273,902,371,1273
"7028","07_report/CpG_context_sampling_3735_28_trimmed_bismark_bt2.CpG",1288,922,366,1288
"7029","07_report/CpG_context_sampling_3735_29_trimmed_bismark_bt2.CpG",1328,952,376,1328
"7030","07_report/CpG_context_sampling_3735_30_trimmed_bismark_bt2.CpG",1265,920,345,1265
"7031","07_report/CpG_context_sampling_3735_31_trimmed_bismark_bt2.CpG",1281,933,348,1281
"7032","07_report/CpG_context_sampling_3735_32_trimmed_bismark_bt2.CpG",1355,995,360,1355
"7033","07_report/CpG_context_sampling_3735_33_trimmed_bismark_bt2.CpG",1290,925,365,1290
"7034","07_report/CpG_context_sampling_3735_34_trimmed_bismark_bt2.CpG",1302,901,401,1302
"7035","07_report/CpG_context_sampling_3735_35_trimmed_bismark_bt2.CpG",1292,918,374,1292
"7036","07_report/CpG_context_sampling_3735_36_trimmed_bismark_bt2.CpG",1329,985,344,1329
"7037","07_report/CpG_context_sampling_3735_37_trimmed_bismark_bt2.CpG",1267,886,381,1267
"7038","07_report/CpG_context_sampling_3735_38_trimmed_bismark_bt2.CpG",1332,932,400,1332
"7039","07_report/CpG_context_sampling_3735_39_trimmed_bismark_bt2.CpG",1314,935,379,1314
"7040","07_report/CpG_context_sampling_3735_40_trimmed_bismark_bt2.CpG",1313,952,361,1313
"7041","07_report/CpG_context_sampling_3735_41_trimmed_bismark_bt2.CpG",1308,924,384,1308
"7042","07_report/CpG_context_sampling_3735_42_trimmed_bismark_bt2.CpG",1392,991,401,1392
"7043","07_report/CpG_context_sampling_3735_43_trimmed_bismark_bt2.CpG",1270,910,360,1270
"7044","07_report/CpG_context_sampling_3735_44_trimmed_bismark_bt2.CpG",1270,918,352,1270
"7045","07_report/CpG_context_sampling_3735_45_trimmed_bismark_bt2.CpG",1277,914,363,1277
"7046","07_report/CpG_context_sampling_3735_46_trimmed_bismark_bt2.CpG",1294,936,358,1294
"7047","07_report/CpG_context_sampling_3735_47_trimmed_bismark_bt2.CpG",1347,972,375,1347
"7048","07_report/CpG_context_sampling_3735_48_trimmed_bismark_bt2.CpG",1327,934,393,1327
"7049","07_report/CpG_context_sampling_3735_49_trimmed_bismark_bt2.CpG",1270,925,345,1270
"7050","07_report/CpG_context_sampling_3735_50_trimmed_bismark_bt2.CpG",1270,912,358,1270
"7051","07_report/CpG_context_sampling_3735_51_trimmed_bismark_bt2.CpG",1290,914,376,1290
"7052","07_report/CpG_context_sampling_3735_52_trimmed_bismark_bt2.CpG",1276,927,349,1276
"7053","07_report/CpG_context_sampling_3735_53_trimmed_bismark_bt2.CpG",1311,919,392,1311
"7054","07_report/CpG_context_sampling_3735_54_trimmed_bismark_bt2.CpG",1297,893,404,1297
"7055","07_report/CpG_context_sampling_3735_55_trimmed_bismark_bt2.CpG",1317,970,347,1317
"7056","07_report/CpG_context_sampling_3735_56_trimmed_bismark_bt2.CpG",1327,938,389,1327
"7057","07_report/CpG_context_sampling_3735_57_trimmed_bismark_bt2.CpG",1278,923,355,1278
"7058","07_report/CpG_context_sampling_3735_58_trimmed_bismark_bt2.CpG",1328,959,369,1328
"7059","07_report/CpG_context_sampling_3735_59_trimmed_bismark_bt2.CpG",1326,963,363,1326
"7060","07_report/CpG_context_sampling_3735_60_trimmed_bismark_bt2.CpG",1311,946,365,1311
"7061","07_report/CpG_context_sampling_3735_61_trimmed_bismark_bt2.CpG",1321,943,378,1321
"7062","07_report/CpG_context_sampling_3735_62_trimmed_bismark_bt2.CpG",1255,930,325,1255
"7063","07_report/CpG_context_sampling_3735_63_trimmed_bismark_bt2.CpG",1322,942,380,1322
"7064","07_report/CpG_context_sampling_3735_64_trimmed_bismark_bt2.CpG",1318,906,412,1318
"7065","07_report/CpG_context_sampling_3735_65_trimmed_bismark_bt2.CpG",1254,900,354,1254
"7066","07_report/CpG_context_sampling_3735_66_trimmed_bismark_bt2.CpG",1246,930,316,1246
"7067","07_report/CpG_context_sampling_3735_67_trimmed_bismark_bt2.CpG",1286,903,383,1286
"7068","07_report/CpG_context_sampling_3735_68_trimmed_bismark_bt2.CpG",1314,965,349,1314
"7069","07_report/CpG_context_sampling_3735_69_trimmed_bismark_bt2.CpG",1288,916,372,1288
"7070","07_report/CpG_context_sampling_3735_70_trimmed_bismark_bt2.CpG",1318,949,369,1318
"7071","07_report/CpG_context_sampling_3735_71_trimmed_bismark_bt2.CpG",1233,870,363,1233
"7072","07_report/CpG_context_sampling_3735_72_trimmed_bismark_bt2.CpG",1311,914,397,1311
"7073","07_report/CpG_context_sampling_3735_73_trimmed_bismark_bt2.CpG",1373,985,388,1373
"7074","07_report/CpG_context_sampling_3735_74_trimmed_bismark_bt2.CpG",1288,931,357,1288
"7075","07_report/CpG_context_sampling_3735_75_trimmed_bismark_bt2.CpG",1234,912,322,1234
"7076","07_report/CpG_context_sampling_3735_76_trimmed_bismark_bt2.CpG",1285,914,371,1285
"7077","07_report/CpG_context_sampling_3735_77_trimmed_bismark_bt2.CpG",1285,903,382,1285
"7078","07_report/CpG_context_sampling_3735_78_trimmed_bismark_bt2.CpG",1309,961,348,1309
"7079","07_report/CpG_context_sampling_3735_79_trimmed_bismark_bt2.CpG",1256,899,357,1256
"7080","07_report/CpG_context_sampling_3735_80_trimmed_bismark_bt2.CpG",1255,899,356,1255
"7081","07_report/CpG_context_sampling_3735_81_trimmed_bismark_bt2.CpG",1269,918,351,1269
"7082","07_report/CpG_context_sampling_3735_82_trimmed_bismark_bt2.CpG",1268,873,395,1268
"7083","07_report/CpG_context_sampling_3735_83_trimmed_bismark_bt2.CpG",1370,970,400,1370
"7084","07_report/CpG_context_sampling_3735_84_trimmed_bismark_bt2.CpG",1310,914,396,1310
"7085","07_report/CpG_context_sampling_3735_85_trimmed_bismark_bt2.CpG",1296,951,345,1296
"7086","07_report/CpG_context_sampling_3735_86_trimmed_bismark_bt2.CpG",1274,899,375,1274
"7087","07_report/CpG_context_sampling_3735_87_trimmed_bismark_bt2.CpG",1307,952,355,1307
"7088","07_report/CpG_context_sampling_3735_88_trimmed_bismark_bt2.CpG",1275,907,368,1275
"7089","07_report/CpG_context_sampling_3735_89_trimmed_bismark_bt2.CpG",1331,968,363,1331
"7090","07_report/CpG_context_sampling_3735_90_trimmed_bismark_bt2.CpG",1280,884,396,1280
"7091","07_report/CpG_context_sampling_3735_91_trimmed_bismark_bt2.CpG",1317,936,381,1317
"7092","07_report/CpG_context_sampling_3735_92_trimmed_bismark_bt2.CpG",1324,967,357,1324
"7093","07_report/CpG_context_sampling_3735_93_trimmed_bismark_bt2.CpG",1289,917,372,1289
"7094","07_report/CpG_context_sampling_3735_94_trimmed_bismark_bt2.CpG",1237,899,338,1237
"7095","07_report/CpG_context_sampling_3735_95_trimmed_bismark_bt2.CpG",1282,881,401,1282
"7096","07_report/CpG_context_sampling_3735_96_trimmed_bismark_bt2.CpG",1241,879,362,1241
"7097","07_report/CpG_context_sampling_3735_97_trimmed_bismark_bt2.CpG",1349,921,428,1349
"7098","07_report/CpG_context_sampling_3735_98_trimmed_bismark_bt2.CpG",1304,922,382,1304
"7099","07_report/CpG_context_sampling_3735_99_trimmed_bismark_bt2.CpG",1320,947,373,1320
"7100","07_report/CpG_context_sampling_3735_100_trimmed_bismark_bt2.CpG",1286,898,388,1286
"7101","07_report/CpG_context_sampling_3735_101_trimmed_bismark_bt2.CpG",1306,936,370,1306
"7102","07_report/CpG_context_sampling_3735_102_trimmed_bismark_bt2.CpG",1317,965,352,1317
"7103","07_report/CpG_context_sampling_3735_103_trimmed_bismark_bt2.CpG",1290,934,356,1290
"7104","07_report/CpG_context_sampling_3735_104_trimmed_bismark_bt2.CpG",1247,919,328,1247
"7105","07_report/CpG_context_sampling_3735_105_trimmed_bismark_bt2.CpG",1342,942,400,1342
"7106","07_report/CpG_context_sampling_3735_106_trimmed_bismark_bt2.CpG",1263,917,346,1263
"7107","07_report/CpG_context_sampling_3735_107_trimmed_bismark_bt2.CpG",1233,908,325,1233
"7108","07_report/CpG_context_sampling_3735_108_trimmed_bismark_bt2.CpG",1240,890,350,1240
"7109","07_report/CpG_context_sampling_3735_109_trimmed_bismark_bt2.CpG",1323,971,352,1323
"7110","07_report/CpG_context_sampling_3735_110_trimmed_bismark_bt2.CpG",1280,905,375,1280
"7111","07_report/CpG_context_sampling_3735_111_trimmed_bismark_bt2.CpG",1329,926,403,1329
"7112","07_report/CpG_context_sampling_3735_112_trimmed_bismark_bt2.CpG",1300,948,352,1300
"7113","07_report/CpG_context_sampling_3735_113_trimmed_bismark_bt2.CpG",1272,908,364,1272
"7114","07_report/CpG_context_sampling_3735_114_trimmed_bismark_bt2.CpG",1321,948,373,1321
"7115","07_report/CpG_context_sampling_3735_115_trimmed_bismark_bt2.CpG",1296,938,358,1296
"7116","07_report/CpG_context_sampling_3735_116_trimmed_bismark_bt2.CpG",1270,908,362,1270
"7117","07_report/CpG_context_sampling_3735_117_trimmed_bismark_bt2.CpG",1317,935,382,1317
"7118","07_report/CpG_context_sampling_3735_118_trimmed_bismark_bt2.CpG",1361,967,394,1361
"7119","07_report/CpG_context_sampling_3735_119_trimmed_bismark_bt2.CpG",1282,941,341,1282
"7120","07_report/CpG_context_sampling_3735_120_trimmed_bismark_bt2.CpG",1288,939,349,1288
"7121","07_report/CpG_context_sampling_3735_121_trimmed_bismark_bt2.CpG",1261,912,349,1261
"7122","07_report/CpG_context_sampling_3735_122_trimmed_bismark_bt2.CpG",1269,908,361,1269
"7123","07_report/CpG_context_sampling_3735_123_trimmed_bismark_bt2.CpG",1293,875,418,1293
"7124","07_report/CpG_context_sampling_3735_124_trimmed_bismark_bt2.CpG",1270,919,351,1270
"7125","07_report/CpG_context_sampling_3735_125_trimmed_bismark_bt2.CpG",1269,906,363,1269
"7126","07_report/CpG_context_sampling_3735_126_trimmed_bismark_bt2.CpG",1302,946,356,1302
"7127","07_report/CpG_context_sampling_3735_127_trimmed_bismark_bt2.CpG",1305,924,381,1305
"7128","07_report/CpG_context_sampling_3735_128_trimmed_bismark_bt2.CpG",1238,906,332,1238
"7129","07_report/CpG_context_sampling_3735_129_trimmed_bismark_bt2.CpG",1257,899,358,1257
"7130","07_report/CpG_context_sampling_3735_130_trimmed_bismark_bt2.CpG",1288,934,354,1288
"7131","07_report/CpG_context_sampling_3735_131_trimmed_bismark_bt2.CpG",1280,925,355,1280
"7132","07_report/CpG_context_sampling_3735_132_trimmed_bismark_bt2.CpG",1332,950,382,1332
"7133","07_report/CpG_context_sampling_3735_133_trimmed_bismark_bt2.CpG",1298,928,370,1298
"7134","07_report/CpG_context_sampling_3735_134_trimmed_bismark_bt2.CpG",1272,930,342,1272
"7135","07_report/CpG_context_sampling_3735_135_trimmed_bismark_bt2.CpG",1277,919,358,1277
"7136","07_report/CpG_context_sampling_3735_136_trimmed_bismark_bt2.CpG",1289,897,392,1289
"7137","07_report/CpG_context_sampling_3735_137_trimmed_bismark_bt2.CpG",1349,971,378,1349
"7138","07_report/CpG_context_sampling_3735_138_trimmed_bismark_bt2.CpG",1330,959,371,1330
"7139","07_report/CpG_context_sampling_3735_139_trimmed_bismark_bt2.CpG",1275,907,368,1275
"7140","07_report/CpG_context_sampling_3735_140_trimmed_bismark_bt2.CpG",1315,960,355,1315
"7141","07_report/CpG_context_sampling_3735_141_trimmed_bismark_bt2.CpG",1253,907,346,1253
"7142","07_report/CpG_context_sampling_3735_142_trimmed_bismark_bt2.CpG",1247,891,356,1247
"7143","07_report/CpG_context_sampling_3735_143_trimmed_bismark_bt2.CpG",1324,927,397,1324
"7144","07_report/CpG_context_sampling_3735_144_trimmed_bismark_bt2.CpG",1290,955,335,1290
"7145","07_report/CpG_context_sampling_3735_145_trimmed_bismark_bt2.CpG",1343,954,389,1343
"7146","07_report/CpG_context_sampling_3735_146_trimmed_bismark_bt2.CpG",1305,960,345,1305
"7147","07_report/CpG_context_sampling_3735_147_trimmed_bismark_bt2.CpG",1290,949,341,1290
"7148","07_report/CpG_context_sampling_3735_148_trimmed_bismark_bt2.CpG",1278,928,350,1278
"7149","07_report/CpG_context_sampling_3735_149_trimmed_bismark_bt2.CpG",1335,937,398,1335
"7150","07_report/CpG_context_sampling_3735_150_trimmed_bismark_bt2.CpG",1327,909,418,1327
"7151","07_report/CpG_context_sampling_3735_151_trimmed_bismark_bt2.CpG",1317,919,398,1317
"7152","07_report/CpG_context_sampling_3735_152_trimmed_bismark_bt2.CpG",1311,944,367,1311
"7153","07_report/CpG_context_sampling_3735_153_trimmed_bismark_bt2.CpG",1292,932,360,1292
"7154","07_report/CpG_context_sampling_3735_154_trimmed_bismark_bt2.CpG",1294,917,377,1294
"7155","07_report/CpG_context_sampling_3735_155_trimmed_bismark_bt2.CpG",1314,938,376,1314
"7156","07_report/CpG_context_sampling_3735_156_trimmed_bismark_bt2.CpG",1271,915,356,1271
"7157","07_report/CpG_context_sampling_3735_157_trimmed_bismark_bt2.CpG",1267,895,372,1267
"7158","07_report/CpG_context_sampling_3735_158_trimmed_bismark_bt2.CpG",1305,937,368,1305
"7159","07_report/CpG_context_sampling_3735_159_trimmed_bismark_bt2.CpG",1336,956,380,1336
"7160","07_report/CpG_context_sampling_3735_160_trimmed_bismark_bt2.CpG",1315,942,373,1315
"7161","07_report/CpG_context_sampling_3735_161_trimmed_bismark_bt2.CpG",1330,965,365,1330
"7162","07_report/CpG_context_sampling_3735_162_trimmed_bismark_bt2.CpG",1376,956,420,1376
"7163","07_report/CpG_context_sampling_3735_163_trimmed_bismark_bt2.CpG",1319,993,326,1319
"7164","07_report/CpG_context_sampling_3735_164_trimmed_bismark_bt2.CpG",1295,906,389,1295
"7165","07_report/CpG_context_sampling_3735_165_trimmed_bismark_bt2.CpG",1323,921,402,1323
"7166","07_report/CpG_context_sampling_3735_166_trimmed_bismark_bt2.CpG",1308,921,387,1308
"7167","07_report/CpG_context_sampling_3735_167_trimmed_bismark_bt2.CpG",1307,938,369,1307
"7168","07_report/CpG_context_sampling_3735_168_trimmed_bismark_bt2.CpG",1301,910,391,1301
"7169","07_report/CpG_context_sampling_3735_169_trimmed_bismark_bt2.CpG",1266,882,384,1266
"7170","07_report/CpG_context_sampling_3735_170_trimmed_bismark_bt2.CpG",1302,939,363,1302
"7171","07_report/CpG_context_sampling_3735_171_trimmed_bismark_bt2.CpG",1305,933,372,1305
"7172","07_report/CpG_context_sampling_3735_172_trimmed_bismark_bt2.CpG",1299,929,370,1299
"7173","07_report/CpG_context_sampling_3735_173_trimmed_bismark_bt2.CpG",1302,912,390,1302
"7174","07_report/CpG_context_sampling_3735_174_trimmed_bismark_bt2.CpG",1262,906,356,1262
"7175","07_report/CpG_context_sampling_3735_175_trimmed_bismark_bt2.CpG",1283,941,342,1283
"7176","07_report/CpG_context_sampling_3735_176_trimmed_bismark_bt2.CpG",1264,886,378,1264
"7177","07_report/CpG_context_sampling_3735_177_trimmed_bismark_bt2.CpG",1301,946,355,1301
"7178","07_report/CpG_context_sampling_3735_178_trimmed_bismark_bt2.CpG",1296,899,397,1296
"7179","07_report/CpG_context_sampling_3735_179_trimmed_bismark_bt2.CpG",1329,971,358,1329
"7180","07_report/CpG_context_sampling_3735_180_trimmed_bismark_bt2.CpG",1254,931,323,1254
"7181","07_report/CpG_context_sampling_3735_181_trimmed_bismark_bt2.CpG",1306,928,378,1306
"7182","07_report/CpG_context_sampling_3735_182_trimmed_bismark_bt2.CpG",1286,923,363,1286
"7183","07_report/CpG_context_sampling_3735_183_trimmed_bismark_bt2.CpG",1287,943,344,1287
"7184","07_report/CpG_context_sampling_3735_184_trimmed_bismark_bt2.CpG",1296,950,346,1296
"7185","07_report/CpG_context_sampling_3735_185_trimmed_bismark_bt2.CpG",1247,893,354,1247
"7186","07_report/CpG_context_sampling_3735_186_trimmed_bismark_bt2.CpG",1264,909,355,1264
"7187","07_report/CpG_context_sampling_3735_187_trimmed_bismark_bt2.CpG",1291,903,388,1291
"7188","07_report/CpG_context_sampling_3735_188_trimmed_bismark_bt2.CpG",1294,963,331,1294
"7189","07_report/CpG_context_sampling_3735_189_trimmed_bismark_bt2.CpG",1286,918,368,1286
"7190","07_report/CpG_context_sampling_3735_190_trimmed_bismark_bt2.CpG",1334,966,368,1334
"7191","07_report/CpG_context_sampling_3735_191_trimmed_bismark_bt2.CpG",1295,913,382,1295
"7192","07_report/CpG_context_sampling_3735_192_trimmed_bismark_bt2.CpG",1268,898,370,1268
"7193","07_report/CpG_context_sampling_3735_193_trimmed_bismark_bt2.CpG",1314,935,379,1314
"7194","07_report/CpG_context_sampling_3735_194_trimmed_bismark_bt2.CpG",1283,928,355,1283
"7195","07_report/CpG_context_sampling_3735_195_trimmed_bismark_bt2.CpG",1259,890,369,1259
"7196","07_report/CpG_context_sampling_3735_196_trimmed_bismark_bt2.CpG",1303,955,348,1303
"7197","07_report/CpG_context_sampling_3735_197_trimmed_bismark_bt2.CpG",1316,963,353,1316
"7198","07_report/CpG_context_sampling_3735_198_trimmed_bismark_bt2.CpG",1306,974,332,1306
"7199","07_report/CpG_context_sampling_3735_199_trimmed_bismark_bt2.CpG",1276,909,367,1276
"7200","07_report/CpG_context_sampling_3735_200_trimmed_bismark_bt2.CpG",1251,941,310,1251
"7201","07_report/CpG_context_sampling_3735_201_trimmed_bismark_bt2.CpG",1288,901,387,1288
"7202","07_report/CpG_context_sampling_3735_202_trimmed_bismark_bt2.CpG",1315,934,381,1315
"7203","07_report/CpG_context_sampling_3735_203_trimmed_bismark_bt2.CpG",1314,924,390,1314
"7204","07_report/CpG_context_sampling_3735_204_trimmed_bismark_bt2.CpG",1318,945,373,1318
"7205","07_report/CpG_context_sampling_3735_205_trimmed_bismark_bt2.CpG",1265,914,351,1265
"7206","07_report/CpG_context_sampling_3735_206_trimmed_bismark_bt2.CpG",1293,948,345,1293
"7207","07_report/CpG_context_sampling_3735_207_trimmed_bismark_bt2.CpG",1282,886,396,1282
"7208","07_report/CpG_context_sampling_3735_208_trimmed_bismark_bt2.CpG",1303,930,373,1303
"7209","07_report/CpG_context_sampling_3735_209_trimmed_bismark_bt2.CpG",1300,978,322,1300
"7210","07_report/CpG_context_sampling_3735_210_trimmed_bismark_bt2.CpG",1242,893,349,1242
"7211","07_report/CpG_context_sampling_3735_211_trimmed_bismark_bt2.CpG",1261,892,369,1261
"7212","07_report/CpG_context_sampling_3735_212_trimmed_bismark_bt2.CpG",1268,933,335,1268
"7213","07_report/CpG_context_sampling_3735_213_trimmed_bismark_bt2.CpG",1336,957,379,1336
"7214","07_report/CpG_context_sampling_3735_214_trimmed_bismark_bt2.CpG",1277,926,351,1277
"7215","07_report/CpG_context_sampling_3735_215_trimmed_bismark_bt2.CpG",1320,958,362,1320
"7216","07_report/CpG_context_sampling_3735_216_trimmed_bismark_bt2.CpG",1313,944,369,1313
"7217","07_report/CpG_context_sampling_3735_217_trimmed_bismark_bt2.CpG",1287,948,339,1287
"7218","07_report/CpG_context_sampling_3735_218_trimmed_bismark_bt2.CpG",1310,930,380,1310
"7219","07_report/CpG_context_sampling_3735_219_trimmed_bismark_bt2.CpG",1269,869,400,1269
"7220","07_report/CpG_context_sampling_3735_220_trimmed_bismark_bt2.CpG",1272,949,323,1272
"7221","07_report/CpG_context_sampling_3735_221_trimmed_bismark_bt2.CpG",1283,946,337,1283
"7222","07_report/CpG_context_sampling_3735_222_trimmed_bismark_bt2.CpG",1260,907,353,1260
"7223","07_report/CpG_context_sampling_3735_223_trimmed_bismark_bt2.CpG",1290,914,376,1290
"7224","07_report/CpG_context_sampling_3735_224_trimmed_bismark_bt2.CpG",1299,901,398,1299
"7225","07_report/CpG_context_sampling_3735_225_trimmed_bismark_bt2.CpG",1291,916,375,1291
"7226","07_report/CpG_context_sampling_3735_226_trimmed_bismark_bt2.CpG",1325,943,382,1325
"7227","07_report/CpG_context_sampling_3735_227_trimmed_bismark_bt2.CpG",1300,927,373,1300
"7228","07_report/CpG_context_sampling_3735_228_trimmed_bismark_bt2.CpG",1336,942,394,1336
"7229","07_report/CpG_context_sampling_3735_229_trimmed_bismark_bt2.CpG",1311,953,358,1311
"7230","07_report/CpG_context_sampling_3735_230_trimmed_bismark_bt2.CpG",1258,881,377,1258
"7231","07_report/CpG_context_sampling_3735_231_trimmed_bismark_bt2.CpG",1266,903,363,1266
"7232","07_report/CpG_context_sampling_3735_232_trimmed_bismark_bt2.CpG",1334,955,379,1334
"7233","07_report/CpG_context_sampling_3735_233_trimmed_bismark_bt2.CpG",1279,918,361,1279
"7234","07_report/CpG_context_sampling_3735_234_trimmed_bismark_bt2.CpG",1279,925,354,1279
"7235","07_report/CpG_context_sampling_3735_235_trimmed_bismark_bt2.CpG",1321,962,359,1321
"7236","07_report/CpG_context_sampling_3735_236_trimmed_bismark_bt2.CpG",1321,955,366,1321
"7237","07_report/CpG_context_sampling_3735_237_trimmed_bismark_bt2.CpG",1352,965,387,1352
"7238","07_report/CpG_context_sampling_3735_238_trimmed_bismark_bt2.CpG",1331,929,402,1331
"7239","07_report/CpG_context_sampling_3735_239_trimmed_bismark_bt2.CpG",1287,903,384,1287
"7240","07_report/CpG_context_sampling_3735_240_trimmed_bismark_bt2.CpG",1271,915,356,1271
"7241","07_report/CpG_context_sampling_3735_241_trimmed_bismark_bt2.CpG",1312,947,365,1312
"7242","07_report/CpG_context_sampling_3735_242_trimmed_bismark_bt2.CpG",1258,925,333,1258
"7243","07_report/CpG_context_sampling_3735_243_trimmed_bismark_bt2.CpG",1333,958,375,1333
"7244","07_report/CpG_context_sampling_3735_244_trimmed_bismark_bt2.CpG",1334,948,386,1334
"7245","07_report/CpG_context_sampling_3735_245_trimmed_bismark_bt2.CpG",1292,905,387,1292
"7246","07_report/CpG_context_sampling_3735_246_trimmed_bismark_bt2.CpG",1315,967,348,1315
"7247","07_report/CpG_context_sampling_3735_247_trimmed_bismark_bt2.CpG",1323,943,380,1323
"7248","07_report/CpG_context_sampling_3735_248_trimmed_bismark_bt2.CpG",1229,877,352,1229
"7249","07_report/CpG_context_sampling_3735_249_trimmed_bismark_bt2.CpG",1308,912,396,1308
"7250","07_report/CpG_context_sampling_3735_250_trimmed_bismark_bt2.CpG",1297,923,374,1297
"7251","07_report/CpG_context_sampling_3735_251_trimmed_bismark_bt2.CpG",1242,860,382,1242
"7252","07_report/CpG_context_sampling_3735_252_trimmed_bismark_bt2.CpG",1276,923,353,1276
"7253","07_report/CpG_context_sampling_3735_253_trimmed_bismark_bt2.CpG",1320,933,387,1320
"7254","07_report/CpG_context_sampling_3735_254_trimmed_bismark_bt2.CpG",1315,954,361,1315
"7255","07_report/CpG_context_sampling_3735_255_trimmed_bismark_bt2.CpG",1261,898,363,1261
"7256","07_report/CpG_context_sampling_3735_256_trimmed_bismark_bt2.CpG",1285,927,358,1285
"7257","07_report/CpG_context_sampling_3735_257_trimmed_bismark_bt2.CpG",1277,930,347,1277
"7258","07_report/CpG_context_sampling_3735_258_trimmed_bismark_bt2.CpG",1348,975,373,1348
"7259","07_report/CpG_context_sampling_3735_259_trimmed_bismark_bt2.CpG",1274,912,362,1274
"7260","07_report/CpG_context_sampling_3735_260_trimmed_bismark_bt2.CpG",1246,925,321,1246
"7261","07_report/CpG_context_sampling_3735_261_trimmed_bismark_bt2.CpG",1319,954,365,1319
"7262","07_report/CpG_context_sampling_3735_262_trimmed_bismark_bt2.CpG",1233,880,353,1233
"7263","07_report/CpG_context_sampling_3735_263_trimmed_bismark_bt2.CpG",1335,952,383,1335
"7264","07_report/CpG_context_sampling_3735_264_trimmed_bismark_bt2.CpG",1276,907,369,1276
"7265","07_report/CpG_context_sampling_3735_265_trimmed_bismark_bt2.CpG",1296,957,339,1296
"7266","07_report/CpG_context_sampling_3735_266_trimmed_bismark_bt2.CpG",1299,918,381,1299
"7267","07_report/CpG_context_sampling_3735_267_trimmed_bismark_bt2.CpG",1293,939,354,1293
"7268","07_report/CpG_context_sampling_3735_268_trimmed_bismark_bt2.CpG",1319,929,390,1319
"7269","07_report/CpG_context_sampling_3735_269_trimmed_bismark_bt2.CpG",1330,965,365,1330
"7270","07_report/CpG_context_sampling_3735_270_trimmed_bismark_bt2.CpG",1306,942,364,1306
"7271","07_report/CpG_context_sampling_3735_271_trimmed_bismark_bt2.CpG",1352,971,381,1352
"7272","07_report/CpG_context_sampling_3735_272_trimmed_bismark_bt2.CpG",1294,947,347,1294
"7273","07_report/CpG_context_sampling_3735_273_trimmed_bismark_bt2.CpG",1314,927,387,1314
"7274","07_report/CpG_context_sampling_3735_274_trimmed_bismark_bt2.CpG",1295,935,360,1295
"7275","07_report/CpG_context_sampling_3735_275_trimmed_bismark_bt2.CpG",1298,918,380,1298
"7276","07_report/CpG_context_sampling_3735_276_trimmed_bismark_bt2.CpG",1327,964,363,1327
"7277","07_report/CpG_context_sampling_3735_277_trimmed_bismark_bt2.CpG",1322,944,378,1322
"7278","07_report/CpG_context_sampling_3735_278_trimmed_bismark_bt2.CpG",1200,852,348,1200
"7279","07_report/CpG_context_sampling_3735_279_trimmed_bismark_bt2.CpG",1289,924,365,1289
"7280","07_report/CpG_context_sampling_3735_280_trimmed_bismark_bt2.CpG",1343,961,382,1343
"7281","07_report/CpG_context_sampling_3735_281_trimmed_bismark_bt2.CpG",1304,924,380,1304
"7282","07_report/CpG_context_sampling_3735_282_trimmed_bismark_bt2.CpG",1298,911,387,1298
"7283","07_report/CpG_context_sampling_3735_283_trimmed_bismark_bt2.CpG",1256,897,359,1256
"7284","07_report/CpG_context_sampling_3735_284_trimmed_bismark_bt2.CpG",1256,900,356,1256
"7285","07_report/CpG_context_sampling_3735_285_trimmed_bismark_bt2.CpG",1329,967,362,1329
"7286","07_report/CpG_context_sampling_3735_286_trimmed_bismark_bt2.CpG",1309,945,364,1309
"7287","07_report/CpG_context_sampling_3735_287_trimmed_bismark_bt2.CpG",1267,906,361,1267
"7288","07_report/CpG_context_sampling_3735_288_trimmed_bismark_bt2.CpG",1271,929,342,1271
"7289","07_report/CpG_context_sampling_3735_289_trimmed_bismark_bt2.CpG",1319,941,378,1319
"7290","07_report/CpG_context_sampling_3735_290_trimmed_bismark_bt2.CpG",1259,925,334,1259
"7291","07_report/CpG_context_sampling_3735_291_trimmed_bismark_bt2.CpG",1331,956,375,1331
"7292","07_report/CpG_context_sampling_3735_292_trimmed_bismark_bt2.CpG",1299,950,349,1299
"7293","07_report/CpG_context_sampling_3735_293_trimmed_bismark_bt2.CpG",1239,902,337,1239
"7294","07_report/CpG_context_sampling_3735_294_trimmed_bismark_bt2.CpG",1250,904,346,1250
"7295","07_report/CpG_context_sampling_3735_295_trimmed_bismark_bt2.CpG",1289,929,360,1289
"7296","07_report/CpG_context_sampling_3735_296_trimmed_bismark_bt2.CpG",1278,926,352,1278
"7297","07_report/CpG_context_sampling_3735_297_trimmed_bismark_bt2.CpG",1274,917,357,1274
"7298","07_report/CpG_context_sampling_3735_298_trimmed_bismark_bt2.CpG",1292,908,384,1292
"7299","07_report/CpG_context_sampling_3735_299_trimmed_bismark_bt2.CpG",1288,938,350,1288
"7300","07_report/CpG_context_sampling_3735_300_trimmed_bismark_bt2.CpG",1298,938,360,1298
"7301","07_report/CpG_context_sampling_3735_301_trimmed_bismark_bt2.CpG",1307,929,378,1307
"7302","07_report/CpG_context_sampling_3735_302_trimmed_bismark_bt2.CpG",1297,920,377,1297
"7303","07_report/CpG_context_sampling_3735_303_trimmed_bismark_bt2.CpG",1262,912,350,1262
"7304","07_report/CpG_context_sampling_3735_304_trimmed_bismark_bt2.CpG",1299,935,364,1299
"7305","07_report/CpG_context_sampling_3735_305_trimmed_bismark_bt2.CpG",1256,902,354,1256
"7306","07_report/CpG_context_sampling_3735_306_trimmed_bismark_bt2.CpG",1318,980,338,1318
"7307","07_report/CpG_context_sampling_3735_307_trimmed_bismark_bt2.CpG",1306,970,336,1306
"7308","07_report/CpG_context_sampling_3735_308_trimmed_bismark_bt2.CpG",1334,942,392,1334
"7309","07_report/CpG_context_sampling_3735_309_trimmed_bismark_bt2.CpG",1273,923,350,1273
"7310","07_report/CpG_context_sampling_3735_310_trimmed_bismark_bt2.CpG",1240,894,346,1240
"7311","07_report/CpG_context_sampling_3735_311_trimmed_bismark_bt2.CpG",1291,938,353,1291
"7312","07_report/CpG_context_sampling_3735_312_trimmed_bismark_bt2.CpG",1284,962,322,1284
"7313","07_report/CpG_context_sampling_3735_313_trimmed_bismark_bt2.CpG",1293,913,380,1293
"7314","07_report/CpG_context_sampling_3735_314_trimmed_bismark_bt2.CpG",1316,940,376,1316
"7315","07_report/CpG_context_sampling_3735_315_trimmed_bismark_bt2.CpG",1332,963,369,1332
"7316","07_report/CpG_context_sampling_3735_316_trimmed_bismark_bt2.CpG",1246,925,321,1246
"7317","07_report/CpG_context_sampling_3735_317_trimmed_bismark_bt2.CpG",1280,897,383,1280
"7318","07_report/CpG_context_sampling_3735_318_trimmed_bismark_bt2.CpG",1294,946,348,1294
"7319","07_report/CpG_context_sampling_3735_319_trimmed_bismark_bt2.CpG",1285,926,359,1285
"7320","07_report/CpG_context_sampling_3735_320_trimmed_bismark_bt2.CpG",1298,919,379,1298
"7321","07_report/CpG_context_sampling_3735_321_trimmed_bismark_bt2.CpG",1281,914,367,1281
"7322","07_report/CpG_context_sampling_3735_322_trimmed_bismark_bt2.CpG",1270,887,383,1270
"7323","07_report/CpG_context_sampling_3735_323_trimmed_bismark_bt2.CpG",1268,933,335,1268
"7324","07_report/CpG_context_sampling_3735_324_trimmed_bismark_bt2.CpG",1315,934,381,1315
"7325","07_report/CpG_context_sampling_3735_325_trimmed_bismark_bt2.CpG",1288,917,371,1288
"7326","07_report/CpG_context_sampling_3735_326_trimmed_bismark_bt2.CpG",1258,916,342,1258
"7327","07_report/CpG_context_sampling_3735_327_trimmed_bismark_bt2.CpG",1344,977,367,1344
"7328","07_report/CpG_context_sampling_3735_328_trimmed_bismark_bt2.CpG",1260,908,352,1260
"7329","07_report/CpG_context_sampling_3735_329_trimmed_bismark_bt2.CpG",1275,935,340,1275
"7330","07_report/CpG_context_sampling_3735_330_trimmed_bismark_bt2.CpG",1280,915,365,1280
"7331","07_report/CpG_context_sampling_3735_331_trimmed_bismark_bt2.CpG",1268,895,373,1268
"7332","07_report/CpG_context_sampling_3735_332_trimmed_bismark_bt2.CpG",1286,936,350,1286
"7333","07_report/CpG_context_sampling_3735_333_trimmed_bismark_bt2.CpG",1387,1005,382,1387
"7334","07_report/CpG_context_sampling_3735_334_trimmed_bismark_bt2.CpG",1311,950,361,1311
"7335","07_report/CpG_context_sampling_3735_335_trimmed_bismark_bt2.CpG",1334,958,376,1334
"7336","07_report/CpG_context_sampling_3735_336_trimmed_bismark_bt2.CpG",1257,901,356,1257
"7337","07_report/CpG_context_sampling_3735_337_trimmed_bismark_bt2.CpG",1269,914,355,1269
"7338","07_report/CpG_context_sampling_3735_338_trimmed_bismark_bt2.CpG",1281,924,357,1281
"7339","07_report/CpG_context_sampling_3735_339_trimmed_bismark_bt2.CpG",1310,930,380,1310
"7340","07_report/CpG_context_sampling_3735_340_trimmed_bismark_bt2.CpG",1303,932,371,1303
"7341","07_report/CpG_context_sampling_3735_341_trimmed_bismark_bt2.CpG",1272,905,367,1272
"7342","07_report/CpG_context_sampling_3735_342_trimmed_bismark_bt2.CpG",1302,939,363,1302
"7343","07_report/CpG_context_sampling_3735_343_trimmed_bismark_bt2.CpG",1233,887,346,1233
"7344","07_report/CpG_context_sampling_3735_344_trimmed_bismark_bt2.CpG",1293,908,385,1293
"7345","07_report/CpG_context_sampling_3735_345_trimmed_bismark_bt2.CpG",1280,896,384,1280
"7346","07_report/CpG_context_sampling_3735_346_trimmed_bismark_bt2.CpG",1364,985,379,1364
"7347","07_report/CpG_context_sampling_3735_347_trimmed_bismark_bt2.CpG",1307,946,361,1307
"7348","07_report/CpG_context_sampling_3735_348_trimmed_bismark_bt2.CpG",1288,925,363,1288
"7349","07_report/CpG_context_sampling_3735_349_trimmed_bismark_bt2.CpG",1289,909,380,1289
"7350","07_report/CpG_context_sampling_3735_350_trimmed_bismark_bt2.CpG",1252,882,370,1252
"7351","07_report/CpG_context_sampling_3735_351_trimmed_bismark_bt2.CpG",1266,930,336,1266
"7352","07_report/CpG_context_sampling_3735_352_trimmed_bismark_bt2.CpG",1264,901,363,1264
"7353","07_report/CpG_context_sampling_3735_353_trimmed_bismark_bt2.CpG",1297,940,357,1297
"7354","07_report/CpG_context_sampling_3735_354_trimmed_bismark_bt2.CpG",1272,905,367,1272
"7355","07_report/CpG_context_sampling_3735_355_trimmed_bismark_bt2.CpG",1321,941,380,1321
"7356","07_report/CpG_context_sampling_3735_356_trimmed_bismark_bt2.CpG",1336,940,396,1336
"7357","07_report/CpG_context_sampling_3735_357_trimmed_bismark_bt2.CpG",1305,925,380,1305
"7358","07_report/CpG_context_sampling_3735_358_trimmed_bismark_bt2.CpG",1285,915,370,1285
"7359","07_report/CpG_context_sampling_3735_359_trimmed_bismark_bt2.CpG",1281,909,372,1281
"7360","07_report/CpG_context_sampling_3735_360_trimmed_bismark_bt2.CpG",1329,973,356,1329
"7361","07_report/CpG_context_sampling_3735_361_trimmed_bismark_bt2.CpG",1336,935,401,1336
"7362","07_report/CpG_context_sampling_3735_362_trimmed_bismark_bt2.CpG",1305,934,371,1305
"7363","07_report/CpG_context_sampling_3735_363_trimmed_bismark_bt2.CpG",1315,946,369,1315
"7364","07_report/CpG_context_sampling_3735_364_trimmed_bismark_bt2.CpG",1286,894,392,1286
"7365","07_report/CpG_context_sampling_3735_365_trimmed_bismark_bt2.CpG",1246,907,339,1246
"7366","07_report/CpG_context_sampling_3735_366_trimmed_bismark_bt2.CpG",1299,918,381,1299
"7367","07_report/CpG_context_sampling_3735_367_trimmed_bismark_bt2.CpG",1291,897,394,1291
"7368","07_report/CpG_context_sampling_3735_368_trimmed_bismark_bt2.CpG",1309,921,388,1309
"7369","07_report/CpG_context_sampling_3735_369_trimmed_bismark_bt2.CpG",1240,887,353,1240
"7370","07_report/CpG_context_sampling_3735_370_trimmed_bismark_bt2.CpG",1300,918,382,1300
"7371","07_report/CpG_context_sampling_3735_371_trimmed_bismark_bt2.CpG",1314,904,410,1314
"7372","07_report/CpG_context_sampling_3735_372_trimmed_bismark_bt2.CpG",1277,919,358,1277
"7373","07_report/CpG_context_sampling_3735_373_trimmed_bismark_bt2.CpG",1292,933,359,1292
"7374","07_report/CpG_context_sampling_3735_374_trimmed_bismark_bt2.CpG",1265,891,374,1265
"7375","07_report/CpG_context_sampling_3735_375_trimmed_bismark_bt2.CpG",1285,962,323,1285
"7376","07_report/CpG_context_sampling_3735_376_trimmed_bismark_bt2.CpG",1309,934,375,1309
"7377","07_report/CpG_context_sampling_3735_377_trimmed_bismark_bt2.CpG",1256,911,345,1256
"7378","07_report/CpG_context_sampling_3735_378_trimmed_bismark_bt2.CpG",1272,891,381,1272
"7379","07_report/CpG_context_sampling_3735_379_trimmed_bismark_bt2.CpG",1247,909,338,1247
"7380","07_report/CpG_context_sampling_3735_380_trimmed_bismark_bt2.CpG",1313,963,350,1313
"7381","07_report/CpG_context_sampling_3735_381_trimmed_bismark_bt2.CpG",1243,882,361,1243
"7382","07_report/CpG_context_sampling_3735_382_trimmed_bismark_bt2.CpG",1335,949,386,1335
"7383","07_report/CpG_context_sampling_3735_383_trimmed_bismark_bt2.CpG",1259,916,343,1259
"7384","07_report/CpG_context_sampling_3735_384_trimmed_bismark_bt2.CpG",1346,940,406,1346
"7385","07_report/CpG_context_sampling_3735_385_trimmed_bismark_bt2.CpG",1312,933,379,1312
"7386","07_report/CpG_context_sampling_3735_386_trimmed_bismark_bt2.CpG",1307,955,352,1307
"7387","07_report/CpG_context_sampling_3735_387_trimmed_bismark_bt2.CpG",1386,988,398,1386
"7388","07_report/CpG_context_sampling_3735_388_trimmed_bismark_bt2.CpG",1313,922,391,1313
"7389","07_report/CpG_context_sampling_3735_389_trimmed_bismark_bt2.CpG",1258,910,348,1258
"7390","07_report/CpG_context_sampling_3735_390_trimmed_bismark_bt2.CpG",1299,930,369,1299
"7391","07_report/CpG_context_sampling_3735_391_trimmed_bismark_bt2.CpG",1324,929,395,1324
"7392","07_report/CpG_context_sampling_3735_392_trimmed_bismark_bt2.CpG",1363,996,367,1363
"7393","07_report/CpG_context_sampling_3735_393_trimmed_bismark_bt2.CpG",1295,948,347,1295
"7394","07_report/CpG_context_sampling_3735_394_trimmed_bismark_bt2.CpG",1259,900,359,1259
"7395","07_report/CpG_context_sampling_3735_395_trimmed_bismark_bt2.CpG",1282,917,365,1282
"7396","07_report/CpG_context_sampling_3735_396_trimmed_bismark_bt2.CpG",1257,935,322,1257
"7397","07_report/CpG_context_sampling_3735_397_trimmed_bismark_bt2.CpG",1398,1022,376,1398
"7398","07_report/CpG_context_sampling_3735_398_trimmed_bismark_bt2.CpG",1300,950,350,1300
"7399","07_report/CpG_context_sampling_3735_399_trimmed_bismark_bt2.CpG",1276,894,382,1276
"7400","07_report/CpG_context_sampling_3735_400_trimmed_bismark_bt2.CpG",1314,928,386,1314
"7401","07_report/CpG_context_sampling_3735_401_trimmed_bismark_bt2.CpG",1299,911,388,1299
"7402","07_report/CpG_context_sampling_3735_402_trimmed_bismark_bt2.CpG",1341,955,386,1341
"7403","07_report/CpG_context_sampling_3735_403_trimmed_bismark_bt2.CpG",1309,940,369,1309
"7404","07_report/CpG_context_sampling_3735_404_trimmed_bismark_bt2.CpG",1326,963,363,1326
"7405","07_report/CpG_context_sampling_3735_405_trimmed_bismark_bt2.CpG",1280,914,366,1280
"7406","07_report/CpG_context_sampling_3735_406_trimmed_bismark_bt2.CpG",1307,959,348,1307
"7407","07_report/CpG_context_sampling_3735_407_trimmed_bismark_bt2.CpG",1280,947,333,1280
"7408","07_report/CpG_context_sampling_3735_408_trimmed_bismark_bt2.CpG",1299,911,388,1299
"7409","07_report/CpG_context_sampling_3735_409_trimmed_bismark_bt2.CpG",1293,937,356,1293
"7410","07_report/CpG_context_sampling_3735_410_trimmed_bismark_bt2.CpG",1347,967,380,1347
"7411","07_report/CpG_context_sampling_3735_411_trimmed_bismark_bt2.CpG",1311,918,393,1311
"7412","07_report/CpG_context_sampling_3735_412_trimmed_bismark_bt2.CpG",1285,939,346,1285
"7413","07_report/CpG_context_sampling_3735_413_trimmed_bismark_bt2.CpG",1339,933,406,1339
"7414","07_report/CpG_context_sampling_3735_414_trimmed_bismark_bt2.CpG",1250,899,351,1250
"7415","07_report/CpG_context_sampling_3735_415_trimmed_bismark_bt2.CpG",1314,933,381,1314
"7416","07_report/CpG_context_sampling_3735_416_trimmed_bismark_bt2.CpG",1259,897,362,1259
"7417","07_report/CpG_context_sampling_3735_417_trimmed_bismark_bt2.CpG",1302,934,368,1302
"7418","07_report/CpG_context_sampling_3735_418_trimmed_bismark_bt2.CpG",1304,924,380,1304
"7419","07_report/CpG_context_sampling_3735_419_trimmed_bismark_bt2.CpG",1287,922,365,1287
"7420","07_report/CpG_context_sampling_3735_420_trimmed_bismark_bt2.CpG",1284,944,340,1284
"7421","07_report/CpG_context_sampling_3735_421_trimmed_bismark_bt2.CpG",1293,887,406,1293
"7422","07_report/CpG_context_sampling_3735_422_trimmed_bismark_bt2.CpG",1363,977,386,1363
"7423","07_report/CpG_context_sampling_3735_423_trimmed_bismark_bt2.CpG",1282,918,364,1282
"7424","07_report/CpG_context_sampling_3735_424_trimmed_bismark_bt2.CpG",1281,901,380,1281
"7425","07_report/CpG_context_sampling_3735_425_trimmed_bismark_bt2.CpG",1295,913,382,1295
"7426","07_report/CpG_context_sampling_3735_426_trimmed_bismark_bt2.CpG",1313,941,372,1313
"7427","07_report/CpG_context_sampling_3735_427_trimmed_bismark_bt2.CpG",1290,948,342,1290
"7428","07_report/CpG_context_sampling_3735_428_trimmed_bismark_bt2.CpG",1235,892,343,1235
"7429","07_report/CpG_context_sampling_3735_429_trimmed_bismark_bt2.CpG",1361,978,383,1361
"7430","07_report/CpG_context_sampling_3735_430_trimmed_bismark_bt2.CpG",1286,905,381,1286
"7431","07_report/CpG_context_sampling_3735_431_trimmed_bismark_bt2.CpG",1341,966,375,1341
"7432","07_report/CpG_context_sampling_3735_432_trimmed_bismark_bt2.CpG",1287,910,377,1287
"7433","07_report/CpG_context_sampling_3735_433_trimmed_bismark_bt2.CpG",1252,906,346,1252
"7434","07_report/CpG_context_sampling_3735_434_trimmed_bismark_bt2.CpG",1276,929,347,1276
"7435","07_report/CpG_context_sampling_3735_435_trimmed_bismark_bt2.CpG",1338,990,348,1338
"7436","07_report/CpG_context_sampling_3735_436_trimmed_bismark_bt2.CpG",1312,895,417,1312
"7437","07_report/CpG_context_sampling_3735_437_trimmed_bismark_bt2.CpG",1330,935,395,1330
"7438","07_report/CpG_context_sampling_3735_438_trimmed_bismark_bt2.CpG",1265,922,343,1265
"7439","07_report/CpG_context_sampling_3735_439_trimmed_bismark_bt2.CpG",1258,896,362,1258
"7440","07_report/CpG_context_sampling_3735_440_trimmed_bismark_bt2.CpG",1303,948,355,1303
"7441","07_report/CpG_context_sampling_3735_441_trimmed_bismark_bt2.CpG",1272,911,361,1272
"7442","07_report/CpG_context_sampling_3735_442_trimmed_bismark_bt2.CpG",1301,952,349,1301
"7443","07_report/CpG_context_sampling_3735_443_trimmed_bismark_bt2.CpG",1322,961,361,1322
"7444","07_report/CpG_context_sampling_3735_444_trimmed_bismark_bt2.CpG",1273,910,363,1273
"7445","07_report/CpG_context_sampling_3735_445_trimmed_bismark_bt2.CpG",1306,943,363,1306
"7446","07_report/CpG_context_sampling_3735_446_trimmed_bismark_bt2.CpG",1280,949,331,1280
"7447","07_report/CpG_context_sampling_3735_447_trimmed_bismark_bt2.CpG",1330,940,390,1330
"7448","07_report/CpG_context_sampling_3735_448_trimmed_bismark_bt2.CpG",1315,923,392,1315
"7449","07_report/CpG_context_sampling_3735_449_trimmed_bismark_bt2.CpG",1237,888,349,1237
"7450","07_report/CpG_context_sampling_3735_450_trimmed_bismark_bt2.CpG",1334,958,376,1334
"7451","07_report/CpG_context_sampling_3735_451_trimmed_bismark_bt2.CpG",1249,894,355,1249
"7452","07_report/CpG_context_sampling_3735_452_trimmed_bismark_bt2.CpG",1285,936,349,1285
"7453","07_report/CpG_context_sampling_3735_453_trimmed_bismark_bt2.CpG",1301,945,356,1301
"7454","07_report/CpG_context_sampling_3735_454_trimmed_bismark_bt2.CpG",1295,912,383,1295
"7455","07_report/CpG_context_sampling_3735_455_trimmed_bismark_bt2.CpG",1249,910,339,1249
"7456","07_report/CpG_context_sampling_3735_456_trimmed_bismark_bt2.CpG",1319,952,367,1319
"7457","07_report/CpG_context_sampling_3735_457_trimmed_bismark_bt2.CpG",1304,959,345,1304
"7458","07_report/CpG_context_sampling_3735_458_trimmed_bismark_bt2.CpG",1320,953,367,1320
"7459","07_report/CpG_context_sampling_3735_459_trimmed_bismark_bt2.CpG",1311,936,375,1311
"7460","07_report/CpG_context_sampling_3735_460_trimmed_bismark_bt2.CpG",1251,883,368,1251
"7461","07_report/CpG_context_sampling_3735_461_trimmed_bismark_bt2.CpG",1264,899,365,1264
"7462","07_report/CpG_context_sampling_3735_462_trimmed_bismark_bt2.CpG",1230,878,352,1230
"7463","07_report/CpG_context_sampling_3735_463_trimmed_bismark_bt2.CpG",1328,968,360,1328
"7464","07_report/CpG_context_sampling_3735_464_trimmed_bismark_bt2.CpG",1269,905,364,1269
"7465","07_report/CpG_context_sampling_3735_465_trimmed_bismark_bt2.CpG",1278,902,376,1278
"7466","07_report/CpG_context_sampling_3735_466_trimmed_bismark_bt2.CpG",1329,987,342,1329
"7467","07_report/CpG_context_sampling_3735_467_trimmed_bismark_bt2.CpG",1344,979,365,1344
"7468","07_report/CpG_context_sampling_3735_468_trimmed_bismark_bt2.CpG",1307,931,376,1307
"7469","07_report/CpG_context_sampling_3735_469_trimmed_bismark_bt2.CpG",1287,914,373,1287
"7470","07_report/CpG_context_sampling_3735_470_trimmed_bismark_bt2.CpG",1279,901,378,1279
"7471","07_report/CpG_context_sampling_3735_471_trimmed_bismark_bt2.CpG",1298,898,400,1298
"7472","07_report/CpG_context_sampling_3735_472_trimmed_bismark_bt2.CpG",1287,924,363,1287
"7473","07_report/CpG_context_sampling_3735_473_trimmed_bismark_bt2.CpG",1322,966,356,1322
"7474","07_report/CpG_context_sampling_3735_474_trimmed_bismark_bt2.CpG",1295,911,384,1295
"7475","07_report/CpG_context_sampling_3735_475_trimmed_bismark_bt2.CpG",1272,930,342,1272
"7476","07_report/CpG_context_sampling_3735_476_trimmed_bismark_bt2.CpG",1308,947,361,1308
"7477","07_report/CpG_context_sampling_3735_477_trimmed_bismark_bt2.CpG",1229,845,384,1229
"7478","07_report/CpG_context_sampling_3735_478_trimmed_bismark_bt2.CpG",1267,918,349,1267
"7479","07_report/CpG_context_sampling_3735_479_trimmed_bismark_bt2.CpG",1335,960,375,1335
"7480","07_report/CpG_context_sampling_3735_480_trimmed_bismark_bt2.CpG",1330,989,341,1330
"7481","07_report/CpG_context_sampling_3735_481_trimmed_bismark_bt2.CpG",1308,940,368,1308
"7482","07_report/CpG_context_sampling_3735_482_trimmed_bismark_bt2.CpG",1295,932,363,1295
"7483","07_report/CpG_context_sampling_3735_483_trimmed_bismark_bt2.CpG",1267,903,364,1267
"7484","07_report/CpG_context_sampling_3735_484_trimmed_bismark_bt2.CpG",1277,904,373,1277
"7485","07_report/CpG_context_sampling_3735_485_trimmed_bismark_bt2.CpG",1242,884,358,1242
"7486","07_report/CpG_context_sampling_3735_486_trimmed_bismark_bt2.CpG",1325,944,381,1325
"7487","07_report/CpG_context_sampling_3735_487_trimmed_bismark_bt2.CpG",1266,911,355,1266
"7488","07_report/CpG_context_sampling_3735_488_trimmed_bismark_bt2.CpG",1274,930,344,1274
"7489","07_report/CpG_context_sampling_3735_489_trimmed_bismark_bt2.CpG",1320,964,356,1320
"7490","07_report/CpG_context_sampling_3735_490_trimmed_bismark_bt2.CpG",1313,910,403,1313
"7491","07_report/CpG_context_sampling_3735_491_trimmed_bismark_bt2.CpG",1276,907,369,1276
"7492","07_report/CpG_context_sampling_3735_492_trimmed_bismark_bt2.CpG",1324,925,399,1324
"7493","07_report/CpG_context_sampling_3735_493_trimmed_bismark_bt2.CpG",1241,872,369,1241
"7494","07_report/CpG_context_sampling_3735_494_trimmed_bismark_bt2.CpG",1324,970,354,1324
"7495","07_report/CpG_context_sampling_3735_495_trimmed_bismark_bt2.CpG",1314,933,381,1314
"7496","07_report/CpG_context_sampling_3735_496_trimmed_bismark_bt2.CpG",1321,943,378,1321
"7497","07_report/CpG_context_sampling_3735_497_trimmed_bismark_bt2.CpG",1290,883,407,1290
"7498","07_report/CpG_context_sampling_3735_498_trimmed_bismark_bt2.CpG",1327,941,386,1327
"7499","07_report/CpG_context_sampling_3735_499_trimmed_bismark_bt2.CpG",1321,955,366,1321
"7500","07_report/CpG_context_sampling_3735_500_trimmed_bismark_bt2.CpG",1259,892,367,1259
"7501","07_report/CpG_context_sampling_3735_501_trimmed_bismark_bt2.CpG",1258,902,356,1258
"7502","07_report/CpG_context_sampling_3735_502_trimmed_bismark_bt2.CpG",1293,927,366,1293
"7503","07_report/CpG_context_sampling_3735_503_trimmed_bismark_bt2.CpG",1327,957,370,1327
"7504","07_report/CpG_context_sampling_3735_504_trimmed_bismark_bt2.CpG",1307,938,369,1307
"7505","07_report/CpG_context_sampling_3735_505_trimmed_bismark_bt2.CpG",1267,885,382,1267
"7506","07_report/CpG_context_sampling_3735_506_trimmed_bismark_bt2.CpG",1279,941,338,1279
"7507","07_report/CpG_context_sampling_3735_507_trimmed_bismark_bt2.CpG",1382,988,394,1382
"7508","07_report/CpG_context_sampling_3735_508_trimmed_bismark_bt2.CpG",1288,928,360,1288
"7509","07_report/CpG_context_sampling_3735_509_trimmed_bismark_bt2.CpG",1323,902,421,1323
"7510","07_report/CpG_context_sampling_3735_510_trimmed_bismark_bt2.CpG",1350,985,365,1350
"7511","07_report/CpG_context_sampling_3735_511_trimmed_bismark_bt2.CpG",1276,903,373,1276
"7512","07_report/CpG_context_sampling_3735_512_trimmed_bismark_bt2.CpG",1243,878,365,1243
"7513","07_report/CpG_context_sampling_3735_513_trimmed_bismark_bt2.CpG",1293,892,401,1293
"7514","07_report/CpG_context_sampling_3735_514_trimmed_bismark_bt2.CpG",1243,920,323,1243
"7515","07_report/CpG_context_sampling_3735_515_trimmed_bismark_bt2.CpG",1331,961,370,1331
"7516","07_report/CpG_context_sampling_3735_516_trimmed_bismark_bt2.CpG",1254,921,333,1254
"7517","07_report/CpG_context_sampling_3735_517_trimmed_bismark_bt2.CpG",1348,980,368,1348
"7518","07_report/CpG_context_sampling_3735_518_trimmed_bismark_bt2.CpG",1255,893,362,1255
"7519","07_report/CpG_context_sampling_3735_519_trimmed_bismark_bt2.CpG",1229,896,333,1229
"7520","07_report/CpG_context_sampling_3735_520_trimmed_bismark_bt2.CpG",1312,928,384,1312
"7521","07_report/CpG_context_sampling_3735_521_trimmed_bismark_bt2.CpG",1269,907,362,1269
"7522","07_report/CpG_context_sampling_3735_522_trimmed_bismark_bt2.CpG",1263,893,370,1263
"7523","07_report/CpG_context_sampling_3735_523_trimmed_bismark_bt2.CpG",1265,920,345,1265
"7524","07_report/CpG_context_sampling_3735_524_trimmed_bismark_bt2.CpG",1310,906,404,1310
"7525","07_report/CpG_context_sampling_3735_525_trimmed_bismark_bt2.CpG",1283,915,368,1283
"7526","07_report/CpG_context_sampling_3735_526_trimmed_bismark_bt2.CpG",1365,964,401,1365
"7527","07_report/CpG_context_sampling_3735_527_trimmed_bismark_bt2.CpG",1269,922,347,1269
"7528","07_report/CpG_context_sampling_3735_528_trimmed_bismark_bt2.CpG",1308,929,379,1308
"7529","07_report/CpG_context_sampling_3735_529_trimmed_bismark_bt2.CpG",1332,945,387,1332
"7530","07_report/CpG_context_sampling_3735_530_trimmed_bismark_bt2.CpG",1261,873,388,1261
"7531","07_report/CpG_context_sampling_3735_531_trimmed_bismark_bt2.CpG",1302,943,359,1302
"7532","07_report/CpG_context_sampling_3735_532_trimmed_bismark_bt2.CpG",1286,917,369,1286
"7533","07_report/CpG_context_sampling_3735_533_trimmed_bismark_bt2.CpG",1292,919,373,1292
"7534","07_report/CpG_context_sampling_3735_534_trimmed_bismark_bt2.CpG",1326,926,400,1326
"7535","07_report/CpG_context_sampling_3735_535_trimmed_bismark_bt2.CpG",1308,945,363,1308
"7536","07_report/CpG_context_sampling_3735_536_trimmed_bismark_bt2.CpG",1319,946,373,1319
"7537","07_report/CpG_context_sampling_3735_537_trimmed_bismark_bt2.CpG",1302,904,398,1302
"7538","07_report/CpG_context_sampling_3735_538_trimmed_bismark_bt2.CpG",1305,925,380,1305
"7539","07_report/CpG_context_sampling_3735_539_trimmed_bismark_bt2.CpG",1270,910,360,1270
"7540","07_report/CpG_context_sampling_3735_540_trimmed_bismark_bt2.CpG",1254,900,354,1254
"7541","07_report/CpG_context_sampling_3735_541_trimmed_bismark_bt2.CpG",1267,900,367,1267
"7542","07_report/CpG_context_sampling_3735_542_trimmed_bismark_bt2.CpG",1331,957,374,1331
"7543","07_report/CpG_context_sampling_3735_543_trimmed_bismark_bt2.CpG",1306,942,364,1306
"7544","07_report/CpG_context_sampling_3735_544_trimmed_bismark_bt2.CpG",1305,911,394,1305
"7545","07_report/CpG_context_sampling_3735_545_trimmed_bismark_bt2.CpG",1259,909,350,1259
"7546","07_report/CpG_context_sampling_3735_546_trimmed_bismark_bt2.CpG",1311,932,379,1311
"7547","07_report/CpG_context_sampling_3735_547_trimmed_bismark_bt2.CpG",1328,947,381,1328
"7548","07_report/CpG_context_sampling_3735_548_trimmed_bismark_bt2.CpG",1256,900,356,1256
"7549","07_report/CpG_context_sampling_3735_549_trimmed_bismark_bt2.CpG",1250,903,347,1250
"7550","07_report/CpG_context_sampling_3735_550_trimmed_bismark_bt2.CpG",1311,958,353,1311
"7551","07_report/CpG_context_sampling_3735_551_trimmed_bismark_bt2.CpG",1312,934,378,1312
"7552","07_report/CpG_context_sampling_3735_552_trimmed_bismark_bt2.CpG",1282,934,348,1282
"7553","07_report/CpG_context_sampling_3735_553_trimmed_bismark_bt2.CpG",1243,878,365,1243
"7554","07_report/CpG_context_sampling_3735_554_trimmed_bismark_bt2.CpG",1329,921,408,1329
"7555","07_report/CpG_context_sampling_3735_555_trimmed_bismark_bt2.CpG",1285,908,377,1285
"7556","07_report/CpG_context_sampling_3735_556_trimmed_bismark_bt2.CpG",1262,880,382,1262
"7557","07_report/CpG_context_sampling_3735_557_trimmed_bismark_bt2.CpG",1293,919,374,1293
"7558","07_report/CpG_context_sampling_3735_558_trimmed_bismark_bt2.CpG",1269,898,371,1269
"7559","07_report/CpG_context_sampling_3735_559_trimmed_bismark_bt2.CpG",1350,971,379,1350
"7560","07_report/CpG_context_sampling_3735_560_trimmed_bismark_bt2.CpG",1325,947,378,1325
"7561","07_report/CpG_context_sampling_3735_561_trimmed_bismark_bt2.CpG",1306,953,353,1306
"7562","07_report/CpG_context_sampling_3735_562_trimmed_bismark_bt2.CpG",1278,919,359,1278
"7563","07_report/CpG_context_sampling_3735_563_trimmed_bismark_bt2.CpG",1277,913,364,1277
"7564","07_report/CpG_context_sampling_3735_564_trimmed_bismark_bt2.CpG",1327,938,389,1327
"7565","07_report/CpG_context_sampling_3735_565_trimmed_bismark_bt2.CpG",1272,884,388,1272
"7566","07_report/CpG_context_sampling_3735_566_trimmed_bismark_bt2.CpG",1279,933,346,1279
"7567","07_report/CpG_context_sampling_3735_567_trimmed_bismark_bt2.CpG",1329,949,380,1329
"7568","07_report/CpG_context_sampling_3735_568_trimmed_bismark_bt2.CpG",1311,952,359,1311
"7569","07_report/CpG_context_sampling_3735_569_trimmed_bismark_bt2.CpG",1342,954,388,1342
"7570","07_report/CpG_context_sampling_3735_570_trimmed_bismark_bt2.CpG",1353,999,354,1353
"7571","07_report/CpG_context_sampling_3735_571_trimmed_bismark_bt2.CpG",1290,911,379,1290
"7572","07_report/CpG_context_sampling_3735_572_trimmed_bismark_bt2.CpG",1278,924,354,1278
"7573","07_report/CpG_context_sampling_3735_573_trimmed_bismark_bt2.CpG",1315,938,377,1315
"7574","07_report/CpG_context_sampling_3735_574_trimmed_bismark_bt2.CpG",1268,909,359,1268
"7575","07_report/CpG_context_sampling_3735_575_trimmed_bismark_bt2.CpG",1295,920,375,1295
"7576","07_report/CpG_context_sampling_3735_576_trimmed_bismark_bt2.CpG",1295,907,388,1295
"7577","07_report/CpG_context_sampling_3735_577_trimmed_bismark_bt2.CpG",1320,971,349,1320
"7578","07_report/CpG_context_sampling_3735_578_trimmed_bismark_bt2.CpG",1397,1022,375,1397
"7579","07_report/CpG_context_sampling_3735_579_trimmed_bismark_bt2.CpG",1246,879,367,1246
"7580","07_report/CpG_context_sampling_3735_580_trimmed_bismark_bt2.CpG",1281,935,346,1281
"7581","07_report/CpG_context_sampling_3735_581_trimmed_bismark_bt2.CpG",1311,956,355,1311
"7582","07_report/CpG_context_sampling_3735_582_trimmed_bismark_bt2.CpG",1250,898,352,1250
"7583","07_report/CpG_context_sampling_3735_583_trimmed_bismark_bt2.CpG",1296,930,366,1296
"7584","07_report/CpG_context_sampling_3735_584_trimmed_bismark_bt2.CpG",1291,918,373,1291
"7585","07_report/CpG_context_sampling_3735_585_trimmed_bismark_bt2.CpG",1319,956,363,1319
"7586","07_report/CpG_context_sampling_3735_586_trimmed_bismark_bt2.CpG",1350,991,359,1350
"7587","07_report/CpG_context_sampling_3735_587_trimmed_bismark_bt2.CpG",1287,911,376,1287
"7588","07_report/CpG_context_sampling_3735_588_trimmed_bismark_bt2.CpG",1274,946,328,1274
"7589","07_report/CpG_context_sampling_3735_589_trimmed_bismark_bt2.CpG",1285,923,362,1285
"7590","07_report/CpG_context_sampling_3735_590_trimmed_bismark_bt2.CpG",1339,990,349,1339
"7591","07_report/CpG_context_sampling_3735_591_trimmed_bismark_bt2.CpG",1276,897,379,1276
"7592","07_report/CpG_context_sampling_3735_592_trimmed_bismark_bt2.CpG",1309,935,374,1309
"7593","07_report/CpG_context_sampling_3735_593_trimmed_bismark_bt2.CpG",1317,935,382,1317
"7594","07_report/CpG_context_sampling_3735_594_trimmed_bismark_bt2.CpG",1274,938,336,1274
"7595","07_report/CpG_context_sampling_3735_595_trimmed_bismark_bt2.CpG",1323,944,379,1323
"7596","07_report/CpG_context_sampling_3735_596_trimmed_bismark_bt2.CpG",1344,957,387,1344
"7597","07_report/CpG_context_sampling_3735_597_trimmed_bismark_bt2.CpG",1295,941,354,1295
"7598","07_report/CpG_context_sampling_3735_598_trimmed_bismark_bt2.CpG",1264,909,355,1264
"7599","07_report/CpG_context_sampling_3735_599_trimmed_bismark_bt2.CpG",1249,920,329,1249
"7600","07_report/CpG_context_sampling_3735_600_trimmed_bismark_bt2.CpG",1337,973,364,1337
"7601","07_report/CpG_context_sampling_3735_601_trimmed_bismark_bt2.CpG",1290,957,333,1290
"7602","07_report/CpG_context_sampling_3735_602_trimmed_bismark_bt2.CpG",1308,942,366,1308
"7603","07_report/CpG_context_sampling_3735_603_trimmed_bismark_bt2.CpG",1287,924,363,1287
"7604","07_report/CpG_context_sampling_3735_604_trimmed_bismark_bt2.CpG",1289,941,348,1289
"7605","07_report/CpG_context_sampling_3735_605_trimmed_bismark_bt2.CpG",1254,902,352,1254
"7606","07_report/CpG_context_sampling_3735_606_trimmed_bismark_bt2.CpG",1308,933,375,1308
"7607","07_report/CpG_context_sampling_3735_607_trimmed_bismark_bt2.CpG",1264,892,372,1264
"7608","07_report/CpG_context_sampling_3735_608_trimmed_bismark_bt2.CpG",1292,925,367,1292
"7609","07_report/CpG_context_sampling_3735_609_trimmed_bismark_bt2.CpG",1294,946,348,1294
"7610","07_report/CpG_context_sampling_3735_610_trimmed_bismark_bt2.CpG",1313,925,388,1313
"7611","07_report/CpG_context_sampling_3735_611_trimmed_bismark_bt2.CpG",1291,927,364,1291
"7612","07_report/CpG_context_sampling_3735_612_trimmed_bismark_bt2.CpG",1326,931,395,1326
"7613","07_report/CpG_context_sampling_3735_613_trimmed_bismark_bt2.CpG",1302,938,364,1302
"7614","07_report/CpG_context_sampling_3735_614_trimmed_bismark_bt2.CpG",1307,944,363,1307
"7615","07_report/CpG_context_sampling_3735_615_trimmed_bismark_bt2.CpG",1320,908,412,1320
"7616","07_report/CpG_context_sampling_3735_616_trimmed_bismark_bt2.CpG",1286,908,378,1286
"7617","07_report/CpG_context_sampling_3735_617_trimmed_bismark_bt2.CpG",1319,953,366,1319
"7618","07_report/CpG_context_sampling_3735_618_trimmed_bismark_bt2.CpG",1321,952,369,1321
"7619","07_report/CpG_context_sampling_3735_619_trimmed_bismark_bt2.CpG",1291,926,365,1291
"7620","07_report/CpG_context_sampling_3735_620_trimmed_bismark_bt2.CpG",1290,909,381,1290
"7621","07_report/CpG_context_sampling_3735_621_trimmed_bismark_bt2.CpG",1306,919,387,1306
"7622","07_report/CpG_context_sampling_3735_622_trimmed_bismark_bt2.CpG",1277,925,352,1277
"7623","07_report/CpG_context_sampling_3735_623_trimmed_bismark_bt2.CpG",1253,889,364,1253
"7624","07_report/CpG_context_sampling_3735_624_trimmed_bismark_bt2.CpG",1261,888,373,1261
"7625","07_report/CpG_context_sampling_3735_625_trimmed_bismark_bt2.CpG",1303,939,364,1303
"7626","07_report/CpG_context_sampling_3735_626_trimmed_bismark_bt2.CpG",1260,888,372,1260
"7627","07_report/CpG_context_sampling_3735_627_trimmed_bismark_bt2.CpG",1315,920,395,1315
"7628","07_report/CpG_context_sampling_3735_628_trimmed_bismark_bt2.CpG",1291,938,353,1291
"7629","07_report/CpG_context_sampling_3735_629_trimmed_bismark_bt2.CpG",1277,909,368,1277
"7630","07_report/CpG_context_sampling_3735_630_trimmed_bismark_bt2.CpG",1271,895,376,1271
"7631","07_report/CpG_context_sampling_3735_631_trimmed_bismark_bt2.CpG",1304,934,370,1304
"7632","07_report/CpG_context_sampling_3735_632_trimmed_bismark_bt2.CpG",1325,930,395,1325
"7633","07_report/CpG_context_sampling_3735_633_trimmed_bismark_bt2.CpG",1278,924,354,1278
"7634","07_report/CpG_context_sampling_3735_634_trimmed_bismark_bt2.CpG",1319,926,393,1319
"7635","07_report/CpG_context_sampling_3735_635_trimmed_bismark_bt2.CpG",1278,934,344,1278
"7636","07_report/CpG_context_sampling_3735_636_trimmed_bismark_bt2.CpG",1262,885,377,1262
"7637","07_report/CpG_context_sampling_3735_637_trimmed_bismark_bt2.CpG",1319,932,387,1319
"7638","07_report/CpG_context_sampling_3735_638_trimmed_bismark_bt2.CpG",1274,919,355,1274
"7639","07_report/CpG_context_sampling_3735_639_trimmed_bismark_bt2.CpG",1306,931,375,1306
"7640","07_report/CpG_context_sampling_3735_640_trimmed_bismark_bt2.CpG",1260,898,362,1260
"7641","07_report/CpG_context_sampling_3735_641_trimmed_bismark_bt2.CpG",1292,926,366,1292
"7642","07_report/CpG_context_sampling_3735_642_trimmed_bismark_bt2.CpG",1310,933,377,1310
"7643","07_report/CpG_context_sampling_3735_643_trimmed_bismark_bt2.CpG",1347,965,382,1347
"7644","07_report/CpG_context_sampling_3735_644_trimmed_bismark_bt2.CpG",1300,920,380,1300
"7645","07_report/CpG_context_sampling_3735_645_trimmed_bismark_bt2.CpG",1301,943,358,1301
"7646","07_report/CpG_context_sampling_3735_646_trimmed_bismark_bt2.CpG",1312,947,365,1312
"7647","07_report/CpG_context_sampling_3735_647_trimmed_bismark_bt2.CpG",1265,900,365,1265
"7648","07_report/CpG_context_sampling_3735_648_trimmed_bismark_bt2.CpG",1331,968,363,1331
"7649","07_report/CpG_context_sampling_3735_649_trimmed_bismark_bt2.CpG",1262,904,358,1262
"7650","07_report/CpG_context_sampling_3735_650_trimmed_bismark_bt2.CpG",1272,888,384,1272
"7651","07_report/CpG_context_sampling_3735_651_trimmed_bismark_bt2.CpG",1277,905,372,1277
"7652","07_report/CpG_context_sampling_3735_652_trimmed_bismark_bt2.CpG",1309,925,384,1309
"7653","07_report/CpG_context_sampling_3735_653_trimmed_bismark_bt2.CpG",1284,888,396,1284
"7654","07_report/CpG_context_sampling_3735_654_trimmed_bismark_bt2.CpG",1268,904,364,1268
"7655","07_report/CpG_context_sampling_3735_655_trimmed_bismark_bt2.CpG",1315,967,348,1315
"7656","07_report/CpG_context_sampling_3735_656_trimmed_bismark_bt2.CpG",1341,959,382,1341
"7657","07_report/CpG_context_sampling_3735_657_trimmed_bismark_bt2.CpG",1298,916,382,1298
"7658","07_report/CpG_context_sampling_3735_658_trimmed_bismark_bt2.CpG",1278,904,374,1278
"7659","07_report/CpG_context_sampling_3735_659_trimmed_bismark_bt2.CpG",1277,898,379,1277
"7660","07_report/CpG_context_sampling_3735_660_trimmed_bismark_bt2.CpG",1285,918,367,1285
"7661","07_report/CpG_context_sampling_3735_661_trimmed_bismark_bt2.CpG",1336,954,382,1336
"7662","07_report/CpG_context_sampling_3735_662_trimmed_bismark_bt2.CpG",1249,889,360,1249
"7663","07_report/CpG_context_sampling_3735_663_trimmed_bismark_bt2.CpG",1348,963,385,1348
"7664","07_report/CpG_context_sampling_3735_664_trimmed_bismark_bt2.CpG",1283,901,382,1283
"7665","07_report/CpG_context_sampling_3735_665_trimmed_bismark_bt2.CpG",1297,902,395,1297
"7666","07_report/CpG_context_sampling_3735_666_trimmed_bismark_bt2.CpG",1275,907,368,1275
"7667","07_report/CpG_context_sampling_3735_667_trimmed_bismark_bt2.CpG",1286,922,364,1286
"7668","07_report/CpG_context_sampling_3735_668_trimmed_bismark_bt2.CpG",1335,958,377,1335
"7669","07_report/CpG_context_sampling_3735_669_trimmed_bismark_bt2.CpG",1282,910,372,1282
"7670","07_report/CpG_context_sampling_3735_670_trimmed_bismark_bt2.CpG",1276,903,373,1276
"7671","07_report/CpG_context_sampling_3735_671_trimmed_bismark_bt2.CpG",1262,896,366,1262
"7672","07_report/CpG_context_sampling_3735_672_trimmed_bismark_bt2.CpG",1302,909,393,1302
"7673","07_report/CpG_context_sampling_3735_673_trimmed_bismark_bt2.CpG",1271,904,367,1271
"7674","07_report/CpG_context_sampling_3735_674_trimmed_bismark_bt2.CpG",1292,888,404,1292
"7675","07_report/CpG_context_sampling_3735_675_trimmed_bismark_bt2.CpG",1260,901,359,1260
"7676","07_report/CpG_context_sampling_3735_676_trimmed_bismark_bt2.CpG",1297,911,386,1297
"7677","07_report/CpG_context_sampling_3735_677_trimmed_bismark_bt2.CpG",1300,953,347,1300
"7678","07_report/CpG_context_sampling_3735_678_trimmed_bismark_bt2.CpG",1294,928,366,1294
"7679","07_report/CpG_context_sampling_3735_679_trimmed_bismark_bt2.CpG",1279,907,372,1279
"7680","07_report/CpG_context_sampling_3735_680_trimmed_bismark_bt2.CpG",1292,920,372,1292
"7681","07_report/CpG_context_sampling_3735_681_trimmed_bismark_bt2.CpG",1303,902,401,1303
"7682","07_report/CpG_context_sampling_3735_682_trimmed_bismark_bt2.CpG",1246,880,366,1246
"7683","07_report/CpG_context_sampling_3735_683_trimmed_bismark_bt2.CpG",1303,943,360,1303
"7684","07_report/CpG_context_sampling_3735_684_trimmed_bismark_bt2.CpG",1301,911,390,1301
"7685","07_report/CpG_context_sampling_3735_685_trimmed_bismark_bt2.CpG",1241,870,371,1241
"7686","07_report/CpG_context_sampling_3735_686_trimmed_bismark_bt2.CpG",1369,974,395,1369
"7687","07_report/CpG_context_sampling_3735_687_trimmed_bismark_bt2.CpG",1285,892,393,1285
"7688","07_report/CpG_context_sampling_3735_688_trimmed_bismark_bt2.CpG",1305,926,379,1305
"7689","07_report/CpG_context_sampling_3735_689_trimmed_bismark_bt2.CpG",1281,952,329,1281
"7690","07_report/CpG_context_sampling_3735_690_trimmed_bismark_bt2.CpG",1278,912,366,1278
"7691","07_report/CpG_context_sampling_3735_691_trimmed_bismark_bt2.CpG",1292,921,371,1292
"7692","07_report/CpG_context_sampling_3735_692_trimmed_bismark_bt2.CpG",1302,906,396,1302
"7693","07_report/CpG_context_sampling_3735_693_trimmed_bismark_bt2.CpG",1325,937,388,1325
"7694","07_report/CpG_context_sampling_3735_694_trimmed_bismark_bt2.CpG",1320,959,361,1320
"7695","07_report/CpG_context_sampling_3735_695_trimmed_bismark_bt2.CpG",1334,956,378,1334
"7696","07_report/CpG_context_sampling_3735_696_trimmed_bismark_bt2.CpG",1350,958,392,1350
"7697","07_report/CpG_context_sampling_3735_697_trimmed_bismark_bt2.CpG",1310,972,338,1310
"7698","07_report/CpG_context_sampling_3735_698_trimmed_bismark_bt2.CpG",1253,880,373,1253
"7699","07_report/CpG_context_sampling_3735_699_trimmed_bismark_bt2.CpG",1253,886,367,1253
"7700","07_report/CpG_context_sampling_3735_700_trimmed_bismark_bt2.CpG",1352,979,373,1352
"7701","07_report/CpG_context_sampling_3735_701_trimmed_bismark_bt2.CpG",1315,936,379,1315
"7702","07_report/CpG_context_sampling_3735_702_trimmed_bismark_bt2.CpG",1298,931,367,1298
"7703","07_report/CpG_context_sampling_3735_703_trimmed_bismark_bt2.CpG",1268,895,373,1268
"7704","07_report/CpG_context_sampling_3735_704_trimmed_bismark_bt2.CpG",1302,946,356,1302
"7705","07_report/CpG_context_sampling_3735_705_trimmed_bismark_bt2.CpG",1281,920,361,1281
"7706","07_report/CpG_context_sampling_3735_706_trimmed_bismark_bt2.CpG",1264,924,340,1264
"7707","07_report/CpG_context_sampling_3735_707_trimmed_bismark_bt2.CpG",1278,930,348,1278
"7708","07_report/CpG_context_sampling_3735_708_trimmed_bismark_bt2.CpG",1345,955,390,1345
"7709","07_report/CpG_context_sampling_3735_709_trimmed_bismark_bt2.CpG",1321,936,385,1321
"7710","07_report/CpG_context_sampling_3735_710_trimmed_bismark_bt2.CpG",1270,904,366,1270
"7711","07_report/CpG_context_sampling_3735_711_trimmed_bismark_bt2.CpG",1330,959,371,1330
"7712","07_report/CpG_context_sampling_3735_712_trimmed_bismark_bt2.CpG",1346,962,384,1346
"7713","07_report/CpG_context_sampling_3735_713_trimmed_bismark_bt2.CpG",1292,908,384,1292
"7714","07_report/CpG_context_sampling_3735_714_trimmed_bismark_bt2.CpG",1308,922,386,1308
"7715","07_report/CpG_context_sampling_3735_715_trimmed_bismark_bt2.CpG",1280,939,341,1280
"7716","07_report/CpG_context_sampling_3735_716_trimmed_bismark_bt2.CpG",1317,916,401,1317
"7717","07_report/CpG_context_sampling_3735_717_trimmed_bismark_bt2.CpG",1288,950,338,1288
"7718","07_report/CpG_context_sampling_3735_718_trimmed_bismark_bt2.CpG",1258,887,371,1258
"7719","07_report/CpG_context_sampling_3735_719_trimmed_bismark_bt2.CpG",1327,923,404,1327
"7720","07_report/CpG_context_sampling_3735_720_trimmed_bismark_bt2.CpG",1276,910,366,1276
"7721","07_report/CpG_context_sampling_3735_721_trimmed_bismark_bt2.CpG",1235,880,355,1235
"7722","07_report/CpG_context_sampling_3735_722_trimmed_bismark_bt2.CpG",1295,936,359,1295
"7723","07_report/CpG_context_sampling_3735_723_trimmed_bismark_bt2.CpG",1258,892,366,1258
"7724","07_report/CpG_context_sampling_3735_724_trimmed_bismark_bt2.CpG",1273,919,354,1273
"7725","07_report/CpG_context_sampling_3735_725_trimmed_bismark_bt2.CpG",1297,963,334,1297
"7726","07_report/CpG_context_sampling_3735_726_trimmed_bismark_bt2.CpG",1315,895,420,1315
"7727","07_report/CpG_context_sampling_3735_727_trimmed_bismark_bt2.CpG",1299,926,373,1299
"7728","07_report/CpG_context_sampling_3735_728_trimmed_bismark_bt2.CpG",1272,914,358,1272
"7729","07_report/CpG_context_sampling_3735_729_trimmed_bismark_bt2.CpG",1265,909,356,1265
"7730","07_report/CpG_context_sampling_3735_730_trimmed_bismark_bt2.CpG",1289,904,385,1289
"7731","07_report/CpG_context_sampling_3735_731_trimmed_bismark_bt2.CpG",1272,919,353,1272
"7732","07_report/CpG_context_sampling_3735_732_trimmed_bismark_bt2.CpG",1323,942,381,1323
"7733","07_report/CpG_context_sampling_3735_733_trimmed_bismark_bt2.CpG",1315,924,391,1315
"7734","07_report/CpG_context_sampling_3735_734_trimmed_bismark_bt2.CpG",1299,935,364,1299
"7735","07_report/CpG_context_sampling_3735_735_trimmed_bismark_bt2.CpG",1346,942,404,1346
"7736","07_report/CpG_context_sampling_3735_736_trimmed_bismark_bt2.CpG",1258,915,343,1258
"7737","07_report/CpG_context_sampling_3735_737_trimmed_bismark_bt2.CpG",1339,941,398,1339
"7738","07_report/CpG_context_sampling_3735_738_trimmed_bismark_bt2.CpG",1264,917,347,1264
"7739","07_report/CpG_context_sampling_3735_739_trimmed_bismark_bt2.CpG",1251,891,360,1251
"7740","07_report/CpG_context_sampling_3735_740_trimmed_bismark_bt2.CpG",1321,934,387,1321
"7741","07_report/CpG_context_sampling_3735_741_trimmed_bismark_bt2.CpG",1284,915,369,1284
"7742","07_report/CpG_context_sampling_3735_742_trimmed_bismark_bt2.CpG",1318,956,362,1318
"7743","07_report/CpG_context_sampling_3735_743_trimmed_bismark_bt2.CpG",1302,928,374,1302
"7744","07_report/CpG_context_sampling_3735_744_trimmed_bismark_bt2.CpG",1311,934,377,1311
"7745","07_report/CpG_context_sampling_3735_745_trimmed_bismark_bt2.CpG",1288,883,405,1288
"7746","07_report/CpG_context_sampling_3735_746_trimmed_bismark_bt2.CpG",1249,885,364,1249
"7747","07_report/CpG_context_sampling_3735_747_trimmed_bismark_bt2.CpG",1318,957,361,1318
"7748","07_report/CpG_context_sampling_3735_748_trimmed_bismark_bt2.CpG",1343,975,368,1343
"7749","07_report/CpG_context_sampling_3735_749_trimmed_bismark_bt2.CpG",1259,911,348,1259
"7750","07_report/CpG_context_sampling_3735_750_trimmed_bismark_bt2.CpG",1262,902,360,1262
"7751","07_report/CpG_context_sampling_3735_751_trimmed_bismark_bt2.CpG",1293,937,356,1293
"7752","07_report/CpG_context_sampling_3735_752_trimmed_bismark_bt2.CpG",1325,942,383,1325
"7753","07_report/CpG_context_sampling_3735_753_trimmed_bismark_bt2.CpG",1317,950,367,1317
"7754","07_report/CpG_context_sampling_3735_754_trimmed_bismark_bt2.CpG",1320,977,343,1320
"7755","07_report/CpG_context_sampling_3735_755_trimmed_bismark_bt2.CpG",1355,953,402,1355
"7756","07_report/CpG_context_sampling_3735_756_trimmed_bismark_bt2.CpG",1265,908,357,1265
"7757","07_report/CpG_context_sampling_3735_757_trimmed_bismark_bt2.CpG",1264,902,362,1264
"7758","07_report/CpG_context_sampling_3735_758_trimmed_bismark_bt2.CpG",1261,919,342,1261
"7759","07_report/CpG_context_sampling_3735_759_trimmed_bismark_bt2.CpG",1318,926,392,1318
"7760","07_report/CpG_context_sampling_3735_760_trimmed_bismark_bt2.CpG",1322,923,399,1322
"7761","07_report/CpG_context_sampling_3735_761_trimmed_bismark_bt2.CpG",1282,918,364,1282
"7762","07_report/CpG_context_sampling_3735_762_trimmed_bismark_bt2.CpG",1314,923,391,1314
"7763","07_report/CpG_context_sampling_3735_763_trimmed_bismark_bt2.CpG",1313,917,396,1313
"7764","07_report/CpG_context_sampling_3735_764_trimmed_bismark_bt2.CpG",1318,958,360,1318
"7765","07_report/CpG_context_sampling_3735_765_trimmed_bismark_bt2.CpG",1289,932,357,1289
"7766","07_report/CpG_context_sampling_3735_766_trimmed_bismark_bt2.CpG",1310,931,379,1310
"7767","07_report/CpG_context_sampling_3735_767_trimmed_bismark_bt2.CpG",1343,948,395,1343
"7768","07_report/CpG_context_sampling_3735_768_trimmed_bismark_bt2.CpG",1284,904,380,1284
"7769","07_report/CpG_context_sampling_3735_769_trimmed_bismark_bt2.CpG",1332,967,365,1332
"7770","07_report/CpG_context_sampling_3735_770_trimmed_bismark_bt2.CpG",1286,908,378,1286
"7771","07_report/CpG_context_sampling_3735_771_trimmed_bismark_bt2.CpG",1225,870,355,1225
"7772","07_report/CpG_context_sampling_3735_772_trimmed_bismark_bt2.CpG",1220,847,373,1220
"7773","07_report/CpG_context_sampling_3735_773_trimmed_bismark_bt2.CpG",1358,969,389,1358
"7774","07_report/CpG_context_sampling_3735_774_trimmed_bismark_bt2.CpG",1312,930,382,1312
"7775","07_report/CpG_context_sampling_3735_775_trimmed_bismark_bt2.CpG",1342,957,385,1342
"7776","07_report/CpG_context_sampling_3735_776_trimmed_bismark_bt2.CpG",1315,952,363,1315
"7777","07_report/CpG_context_sampling_3735_777_trimmed_bismark_bt2.CpG",1261,902,359,1261
"7778","07_report/CpG_context_sampling_3735_778_trimmed_bismark_bt2.CpG",1322,959,363,1322
"7779","07_report/CpG_context_sampling_3735_779_trimmed_bismark_bt2.CpG",1294,933,361,1294
"7780","07_report/CpG_context_sampling_3735_780_trimmed_bismark_bt2.CpG",1318,928,390,1318
"7781","07_report/CpG_context_sampling_3735_781_trimmed_bismark_bt2.CpG",1335,953,382,1335
"7782","07_report/CpG_context_sampling_3735_782_trimmed_bismark_bt2.CpG",1282,932,350,1282
"7783","07_report/CpG_context_sampling_3735_783_trimmed_bismark_bt2.CpG",1265,929,336,1265
"7784","07_report/CpG_context_sampling_3735_784_trimmed_bismark_bt2.CpG",1295,953,342,1295
"7785","07_report/CpG_context_sampling_3735_785_trimmed_bismark_bt2.CpG",1319,991,328,1319
"7786","07_report/CpG_context_sampling_3735_786_trimmed_bismark_bt2.CpG",1270,901,369,1270
"7787","07_report/CpG_context_sampling_3735_787_trimmed_bismark_bt2.CpG",1317,951,366,1317
"7788","07_report/CpG_context_sampling_3735_788_trimmed_bismark_bt2.CpG",1324,969,355,1324
"7789","07_report/CpG_context_sampling_3735_789_trimmed_bismark_bt2.CpG",1286,919,367,1286
"7790","07_report/CpG_context_sampling_3735_790_trimmed_bismark_bt2.CpG",1249,886,363,1249
"7791","07_report/CpG_context_sampling_3735_791_trimmed_bismark_bt2.CpG",1350,972,378,1350
"7792","07_report/CpG_context_sampling_3735_792_trimmed_bismark_bt2.CpG",1251,872,379,1251
"7793","07_report/CpG_context_sampling_3735_793_trimmed_bismark_bt2.CpG",1303,940,363,1303
"7794","07_report/CpG_context_sampling_3735_794_trimmed_bismark_bt2.CpG",1262,904,358,1262
"7795","07_report/CpG_context_sampling_3735_795_trimmed_bismark_bt2.CpG",1321,940,381,1321
"7796","07_report/CpG_context_sampling_3735_796_trimmed_bismark_bt2.CpG",1293,946,347,1293
"7797","07_report/CpG_context_sampling_3735_797_trimmed_bismark_bt2.CpG",1280,908,372,1280
"7798","07_report/CpG_context_sampling_3735_798_trimmed_bismark_bt2.CpG",1304,931,373,1304
"7799","07_report/CpG_context_sampling_3735_799_trimmed_bismark_bt2.CpG",1304,912,392,1304
"7800","07_report/CpG_context_sampling_3735_800_trimmed_bismark_bt2.CpG",1257,917,340,1257
"7801","07_report/CpG_context_sampling_3735_801_trimmed_bismark_bt2.CpG",1288,942,346,1288
"7802","07_report/CpG_context_sampling_3735_802_trimmed_bismark_bt2.CpG",1258,908,350,1258
"7803","07_report/CpG_context_sampling_3735_803_trimmed_bismark_bt2.CpG",1287,900,387,1287
"7804","07_report/CpG_context_sampling_3735_804_trimmed_bismark_bt2.CpG",1298,952,346,1298
"7805","07_report/CpG_context_sampling_3735_805_trimmed_bismark_bt2.CpG",1255,873,382,1255
"7806","07_report/CpG_context_sampling_3735_806_trimmed_bismark_bt2.CpG",1286,885,401,1286
"7807","07_report/CpG_context_sampling_3735_807_trimmed_bismark_bt2.CpG",1289,939,350,1289
"7808","07_report/CpG_context_sampling_3735_808_trimmed_bismark_bt2.CpG",1369,966,403,1369
"7809","07_report/CpG_context_sampling_3735_809_trimmed_bismark_bt2.CpG",1303,914,389,1303
"7810","07_report/CpG_context_sampling_3735_810_trimmed_bismark_bt2.CpG",1284,907,377,1284
"7811","07_report/CpG_context_sampling_3735_811_trimmed_bismark_bt2.CpG",1264,888,376,1264
"7812","07_report/CpG_context_sampling_3735_812_trimmed_bismark_bt2.CpG",1342,955,387,1342
"7813","07_report/CpG_context_sampling_3735_813_trimmed_bismark_bt2.CpG",1266,893,373,1266
"7814","07_report/CpG_context_sampling_3735_814_trimmed_bismark_bt2.CpG",1274,913,361,1274
"7815","07_report/CpG_context_sampling_3735_815_trimmed_bismark_bt2.CpG",1300,914,386,1300
"7816","07_report/CpG_context_sampling_3735_816_trimmed_bismark_bt2.CpG",1292,930,362,1292
"7817","07_report/CpG_context_sampling_3735_817_trimmed_bismark_bt2.CpG",1336,959,377,1336
"7818","07_report/CpG_context_sampling_3735_818_trimmed_bismark_bt2.CpG",1321,945,376,1321
"7819","07_report/CpG_context_sampling_3735_819_trimmed_bismark_bt2.CpG",1296,930,366,1296
"7820","07_report/CpG_context_sampling_3735_820_trimmed_bismark_bt2.CpG",1293,932,361,1293
"7821","07_report/CpG_context_sampling_3735_821_trimmed_bismark_bt2.CpG",1305,938,367,1305
"7822","07_report/CpG_context_sampling_3735_822_trimmed_bismark_bt2.CpG",1237,910,327,1237
"7823","07_report/CpG_context_sampling_3735_823_trimmed_bismark_bt2.CpG",1263,908,355,1263
"7824","07_report/CpG_context_sampling_3735_824_trimmed_bismark_bt2.CpG",1290,928,362,1290
"7825","07_report/CpG_context_sampling_3735_825_trimmed_bismark_bt2.CpG",1309,922,387,1309
"7826","07_report/CpG_context_sampling_3735_826_trimmed_bismark_bt2.CpG",1277,884,393,1277
"7827","07_report/CpG_context_sampling_3735_827_trimmed_bismark_bt2.CpG",1297,918,379,1297
"7828","07_report/CpG_context_sampling_3735_828_trimmed_bismark_bt2.CpG",1326,945,381,1326
"7829","07_report/CpG_context_sampling_3735_829_trimmed_bismark_bt2.CpG",1295,894,401,1295
"7830","07_report/CpG_context_sampling_3735_830_trimmed_bismark_bt2.CpG",1289,956,333,1289
"7831","07_report/CpG_context_sampling_3735_831_trimmed_bismark_bt2.CpG",1309,945,364,1309
"7832","07_report/CpG_context_sampling_3735_832_trimmed_bismark_bt2.CpG",1306,935,371,1306
"7833","07_report/CpG_context_sampling_3735_833_trimmed_bismark_bt2.CpG",1336,957,379,1336
"7834","07_report/CpG_context_sampling_3735_834_trimmed_bismark_bt2.CpG",1270,896,374,1270
"7835","07_report/CpG_context_sampling_3735_835_trimmed_bismark_bt2.CpG",1356,963,393,1356
"7836","07_report/CpG_context_sampling_3735_836_trimmed_bismark_bt2.CpG",1370,962,408,1370
"7837","07_report/CpG_context_sampling_3735_837_trimmed_bismark_bt2.CpG",1311,923,388,1311
"7838","07_report/CpG_context_sampling_3735_838_trimmed_bismark_bt2.CpG",1312,962,350,1312
"7839","07_report/CpG_context_sampling_3735_839_trimmed_bismark_bt2.CpG",1266,877,389,1266
"7840","07_report/CpG_context_sampling_3735_840_trimmed_bismark_bt2.CpG",1223,871,352,1223
"7841","07_report/CpG_context_sampling_3735_841_trimmed_bismark_bt2.CpG",1284,928,356,1284
"7842","07_report/CpG_context_sampling_3735_842_trimmed_bismark_bt2.CpG",1301,950,351,1301
"7843","07_report/CpG_context_sampling_3735_843_trimmed_bismark_bt2.CpG",1290,920,370,1290
"7844","07_report/CpG_context_sampling_3735_844_trimmed_bismark_bt2.CpG",1255,921,334,1255
"7845","07_report/CpG_context_sampling_3735_845_trimmed_bismark_bt2.CpG",1259,898,361,1259
"7846","07_report/CpG_context_sampling_3735_846_trimmed_bismark_bt2.CpG",1315,938,377,1315
"7847","07_report/CpG_context_sampling_3735_847_trimmed_bismark_bt2.CpG",1250,939,311,1250
"7848","07_report/CpG_context_sampling_3735_848_trimmed_bismark_bt2.CpG",1288,912,376,1288
"7849","07_report/CpG_context_sampling_3735_849_trimmed_bismark_bt2.CpG",1241,873,368,1241
"7850","07_report/CpG_context_sampling_3735_850_trimmed_bismark_bt2.CpG",1291,913,378,1291
"7851","07_report/CpG_context_sampling_3735_851_trimmed_bismark_bt2.CpG",1325,932,393,1325
"7852","07_report/CpG_context_sampling_3735_852_trimmed_bismark_bt2.CpG",1336,942,394,1336
"7853","07_report/CpG_context_sampling_3735_853_trimmed_bismark_bt2.CpG",1310,965,345,1310
"7854","07_report/CpG_context_sampling_3735_854_trimmed_bismark_bt2.CpG",1256,924,332,1256
"7855","07_report/CpG_context_sampling_3735_855_trimmed_bismark_bt2.CpG",1286,928,358,1286
"7856","07_report/CpG_context_sampling_3735_856_trimmed_bismark_bt2.CpG",1263,907,356,1263
"7857","07_report/CpG_context_sampling_3735_857_trimmed_bismark_bt2.CpG",1268,924,344,1268
"7858","07_report/CpG_context_sampling_3735_858_trimmed_bismark_bt2.CpG",1237,860,377,1237
"7859","07_report/CpG_context_sampling_3735_859_trimmed_bismark_bt2.CpG",1362,996,366,1362
"7860","07_report/CpG_context_sampling_3735_860_trimmed_bismark_bt2.CpG",1355,976,379,1355
"7861","07_report/CpG_context_sampling_3735_861_trimmed_bismark_bt2.CpG",1349,972,377,1349
"7862","07_report/CpG_context_sampling_3735_862_trimmed_bismark_bt2.CpG",1297,935,362,1297
"7863","07_report/CpG_context_sampling_3735_863_trimmed_bismark_bt2.CpG",1269,895,374,1269
"7864","07_report/CpG_context_sampling_3735_864_trimmed_bismark_bt2.CpG",1285,931,354,1285
"7865","07_report/CpG_context_sampling_3735_865_trimmed_bismark_bt2.CpG",1287,940,347,1287
"7866","07_report/CpG_context_sampling_3735_866_trimmed_bismark_bt2.CpG",1278,924,354,1278
"7867","07_report/CpG_context_sampling_3735_867_trimmed_bismark_bt2.CpG",1335,966,369,1335
"7868","07_report/CpG_context_sampling_3735_868_trimmed_bismark_bt2.CpG",1300,978,322,1300
"7869","07_report/CpG_context_sampling_3735_869_trimmed_bismark_bt2.CpG",1307,921,386,1307
"7870","07_report/CpG_context_sampling_3735_870_trimmed_bismark_bt2.CpG",1354,973,381,1354
"7871","07_report/CpG_context_sampling_3735_871_trimmed_bismark_bt2.CpG",1307,948,359,1307
"7872","07_report/CpG_context_sampling_3735_872_trimmed_bismark_bt2.CpG",1306,920,386,1306
"7873","07_report/CpG_context_sampling_3735_873_trimmed_bismark_bt2.CpG",1267,914,353,1267
"7874","07_report/CpG_context_sampling_3735_874_trimmed_bismark_bt2.CpG",1298,914,384,1298
"7875","07_report/CpG_context_sampling_3735_875_trimmed_bismark_bt2.CpG",1249,896,353,1249
"7876","07_report/CpG_context_sampling_3735_876_trimmed_bismark_bt2.CpG",1320,906,414,1320
"7877","07_report/CpG_context_sampling_3735_877_trimmed_bismark_bt2.CpG",1291,925,366,1291
"7878","07_report/CpG_context_sampling_3735_878_trimmed_bismark_bt2.CpG",1297,899,398,1297
"7879","07_report/CpG_context_sampling_3735_879_trimmed_bismark_bt2.CpG",1305,948,357,1305
"7880","07_report/CpG_context_sampling_3735_880_trimmed_bismark_bt2.CpG",1314,974,340,1314
"7881","07_report/CpG_context_sampling_3735_881_trimmed_bismark_bt2.CpG",1306,946,360,1306
"7882","07_report/CpG_context_sampling_3735_882_trimmed_bismark_bt2.CpG",1288,908,380,1288
"7883","07_report/CpG_context_sampling_3735_883_trimmed_bismark_bt2.CpG",1287,935,352,1287
"7884","07_report/CpG_context_sampling_3735_884_trimmed_bismark_bt2.CpG",1254,869,385,1254
"7885","07_report/CpG_context_sampling_3735_885_trimmed_bismark_bt2.CpG",1320,928,392,1320
"7886","07_report/CpG_context_sampling_3735_886_trimmed_bismark_bt2.CpG",1308,943,365,1308
"7887","07_report/CpG_context_sampling_3735_887_trimmed_bismark_bt2.CpG",1291,924,367,1291
"7888","07_report/CpG_context_sampling_3735_888_trimmed_bismark_bt2.CpG",1299,900,399,1299
"7889","07_report/CpG_context_sampling_3735_889_trimmed_bismark_bt2.CpG",1308,949,359,1308
"7890","07_report/CpG_context_sampling_3735_890_trimmed_bismark_bt2.CpG",1258,919,339,1258
"7891","07_report/CpG_context_sampling_3735_891_trimmed_bismark_bt2.CpG",1292,939,353,1292
"7892","07_report/CpG_context_sampling_3735_892_trimmed_bismark_bt2.CpG",1331,964,367,1331
"7893","07_report/CpG_context_sampling_3735_893_trimmed_bismark_bt2.CpG",1279,907,372,1279
"7894","07_report/CpG_context_sampling_3735_894_trimmed_bismark_bt2.CpG",1318,937,381,1318
"7895","07_report/CpG_context_sampling_3735_895_trimmed_bismark_bt2.CpG",1294,926,368,1294
"7896","07_report/CpG_context_sampling_3735_896_trimmed_bismark_bt2.CpG",1294,931,363,1294
"7897","07_report/CpG_context_sampling_3735_897_trimmed_bismark_bt2.CpG",1291,913,378,1291
"7898","07_report/CpG_context_sampling_3735_898_trimmed_bismark_bt2.CpG",1284,931,353,1284
"7899","07_report/CpG_context_sampling_3735_899_trimmed_bismark_bt2.CpG",1235,898,337,1235
"7900","07_report/CpG_context_sampling_3735_900_trimmed_bismark_bt2.CpG",1254,886,368,1254
"7901","07_report/CpG_context_sampling_3735_901_trimmed_bismark_bt2.CpG",1255,901,354,1255
"7902","07_report/CpG_context_sampling_3735_902_trimmed_bismark_bt2.CpG",1269,931,338,1269
"7903","07_report/CpG_context_sampling_3735_903_trimmed_bismark_bt2.CpG",1363,952,411,1363
"7904","07_report/CpG_context_sampling_3735_904_trimmed_bismark_bt2.CpG",1294,936,358,1294
"7905","07_report/CpG_context_sampling_3735_905_trimmed_bismark_bt2.CpG",1350,974,376,1350
"7906","07_report/CpG_context_sampling_3735_906_trimmed_bismark_bt2.CpG",1341,953,388,1341
"7907","07_report/CpG_context_sampling_3735_907_trimmed_bismark_bt2.CpG",1297,940,357,1297
"7908","07_report/CpG_context_sampling_3735_908_trimmed_bismark_bt2.CpG",1275,928,347,1275
"7909","07_report/CpG_context_sampling_3735_909_trimmed_bismark_bt2.CpG",1307,936,371,1307
"7910","07_report/CpG_context_sampling_3735_910_trimmed_bismark_bt2.CpG",1310,909,401,1310
"7911","07_report/CpG_context_sampling_3735_911_trimmed_bismark_bt2.CpG",1282,918,364,1282
"7912","07_report/CpG_context_sampling_3735_912_trimmed_bismark_bt2.CpG",1298,939,359,1298
"7913","07_report/CpG_context_sampling_3735_913_trimmed_bismark_bt2.CpG",1290,934,356,1290
"7914","07_report/CpG_context_sampling_3735_914_trimmed_bismark_bt2.CpG",1284,907,377,1284
"7915","07_report/CpG_context_sampling_3735_915_trimmed_bismark_bt2.CpG",1310,939,371,1310
"7916","07_report/CpG_context_sampling_3735_916_trimmed_bismark_bt2.CpG",1333,967,366,1333
"7917","07_report/CpG_context_sampling_3735_917_trimmed_bismark_bt2.CpG",1305,926,379,1305
"7918","07_report/CpG_context_sampling_3735_918_trimmed_bismark_bt2.CpG",1265,881,384,1265
"7919","07_report/CpG_context_sampling_3735_919_trimmed_bismark_bt2.CpG",1303,916,387,1303
"7920","07_report/CpG_context_sampling_3735_920_trimmed_bismark_bt2.CpG",1279,902,377,1279
"7921","07_report/CpG_context_sampling_3735_921_trimmed_bismark_bt2.CpG",1273,896,377,1273
"7922","07_report/CpG_context_sampling_3735_922_trimmed_bismark_bt2.CpG",1290,925,365,1290
"7923","07_report/CpG_context_sampling_3735_923_trimmed_bismark_bt2.CpG",1330,940,390,1330
"7924","07_report/CpG_context_sampling_3735_924_trimmed_bismark_bt2.CpG",1251,899,352,1251
"7925","07_report/CpG_context_sampling_3735_925_trimmed_bismark_bt2.CpG",1275,924,351,1275
"7926","07_report/CpG_context_sampling_3735_926_trimmed_bismark_bt2.CpG",1233,868,365,1233
"7927","07_report/CpG_context_sampling_3735_927_trimmed_bismark_bt2.CpG",1329,927,402,1329
"7928","07_report/CpG_context_sampling_3735_928_trimmed_bismark_bt2.CpG",1294,919,375,1294
"7929","07_report/CpG_context_sampling_3735_929_trimmed_bismark_bt2.CpG",1341,981,360,1341
"7930","07_report/CpG_context_sampling_3735_930_trimmed_bismark_bt2.CpG",1247,881,366,1247
"7931","07_report/CpG_context_sampling_3735_931_trimmed_bismark_bt2.CpG",1266,901,365,1266
"7932","07_report/CpG_context_sampling_3735_932_trimmed_bismark_bt2.CpG",1270,902,368,1270
"7933","07_report/CpG_context_sampling_3735_933_trimmed_bismark_bt2.CpG",1292,920,372,1292
"7934","07_report/CpG_context_sampling_3735_934_trimmed_bismark_bt2.CpG",1324,938,386,1324
"7935","07_report/CpG_context_sampling_3735_935_trimmed_bismark_bt2.CpG",1287,899,388,1287
"7936","07_report/CpG_context_sampling_3735_936_trimmed_bismark_bt2.CpG",1287,898,389,1287
"7937","07_report/CpG_context_sampling_3735_937_trimmed_bismark_bt2.CpG",1270,921,349,1270
"7938","07_report/CpG_context_sampling_3735_938_trimmed_bismark_bt2.CpG",1304,921,383,1304
"7939","07_report/CpG_context_sampling_3735_939_trimmed_bismark_bt2.CpG",1279,930,349,1279
"7940","07_report/CpG_context_sampling_3735_940_trimmed_bismark_bt2.CpG",1280,910,370,1280
"7941","07_report/CpG_context_sampling_3735_941_trimmed_bismark_bt2.CpG",1348,961,387,1348
"7942","07_report/CpG_context_sampling_3735_942_trimmed_bismark_bt2.CpG",1303,933,370,1303
"7943","07_report/CpG_context_sampling_3735_943_trimmed_bismark_bt2.CpG",1289,914,375,1289
"7944","07_report/CpG_context_sampling_3735_944_trimmed_bismark_bt2.CpG",1263,881,382,1263
"7945","07_report/CpG_context_sampling_3735_945_trimmed_bismark_bt2.CpG",1272,916,356,1272
"7946","07_report/CpG_context_sampling_3735_946_trimmed_bismark_bt2.CpG",1303,911,392,1303
"7947","07_report/CpG_context_sampling_3735_947_trimmed_bismark_bt2.CpG",1353,973,380,1353
"7948","07_report/CpG_context_sampling_3735_948_trimmed_bismark_bt2.CpG",1293,907,386,1293
"7949","07_report/CpG_context_sampling_3735_949_trimmed_bismark_bt2.CpG",1246,929,317,1246
"7950","07_report/CpG_context_sampling_3735_950_trimmed_bismark_bt2.CpG",1277,909,368,1277
"7951","07_report/CpG_context_sampling_3735_951_trimmed_bismark_bt2.CpG",1330,965,365,1330
"7952","07_report/CpG_context_sampling_3735_952_trimmed_bismark_bt2.CpG",1327,936,391,1327
"7953","07_report/CpG_context_sampling_3735_953_trimmed_bismark_bt2.CpG",1284,901,383,1284
"7954","07_report/CpG_context_sampling_3735_954_trimmed_bismark_bt2.CpG",1223,862,361,1223
"7955","07_report/CpG_context_sampling_3735_955_trimmed_bismark_bt2.CpG",1291,901,390,1291
"7956","07_report/CpG_context_sampling_3735_956_trimmed_bismark_bt2.CpG",1310,954,356,1310
"7957","07_report/CpG_context_sampling_3735_957_trimmed_bismark_bt2.CpG",1258,894,364,1258
"7958","07_report/CpG_context_sampling_3735_958_trimmed_bismark_bt2.CpG",1299,955,344,1299
"7959","07_report/CpG_context_sampling_3735_959_trimmed_bismark_bt2.CpG",1290,909,381,1290
"7960","07_report/CpG_context_sampling_3735_960_trimmed_bismark_bt2.CpG",1292,889,403,1292
"7961","07_report/CpG_context_sampling_3735_961_trimmed_bismark_bt2.CpG",1278,958,320,1278
"7962","07_report/CpG_context_sampling_3735_962_trimmed_bismark_bt2.CpG",1280,946,334,1280
"7963","07_report/CpG_context_sampling_3735_963_trimmed_bismark_bt2.CpG",1297,936,361,1297
"7964","07_report/CpG_context_sampling_3735_964_trimmed_bismark_bt2.CpG",1243,881,362,1243
"7965","07_report/CpG_context_sampling_3735_965_trimmed_bismark_bt2.CpG",1327,952,375,1327
"7966","07_report/CpG_context_sampling_3735_966_trimmed_bismark_bt2.CpG",1280,920,360,1280
"7967","07_report/CpG_context_sampling_3735_967_trimmed_bismark_bt2.CpG",1307,898,409,1307
"7968","07_report/CpG_context_sampling_3735_968_trimmed_bismark_bt2.CpG",1330,962,368,1330
"7969","07_report/CpG_context_sampling_3735_969_trimmed_bismark_bt2.CpG",1265,915,350,1265
"7970","07_report/CpG_context_sampling_3735_970_trimmed_bismark_bt2.CpG",1308,918,390,1308
"7971","07_report/CpG_context_sampling_3735_971_trimmed_bismark_bt2.CpG",1299,919,380,1299
"7972","07_report/CpG_context_sampling_3735_972_trimmed_bismark_bt2.CpG",1275,910,365,1275
"7973","07_report/CpG_context_sampling_3735_973_trimmed_bismark_bt2.CpG",1316,957,359,1316
"7974","07_report/CpG_context_sampling_3735_974_trimmed_bismark_bt2.CpG",1295,959,336,1295
"7975","07_report/CpG_context_sampling_3735_975_trimmed_bismark_bt2.CpG",1313,940,373,1313
"7976","07_report/CpG_context_sampling_3735_976_trimmed_bismark_bt2.CpG",1340,971,369,1340
"7977","07_report/CpG_context_sampling_3735_977_trimmed_bismark_bt2.CpG",1305,947,358,1305
"7978","07_report/CpG_context_sampling_3735_978_trimmed_bismark_bt2.CpG",1288,904,384,1288
"7979","07_report/CpG_context_sampling_3735_979_trimmed_bismark_bt2.CpG",1320,940,380,1320
"7980","07_report/CpG_context_sampling_3735_980_trimmed_bismark_bt2.CpG",1342,977,365,1342
"7981","07_report/CpG_context_sampling_3735_981_trimmed_bismark_bt2.CpG",1293,940,353,1293
"7982","07_report/CpG_context_sampling_3735_982_trimmed_bismark_bt2.CpG",1310,945,365,1310
"7983","07_report/CpG_context_sampling_3735_983_trimmed_bismark_bt2.CpG",1302,932,370,1302
"7984","07_report/CpG_context_sampling_3735_984_trimmed_bismark_bt2.CpG",1303,963,340,1303
"7985","07_report/CpG_context_sampling_3735_985_trimmed_bismark_bt2.CpG",1321,945,376,1321
"7986","07_report/CpG_context_sampling_3735_986_trimmed_bismark_bt2.CpG",1249,903,346,1249
"7987","07_report/CpG_context_sampling_3735_987_trimmed_bismark_bt2.CpG",1295,911,384,1295
"7988","07_report/CpG_context_sampling_3735_988_trimmed_bismark_bt2.CpG",1296,951,345,1296
"7989","07_report/CpG_context_sampling_3735_989_trimmed_bismark_bt2.CpG",1236,892,344,1236
"7990","07_report/CpG_context_sampling_3735_990_trimmed_bismark_bt2.CpG",1315,956,359,1315
"7991","07_report/CpG_context_sampling_3735_991_trimmed_bismark_bt2.CpG",1270,903,367,1270
"7992","07_report/CpG_context_sampling_3735_992_trimmed_bismark_bt2.CpG",1256,871,385,1256
"7993","07_report/CpG_context_sampling_3735_993_trimmed_bismark_bt2.CpG",1241,879,362,1241
"7994","07_report/CpG_context_sampling_3735_994_trimmed_bismark_bt2.CpG",1276,920,356,1276
"7995","07_report/CpG_context_sampling_3735_995_trimmed_bismark_bt2.CpG",1311,906,405,1311
"7996","07_report/CpG_context_sampling_3735_996_trimmed_bismark_bt2.CpG",1323,954,369,1323
"7997","07_report/CpG_context_sampling_3735_997_trimmed_bismark_bt2.CpG",1300,925,375,1300
"7998","07_report/CpG_context_sampling_3735_998_trimmed_bismark_bt2.CpG",1283,931,352,1283
"7999","07_report/CpG_context_sampling_3735_999_trimmed_bismark_bt2.CpG",1293,906,387,1293
"8000","07_report/CpG_context_sampling_3735_1000_trimmed_bismark_bt2.CpG",1326,942,384,1326
"8001","07_report/CpG_context_sampling_4980_1_trimmed_bismark_bt2.CpG",1733,1234,499,1733
"8002","07_report/CpG_context_sampling_4980_2_trimmed_bismark_bt2.CpG",1759,1248,511,1759
"8003","07_report/CpG_context_sampling_4980_3_trimmed_bismark_bt2.CpG",1719,1232,487,1719
"8004","07_report/CpG_context_sampling_4980_4_trimmed_bismark_bt2.CpG",1727,1232,495,1727
"8005","07_report/CpG_context_sampling_4980_5_trimmed_bismark_bt2.CpG",1697,1198,499,1697
"8006","07_report/CpG_context_sampling_4980_6_trimmed_bismark_bt2.CpG",1724,1200,524,1724
"8007","07_report/CpG_context_sampling_4980_7_trimmed_bismark_bt2.CpG",1700,1229,471,1700
"8008","07_report/CpG_context_sampling_4980_8_trimmed_bismark_bt2.CpG",1736,1249,487,1736
"8009","07_report/CpG_context_sampling_4980_9_trimmed_bismark_bt2.CpG",1727,1225,502,1727
"8010","07_report/CpG_context_sampling_4980_10_trimmed_bismark_bt2.CpG",1772,1288,484,1772
"8011","07_report/CpG_context_sampling_4980_11_trimmed_bismark_bt2.CpG",1751,1247,504,1751
"8012","07_report/CpG_context_sampling_4980_12_trimmed_bismark_bt2.CpG",1816,1285,531,1816
"8013","07_report/CpG_context_sampling_4980_13_trimmed_bismark_bt2.CpG",1742,1259,483,1742
"8014","07_report/CpG_context_sampling_4980_14_trimmed_bismark_bt2.CpG",1725,1266,459,1725
"8015","07_report/CpG_context_sampling_4980_15_trimmed_bismark_bt2.CpG",1700,1179,521,1700
"8016","07_report/CpG_context_sampling_4980_16_trimmed_bismark_bt2.CpG",1727,1259,468,1727
"8017","07_report/CpG_context_sampling_4980_17_trimmed_bismark_bt2.CpG",1729,1223,506,1729
"8018","07_report/CpG_context_sampling_4980_18_trimmed_bismark_bt2.CpG",1732,1242,490,1732
"8019","07_report/CpG_context_sampling_4980_19_trimmed_bismark_bt2.CpG",1712,1212,500,1712
"8020","07_report/CpG_context_sampling_4980_20_trimmed_bismark_bt2.CpG",1702,1214,488,1702
"8021","07_report/CpG_context_sampling_4980_21_trimmed_bismark_bt2.CpG",1676,1173,503,1676
"8022","07_report/CpG_context_sampling_4980_22_trimmed_bismark_bt2.CpG",1741,1271,470,1741
"8023","07_report/CpG_context_sampling_4980_23_trimmed_bismark_bt2.CpG",1692,1244,448,1692
"8024","07_report/CpG_context_sampling_4980_24_trimmed_bismark_bt2.CpG",1708,1234,474,1708
"8025","07_report/CpG_context_sampling_4980_25_trimmed_bismark_bt2.CpG",1702,1209,493,1702
"8026","07_report/CpG_context_sampling_4980_26_trimmed_bismark_bt2.CpG",1713,1216,497,1713
"8027","07_report/CpG_context_sampling_4980_27_trimmed_bismark_bt2.CpG",1756,1230,526,1756
"8028","07_report/CpG_context_sampling_4980_28_trimmed_bismark_bt2.CpG",1745,1269,476,1745
"8029","07_report/CpG_context_sampling_4980_29_trimmed_bismark_bt2.CpG",1698,1241,457,1698
"8030","07_report/CpG_context_sampling_4980_30_trimmed_bismark_bt2.CpG",1719,1207,512,1719
"8031","07_report/CpG_context_sampling_4980_31_trimmed_bismark_bt2.CpG",1720,1220,500,1720
"8032","07_report/CpG_context_sampling_4980_32_trimmed_bismark_bt2.CpG",1744,1247,497,1744
"8033","07_report/CpG_context_sampling_4980_33_trimmed_bismark_bt2.CpG",1733,1264,469,1733
"8034","07_report/CpG_context_sampling_4980_34_trimmed_bismark_bt2.CpG",1695,1202,493,1695
"8035","07_report/CpG_context_sampling_4980_35_trimmed_bismark_bt2.CpG",1685,1183,502,1685
"8036","07_report/CpG_context_sampling_4980_36_trimmed_bismark_bt2.CpG",1759,1263,496,1759
"8037","07_report/CpG_context_sampling_4980_37_trimmed_bismark_bt2.CpG",1659,1192,467,1659
"8038","07_report/CpG_context_sampling_4980_38_trimmed_bismark_bt2.CpG",1678,1200,478,1678
"8039","07_report/CpG_context_sampling_4980_39_trimmed_bismark_bt2.CpG",1755,1265,490,1755
"8040","07_report/CpG_context_sampling_4980_40_trimmed_bismark_bt2.CpG",1790,1283,507,1790
"8041","07_report/CpG_context_sampling_4980_41_trimmed_bismark_bt2.CpG",1728,1221,507,1728
"8042","07_report/CpG_context_sampling_4980_42_trimmed_bismark_bt2.CpG",1701,1235,466,1701
"8043","07_report/CpG_context_sampling_4980_43_trimmed_bismark_bt2.CpG",1715,1222,493,1715
"8044","07_report/CpG_context_sampling_4980_44_trimmed_bismark_bt2.CpG",1769,1287,482,1769
"8045","07_report/CpG_context_sampling_4980_45_trimmed_bismark_bt2.CpG",1752,1253,499,1752
"8046","07_report/CpG_context_sampling_4980_46_trimmed_bismark_bt2.CpG",1729,1236,493,1729
"8047","07_report/CpG_context_sampling_4980_47_trimmed_bismark_bt2.CpG",1793,1284,509,1793
"8048","07_report/CpG_context_sampling_4980_48_trimmed_bismark_bt2.CpG",1785,1259,526,1785
"8049","07_report/CpG_context_sampling_4980_49_trimmed_bismark_bt2.CpG",1733,1223,510,1733
"8050","07_report/CpG_context_sampling_4980_50_trimmed_bismark_bt2.CpG",1758,1263,495,1758
"8051","07_report/CpG_context_sampling_4980_51_trimmed_bismark_bt2.CpG",1694,1214,480,1694
"8052","07_report/CpG_context_sampling_4980_52_trimmed_bismark_bt2.CpG",1713,1216,497,1713
"8053","07_report/CpG_context_sampling_4980_53_trimmed_bismark_bt2.CpG",1720,1210,510,1720
"8054","07_report/CpG_context_sampling_4980_54_trimmed_bismark_bt2.CpG",1710,1223,487,1710
"8055","07_report/CpG_context_sampling_4980_55_trimmed_bismark_bt2.CpG",1734,1219,515,1734
"8056","07_report/CpG_context_sampling_4980_56_trimmed_bismark_bt2.CpG",1701,1228,473,1701
"8057","07_report/CpG_context_sampling_4980_57_trimmed_bismark_bt2.CpG",1714,1238,476,1714
"8058","07_report/CpG_context_sampling_4980_58_trimmed_bismark_bt2.CpG",1716,1217,499,1716
"8059","07_report/CpG_context_sampling_4980_59_trimmed_bismark_bt2.CpG",1756,1252,504,1756
"8060","07_report/CpG_context_sampling_4980_60_trimmed_bismark_bt2.CpG",1726,1241,485,1726
"8061","07_report/CpG_context_sampling_4980_61_trimmed_bismark_bt2.CpG",1820,1254,566,1820
"8062","07_report/CpG_context_sampling_4980_62_trimmed_bismark_bt2.CpG",1738,1183,555,1738
"8063","07_report/CpG_context_sampling_4980_63_trimmed_bismark_bt2.CpG",1708,1207,501,1708
"8064","07_report/CpG_context_sampling_4980_64_trimmed_bismark_bt2.CpG",1752,1267,485,1752
"8065","07_report/CpG_context_sampling_4980_65_trimmed_bismark_bt2.CpG",1731,1240,491,1731
"8066","07_report/CpG_context_sampling_4980_66_trimmed_bismark_bt2.CpG",1706,1217,489,1706
"8067","07_report/CpG_context_sampling_4980_67_trimmed_bismark_bt2.CpG",1676,1220,456,1676
"8068","07_report/CpG_context_sampling_4980_68_trimmed_bismark_bt2.CpG",1735,1234,501,1735
"8069","07_report/CpG_context_sampling_4980_69_trimmed_bismark_bt2.CpG",1776,1276,500,1776
"8070","07_report/CpG_context_sampling_4980_70_trimmed_bismark_bt2.CpG",1723,1229,494,1723
"8071","07_report/CpG_context_sampling_4980_71_trimmed_bismark_bt2.CpG",1759,1266,493,1759
"8072","07_report/CpG_context_sampling_4980_72_trimmed_bismark_bt2.CpG",1715,1204,511,1715
"8073","07_report/CpG_context_sampling_4980_73_trimmed_bismark_bt2.CpG",1726,1224,502,1726
"8074","07_report/CpG_context_sampling_4980_74_trimmed_bismark_bt2.CpG",1722,1213,509,1722
"8075","07_report/CpG_context_sampling_4980_75_trimmed_bismark_bt2.CpG",1725,1249,476,1725
"8076","07_report/CpG_context_sampling_4980_76_trimmed_bismark_bt2.CpG",1705,1190,515,1705
"8077","07_report/CpG_context_sampling_4980_77_trimmed_bismark_bt2.CpG",1753,1234,519,1753
"8078","07_report/CpG_context_sampling_4980_78_trimmed_bismark_bt2.CpG",1722,1243,479,1722
"8079","07_report/CpG_context_sampling_4980_79_trimmed_bismark_bt2.CpG",1697,1232,465,1697
"8080","07_report/CpG_context_sampling_4980_80_trimmed_bismark_bt2.CpG",1739,1224,515,1739
"8081","07_report/CpG_context_sampling_4980_81_trimmed_bismark_bt2.CpG",1750,1241,509,1750
"8082","07_report/CpG_context_sampling_4980_82_trimmed_bismark_bt2.CpG",1667,1156,511,1667
"8083","07_report/CpG_context_sampling_4980_83_trimmed_bismark_bt2.CpG",1690,1211,479,1690
"8084","07_report/CpG_context_sampling_4980_84_trimmed_bismark_bt2.CpG",1727,1237,490,1727
"8085","07_report/CpG_context_sampling_4980_85_trimmed_bismark_bt2.CpG",1753,1268,485,1753
"8086","07_report/CpG_context_sampling_4980_86_trimmed_bismark_bt2.CpG",1718,1256,462,1718
"8087","07_report/CpG_context_sampling_4980_87_trimmed_bismark_bt2.CpG",1698,1250,448,1698
"8088","07_report/CpG_context_sampling_4980_88_trimmed_bismark_bt2.CpG",1768,1303,465,1768
"8089","07_report/CpG_context_sampling_4980_89_trimmed_bismark_bt2.CpG",1727,1237,490,1727
"8090","07_report/CpG_context_sampling_4980_90_trimmed_bismark_bt2.CpG",1732,1214,518,1732
"8091","07_report/CpG_context_sampling_4980_91_trimmed_bismark_bt2.CpG",1723,1223,500,1723
"8092","07_report/CpG_context_sampling_4980_92_trimmed_bismark_bt2.CpG",1761,1266,495,1761
"8093","07_report/CpG_context_sampling_4980_93_trimmed_bismark_bt2.CpG",1775,1275,500,1775
"8094","07_report/CpG_context_sampling_4980_94_trimmed_bismark_bt2.CpG",1722,1226,496,1722
"8095","07_report/CpG_context_sampling_4980_95_trimmed_bismark_bt2.CpG",1740,1250,490,1740
"8096","07_report/CpG_context_sampling_4980_96_trimmed_bismark_bt2.CpG",1696,1219,477,1696
"8097","07_report/CpG_context_sampling_4980_97_trimmed_bismark_bt2.CpG",1726,1225,501,1726
"8098","07_report/CpG_context_sampling_4980_98_trimmed_bismark_bt2.CpG",1690,1246,444,1690
"8099","07_report/CpG_context_sampling_4980_99_trimmed_bismark_bt2.CpG",1707,1234,473,1707
"8100","07_report/CpG_context_sampling_4980_100_trimmed_bismark_bt2.CpG",1753,1257,496,1753
"8101","07_report/CpG_context_sampling_4980_101_trimmed_bismark_bt2.CpG",1756,1244,512,1756
"8102","07_report/CpG_context_sampling_4980_102_trimmed_bismark_bt2.CpG",1721,1237,484,1721
"8103","07_report/CpG_context_sampling_4980_103_trimmed_bismark_bt2.CpG",1768,1261,507,1768
"8104","07_report/CpG_context_sampling_4980_104_trimmed_bismark_bt2.CpG",1737,1240,497,1737
"8105","07_report/CpG_context_sampling_4980_105_trimmed_bismark_bt2.CpG",1697,1233,464,1697
"8106","07_report/CpG_context_sampling_4980_106_trimmed_bismark_bt2.CpG",1721,1244,477,1721
"8107","07_report/CpG_context_sampling_4980_107_trimmed_bismark_bt2.CpG",1726,1228,498,1726
"8108","07_report/CpG_context_sampling_4980_108_trimmed_bismark_bt2.CpG",1690,1185,505,1690
"8109","07_report/CpG_context_sampling_4980_109_trimmed_bismark_bt2.CpG",1675,1191,484,1675
"8110","07_report/CpG_context_sampling_4980_110_trimmed_bismark_bt2.CpG",1727,1246,481,1727
"8111","07_report/CpG_context_sampling_4980_111_trimmed_bismark_bt2.CpG",1700,1220,480,1700
"8112","07_report/CpG_context_sampling_4980_112_trimmed_bismark_bt2.CpG",1701,1232,469,1701
"8113","07_report/CpG_context_sampling_4980_113_trimmed_bismark_bt2.CpG",1721,1241,480,1721
"8114","07_report/CpG_context_sampling_4980_114_trimmed_bismark_bt2.CpG",1683,1199,484,1683
"8115","07_report/CpG_context_sampling_4980_115_trimmed_bismark_bt2.CpG",1707,1238,469,1707
"8116","07_report/CpG_context_sampling_4980_116_trimmed_bismark_bt2.CpG",1710,1259,451,1710
"8117","07_report/CpG_context_sampling_4980_117_trimmed_bismark_bt2.CpG",1681,1201,480,1681
"8118","07_report/CpG_context_sampling_4980_118_trimmed_bismark_bt2.CpG",1731,1278,453,1731
"8119","07_report/CpG_context_sampling_4980_119_trimmed_bismark_bt2.CpG",1741,1237,504,1741
"8120","07_report/CpG_context_sampling_4980_120_trimmed_bismark_bt2.CpG",1760,1292,468,1760
"8121","07_report/CpG_context_sampling_4980_121_trimmed_bismark_bt2.CpG",1742,1226,516,1742
"8122","07_report/CpG_context_sampling_4980_122_trimmed_bismark_bt2.CpG",1732,1250,482,1732
"8123","07_report/CpG_context_sampling_4980_123_trimmed_bismark_bt2.CpG",1726,1229,497,1726
"8124","07_report/CpG_context_sampling_4980_124_trimmed_bismark_bt2.CpG",1738,1242,496,1738
"8125","07_report/CpG_context_sampling_4980_125_trimmed_bismark_bt2.CpG",1713,1229,484,1713
"8126","07_report/CpG_context_sampling_4980_126_trimmed_bismark_bt2.CpG",1759,1229,530,1759
"8127","07_report/CpG_context_sampling_4980_127_trimmed_bismark_bt2.CpG",1738,1249,489,1738
"8128","07_report/CpG_context_sampling_4980_128_trimmed_bismark_bt2.CpG",1706,1216,490,1706
"8129","07_report/CpG_context_sampling_4980_129_trimmed_bismark_bt2.CpG",1664,1172,492,1664
"8130","07_report/CpG_context_sampling_4980_130_trimmed_bismark_bt2.CpG",1745,1256,489,1745
"8131","07_report/CpG_context_sampling_4980_131_trimmed_bismark_bt2.CpG",1744,1272,472,1744
"8132","07_report/CpG_context_sampling_4980_132_trimmed_bismark_bt2.CpG",1735,1283,452,1735
"8133","07_report/CpG_context_sampling_4980_133_trimmed_bismark_bt2.CpG",1687,1238,449,1687
"8134","07_report/CpG_context_sampling_4980_134_trimmed_bismark_bt2.CpG",1693,1159,534,1693
"8135","07_report/CpG_context_sampling_4980_135_trimmed_bismark_bt2.CpG",1775,1252,523,1775
"8136","07_report/CpG_context_sampling_4980_136_trimmed_bismark_bt2.CpG",1773,1293,480,1773
"8137","07_report/CpG_context_sampling_4980_137_trimmed_bismark_bt2.CpG",1684,1226,458,1684
"8138","07_report/CpG_context_sampling_4980_138_trimmed_bismark_bt2.CpG",1745,1264,481,1745
"8139","07_report/CpG_context_sampling_4980_139_trimmed_bismark_bt2.CpG",1781,1278,503,1781
"8140","07_report/CpG_context_sampling_4980_140_trimmed_bismark_bt2.CpG",1784,1312,472,1784
"8141","07_report/CpG_context_sampling_4980_141_trimmed_bismark_bt2.CpG",1734,1240,494,1734
"8142","07_report/CpG_context_sampling_4980_142_trimmed_bismark_bt2.CpG",1750,1247,503,1750
"8143","07_report/CpG_context_sampling_4980_143_trimmed_bismark_bt2.CpG",1727,1244,483,1727
"8144","07_report/CpG_context_sampling_4980_144_trimmed_bismark_bt2.CpG",1729,1234,495,1729
"8145","07_report/CpG_context_sampling_4980_145_trimmed_bismark_bt2.CpG",1743,1249,494,1743
"8146","07_report/CpG_context_sampling_4980_146_trimmed_bismark_bt2.CpG",1729,1197,532,1729
"8147","07_report/CpG_context_sampling_4980_147_trimmed_bismark_bt2.CpG",1706,1212,494,1706
"8148","07_report/CpG_context_sampling_4980_148_trimmed_bismark_bt2.CpG",1711,1210,501,1711
"8149","07_report/CpG_context_sampling_4980_149_trimmed_bismark_bt2.CpG",1770,1260,510,1770
"8150","07_report/CpG_context_sampling_4980_150_trimmed_bismark_bt2.CpG",1715,1221,494,1715
"8151","07_report/CpG_context_sampling_4980_151_trimmed_bismark_bt2.CpG",1764,1275,489,1764
"8152","07_report/CpG_context_sampling_4980_152_trimmed_bismark_bt2.CpG",1741,1229,512,1741
"8153","07_report/CpG_context_sampling_4980_153_trimmed_bismark_bt2.CpG",1670,1179,491,1670
"8154","07_report/CpG_context_sampling_4980_154_trimmed_bismark_bt2.CpG",1731,1245,486,1731
"8155","07_report/CpG_context_sampling_4980_155_trimmed_bismark_bt2.CpG",1767,1296,471,1767
"8156","07_report/CpG_context_sampling_4980_156_trimmed_bismark_bt2.CpG",1696,1222,474,1696
"8157","07_report/CpG_context_sampling_4980_157_trimmed_bismark_bt2.CpG",1727,1232,495,1727
"8158","07_report/CpG_context_sampling_4980_158_trimmed_bismark_bt2.CpG",1780,1267,513,1780
"8159","07_report/CpG_context_sampling_4980_159_trimmed_bismark_bt2.CpG",1743,1255,488,1743
"8160","07_report/CpG_context_sampling_4980_160_trimmed_bismark_bt2.CpG",1769,1241,528,1769
"8161","07_report/CpG_context_sampling_4980_161_trimmed_bismark_bt2.CpG",1743,1234,509,1743
"8162","07_report/CpG_context_sampling_4980_162_trimmed_bismark_bt2.CpG",1732,1224,508,1732
"8163","07_report/CpG_context_sampling_4980_163_trimmed_bismark_bt2.CpG",1743,1291,452,1743
"8164","07_report/CpG_context_sampling_4980_164_trimmed_bismark_bt2.CpG",1734,1257,477,1734
"8165","07_report/CpG_context_sampling_4980_165_trimmed_bismark_bt2.CpG",1776,1289,487,1776
"8166","07_report/CpG_context_sampling_4980_166_trimmed_bismark_bt2.CpG",1655,1170,485,1655
"8167","07_report/CpG_context_sampling_4980_167_trimmed_bismark_bt2.CpG",1754,1247,507,1754
"8168","07_report/CpG_context_sampling_4980_168_trimmed_bismark_bt2.CpG",1761,1269,492,1761
"8169","07_report/CpG_context_sampling_4980_169_trimmed_bismark_bt2.CpG",1755,1285,470,1755
"8170","07_report/CpG_context_sampling_4980_170_trimmed_bismark_bt2.CpG",1767,1242,525,1767
"8171","07_report/CpG_context_sampling_4980_171_trimmed_bismark_bt2.CpG",1726,1256,470,1726
"8172","07_report/CpG_context_sampling_4980_172_trimmed_bismark_bt2.CpG",1705,1214,491,1705
"8173","07_report/CpG_context_sampling_4980_173_trimmed_bismark_bt2.CpG",1693,1222,471,1693
"8174","07_report/CpG_context_sampling_4980_174_trimmed_bismark_bt2.CpG",1699,1215,484,1699
"8175","07_report/CpG_context_sampling_4980_175_trimmed_bismark_bt2.CpG",1702,1208,494,1702
"8176","07_report/CpG_context_sampling_4980_176_trimmed_bismark_bt2.CpG",1752,1254,498,1752
"8177","07_report/CpG_context_sampling_4980_177_trimmed_bismark_bt2.CpG",1738,1270,468,1738
"8178","07_report/CpG_context_sampling_4980_178_trimmed_bismark_bt2.CpG",1712,1206,506,1712
"8179","07_report/CpG_context_sampling_4980_179_trimmed_bismark_bt2.CpG",1792,1290,502,1792
"8180","07_report/CpG_context_sampling_4980_180_trimmed_bismark_bt2.CpG",1774,1260,514,1774
"8181","07_report/CpG_context_sampling_4980_181_trimmed_bismark_bt2.CpG",1729,1264,465,1729
"8182","07_report/CpG_context_sampling_4980_182_trimmed_bismark_bt2.CpG",1677,1189,488,1677
"8183","07_report/CpG_context_sampling_4980_183_trimmed_bismark_bt2.CpG",1727,1230,497,1727
"8184","07_report/CpG_context_sampling_4980_184_trimmed_bismark_bt2.CpG",1738,1244,494,1738
"8185","07_report/CpG_context_sampling_4980_185_trimmed_bismark_bt2.CpG",1772,1258,514,1772
"8186","07_report/CpG_context_sampling_4980_186_trimmed_bismark_bt2.CpG",1736,1273,463,1736
"8187","07_report/CpG_context_sampling_4980_187_trimmed_bismark_bt2.CpG",1697,1232,465,1697
"8188","07_report/CpG_context_sampling_4980_188_trimmed_bismark_bt2.CpG",1726,1248,478,1726
"8189","07_report/CpG_context_sampling_4980_189_trimmed_bismark_bt2.CpG",1786,1221,565,1786
"8190","07_report/CpG_context_sampling_4980_190_trimmed_bismark_bt2.CpG",1662,1195,467,1662
"8191","07_report/CpG_context_sampling_4980_191_trimmed_bismark_bt2.CpG",1807,1256,551,1807
"8192","07_report/CpG_context_sampling_4980_192_trimmed_bismark_bt2.CpG",1697,1239,458,1697
"8193","07_report/CpG_context_sampling_4980_193_trimmed_bismark_bt2.CpG",1784,1308,476,1784
"8194","07_report/CpG_context_sampling_4980_194_trimmed_bismark_bt2.CpG",1777,1267,510,1777
"8195","07_report/CpG_context_sampling_4980_195_trimmed_bismark_bt2.CpG",1719,1242,477,1719
"8196","07_report/CpG_context_sampling_4980_196_trimmed_bismark_bt2.CpG",1756,1263,493,1756
"8197","07_report/CpG_context_sampling_4980_197_trimmed_bismark_bt2.CpG",1713,1249,464,1713
"8198","07_report/CpG_context_sampling_4980_198_trimmed_bismark_bt2.CpG",1727,1248,479,1727
"8199","07_report/CpG_context_sampling_4980_199_trimmed_bismark_bt2.CpG",1741,1236,505,1741
"8200","07_report/CpG_context_sampling_4980_200_trimmed_bismark_bt2.CpG",1662,1215,447,1662
"8201","07_report/CpG_context_sampling_4980_201_trimmed_bismark_bt2.CpG",1750,1275,475,1750
"8202","07_report/CpG_context_sampling_4980_202_trimmed_bismark_bt2.CpG",1738,1252,486,1738
"8203","07_report/CpG_context_sampling_4980_203_trimmed_bismark_bt2.CpG",1726,1225,501,1726
"8204","07_report/CpG_context_sampling_4980_204_trimmed_bismark_bt2.CpG",1777,1294,483,1777
"8205","07_report/CpG_context_sampling_4980_205_trimmed_bismark_bt2.CpG",1721,1239,482,1721
"8206","07_report/CpG_context_sampling_4980_206_trimmed_bismark_bt2.CpG",1781,1273,508,1781
"8207","07_report/CpG_context_sampling_4980_207_trimmed_bismark_bt2.CpG",1710,1202,508,1710
"8208","07_report/CpG_context_sampling_4980_208_trimmed_bismark_bt2.CpG",1690,1191,499,1690
"8209","07_report/CpG_context_sampling_4980_209_trimmed_bismark_bt2.CpG",1722,1214,508,1722
"8210","07_report/CpG_context_sampling_4980_210_trimmed_bismark_bt2.CpG",1738,1279,459,1738
"8211","07_report/CpG_context_sampling_4980_211_trimmed_bismark_bt2.CpG",1686,1209,477,1686
"8212","07_report/CpG_context_sampling_4980_212_trimmed_bismark_bt2.CpG",1732,1231,501,1732
"8213","07_report/CpG_context_sampling_4980_213_trimmed_bismark_bt2.CpG",1714,1252,462,1714
"8214","07_report/CpG_context_sampling_4980_214_trimmed_bismark_bt2.CpG",1749,1257,492,1749
"8215","07_report/CpG_context_sampling_4980_215_trimmed_bismark_bt2.CpG",1732,1254,478,1732
"8216","07_report/CpG_context_sampling_4980_216_trimmed_bismark_bt2.CpG",1734,1231,503,1734
"8217","07_report/CpG_context_sampling_4980_217_trimmed_bismark_bt2.CpG",1731,1238,493,1731
"8218","07_report/CpG_context_sampling_4980_218_trimmed_bismark_bt2.CpG",1758,1276,482,1758
"8219","07_report/CpG_context_sampling_4980_219_trimmed_bismark_bt2.CpG",1717,1233,484,1717
"8220","07_report/CpG_context_sampling_4980_220_trimmed_bismark_bt2.CpG",1664,1194,470,1664
"8221","07_report/CpG_context_sampling_4980_221_trimmed_bismark_bt2.CpG",1718,1223,495,1718
"8222","07_report/CpG_context_sampling_4980_222_trimmed_bismark_bt2.CpG",1661,1189,472,1661
"8223","07_report/CpG_context_sampling_4980_223_trimmed_bismark_bt2.CpG",1732,1229,503,1732
"8224","07_report/CpG_context_sampling_4980_224_trimmed_bismark_bt2.CpG",1660,1167,493,1660
"8225","07_report/CpG_context_sampling_4980_225_trimmed_bismark_bt2.CpG",1726,1264,462,1726
"8226","07_report/CpG_context_sampling_4980_226_trimmed_bismark_bt2.CpG",1739,1243,496,1739
"8227","07_report/CpG_context_sampling_4980_227_trimmed_bismark_bt2.CpG",1762,1288,474,1762
"8228","07_report/CpG_context_sampling_4980_228_trimmed_bismark_bt2.CpG",1695,1218,477,1695
"8229","07_report/CpG_context_sampling_4980_229_trimmed_bismark_bt2.CpG",1716,1204,512,1716
"8230","07_report/CpG_context_sampling_4980_230_trimmed_bismark_bt2.CpG",1696,1186,510,1696
"8231","07_report/CpG_context_sampling_4980_231_trimmed_bismark_bt2.CpG",1719,1231,488,1719
"8232","07_report/CpG_context_sampling_4980_232_trimmed_bismark_bt2.CpG",1783,1286,497,1783
"8233","07_report/CpG_context_sampling_4980_233_trimmed_bismark_bt2.CpG",1685,1214,471,1685
"8234","07_report/CpG_context_sampling_4980_234_trimmed_bismark_bt2.CpG",1748,1194,554,1748
"8235","07_report/CpG_context_sampling_4980_235_trimmed_bismark_bt2.CpG",1724,1234,490,1724
"8236","07_report/CpG_context_sampling_4980_236_trimmed_bismark_bt2.CpG",1757,1256,501,1757
"8237","07_report/CpG_context_sampling_4980_237_trimmed_bismark_bt2.CpG",1691,1226,465,1691
"8238","07_report/CpG_context_sampling_4980_238_trimmed_bismark_bt2.CpG",1719,1265,454,1719
"8239","07_report/CpG_context_sampling_4980_239_trimmed_bismark_bt2.CpG",1736,1207,529,1736
"8240","07_report/CpG_context_sampling_4980_240_trimmed_bismark_bt2.CpG",1674,1186,488,1674
"8241","07_report/CpG_context_sampling_4980_241_trimmed_bismark_bt2.CpG",1780,1266,514,1780
"8242","07_report/CpG_context_sampling_4980_242_trimmed_bismark_bt2.CpG",1717,1197,520,1717
"8243","07_report/CpG_context_sampling_4980_243_trimmed_bismark_bt2.CpG",1744,1256,488,1744
"8244","07_report/CpG_context_sampling_4980_244_trimmed_bismark_bt2.CpG",1774,1263,511,1774
"8245","07_report/CpG_context_sampling_4980_245_trimmed_bismark_bt2.CpG",1700,1189,511,1700
"8246","07_report/CpG_context_sampling_4980_246_trimmed_bismark_bt2.CpG",1775,1266,509,1775
"8247","07_report/CpG_context_sampling_4980_247_trimmed_bismark_bt2.CpG",1741,1273,468,1741
"8248","07_report/CpG_context_sampling_4980_248_trimmed_bismark_bt2.CpG",1691,1153,538,1691
"8249","07_report/CpG_context_sampling_4980_249_trimmed_bismark_bt2.CpG",1709,1252,457,1709
"8250","07_report/CpG_context_sampling_4980_250_trimmed_bismark_bt2.CpG",1724,1230,494,1724
"8251","07_report/CpG_context_sampling_4980_251_trimmed_bismark_bt2.CpG",1772,1271,501,1772
"8252","07_report/CpG_context_sampling_4980_252_trimmed_bismark_bt2.CpG",1697,1213,484,1697
"8253","07_report/CpG_context_sampling_4980_253_trimmed_bismark_bt2.CpG",1751,1259,492,1751
"8254","07_report/CpG_context_sampling_4980_254_trimmed_bismark_bt2.CpG",1795,1278,517,1795
"8255","07_report/CpG_context_sampling_4980_255_trimmed_bismark_bt2.CpG",1735,1237,498,1735
"8256","07_report/CpG_context_sampling_4980_256_trimmed_bismark_bt2.CpG",1673,1187,486,1673
"8257","07_report/CpG_context_sampling_4980_257_trimmed_bismark_bt2.CpG",1686,1230,456,1686
"8258","07_report/CpG_context_sampling_4980_258_trimmed_bismark_bt2.CpG",1681,1226,455,1681
"8259","07_report/CpG_context_sampling_4980_259_trimmed_bismark_bt2.CpG",1654,1180,474,1654
"8260","07_report/CpG_context_sampling_4980_260_trimmed_bismark_bt2.CpG",1662,1196,466,1662
"8261","07_report/CpG_context_sampling_4980_261_trimmed_bismark_bt2.CpG",1762,1261,501,1762
"8262","07_report/CpG_context_sampling_4980_262_trimmed_bismark_bt2.CpG",1650,1186,464,1650
"8263","07_report/CpG_context_sampling_4980_263_trimmed_bismark_bt2.CpG",1767,1245,522,1767
"8264","07_report/CpG_context_sampling_4980_264_trimmed_bismark_bt2.CpG",1670,1206,464,1670
"8265","07_report/CpG_context_sampling_4980_265_trimmed_bismark_bt2.CpG",1722,1235,487,1722
"8266","07_report/CpG_context_sampling_4980_266_trimmed_bismark_bt2.CpG",1758,1253,505,1758
"8267","07_report/CpG_context_sampling_4980_267_trimmed_bismark_bt2.CpG",1752,1270,482,1752
"8268","07_report/CpG_context_sampling_4980_268_trimmed_bismark_bt2.CpG",1771,1268,503,1771
"8269","07_report/CpG_context_sampling_4980_269_trimmed_bismark_bt2.CpG",1712,1213,499,1712
"8270","07_report/CpG_context_sampling_4980_270_trimmed_bismark_bt2.CpG",1741,1240,501,1741
"8271","07_report/CpG_context_sampling_4980_271_trimmed_bismark_bt2.CpG",1733,1223,510,1733
"8272","07_report/CpG_context_sampling_4980_272_trimmed_bismark_bt2.CpG",1747,1235,512,1747
"8273","07_report/CpG_context_sampling_4980_273_trimmed_bismark_bt2.CpG",1756,1263,493,1756
"8274","07_report/CpG_context_sampling_4980_274_trimmed_bismark_bt2.CpG",1670,1226,444,1670
"8275","07_report/CpG_context_sampling_4980_275_trimmed_bismark_bt2.CpG",1689,1178,511,1689
"8276","07_report/CpG_context_sampling_4980_276_trimmed_bismark_bt2.CpG",1754,1236,518,1754
"8277","07_report/CpG_context_sampling_4980_277_trimmed_bismark_bt2.CpG",1676,1215,461,1676
"8278","07_report/CpG_context_sampling_4980_278_trimmed_bismark_bt2.CpG",1667,1195,472,1667
"8279","07_report/CpG_context_sampling_4980_279_trimmed_bismark_bt2.CpG",1704,1208,496,1704
"8280","07_report/CpG_context_sampling_4980_280_trimmed_bismark_bt2.CpG",1716,1215,501,1716
"8281","07_report/CpG_context_sampling_4980_281_trimmed_bismark_bt2.CpG",1710,1236,474,1710
"8282","07_report/CpG_context_sampling_4980_282_trimmed_bismark_bt2.CpG",1755,1245,510,1755
"8283","07_report/CpG_context_sampling_4980_283_trimmed_bismark_bt2.CpG",1725,1261,464,1725
"8284","07_report/CpG_context_sampling_4980_284_trimmed_bismark_bt2.CpG",1704,1254,450,1704
"8285","07_report/CpG_context_sampling_4980_285_trimmed_bismark_bt2.CpG",1739,1236,503,1739
"8286","07_report/CpG_context_sampling_4980_286_trimmed_bismark_bt2.CpG",1769,1280,489,1769
"8287","07_report/CpG_context_sampling_4980_287_trimmed_bismark_bt2.CpG",1696,1213,483,1696
"8288","07_report/CpG_context_sampling_4980_288_trimmed_bismark_bt2.CpG",1726,1230,496,1726
"8289","07_report/CpG_context_sampling_4980_289_trimmed_bismark_bt2.CpG",1760,1253,507,1760
"8290","07_report/CpG_context_sampling_4980_290_trimmed_bismark_bt2.CpG",1761,1256,505,1761
"8291","07_report/CpG_context_sampling_4980_291_trimmed_bismark_bt2.CpG",1676,1224,452,1676
"8292","07_report/CpG_context_sampling_4980_292_trimmed_bismark_bt2.CpG",1704,1214,490,1704
"8293","07_report/CpG_context_sampling_4980_293_trimmed_bismark_bt2.CpG",1723,1216,507,1723
"8294","07_report/CpG_context_sampling_4980_294_trimmed_bismark_bt2.CpG",1696,1203,493,1696
"8295","07_report/CpG_context_sampling_4980_295_trimmed_bismark_bt2.CpG",1668,1225,443,1668
"8296","07_report/CpG_context_sampling_4980_296_trimmed_bismark_bt2.CpG",1709,1222,487,1709
"8297","07_report/CpG_context_sampling_4980_297_trimmed_bismark_bt2.CpG",1733,1267,466,1733
"8298","07_report/CpG_context_sampling_4980_298_trimmed_bismark_bt2.CpG",1714,1209,505,1714
"8299","07_report/CpG_context_sampling_4980_299_trimmed_bismark_bt2.CpG",1675,1192,483,1675
"8300","07_report/CpG_context_sampling_4980_300_trimmed_bismark_bt2.CpG",1731,1238,493,1731
"8301","07_report/CpG_context_sampling_4980_301_trimmed_bismark_bt2.CpG",1688,1204,484,1688
"8302","07_report/CpG_context_sampling_4980_302_trimmed_bismark_bt2.CpG",1711,1215,496,1711
"8303","07_report/CpG_context_sampling_4980_303_trimmed_bismark_bt2.CpG",1752,1217,535,1752
"8304","07_report/CpG_context_sampling_4980_304_trimmed_bismark_bt2.CpG",1704,1222,482,1704
"8305","07_report/CpG_context_sampling_4980_305_trimmed_bismark_bt2.CpG",1687,1185,502,1687
"8306","07_report/CpG_context_sampling_4980_306_trimmed_bismark_bt2.CpG",1652,1220,432,1652
"8307","07_report/CpG_context_sampling_4980_307_trimmed_bismark_bt2.CpG",1661,1216,445,1661
"8308","07_report/CpG_context_sampling_4980_308_trimmed_bismark_bt2.CpG",1683,1221,462,1683
"8309","07_report/CpG_context_sampling_4980_309_trimmed_bismark_bt2.CpG",1740,1273,467,1740
"8310","07_report/CpG_context_sampling_4980_310_trimmed_bismark_bt2.CpG",1734,1230,504,1734
"8311","07_report/CpG_context_sampling_4980_311_trimmed_bismark_bt2.CpG",1721,1192,529,1721
"8312","07_report/CpG_context_sampling_4980_312_trimmed_bismark_bt2.CpG",1734,1252,482,1734
"8313","07_report/CpG_context_sampling_4980_313_trimmed_bismark_bt2.CpG",1727,1228,499,1727
"8314","07_report/CpG_context_sampling_4980_314_trimmed_bismark_bt2.CpG",1745,1256,489,1745
"8315","07_report/CpG_context_sampling_4980_315_trimmed_bismark_bt2.CpG",1729,1244,485,1729
"8316","07_report/CpG_context_sampling_4980_316_trimmed_bismark_bt2.CpG",1716,1228,488,1716
"8317","07_report/CpG_context_sampling_4980_317_trimmed_bismark_bt2.CpG",1734,1217,517,1734
"8318","07_report/CpG_context_sampling_4980_318_trimmed_bismark_bt2.CpG",1707,1220,487,1707
"8319","07_report/CpG_context_sampling_4980_319_trimmed_bismark_bt2.CpG",1731,1231,500,1731
"8320","07_report/CpG_context_sampling_4980_320_trimmed_bismark_bt2.CpG",1630,1149,481,1630
"8321","07_report/CpG_context_sampling_4980_321_trimmed_bismark_bt2.CpG",1708,1214,494,1708
"8322","07_report/CpG_context_sampling_4980_322_trimmed_bismark_bt2.CpG",1704,1232,472,1704
"8323","07_report/CpG_context_sampling_4980_323_trimmed_bismark_bt2.CpG",1739,1249,490,1739
"8324","07_report/CpG_context_sampling_4980_324_trimmed_bismark_bt2.CpG",1688,1223,465,1688
"8325","07_report/CpG_context_sampling_4980_325_trimmed_bismark_bt2.CpG",1765,1242,523,1765
"8326","07_report/CpG_context_sampling_4980_326_trimmed_bismark_bt2.CpG",1720,1255,465,1720
"8327","07_report/CpG_context_sampling_4980_327_trimmed_bismark_bt2.CpG",1725,1259,466,1725
"8328","07_report/CpG_context_sampling_4980_328_trimmed_bismark_bt2.CpG",1757,1277,480,1757
"8329","07_report/CpG_context_sampling_4980_329_trimmed_bismark_bt2.CpG",1724,1235,489,1724
"8330","07_report/CpG_context_sampling_4980_330_trimmed_bismark_bt2.CpG",1725,1225,500,1725
"8331","07_report/CpG_context_sampling_4980_331_trimmed_bismark_bt2.CpG",1713,1246,467,1713
"8332","07_report/CpG_context_sampling_4980_332_trimmed_bismark_bt2.CpG",1733,1264,469,1733
"8333","07_report/CpG_context_sampling_4980_333_trimmed_bismark_bt2.CpG",1699,1201,498,1699
"8334","07_report/CpG_context_sampling_4980_334_trimmed_bismark_bt2.CpG",1767,1253,514,1767
"8335","07_report/CpG_context_sampling_4980_335_trimmed_bismark_bt2.CpG",1784,1271,513,1784
"8336","07_report/CpG_context_sampling_4980_336_trimmed_bismark_bt2.CpG",1723,1253,470,1723
"8337","07_report/CpG_context_sampling_4980_337_trimmed_bismark_bt2.CpG",1743,1277,466,1743
"8338","07_report/CpG_context_sampling_4980_338_trimmed_bismark_bt2.CpG",1731,1248,483,1731
"8339","07_report/CpG_context_sampling_4980_339_trimmed_bismark_bt2.CpG",1741,1238,503,1741
"8340","07_report/CpG_context_sampling_4980_340_trimmed_bismark_bt2.CpG",1749,1233,516,1749
"8341","07_report/CpG_context_sampling_4980_341_trimmed_bismark_bt2.CpG",1754,1242,512,1754
"8342","07_report/CpG_context_sampling_4980_342_trimmed_bismark_bt2.CpG",1733,1267,466,1733
"8343","07_report/CpG_context_sampling_4980_343_trimmed_bismark_bt2.CpG",1732,1242,490,1732
"8344","07_report/CpG_context_sampling_4980_344_trimmed_bismark_bt2.CpG",1708,1204,504,1708
"8345","07_report/CpG_context_sampling_4980_345_trimmed_bismark_bt2.CpG",1762,1227,535,1762
"8346","07_report/CpG_context_sampling_4980_346_trimmed_bismark_bt2.CpG",1740,1262,478,1740
"8347","07_report/CpG_context_sampling_4980_347_trimmed_bismark_bt2.CpG",1691,1212,479,1691
"8348","07_report/CpG_context_sampling_4980_348_trimmed_bismark_bt2.CpG",1769,1267,502,1769
"8349","07_report/CpG_context_sampling_4980_349_trimmed_bismark_bt2.CpG",1720,1231,489,1720
"8350","07_report/CpG_context_sampling_4980_350_trimmed_bismark_bt2.CpG",1677,1201,476,1677
"8351","07_report/CpG_context_sampling_4980_351_trimmed_bismark_bt2.CpG",1706,1243,463,1706
"8352","07_report/CpG_context_sampling_4980_352_trimmed_bismark_bt2.CpG",1673,1174,499,1673
"8353","07_report/CpG_context_sampling_4980_353_trimmed_bismark_bt2.CpG",1775,1254,521,1775
"8354","07_report/CpG_context_sampling_4980_354_trimmed_bismark_bt2.CpG",1744,1274,470,1744
"8355","07_report/CpG_context_sampling_4980_355_trimmed_bismark_bt2.CpG",1729,1257,472,1729
"8356","07_report/CpG_context_sampling_4980_356_trimmed_bismark_bt2.CpG",1688,1216,472,1688
"8357","07_report/CpG_context_sampling_4980_357_trimmed_bismark_bt2.CpG",1716,1208,508,1716
"8358","07_report/CpG_context_sampling_4980_358_trimmed_bismark_bt2.CpG",1740,1231,509,1740
"8359","07_report/CpG_context_sampling_4980_359_trimmed_bismark_bt2.CpG",1801,1315,486,1801
"8360","07_report/CpG_context_sampling_4980_360_trimmed_bismark_bt2.CpG",1717,1192,525,1717
"8361","07_report/CpG_context_sampling_4980_361_trimmed_bismark_bt2.CpG",1763,1276,487,1763
"8362","07_report/CpG_context_sampling_4980_362_trimmed_bismark_bt2.CpG",1706,1249,457,1706
"8363","07_report/CpG_context_sampling_4980_363_trimmed_bismark_bt2.CpG",1737,1224,513,1737
"8364","07_report/CpG_context_sampling_4980_364_trimmed_bismark_bt2.CpG",1679,1232,447,1679
"8365","07_report/CpG_context_sampling_4980_365_trimmed_bismark_bt2.CpG",1737,1269,468,1737
"8366","07_report/CpG_context_sampling_4980_366_trimmed_bismark_bt2.CpG",1701,1187,514,1701
"8367","07_report/CpG_context_sampling_4980_367_trimmed_bismark_bt2.CpG",1705,1184,521,1705
"8368","07_report/CpG_context_sampling_4980_368_trimmed_bismark_bt2.CpG",1706,1227,479,1706
"8369","07_report/CpG_context_sampling_4980_369_trimmed_bismark_bt2.CpG",1718,1229,489,1718
"8370","07_report/CpG_context_sampling_4980_370_trimmed_bismark_bt2.CpG",1683,1201,482,1683
"8371","07_report/CpG_context_sampling_4980_371_trimmed_bismark_bt2.CpG",1719,1221,498,1719
"8372","07_report/CpG_context_sampling_4980_372_trimmed_bismark_bt2.CpG",1728,1236,492,1728
"8373","07_report/CpG_context_sampling_4980_373_trimmed_bismark_bt2.CpG",1722,1244,478,1722
"8374","07_report/CpG_context_sampling_4980_374_trimmed_bismark_bt2.CpG",1690,1200,490,1690
"8375","07_report/CpG_context_sampling_4980_375_trimmed_bismark_bt2.CpG",1700,1182,518,1700
"8376","07_report/CpG_context_sampling_4980_376_trimmed_bismark_bt2.CpG",1741,1269,472,1741
"8377","07_report/CpG_context_sampling_4980_377_trimmed_bismark_bt2.CpG",1762,1273,489,1762
"8378","07_report/CpG_context_sampling_4980_378_trimmed_bismark_bt2.CpG",1683,1156,527,1683
"8379","07_report/CpG_context_sampling_4980_379_trimmed_bismark_bt2.CpG",1706,1198,508,1706
"8380","07_report/CpG_context_sampling_4980_380_trimmed_bismark_bt2.CpG",1756,1277,479,1756
"8381","07_report/CpG_context_sampling_4980_381_trimmed_bismark_bt2.CpG",1761,1277,484,1761
"8382","07_report/CpG_context_sampling_4980_382_trimmed_bismark_bt2.CpG",1764,1242,522,1764
"8383","07_report/CpG_context_sampling_4980_383_trimmed_bismark_bt2.CpG",1739,1244,495,1739
"8384","07_report/CpG_context_sampling_4980_384_trimmed_bismark_bt2.CpG",1722,1242,480,1722
"8385","07_report/CpG_context_sampling_4980_385_trimmed_bismark_bt2.CpG",1774,1262,512,1774
"8386","07_report/CpG_context_sampling_4980_386_trimmed_bismark_bt2.CpG",1778,1315,463,1778
"8387","07_report/CpG_context_sampling_4980_387_trimmed_bismark_bt2.CpG",1741,1251,490,1741
"8388","07_report/CpG_context_sampling_4980_388_trimmed_bismark_bt2.CpG",1768,1270,498,1768
"8389","07_report/CpG_context_sampling_4980_389_trimmed_bismark_bt2.CpG",1736,1218,518,1736
"8390","07_report/CpG_context_sampling_4980_390_trimmed_bismark_bt2.CpG",1727,1233,494,1727
"8391","07_report/CpG_context_sampling_4980_391_trimmed_bismark_bt2.CpG",1789,1304,485,1789
"8392","07_report/CpG_context_sampling_4980_392_trimmed_bismark_bt2.CpG",1635,1133,502,1635
"8393","07_report/CpG_context_sampling_4980_393_trimmed_bismark_bt2.CpG",1682,1202,480,1682
"8394","07_report/CpG_context_sampling_4980_394_trimmed_bismark_bt2.CpG",1739,1231,508,1739
"8395","07_report/CpG_context_sampling_4980_395_trimmed_bismark_bt2.CpG",1699,1223,476,1699
"8396","07_report/CpG_context_sampling_4980_396_trimmed_bismark_bt2.CpG",1689,1212,477,1689
"8397","07_report/CpG_context_sampling_4980_397_trimmed_bismark_bt2.CpG",1715,1251,464,1715
"8398","07_report/CpG_context_sampling_4980_398_trimmed_bismark_bt2.CpG",1734,1227,507,1734
"8399","07_report/CpG_context_sampling_4980_399_trimmed_bismark_bt2.CpG",1695,1188,507,1695
"8400","07_report/CpG_context_sampling_4980_400_trimmed_bismark_bt2.CpG",1749,1235,514,1749
"8401","07_report/CpG_context_sampling_4980_401_trimmed_bismark_bt2.CpG",1740,1264,476,1740
"8402","07_report/CpG_context_sampling_4980_402_trimmed_bismark_bt2.CpG",1712,1215,497,1712
"8403","07_report/CpG_context_sampling_4980_403_trimmed_bismark_bt2.CpG",1738,1211,527,1738
"8404","07_report/CpG_context_sampling_4980_404_trimmed_bismark_bt2.CpG",1733,1228,505,1733
"8405","07_report/CpG_context_sampling_4980_405_trimmed_bismark_bt2.CpG",1743,1275,468,1743
"8406","07_report/CpG_context_sampling_4980_406_trimmed_bismark_bt2.CpG",1706,1208,498,1706
"8407","07_report/CpG_context_sampling_4980_407_trimmed_bismark_bt2.CpG",1656,1143,513,1656
"8408","07_report/CpG_context_sampling_4980_408_trimmed_bismark_bt2.CpG",1763,1254,509,1763
"8409","07_report/CpG_context_sampling_4980_409_trimmed_bismark_bt2.CpG",1708,1231,477,1708
"8410","07_report/CpG_context_sampling_4980_410_trimmed_bismark_bt2.CpG",1765,1264,501,1765
"8411","07_report/CpG_context_sampling_4980_411_trimmed_bismark_bt2.CpG",1691,1216,475,1691
"8412","07_report/CpG_context_sampling_4980_412_trimmed_bismark_bt2.CpG",1736,1252,484,1736
"8413","07_report/CpG_context_sampling_4980_413_trimmed_bismark_bt2.CpG",1737,1244,493,1737
"8414","07_report/CpG_context_sampling_4980_414_trimmed_bismark_bt2.CpG",1759,1257,502,1759
"8415","07_report/CpG_context_sampling_4980_415_trimmed_bismark_bt2.CpG",1705,1240,465,1705
"8416","07_report/CpG_context_sampling_4980_416_trimmed_bismark_bt2.CpG",1675,1237,438,1675
"8417","07_report/CpG_context_sampling_4980_417_trimmed_bismark_bt2.CpG",1743,1228,515,1743
"8418","07_report/CpG_context_sampling_4980_418_trimmed_bismark_bt2.CpG",1752,1255,497,1752
"8419","07_report/CpG_context_sampling_4980_419_trimmed_bismark_bt2.CpG",1760,1250,510,1760
"8420","07_report/CpG_context_sampling_4980_420_trimmed_bismark_bt2.CpG",1789,1319,470,1789
"8421","07_report/CpG_context_sampling_4980_421_trimmed_bismark_bt2.CpG",1734,1239,495,1734
"8422","07_report/CpG_context_sampling_4980_422_trimmed_bismark_bt2.CpG",1693,1211,482,1693
"8423","07_report/CpG_context_sampling_4980_423_trimmed_bismark_bt2.CpG",1711,1222,489,1711
"8424","07_report/CpG_context_sampling_4980_424_trimmed_bismark_bt2.CpG",1707,1213,494,1707
"8425","07_report/CpG_context_sampling_4980_425_trimmed_bismark_bt2.CpG",1741,1231,510,1741
"8426","07_report/CpG_context_sampling_4980_426_trimmed_bismark_bt2.CpG",1678,1200,478,1678
"8427","07_report/CpG_context_sampling_4980_427_trimmed_bismark_bt2.CpG",1750,1253,497,1750
"8428","07_report/CpG_context_sampling_4980_428_trimmed_bismark_bt2.CpG",1776,1297,479,1776
"8429","07_report/CpG_context_sampling_4980_429_trimmed_bismark_bt2.CpG",1738,1261,477,1738
"8430","07_report/CpG_context_sampling_4980_430_trimmed_bismark_bt2.CpG",1733,1256,477,1733
"8431","07_report/CpG_context_sampling_4980_431_trimmed_bismark_bt2.CpG",1786,1280,506,1786
"8432","07_report/CpG_context_sampling_4980_432_trimmed_bismark_bt2.CpG",1718,1213,505,1718
"8433","07_report/CpG_context_sampling_4980_433_trimmed_bismark_bt2.CpG",1724,1231,493,1724
"8434","07_report/CpG_context_sampling_4980_434_trimmed_bismark_bt2.CpG",1740,1258,482,1740
"8435","07_report/CpG_context_sampling_4980_435_trimmed_bismark_bt2.CpG",1745,1263,482,1745
"8436","07_report/CpG_context_sampling_4980_436_trimmed_bismark_bt2.CpG",1706,1228,478,1706
"8437","07_report/CpG_context_sampling_4980_437_trimmed_bismark_bt2.CpG",1720,1237,483,1720
"8438","07_report/CpG_context_sampling_4980_438_trimmed_bismark_bt2.CpG",1686,1212,474,1686
"8439","07_report/CpG_context_sampling_4980_439_trimmed_bismark_bt2.CpG",1683,1207,476,1683
"8440","07_report/CpG_context_sampling_4980_440_trimmed_bismark_bt2.CpG",1738,1220,518,1738
"8441","07_report/CpG_context_sampling_4980_441_trimmed_bismark_bt2.CpG",1780,1275,505,1780
"8442","07_report/CpG_context_sampling_4980_442_trimmed_bismark_bt2.CpG",1704,1169,535,1704
"8443","07_report/CpG_context_sampling_4980_443_trimmed_bismark_bt2.CpG",1702,1221,481,1702
"8444","07_report/CpG_context_sampling_4980_444_trimmed_bismark_bt2.CpG",1701,1229,472,1701
"8445","07_report/CpG_context_sampling_4980_445_trimmed_bismark_bt2.CpG",1718,1245,473,1718
"8446","07_report/CpG_context_sampling_4980_446_trimmed_bismark_bt2.CpG",1731,1273,458,1731
"8447","07_report/CpG_context_sampling_4980_447_trimmed_bismark_bt2.CpG",1710,1224,486,1710
"8448","07_report/CpG_context_sampling_4980_448_trimmed_bismark_bt2.CpG",1727,1242,485,1727
"8449","07_report/CpG_context_sampling_4980_449_trimmed_bismark_bt2.CpG",1803,1304,499,1803
"8450","07_report/CpG_context_sampling_4980_450_trimmed_bismark_bt2.CpG",1729,1274,455,1729
"8451","07_report/CpG_context_sampling_4980_451_trimmed_bismark_bt2.CpG",1816,1293,523,1816
"8452","07_report/CpG_context_sampling_4980_452_trimmed_bismark_bt2.CpG",1710,1244,466,1710
"8453","07_report/CpG_context_sampling_4980_453_trimmed_bismark_bt2.CpG",1708,1224,484,1708
"8454","07_report/CpG_context_sampling_4980_454_trimmed_bismark_bt2.CpG",1693,1226,467,1693
"8455","07_report/CpG_context_sampling_4980_455_trimmed_bismark_bt2.CpG",1734,1234,500,1734
"8456","07_report/CpG_context_sampling_4980_456_trimmed_bismark_bt2.CpG",1723,1281,442,1723
"8457","07_report/CpG_context_sampling_4980_457_trimmed_bismark_bt2.CpG",1743,1251,492,1743
"8458","07_report/CpG_context_sampling_4980_458_trimmed_bismark_bt2.CpG",1728,1204,524,1728
"8459","07_report/CpG_context_sampling_4980_459_trimmed_bismark_bt2.CpG",1732,1244,488,1732
"8460","07_report/CpG_context_sampling_4980_460_trimmed_bismark_bt2.CpG",1716,1219,497,1716
"8461","07_report/CpG_context_sampling_4980_461_trimmed_bismark_bt2.CpG",1700,1183,517,1700
"8462","07_report/CpG_context_sampling_4980_462_trimmed_bismark_bt2.CpG",1694,1217,477,1694
"8463","07_report/CpG_context_sampling_4980_463_trimmed_bismark_bt2.CpG",1725,1227,498,1725
"8464","07_report/CpG_context_sampling_4980_464_trimmed_bismark_bt2.CpG",1745,1235,510,1745
"8465","07_report/CpG_context_sampling_4980_465_trimmed_bismark_bt2.CpG",1733,1230,503,1733
"8466","07_report/CpG_context_sampling_4980_466_trimmed_bismark_bt2.CpG",1709,1225,484,1709
"8467","07_report/CpG_context_sampling_4980_467_trimmed_bismark_bt2.CpG",1694,1202,492,1694
"8468","07_report/CpG_context_sampling_4980_468_trimmed_bismark_bt2.CpG",1731,1247,484,1731
"8469","07_report/CpG_context_sampling_4980_469_trimmed_bismark_bt2.CpG",1714,1219,495,1714
"8470","07_report/CpG_context_sampling_4980_470_trimmed_bismark_bt2.CpG",1713,1209,504,1713
"8471","07_report/CpG_context_sampling_4980_471_trimmed_bismark_bt2.CpG",1706,1220,486,1706
"8472","07_report/CpG_context_sampling_4980_472_trimmed_bismark_bt2.CpG",1741,1257,484,1741
"8473","07_report/CpG_context_sampling_4980_473_trimmed_bismark_bt2.CpG",1758,1235,523,1758
"8474","07_report/CpG_context_sampling_4980_474_trimmed_bismark_bt2.CpG",1726,1227,499,1726
"8475","07_report/CpG_context_sampling_4980_475_trimmed_bismark_bt2.CpG",1723,1238,485,1723
"8476","07_report/CpG_context_sampling_4980_476_trimmed_bismark_bt2.CpG",1757,1289,468,1757
"8477","07_report/CpG_context_sampling_4980_477_trimmed_bismark_bt2.CpG",1736,1234,502,1736
"8478","07_report/CpG_context_sampling_4980_478_trimmed_bismark_bt2.CpG",1716,1251,465,1716
"8479","07_report/CpG_context_sampling_4980_479_trimmed_bismark_bt2.CpG",1665,1179,486,1665
"8480","07_report/CpG_context_sampling_4980_480_trimmed_bismark_bt2.CpG",1738,1247,491,1738
"8481","07_report/CpG_context_sampling_4980_481_trimmed_bismark_bt2.CpG",1715,1235,480,1715
"8482","07_report/CpG_context_sampling_4980_482_trimmed_bismark_bt2.CpG",1715,1242,473,1715
"8483","07_report/CpG_context_sampling_4980_483_trimmed_bismark_bt2.CpG",1727,1222,505,1727
"8484","07_report/CpG_context_sampling_4980_484_trimmed_bismark_bt2.CpG",1746,1229,517,1746
"8485","07_report/CpG_context_sampling_4980_485_trimmed_bismark_bt2.CpG",1767,1265,502,1767
"8486","07_report/CpG_context_sampling_4980_486_trimmed_bismark_bt2.CpG",1713,1235,478,1713
"8487","07_report/CpG_context_sampling_4980_487_trimmed_bismark_bt2.CpG",1763,1247,516,1763
"8488","07_report/CpG_context_sampling_4980_488_trimmed_bismark_bt2.CpG",1720,1187,533,1720
"8489","07_report/CpG_context_sampling_4980_489_trimmed_bismark_bt2.CpG",1753,1253,500,1753
"8490","07_report/CpG_context_sampling_4980_490_trimmed_bismark_bt2.CpG",1740,1261,479,1740
"8491","07_report/CpG_context_sampling_4980_491_trimmed_bismark_bt2.CpG",1729,1237,492,1729
"8492","07_report/CpG_context_sampling_4980_492_trimmed_bismark_bt2.CpG",1715,1222,493,1715
"8493","07_report/CpG_context_sampling_4980_493_trimmed_bismark_bt2.CpG",1769,1284,485,1769
"8494","07_report/CpG_context_sampling_4980_494_trimmed_bismark_bt2.CpG",1710,1249,461,1710
"8495","07_report/CpG_context_sampling_4980_495_trimmed_bismark_bt2.CpG",1758,1266,492,1758
"8496","07_report/CpG_context_sampling_4980_496_trimmed_bismark_bt2.CpG",1710,1210,500,1710
"8497","07_report/CpG_context_sampling_4980_497_trimmed_bismark_bt2.CpG",1747,1207,540,1747
"8498","07_report/CpG_context_sampling_4980_498_trimmed_bismark_bt2.CpG",1748,1253,495,1748
"8499","07_report/CpG_context_sampling_4980_499_trimmed_bismark_bt2.CpG",1723,1223,500,1723
"8500","07_report/CpG_context_sampling_4980_500_trimmed_bismark_bt2.CpG",1688,1225,463,1688
"8501","07_report/CpG_context_sampling_4980_501_trimmed_bismark_bt2.CpG",1668,1189,479,1668
"8502","07_report/CpG_context_sampling_4980_502_trimmed_bismark_bt2.CpG",1690,1199,491,1690
"8503","07_report/CpG_context_sampling_4980_503_trimmed_bismark_bt2.CpG",1732,1244,488,1732
"8504","07_report/CpG_context_sampling_4980_504_trimmed_bismark_bt2.CpG",1707,1196,511,1707
"8505","07_report/CpG_context_sampling_4980_505_trimmed_bismark_bt2.CpG",1720,1232,488,1720
"8506","07_report/CpG_context_sampling_4980_506_trimmed_bismark_bt2.CpG",1709,1230,479,1709
"8507","07_report/CpG_context_sampling_4980_507_trimmed_bismark_bt2.CpG",1769,1263,506,1769
"8508","07_report/CpG_context_sampling_4980_508_trimmed_bismark_bt2.CpG",1689,1178,511,1689
"8509","07_report/CpG_context_sampling_4980_509_trimmed_bismark_bt2.CpG",1718,1242,476,1718
"8510","07_report/CpG_context_sampling_4980_510_trimmed_bismark_bt2.CpG",1787,1276,511,1787
"8511","07_report/CpG_context_sampling_4980_511_trimmed_bismark_bt2.CpG",1724,1232,492,1724
"8512","07_report/CpG_context_sampling_4980_512_trimmed_bismark_bt2.CpG",1793,1293,500,1793
"8513","07_report/CpG_context_sampling_4980_513_trimmed_bismark_bt2.CpG",1711,1185,526,1711
"8514","07_report/CpG_context_sampling_4980_514_trimmed_bismark_bt2.CpG",1776,1244,532,1776
"8515","07_report/CpG_context_sampling_4980_515_trimmed_bismark_bt2.CpG",1699,1228,471,1699
"8516","07_report/CpG_context_sampling_4980_516_trimmed_bismark_bt2.CpG",1763,1256,507,1763
"8517","07_report/CpG_context_sampling_4980_517_trimmed_bismark_bt2.CpG",1745,1245,500,1745
"8518","07_report/CpG_context_sampling_4980_518_trimmed_bismark_bt2.CpG",1720,1210,510,1720
"8519","07_report/CpG_context_sampling_4980_519_trimmed_bismark_bt2.CpG",1731,1254,477,1731
"8520","07_report/CpG_context_sampling_4980_520_trimmed_bismark_bt2.CpG",1672,1185,487,1672
"8521","07_report/CpG_context_sampling_4980_521_trimmed_bismark_bt2.CpG",1718,1265,453,1718
"8522","07_report/CpG_context_sampling_4980_522_trimmed_bismark_bt2.CpG",1724,1208,516,1724
"8523","07_report/CpG_context_sampling_4980_523_trimmed_bismark_bt2.CpG",1694,1228,466,1694
"8524","07_report/CpG_context_sampling_4980_524_trimmed_bismark_bt2.CpG",1666,1170,496,1666
"8525","07_report/CpG_context_sampling_4980_525_trimmed_bismark_bt2.CpG",1747,1243,504,1747
"8526","07_report/CpG_context_sampling_4980_526_trimmed_bismark_bt2.CpG",1740,1263,477,1740
"8527","07_report/CpG_context_sampling_4980_527_trimmed_bismark_bt2.CpG",1749,1240,509,1749
"8528","07_report/CpG_context_sampling_4980_528_trimmed_bismark_bt2.CpG",1766,1289,477,1766
"8529","07_report/CpG_context_sampling_4980_529_trimmed_bismark_bt2.CpG",1754,1266,488,1754
"8530","07_report/CpG_context_sampling_4980_530_trimmed_bismark_bt2.CpG",1706,1197,509,1706
"8531","07_report/CpG_context_sampling_4980_531_trimmed_bismark_bt2.CpG",1721,1206,515,1721
"8532","07_report/CpG_context_sampling_4980_532_trimmed_bismark_bt2.CpG",1717,1221,496,1717
"8533","07_report/CpG_context_sampling_4980_533_trimmed_bismark_bt2.CpG",1727,1191,536,1727
"8534","07_report/CpG_context_sampling_4980_534_trimmed_bismark_bt2.CpG",1674,1182,492,1674
"8535","07_report/CpG_context_sampling_4980_535_trimmed_bismark_bt2.CpG",1727,1183,544,1727
"8536","07_report/CpG_context_sampling_4980_536_trimmed_bismark_bt2.CpG",1719,1232,487,1719
"8537","07_report/CpG_context_sampling_4980_537_trimmed_bismark_bt2.CpG",1682,1204,478,1682
"8538","07_report/CpG_context_sampling_4980_538_trimmed_bismark_bt2.CpG",1731,1236,495,1731
"8539","07_report/CpG_context_sampling_4980_539_trimmed_bismark_bt2.CpG",1717,1221,496,1717
"8540","07_report/CpG_context_sampling_4980_540_trimmed_bismark_bt2.CpG",1747,1259,488,1747
"8541","07_report/CpG_context_sampling_4980_541_trimmed_bismark_bt2.CpG",1715,1216,499,1715
"8542","07_report/CpG_context_sampling_4980_542_trimmed_bismark_bt2.CpG",1675,1214,461,1675
"8543","07_report/CpG_context_sampling_4980_543_trimmed_bismark_bt2.CpG",1701,1199,502,1701
"8544","07_report/CpG_context_sampling_4980_544_trimmed_bismark_bt2.CpG",1730,1239,491,1730
"8545","07_report/CpG_context_sampling_4980_545_trimmed_bismark_bt2.CpG",1714,1226,488,1714
"8546","07_report/CpG_context_sampling_4980_546_trimmed_bismark_bt2.CpG",1733,1241,492,1733
"8547","07_report/CpG_context_sampling_4980_547_trimmed_bismark_bt2.CpG",1689,1176,513,1689
"8548","07_report/CpG_context_sampling_4980_548_trimmed_bismark_bt2.CpG",1631,1171,460,1631
"8549","07_report/CpG_context_sampling_4980_549_trimmed_bismark_bt2.CpG",1705,1208,497,1705
"8550","07_report/CpG_context_sampling_4980_550_trimmed_bismark_bt2.CpG",1754,1229,525,1754
"8551","07_report/CpG_context_sampling_4980_551_trimmed_bismark_bt2.CpG",1773,1303,470,1773
"8552","07_report/CpG_context_sampling_4980_552_trimmed_bismark_bt2.CpG",1765,1274,491,1765
"8553","07_report/CpG_context_sampling_4980_553_trimmed_bismark_bt2.CpG",1715,1251,464,1715
"8554","07_report/CpG_context_sampling_4980_554_trimmed_bismark_bt2.CpG",1725,1226,499,1725
"8555","07_report/CpG_context_sampling_4980_555_trimmed_bismark_bt2.CpG",1728,1225,503,1728
"8556","07_report/CpG_context_sampling_4980_556_trimmed_bismark_bt2.CpG",1787,1276,511,1787
"8557","07_report/CpG_context_sampling_4980_557_trimmed_bismark_bt2.CpG",1717,1209,508,1717
"8558","07_report/CpG_context_sampling_4980_558_trimmed_bismark_bt2.CpG",1735,1249,486,1735
"8559","07_report/CpG_context_sampling_4980_559_trimmed_bismark_bt2.CpG",1700,1211,489,1700
"8560","07_report/CpG_context_sampling_4980_560_trimmed_bismark_bt2.CpG",1650,1189,461,1650
"8561","07_report/CpG_context_sampling_4980_561_trimmed_bismark_bt2.CpG",1723,1197,526,1723
"8562","07_report/CpG_context_sampling_4980_562_trimmed_bismark_bt2.CpG",1741,1222,519,1741
"8563","07_report/CpG_context_sampling_4980_563_trimmed_bismark_bt2.CpG",1661,1171,490,1661
"8564","07_report/CpG_context_sampling_4980_564_trimmed_bismark_bt2.CpG",1708,1214,494,1708
"8565","07_report/CpG_context_sampling_4980_565_trimmed_bismark_bt2.CpG",1771,1286,485,1771
"8566","07_report/CpG_context_sampling_4980_566_trimmed_bismark_bt2.CpG",1831,1325,506,1831
"8567","07_report/CpG_context_sampling_4980_567_trimmed_bismark_bt2.CpG",1750,1237,513,1750
"8568","07_report/CpG_context_sampling_4980_568_trimmed_bismark_bt2.CpG",1672,1179,493,1672
"8569","07_report/CpG_context_sampling_4980_569_trimmed_bismark_bt2.CpG",1737,1255,482,1737
"8570","07_report/CpG_context_sampling_4980_570_trimmed_bismark_bt2.CpG",1684,1208,476,1684
"8571","07_report/CpG_context_sampling_4980_571_trimmed_bismark_bt2.CpG",1664,1188,476,1664
"8572","07_report/CpG_context_sampling_4980_572_trimmed_bismark_bt2.CpG",1766,1273,493,1766
"8573","07_report/CpG_context_sampling_4980_573_trimmed_bismark_bt2.CpG",1687,1177,510,1687
"8574","07_report/CpG_context_sampling_4980_574_trimmed_bismark_bt2.CpG",1791,1305,486,1791
"8575","07_report/CpG_context_sampling_4980_575_trimmed_bismark_bt2.CpG",1784,1277,507,1784
"8576","07_report/CpG_context_sampling_4980_576_trimmed_bismark_bt2.CpG",1751,1262,489,1751
"8577","07_report/CpG_context_sampling_4980_577_trimmed_bismark_bt2.CpG",1689,1220,469,1689
"8578","07_report/CpG_context_sampling_4980_578_trimmed_bismark_bt2.CpG",1732,1239,493,1732
"8579","07_report/CpG_context_sampling_4980_579_trimmed_bismark_bt2.CpG",1690,1247,443,1690
"8580","07_report/CpG_context_sampling_4980_580_trimmed_bismark_bt2.CpG",1709,1214,495,1709
"8581","07_report/CpG_context_sampling_4980_581_trimmed_bismark_bt2.CpG",1747,1219,528,1747
"8582","07_report/CpG_context_sampling_4980_582_trimmed_bismark_bt2.CpG",1721,1222,499,1721
"8583","07_report/CpG_context_sampling_4980_583_trimmed_bismark_bt2.CpG",1709,1214,495,1709
"8584","07_report/CpG_context_sampling_4980_584_trimmed_bismark_bt2.CpG",1812,1326,486,1812
"8585","07_report/CpG_context_sampling_4980_585_trimmed_bismark_bt2.CpG",1754,1257,497,1754
"8586","07_report/CpG_context_sampling_4980_586_trimmed_bismark_bt2.CpG",1745,1266,479,1745
"8587","07_report/CpG_context_sampling_4980_587_trimmed_bismark_bt2.CpG",1773,1272,501,1773
"8588","07_report/CpG_context_sampling_4980_588_trimmed_bismark_bt2.CpG",1709,1221,488,1709
"8589","07_report/CpG_context_sampling_4980_589_trimmed_bismark_bt2.CpG",1747,1239,508,1747
"8590","07_report/CpG_context_sampling_4980_590_trimmed_bismark_bt2.CpG",1766,1280,486,1766
"8591","07_report/CpG_context_sampling_4980_591_trimmed_bismark_bt2.CpG",1760,1217,543,1760
"8592","07_report/CpG_context_sampling_4980_592_trimmed_bismark_bt2.CpG",1727,1236,491,1727
"8593","07_report/CpG_context_sampling_4980_593_trimmed_bismark_bt2.CpG",1745,1225,520,1745
"8594","07_report/CpG_context_sampling_4980_594_trimmed_bismark_bt2.CpG",1761,1233,528,1761
"8595","07_report/CpG_context_sampling_4980_595_trimmed_bismark_bt2.CpG",1702,1232,470,1702
"8596","07_report/CpG_context_sampling_4980_596_trimmed_bismark_bt2.CpG",1717,1196,521,1717
"8597","07_report/CpG_context_sampling_4980_597_trimmed_bismark_bt2.CpG",1746,1252,494,1746
"8598","07_report/CpG_context_sampling_4980_598_trimmed_bismark_bt2.CpG",1726,1232,494,1726
"8599","07_report/CpG_context_sampling_4980_599_trimmed_bismark_bt2.CpG",1678,1186,492,1678
"8600","07_report/CpG_context_sampling_4980_600_trimmed_bismark_bt2.CpG",1711,1181,530,1711
"8601","07_report/CpG_context_sampling_4980_601_trimmed_bismark_bt2.CpG",1791,1269,522,1791
"8602","07_report/CpG_context_sampling_4980_602_trimmed_bismark_bt2.CpG",1722,1207,515,1722
"8603","07_report/CpG_context_sampling_4980_603_trimmed_bismark_bt2.CpG",1731,1233,498,1731
"8604","07_report/CpG_context_sampling_4980_604_trimmed_bismark_bt2.CpG",1732,1282,450,1732
"8605","07_report/CpG_context_sampling_4980_605_trimmed_bismark_bt2.CpG",1739,1242,497,1739
"8606","07_report/CpG_context_sampling_4980_606_trimmed_bismark_bt2.CpG",1749,1239,510,1749
"8607","07_report/CpG_context_sampling_4980_607_trimmed_bismark_bt2.CpG",1691,1233,458,1691
"8608","07_report/CpG_context_sampling_4980_608_trimmed_bismark_bt2.CpG",1757,1271,486,1757
"8609","07_report/CpG_context_sampling_4980_609_trimmed_bismark_bt2.CpG",1743,1239,504,1743
"8610","07_report/CpG_context_sampling_4980_610_trimmed_bismark_bt2.CpG",1718,1258,460,1718
"8611","07_report/CpG_context_sampling_4980_611_trimmed_bismark_bt2.CpG",1721,1211,510,1721
"8612","07_report/CpG_context_sampling_4980_612_trimmed_bismark_bt2.CpG",1767,1258,509,1767
"8613","07_report/CpG_context_sampling_4980_613_trimmed_bismark_bt2.CpG",1741,1219,522,1741
"8614","07_report/CpG_context_sampling_4980_614_trimmed_bismark_bt2.CpG",1704,1215,489,1704
"8615","07_report/CpG_context_sampling_4980_615_trimmed_bismark_bt2.CpG",1683,1224,459,1683
"8616","07_report/CpG_context_sampling_4980_616_trimmed_bismark_bt2.CpG",1716,1199,517,1716
"8617","07_report/CpG_context_sampling_4980_617_trimmed_bismark_bt2.CpG",1785,1262,523,1785
"8618","07_report/CpG_context_sampling_4980_618_trimmed_bismark_bt2.CpG",1736,1268,468,1736
"8619","07_report/CpG_context_sampling_4980_619_trimmed_bismark_bt2.CpG",1699,1205,494,1699
"8620","07_report/CpG_context_sampling_4980_620_trimmed_bismark_bt2.CpG",1686,1190,496,1686
"8621","07_report/CpG_context_sampling_4980_621_trimmed_bismark_bt2.CpG",1758,1262,496,1758
"8622","07_report/CpG_context_sampling_4980_622_trimmed_bismark_bt2.CpG",1737,1264,473,1737
"8623","07_report/CpG_context_sampling_4980_623_trimmed_bismark_bt2.CpG",1780,1248,532,1780
"8624","07_report/CpG_context_sampling_4980_624_trimmed_bismark_bt2.CpG",1705,1226,479,1705
"8625","07_report/CpG_context_sampling_4980_625_trimmed_bismark_bt2.CpG",1651,1187,464,1651
"8626","07_report/CpG_context_sampling_4980_626_trimmed_bismark_bt2.CpG",1737,1217,520,1737
"8627","07_report/CpG_context_sampling_4980_627_trimmed_bismark_bt2.CpG",1740,1239,501,1740
"8628","07_report/CpG_context_sampling_4980_628_trimmed_bismark_bt2.CpG",1768,1221,547,1768
"8629","07_report/CpG_context_sampling_4980_629_trimmed_bismark_bt2.CpG",1752,1239,513,1752
"8630","07_report/CpG_context_sampling_4980_630_trimmed_bismark_bt2.CpG",1725,1260,465,1725
"8631","07_report/CpG_context_sampling_4980_631_trimmed_bismark_bt2.CpG",1760,1237,523,1760
"8632","07_report/CpG_context_sampling_4980_632_trimmed_bismark_bt2.CpG",1776,1297,479,1776
"8633","07_report/CpG_context_sampling_4980_633_trimmed_bismark_bt2.CpG",1718,1193,525,1718
"8634","07_report/CpG_context_sampling_4980_634_trimmed_bismark_bt2.CpG",1713,1248,465,1713
"8635","07_report/CpG_context_sampling_4980_635_trimmed_bismark_bt2.CpG",1684,1201,483,1684
"8636","07_report/CpG_context_sampling_4980_636_trimmed_bismark_bt2.CpG",1655,1195,460,1655
"8637","07_report/CpG_context_sampling_4980_637_trimmed_bismark_bt2.CpG",1765,1286,479,1765
"8638","07_report/CpG_context_sampling_4980_638_trimmed_bismark_bt2.CpG",1706,1224,482,1706
"8639","07_report/CpG_context_sampling_4980_639_trimmed_bismark_bt2.CpG",1729,1189,540,1729
"8640","07_report/CpG_context_sampling_4980_640_trimmed_bismark_bt2.CpG",1740,1237,503,1740
"8641","07_report/CpG_context_sampling_4980_641_trimmed_bismark_bt2.CpG",1694,1248,446,1694
"8642","07_report/CpG_context_sampling_4980_642_trimmed_bismark_bt2.CpG",1687,1241,446,1687
"8643","07_report/CpG_context_sampling_4980_643_trimmed_bismark_bt2.CpG",1758,1261,497,1758
"8644","07_report/CpG_context_sampling_4980_644_trimmed_bismark_bt2.CpG",1743,1250,493,1743
"8645","07_report/CpG_context_sampling_4980_645_trimmed_bismark_bt2.CpG",1718,1215,503,1718
"8646","07_report/CpG_context_sampling_4980_646_trimmed_bismark_bt2.CpG",1686,1229,457,1686
"8647","07_report/CpG_context_sampling_4980_647_trimmed_bismark_bt2.CpG",1704,1213,491,1704
"8648","07_report/CpG_context_sampling_4980_648_trimmed_bismark_bt2.CpG",1734,1255,479,1734
"8649","07_report/CpG_context_sampling_4980_649_trimmed_bismark_bt2.CpG",1680,1212,468,1680
"8650","07_report/CpG_context_sampling_4980_650_trimmed_bismark_bt2.CpG",1730,1250,480,1730
"8651","07_report/CpG_context_sampling_4980_651_trimmed_bismark_bt2.CpG",1746,1273,473,1746
"8652","07_report/CpG_context_sampling_4980_652_trimmed_bismark_bt2.CpG",1735,1206,529,1735
"8653","07_report/CpG_context_sampling_4980_653_trimmed_bismark_bt2.CpG",1728,1243,485,1728
"8654","07_report/CpG_context_sampling_4980_654_trimmed_bismark_bt2.CpG",1689,1217,472,1689
"8655","07_report/CpG_context_sampling_4980_655_trimmed_bismark_bt2.CpG",1677,1228,449,1677
"8656","07_report/CpG_context_sampling_4980_656_trimmed_bismark_bt2.CpG",1773,1252,521,1773
"8657","07_report/CpG_context_sampling_4980_657_trimmed_bismark_bt2.CpG",1745,1261,484,1745
"8658","07_report/CpG_context_sampling_4980_658_trimmed_bismark_bt2.CpG",1722,1219,503,1722
"8659","07_report/CpG_context_sampling_4980_659_trimmed_bismark_bt2.CpG",1708,1224,484,1708
"8660","07_report/CpG_context_sampling_4980_660_trimmed_bismark_bt2.CpG",1716,1230,486,1716
"8661","07_report/CpG_context_sampling_4980_661_trimmed_bismark_bt2.CpG",1708,1225,483,1708
"8662","07_report/CpG_context_sampling_4980_662_trimmed_bismark_bt2.CpG",1718,1240,478,1718
"8663","07_report/CpG_context_sampling_4980_663_trimmed_bismark_bt2.CpG",1734,1241,493,1734
"8664","07_report/CpG_context_sampling_4980_664_trimmed_bismark_bt2.CpG",1724,1254,470,1724
"8665","07_report/CpG_context_sampling_4980_665_trimmed_bismark_bt2.CpG",1735,1209,526,1735
"8666","07_report/CpG_context_sampling_4980_666_trimmed_bismark_bt2.CpG",1755,1266,489,1755
"8667","07_report/CpG_context_sampling_4980_667_trimmed_bismark_bt2.CpG",1726,1220,506,1726
"8668","07_report/CpG_context_sampling_4980_668_trimmed_bismark_bt2.CpG",1686,1212,474,1686
"8669","07_report/CpG_context_sampling_4980_669_trimmed_bismark_bt2.CpG",1766,1272,494,1766
"8670","07_report/CpG_context_sampling_4980_670_trimmed_bismark_bt2.CpG",1691,1197,494,1691
"8671","07_report/CpG_context_sampling_4980_671_trimmed_bismark_bt2.CpG",1788,1275,513,1788
"8672","07_report/CpG_context_sampling_4980_672_trimmed_bismark_bt2.CpG",1686,1211,475,1686
"8673","07_report/CpG_context_sampling_4980_673_trimmed_bismark_bt2.CpG",1685,1203,482,1685
"8674","07_report/CpG_context_sampling_4980_674_trimmed_bismark_bt2.CpG",1767,1255,512,1767
"8675","07_report/CpG_context_sampling_4980_675_trimmed_bismark_bt2.CpG",1737,1250,487,1737
"8676","07_report/CpG_context_sampling_4980_676_trimmed_bismark_bt2.CpG",1763,1269,494,1763
"8677","07_report/CpG_context_sampling_4980_677_trimmed_bismark_bt2.CpG",1729,1239,490,1729
"8678","07_report/CpG_context_sampling_4980_678_trimmed_bismark_bt2.CpG",1795,1305,490,1795
"8679","07_report/CpG_context_sampling_4980_679_trimmed_bismark_bt2.CpG",1778,1251,527,1778
"8680","07_report/CpG_context_sampling_4980_680_trimmed_bismark_bt2.CpG",1757,1258,499,1757
"8681","07_report/CpG_context_sampling_4980_681_trimmed_bismark_bt2.CpG",1675,1179,496,1675
"8682","07_report/CpG_context_sampling_4980_682_trimmed_bismark_bt2.CpG",1776,1270,506,1776
"8683","07_report/CpG_context_sampling_4980_683_trimmed_bismark_bt2.CpG",1706,1219,487,1706
"8684","07_report/CpG_context_sampling_4980_684_trimmed_bismark_bt2.CpG",1768,1270,498,1768
"8685","07_report/CpG_context_sampling_4980_685_trimmed_bismark_bt2.CpG",1692,1241,451,1692
"8686","07_report/CpG_context_sampling_4980_686_trimmed_bismark_bt2.CpG",1670,1209,461,1670
"8687","07_report/CpG_context_sampling_4980_687_trimmed_bismark_bt2.CpG",1713,1244,469,1713
"8688","07_report/CpG_context_sampling_4980_688_trimmed_bismark_bt2.CpG",1690,1180,510,1690
"8689","07_report/CpG_context_sampling_4980_689_trimmed_bismark_bt2.CpG",1687,1233,454,1687
"8690","07_report/CpG_context_sampling_4980_690_trimmed_bismark_bt2.CpG",1733,1240,493,1733
"8691","07_report/CpG_context_sampling_4980_691_trimmed_bismark_bt2.CpG",1733,1230,503,1733
"8692","07_report/CpG_context_sampling_4980_692_trimmed_bismark_bt2.CpG",1699,1220,479,1699
"8693","07_report/CpG_context_sampling_4980_693_trimmed_bismark_bt2.CpG",1716,1233,483,1716
"8694","07_report/CpG_context_sampling_4980_694_trimmed_bismark_bt2.CpG",1784,1252,532,1784
"8695","07_report/CpG_context_sampling_4980_695_trimmed_bismark_bt2.CpG",1699,1228,471,1699
"8696","07_report/CpG_context_sampling_4980_696_trimmed_bismark_bt2.CpG",1749,1258,491,1749
"8697","07_report/CpG_context_sampling_4980_697_trimmed_bismark_bt2.CpG",1690,1210,480,1690
"8698","07_report/CpG_context_sampling_4980_698_trimmed_bismark_bt2.CpG",1684,1215,469,1684
"8699","07_report/CpG_context_sampling_4980_699_trimmed_bismark_bt2.CpG",1725,1235,490,1725
"8700","07_report/CpG_context_sampling_4980_700_trimmed_bismark_bt2.CpG",1762,1267,495,1762
"8701","07_report/CpG_context_sampling_4980_701_trimmed_bismark_bt2.CpG",1728,1205,523,1728
"8702","07_report/CpG_context_sampling_4980_702_trimmed_bismark_bt2.CpG",1772,1248,524,1772
"8703","07_report/CpG_context_sampling_4980_703_trimmed_bismark_bt2.CpG",1704,1198,506,1704
"8704","07_report/CpG_context_sampling_4980_704_trimmed_bismark_bt2.CpG",1781,1277,504,1781
"8705","07_report/CpG_context_sampling_4980_705_trimmed_bismark_bt2.CpG",1733,1233,500,1733
"8706","07_report/CpG_context_sampling_4980_706_trimmed_bismark_bt2.CpG",1716,1227,489,1716
"8707","07_report/CpG_context_sampling_4980_707_trimmed_bismark_bt2.CpG",1745,1236,509,1745
"8708","07_report/CpG_context_sampling_4980_708_trimmed_bismark_bt2.CpG",1733,1239,494,1733
"8709","07_report/CpG_context_sampling_4980_709_trimmed_bismark_bt2.CpG",1722,1188,534,1722
"8710","07_report/CpG_context_sampling_4980_710_trimmed_bismark_bt2.CpG",1736,1253,483,1736
"8711","07_report/CpG_context_sampling_4980_711_trimmed_bismark_bt2.CpG",1725,1249,476,1725
"8712","07_report/CpG_context_sampling_4980_712_trimmed_bismark_bt2.CpG",1685,1199,486,1685
"8713","07_report/CpG_context_sampling_4980_713_trimmed_bismark_bt2.CpG",1702,1220,482,1702
"8714","07_report/CpG_context_sampling_4980_714_trimmed_bismark_bt2.CpG",1772,1261,511,1772
"8715","07_report/CpG_context_sampling_4980_715_trimmed_bismark_bt2.CpG",1749,1282,467,1749
"8716","07_report/CpG_context_sampling_4980_716_trimmed_bismark_bt2.CpG",1706,1202,504,1706
"8717","07_report/CpG_context_sampling_4980_717_trimmed_bismark_bt2.CpG",1697,1204,493,1697
"8718","07_report/CpG_context_sampling_4980_718_trimmed_bismark_bt2.CpG",1686,1197,489,1686
"8719","07_report/CpG_context_sampling_4980_719_trimmed_bismark_bt2.CpG",1704,1224,480,1704
"8720","07_report/CpG_context_sampling_4980_720_trimmed_bismark_bt2.CpG",1768,1253,515,1768
"8721","07_report/CpG_context_sampling_4980_721_trimmed_bismark_bt2.CpG",1693,1209,484,1693
"8722","07_report/CpG_context_sampling_4980_722_trimmed_bismark_bt2.CpG",1780,1264,516,1780
"8723","07_report/CpG_context_sampling_4980_723_trimmed_bismark_bt2.CpG",1720,1219,501,1720
"8724","07_report/CpG_context_sampling_4980_724_trimmed_bismark_bt2.CpG",1701,1221,480,1701
"8725","07_report/CpG_context_sampling_4980_725_trimmed_bismark_bt2.CpG",1770,1236,534,1770
"8726","07_report/CpG_context_sampling_4980_726_trimmed_bismark_bt2.CpG",1751,1269,482,1751
"8727","07_report/CpG_context_sampling_4980_727_trimmed_bismark_bt2.CpG",1733,1232,501,1733
"8728","07_report/CpG_context_sampling_4980_728_trimmed_bismark_bt2.CpG",1734,1254,480,1734
"8729","07_report/CpG_context_sampling_4980_729_trimmed_bismark_bt2.CpG",1754,1263,491,1754
"8730","07_report/CpG_context_sampling_4980_730_trimmed_bismark_bt2.CpG",1696,1245,451,1696
"8731","07_report/CpG_context_sampling_4980_731_trimmed_bismark_bt2.CpG",1700,1193,507,1700
"8732","07_report/CpG_context_sampling_4980_732_trimmed_bismark_bt2.CpG",1779,1284,495,1779
"8733","07_report/CpG_context_sampling_4980_733_trimmed_bismark_bt2.CpG",1685,1179,506,1685
"8734","07_report/CpG_context_sampling_4980_734_trimmed_bismark_bt2.CpG",1654,1227,427,1654
"8735","07_report/CpG_context_sampling_4980_735_trimmed_bismark_bt2.CpG",1715,1214,501,1715
"8736","07_report/CpG_context_sampling_4980_736_trimmed_bismark_bt2.CpG",1733,1240,493,1733
"8737","07_report/CpG_context_sampling_4980_737_trimmed_bismark_bt2.CpG",1791,1303,488,1791
"8738","07_report/CpG_context_sampling_4980_738_trimmed_bismark_bt2.CpG",1740,1237,503,1740
"8739","07_report/CpG_context_sampling_4980_739_trimmed_bismark_bt2.CpG",1759,1247,512,1759
"8740","07_report/CpG_context_sampling_4980_740_trimmed_bismark_bt2.CpG",1719,1212,507,1719
"8741","07_report/CpG_context_sampling_4980_741_trimmed_bismark_bt2.CpG",1688,1216,472,1688
"8742","07_report/CpG_context_sampling_4980_742_trimmed_bismark_bt2.CpG",1695,1195,500,1695
"8743","07_report/CpG_context_sampling_4980_743_trimmed_bismark_bt2.CpG",1644,1193,451,1644
"8744","07_report/CpG_context_sampling_4980_744_trimmed_bismark_bt2.CpG",1731,1240,491,1731
"8745","07_report/CpG_context_sampling_4980_745_trimmed_bismark_bt2.CpG",1682,1202,480,1682
"8746","07_report/CpG_context_sampling_4980_746_trimmed_bismark_bt2.CpG",1704,1217,487,1704
"8747","07_report/CpG_context_sampling_4980_747_trimmed_bismark_bt2.CpG",1741,1197,544,1741
"8748","07_report/CpG_context_sampling_4980_748_trimmed_bismark_bt2.CpG",1712,1230,482,1712
"8749","07_report/CpG_context_sampling_4980_749_trimmed_bismark_bt2.CpG",1785,1267,518,1785
"8750","07_report/CpG_context_sampling_4980_750_trimmed_bismark_bt2.CpG",1733,1248,485,1733
"8751","07_report/CpG_context_sampling_4980_751_trimmed_bismark_bt2.CpG",1711,1185,526,1711
"8752","07_report/CpG_context_sampling_4980_752_trimmed_bismark_bt2.CpG",1824,1305,519,1824
"8753","07_report/CpG_context_sampling_4980_753_trimmed_bismark_bt2.CpG",1729,1207,522,1729
"8754","07_report/CpG_context_sampling_4980_754_trimmed_bismark_bt2.CpG",1691,1211,480,1691
"8755","07_report/CpG_context_sampling_4980_755_trimmed_bismark_bt2.CpG",1729,1232,497,1729
"8756","07_report/CpG_context_sampling_4980_756_trimmed_bismark_bt2.CpG",1729,1220,509,1729
"8757","07_report/CpG_context_sampling_4980_757_trimmed_bismark_bt2.CpG",1750,1311,439,1750
"8758","07_report/CpG_context_sampling_4980_758_trimmed_bismark_bt2.CpG",1710,1195,515,1710
"8759","07_report/CpG_context_sampling_4980_759_trimmed_bismark_bt2.CpG",1748,1260,488,1748
"8760","07_report/CpG_context_sampling_4980_760_trimmed_bismark_bt2.CpG",1754,1243,511,1754
"8761","07_report/CpG_context_sampling_4980_761_trimmed_bismark_bt2.CpG",1661,1181,480,1661
"8762","07_report/CpG_context_sampling_4980_762_trimmed_bismark_bt2.CpG",1735,1248,487,1735
"8763","07_report/CpG_context_sampling_4980_763_trimmed_bismark_bt2.CpG",1738,1277,461,1738
"8764","07_report/CpG_context_sampling_4980_764_trimmed_bismark_bt2.CpG",1791,1276,515,1791
"8765","07_report/CpG_context_sampling_4980_765_trimmed_bismark_bt2.CpG",1742,1251,491,1742
"8766","07_report/CpG_context_sampling_4980_766_trimmed_bismark_bt2.CpG",1735,1240,495,1735
"8767","07_report/CpG_context_sampling_4980_767_trimmed_bismark_bt2.CpG",1692,1206,486,1692
"8768","07_report/CpG_context_sampling_4980_768_trimmed_bismark_bt2.CpG",1707,1227,480,1707
"8769","07_report/CpG_context_sampling_4980_769_trimmed_bismark_bt2.CpG",1735,1289,446,1735
"8770","07_report/CpG_context_sampling_4980_770_trimmed_bismark_bt2.CpG",1796,1258,538,1796
"8771","07_report/CpG_context_sampling_4980_771_trimmed_bismark_bt2.CpG",1718,1241,477,1718
"8772","07_report/CpG_context_sampling_4980_772_trimmed_bismark_bt2.CpG",1733,1241,492,1733
"8773","07_report/CpG_context_sampling_4980_773_trimmed_bismark_bt2.CpG",1787,1285,502,1787
"8774","07_report/CpG_context_sampling_4980_774_trimmed_bismark_bt2.CpG",1763,1278,485,1763
"8775","07_report/CpG_context_sampling_4980_775_trimmed_bismark_bt2.CpG",1780,1245,535,1780
"8776","07_report/CpG_context_sampling_4980_776_trimmed_bismark_bt2.CpG",1698,1228,470,1698
"8777","07_report/CpG_context_sampling_4980_777_trimmed_bismark_bt2.CpG",1685,1201,484,1685
"8778","07_report/CpG_context_sampling_4980_778_trimmed_bismark_bt2.CpG",1721,1239,482,1721
"8779","07_report/CpG_context_sampling_4980_779_trimmed_bismark_bt2.CpG",1726,1233,493,1726
"8780","07_report/CpG_context_sampling_4980_780_trimmed_bismark_bt2.CpG",1658,1202,456,1658
"8781","07_report/CpG_context_sampling_4980_781_trimmed_bismark_bt2.CpG",1714,1252,462,1714
"8782","07_report/CpG_context_sampling_4980_782_trimmed_bismark_bt2.CpG",1743,1251,492,1743
"8783","07_report/CpG_context_sampling_4980_783_trimmed_bismark_bt2.CpG",1769,1244,525,1769
"8784","07_report/CpG_context_sampling_4980_784_trimmed_bismark_bt2.CpG",1704,1200,504,1704
"8785","07_report/CpG_context_sampling_4980_785_trimmed_bismark_bt2.CpG",1737,1239,498,1737
"8786","07_report/CpG_context_sampling_4980_786_trimmed_bismark_bt2.CpG",1751,1272,479,1751
"8787","07_report/CpG_context_sampling_4980_787_trimmed_bismark_bt2.CpG",1671,1196,475,1671
"8788","07_report/CpG_context_sampling_4980_788_trimmed_bismark_bt2.CpG",1687,1224,463,1687
"8789","07_report/CpG_context_sampling_4980_789_trimmed_bismark_bt2.CpG",1769,1291,478,1769
"8790","07_report/CpG_context_sampling_4980_790_trimmed_bismark_bt2.CpG",1686,1217,469,1686
"8791","07_report/CpG_context_sampling_4980_791_trimmed_bismark_bt2.CpG",1717,1209,508,1717
"8792","07_report/CpG_context_sampling_4980_792_trimmed_bismark_bt2.CpG",1776,1271,505,1776
"8793","07_report/CpG_context_sampling_4980_793_trimmed_bismark_bt2.CpG",1710,1250,460,1710
"8794","07_report/CpG_context_sampling_4980_794_trimmed_bismark_bt2.CpG",1714,1189,525,1714
"8795","07_report/CpG_context_sampling_4980_795_trimmed_bismark_bt2.CpG",1687,1208,479,1687
"8796","07_report/CpG_context_sampling_4980_796_trimmed_bismark_bt2.CpG",1752,1275,477,1752
"8797","07_report/CpG_context_sampling_4980_797_trimmed_bismark_bt2.CpG",1721,1205,516,1721
"8798","07_report/CpG_context_sampling_4980_798_trimmed_bismark_bt2.CpG",1732,1216,516,1732
"8799","07_report/CpG_context_sampling_4980_799_trimmed_bismark_bt2.CpG",1737,1238,499,1737
"8800","07_report/CpG_context_sampling_4980_800_trimmed_bismark_bt2.CpG",1727,1227,500,1727
"8801","07_report/CpG_context_sampling_4980_801_trimmed_bismark_bt2.CpG",1710,1205,505,1710
"8802","07_report/CpG_context_sampling_4980_802_trimmed_bismark_bt2.CpG",1711,1223,488,1711
"8803","07_report/CpG_context_sampling_4980_803_trimmed_bismark_bt2.CpG",1675,1222,453,1675
"8804","07_report/CpG_context_sampling_4980_804_trimmed_bismark_bt2.CpG",1693,1233,460,1693
"8805","07_report/CpG_context_sampling_4980_805_trimmed_bismark_bt2.CpG",1738,1213,525,1738
"8806","07_report/CpG_context_sampling_4980_806_trimmed_bismark_bt2.CpG",1717,1217,500,1717
"8807","07_report/CpG_context_sampling_4980_807_trimmed_bismark_bt2.CpG",1749,1257,492,1749
"8808","07_report/CpG_context_sampling_4980_808_trimmed_bismark_bt2.CpG",1718,1250,468,1718
"8809","07_report/CpG_context_sampling_4980_809_trimmed_bismark_bt2.CpG",1671,1177,494,1671
"8810","07_report/CpG_context_sampling_4980_810_trimmed_bismark_bt2.CpG",1755,1259,496,1755
"8811","07_report/CpG_context_sampling_4980_811_trimmed_bismark_bt2.CpG",1717,1247,470,1717
"8812","07_report/CpG_context_sampling_4980_812_trimmed_bismark_bt2.CpG",1700,1199,501,1700
"8813","07_report/CpG_context_sampling_4980_813_trimmed_bismark_bt2.CpG",1694,1225,469,1694
"8814","07_report/CpG_context_sampling_4980_814_trimmed_bismark_bt2.CpG",1704,1212,492,1704
"8815","07_report/CpG_context_sampling_4980_815_trimmed_bismark_bt2.CpG",1727,1222,505,1727
"8816","07_report/CpG_context_sampling_4980_816_trimmed_bismark_bt2.CpG",1755,1241,514,1755
"8817","07_report/CpG_context_sampling_4980_817_trimmed_bismark_bt2.CpG",1725,1244,481,1725
"8818","07_report/CpG_context_sampling_4980_818_trimmed_bismark_bt2.CpG",1688,1178,510,1688
"8819","07_report/CpG_context_sampling_4980_819_trimmed_bismark_bt2.CpG",1780,1260,520,1780
"8820","07_report/CpG_context_sampling_4980_820_trimmed_bismark_bt2.CpG",1738,1239,499,1738
"8821","07_report/CpG_context_sampling_4980_821_trimmed_bismark_bt2.CpG",1753,1266,487,1753
"8822","07_report/CpG_context_sampling_4980_822_trimmed_bismark_bt2.CpG",1727,1238,489,1727
"8823","07_report/CpG_context_sampling_4980_823_trimmed_bismark_bt2.CpG",1774,1269,505,1774
"8824","07_report/CpG_context_sampling_4980_824_trimmed_bismark_bt2.CpG",1721,1242,479,1721
"8825","07_report/CpG_context_sampling_4980_825_trimmed_bismark_bt2.CpG",1740,1229,511,1740
"8826","07_report/CpG_context_sampling_4980_826_trimmed_bismark_bt2.CpG",1669,1184,485,1669
"8827","07_report/CpG_context_sampling_4980_827_trimmed_bismark_bt2.CpG",1682,1183,499,1682
"8828","07_report/CpG_context_sampling_4980_828_trimmed_bismark_bt2.CpG",1749,1247,502,1749
"8829","07_report/CpG_context_sampling_4980_829_trimmed_bismark_bt2.CpG",1682,1223,459,1682
"8830","07_report/CpG_context_sampling_4980_830_trimmed_bismark_bt2.CpG",1726,1220,506,1726
"8831","07_report/CpG_context_sampling_4980_831_trimmed_bismark_bt2.CpG",1706,1197,509,1706
"8832","07_report/CpG_context_sampling_4980_832_trimmed_bismark_bt2.CpG",1782,1275,507,1782
"8833","07_report/CpG_context_sampling_4980_833_trimmed_bismark_bt2.CpG",1759,1255,504,1759
"8834","07_report/CpG_context_sampling_4980_834_trimmed_bismark_bt2.CpG",1692,1238,454,1692
"8835","07_report/CpG_context_sampling_4980_835_trimmed_bismark_bt2.CpG",1780,1239,541,1780
"8836","07_report/CpG_context_sampling_4980_836_trimmed_bismark_bt2.CpG",1716,1218,498,1716
"8837","07_report/CpG_context_sampling_4980_837_trimmed_bismark_bt2.CpG",1746,1238,508,1746
"8838","07_report/CpG_context_sampling_4980_838_trimmed_bismark_bt2.CpG",1793,1272,521,1793
"8839","07_report/CpG_context_sampling_4980_839_trimmed_bismark_bt2.CpG",1766,1273,493,1766
"8840","07_report/CpG_context_sampling_4980_840_trimmed_bismark_bt2.CpG",1652,1172,480,1652
"8841","07_report/CpG_context_sampling_4980_841_trimmed_bismark_bt2.CpG",1758,1261,497,1758
"8842","07_report/CpG_context_sampling_4980_842_trimmed_bismark_bt2.CpG",1724,1220,504,1724
"8843","07_report/CpG_context_sampling_4980_843_trimmed_bismark_bt2.CpG",1738,1229,509,1738
"8844","07_report/CpG_context_sampling_4980_844_trimmed_bismark_bt2.CpG",1699,1248,451,1699
"8845","07_report/CpG_context_sampling_4980_845_trimmed_bismark_bt2.CpG",1705,1215,490,1705
"8846","07_report/CpG_context_sampling_4980_846_trimmed_bismark_bt2.CpG",1712,1203,509,1712
"8847","07_report/CpG_context_sampling_4980_847_trimmed_bismark_bt2.CpG",1775,1264,511,1775
"8848","07_report/CpG_context_sampling_4980_848_trimmed_bismark_bt2.CpG",1725,1252,473,1725
"8849","07_report/CpG_context_sampling_4980_849_trimmed_bismark_bt2.CpG",1685,1227,458,1685
"8850","07_report/CpG_context_sampling_4980_850_trimmed_bismark_bt2.CpG",1712,1210,502,1712
"8851","07_report/CpG_context_sampling_4980_851_trimmed_bismark_bt2.CpG",1747,1257,490,1747
"8852","07_report/CpG_context_sampling_4980_852_trimmed_bismark_bt2.CpG",1765,1271,494,1765
"8853","07_report/CpG_context_sampling_4980_853_trimmed_bismark_bt2.CpG",1756,1253,503,1756
"8854","07_report/CpG_context_sampling_4980_854_trimmed_bismark_bt2.CpG",1761,1273,488,1761
"8855","07_report/CpG_context_sampling_4980_855_trimmed_bismark_bt2.CpG",1763,1272,491,1763
"8856","07_report/CpG_context_sampling_4980_856_trimmed_bismark_bt2.CpG",1691,1201,490,1691
"8857","07_report/CpG_context_sampling_4980_857_trimmed_bismark_bt2.CpG",1725,1226,499,1725
"8858","07_report/CpG_context_sampling_4980_858_trimmed_bismark_bt2.CpG",1695,1224,471,1695
"8859","07_report/CpG_context_sampling_4980_859_trimmed_bismark_bt2.CpG",1702,1228,474,1702
"8860","07_report/CpG_context_sampling_4980_860_trimmed_bismark_bt2.CpG",1733,1209,524,1733
"8861","07_report/CpG_context_sampling_4980_861_trimmed_bismark_bt2.CpG",1718,1271,447,1718
"8862","07_report/CpG_context_sampling_4980_862_trimmed_bismark_bt2.CpG",1671,1181,490,1671
"8863","07_report/CpG_context_sampling_4980_863_trimmed_bismark_bt2.CpG",1813,1332,481,1813
"8864","07_report/CpG_context_sampling_4980_864_trimmed_bismark_bt2.CpG",1721,1231,490,1721
"8865","07_report/CpG_context_sampling_4980_865_trimmed_bismark_bt2.CpG",1630,1126,504,1630
"8866","07_report/CpG_context_sampling_4980_866_trimmed_bismark_bt2.CpG",1667,1169,498,1667
"8867","07_report/CpG_context_sampling_4980_867_trimmed_bismark_bt2.CpG",1748,1256,492,1748
"8868","07_report/CpG_context_sampling_4980_868_trimmed_bismark_bt2.CpG",1758,1220,538,1758
"8869","07_report/CpG_context_sampling_4980_869_trimmed_bismark_bt2.CpG",1802,1280,522,1802
"8870","07_report/CpG_context_sampling_4980_870_trimmed_bismark_bt2.CpG",1719,1215,504,1719
"8871","07_report/CpG_context_sampling_4980_871_trimmed_bismark_bt2.CpG",1686,1175,511,1686
"8872","07_report/CpG_context_sampling_4980_872_trimmed_bismark_bt2.CpG",1721,1240,481,1721
"8873","07_report/CpG_context_sampling_4980_873_trimmed_bismark_bt2.CpG",1740,1247,493,1740
"8874","07_report/CpG_context_sampling_4980_874_trimmed_bismark_bt2.CpG",1737,1230,507,1737
"8875","07_report/CpG_context_sampling_4980_875_trimmed_bismark_bt2.CpG",1713,1230,483,1713
"8876","07_report/CpG_context_sampling_4980_876_trimmed_bismark_bt2.CpG",1682,1212,470,1682
"8877","07_report/CpG_context_sampling_4980_877_trimmed_bismark_bt2.CpG",1758,1239,519,1758
"8878","07_report/CpG_context_sampling_4980_878_trimmed_bismark_bt2.CpG",1769,1248,521,1769
"8879","07_report/CpG_context_sampling_4980_879_trimmed_bismark_bt2.CpG",1707,1206,501,1707
"8880","07_report/CpG_context_sampling_4980_880_trimmed_bismark_bt2.CpG",1734,1262,472,1734
"8881","07_report/CpG_context_sampling_4980_881_trimmed_bismark_bt2.CpG",1749,1260,489,1749
"8882","07_report/CpG_context_sampling_4980_882_trimmed_bismark_bt2.CpG",1718,1194,524,1718
"8883","07_report/CpG_context_sampling_4980_883_trimmed_bismark_bt2.CpG",1766,1282,484,1766
"8884","07_report/CpG_context_sampling_4980_884_trimmed_bismark_bt2.CpG",1724,1259,465,1724
"8885","07_report/CpG_context_sampling_4980_885_trimmed_bismark_bt2.CpG",1745,1236,509,1745
"8886","07_report/CpG_context_sampling_4980_886_trimmed_bismark_bt2.CpG",1763,1275,488,1763
"8887","07_report/CpG_context_sampling_4980_887_trimmed_bismark_bt2.CpG",1773,1266,507,1773
"8888","07_report/CpG_context_sampling_4980_888_trimmed_bismark_bt2.CpG",1756,1256,500,1756
"8889","07_report/CpG_context_sampling_4980_889_trimmed_bismark_bt2.CpG",1700,1224,476,1700
"8890","07_report/CpG_context_sampling_4980_890_trimmed_bismark_bt2.CpG",1714,1233,481,1714
"8891","07_report/CpG_context_sampling_4980_891_trimmed_bismark_bt2.CpG",1751,1222,529,1751
"8892","07_report/CpG_context_sampling_4980_892_trimmed_bismark_bt2.CpG",1760,1258,502,1760
"8893","07_report/CpG_context_sampling_4980_893_trimmed_bismark_bt2.CpG",1735,1262,473,1735
"8894","07_report/CpG_context_sampling_4980_894_trimmed_bismark_bt2.CpG",1730,1234,496,1730
"8895","07_report/CpG_context_sampling_4980_895_trimmed_bismark_bt2.CpG",1697,1169,528,1697
"8896","07_report/CpG_context_sampling_4980_896_trimmed_bismark_bt2.CpG",1728,1252,476,1728
"8897","07_report/CpG_context_sampling_4980_897_trimmed_bismark_bt2.CpG",1686,1227,459,1686
"8898","07_report/CpG_context_sampling_4980_898_trimmed_bismark_bt2.CpG",1760,1259,501,1760
"8899","07_report/CpG_context_sampling_4980_899_trimmed_bismark_bt2.CpG",1743,1226,517,1743
"8900","07_report/CpG_context_sampling_4980_900_trimmed_bismark_bt2.CpG",1720,1251,469,1720
"8901","07_report/CpG_context_sampling_4980_901_trimmed_bismark_bt2.CpG",1736,1246,490,1736
"8902","07_report/CpG_context_sampling_4980_902_trimmed_bismark_bt2.CpG",1747,1256,491,1747
"8903","07_report/CpG_context_sampling_4980_903_trimmed_bismark_bt2.CpG",1670,1219,451,1670
"8904","07_report/CpG_context_sampling_4980_904_trimmed_bismark_bt2.CpG",1693,1195,498,1693
"8905","07_report/CpG_context_sampling_4980_905_trimmed_bismark_bt2.CpG",1755,1270,485,1755
"8906","07_report/CpG_context_sampling_4980_906_trimmed_bismark_bt2.CpG",1684,1205,479,1684
"8907","07_report/CpG_context_sampling_4980_907_trimmed_bismark_bt2.CpG",1703,1236,467,1703
"8908","07_report/CpG_context_sampling_4980_908_trimmed_bismark_bt2.CpG",1707,1191,516,1707
"8909","07_report/CpG_context_sampling_4980_909_trimmed_bismark_bt2.CpG",1663,1201,462,1663
"8910","07_report/CpG_context_sampling_4980_910_trimmed_bismark_bt2.CpG",1728,1227,501,1728
"8911","07_report/CpG_context_sampling_4980_911_trimmed_bismark_bt2.CpG",1674,1227,447,1674
"8912","07_report/CpG_context_sampling_4980_912_trimmed_bismark_bt2.CpG",1752,1245,507,1752
"8913","07_report/CpG_context_sampling_4980_913_trimmed_bismark_bt2.CpG",1746,1237,509,1746
"8914","07_report/CpG_context_sampling_4980_914_trimmed_bismark_bt2.CpG",1716,1227,489,1716
"8915","07_report/CpG_context_sampling_4980_915_trimmed_bismark_bt2.CpG",1693,1196,497,1693
"8916","07_report/CpG_context_sampling_4980_916_trimmed_bismark_bt2.CpG",1752,1256,496,1752
"8917","07_report/CpG_context_sampling_4980_917_trimmed_bismark_bt2.CpG",1681,1204,477,1681
"8918","07_report/CpG_context_sampling_4980_918_trimmed_bismark_bt2.CpG",1736,1235,501,1736
"8919","07_report/CpG_context_sampling_4980_919_trimmed_bismark_bt2.CpG",1728,1204,524,1728
"8920","07_report/CpG_context_sampling_4980_920_trimmed_bismark_bt2.CpG",1687,1189,498,1687
"8921","07_report/CpG_context_sampling_4980_921_trimmed_bismark_bt2.CpG",1748,1241,507,1748
"8922","07_report/CpG_context_sampling_4980_922_trimmed_bismark_bt2.CpG",1698,1232,466,1698
"8923","07_report/CpG_context_sampling_4980_923_trimmed_bismark_bt2.CpG",1759,1272,487,1759
"8924","07_report/CpG_context_sampling_4980_924_trimmed_bismark_bt2.CpG",1676,1187,489,1676
"8925","07_report/CpG_context_sampling_4980_925_trimmed_bismark_bt2.CpG",1720,1222,498,1720
"8926","07_report/CpG_context_sampling_4980_926_trimmed_bismark_bt2.CpG",1719,1209,510,1719
"8927","07_report/CpG_context_sampling_4980_927_trimmed_bismark_bt2.CpG",1709,1239,470,1709
"8928","07_report/CpG_context_sampling_4980_928_trimmed_bismark_bt2.CpG",1711,1205,506,1711
"8929","07_report/CpG_context_sampling_4980_929_trimmed_bismark_bt2.CpG",1753,1245,508,1753
"8930","07_report/CpG_context_sampling_4980_930_trimmed_bismark_bt2.CpG",1718,1223,495,1718
"8931","07_report/CpG_context_sampling_4980_931_trimmed_bismark_bt2.CpG",1706,1156,550,1706
"8932","07_report/CpG_context_sampling_4980_932_trimmed_bismark_bt2.CpG",1705,1209,496,1705
"8933","07_report/CpG_context_sampling_4980_933_trimmed_bismark_bt2.CpG",1747,1256,491,1747
"8934","07_report/CpG_context_sampling_4980_934_trimmed_bismark_bt2.CpG",1707,1199,508,1707
"8935","07_report/CpG_context_sampling_4980_935_trimmed_bismark_bt2.CpG",1677,1209,468,1677
"8936","07_report/CpG_context_sampling_4980_936_trimmed_bismark_bt2.CpG",1740,1253,487,1740
"8937","07_report/CpG_context_sampling_4980_937_trimmed_bismark_bt2.CpG",1705,1189,516,1705
"8938","07_report/CpG_context_sampling_4980_938_trimmed_bismark_bt2.CpG",1765,1269,496,1765
"8939","07_report/CpG_context_sampling_4980_939_trimmed_bismark_bt2.CpG",1820,1303,517,1820
"8940","07_report/CpG_context_sampling_4980_940_trimmed_bismark_bt2.CpG",1703,1201,502,1703
"8941","07_report/CpG_context_sampling_4980_941_trimmed_bismark_bt2.CpG",1771,1256,515,1771
"8942","07_report/CpG_context_sampling_4980_942_trimmed_bismark_bt2.CpG",1728,1220,508,1728
"8943","07_report/CpG_context_sampling_4980_943_trimmed_bismark_bt2.CpG",1682,1239,443,1682
"8944","07_report/CpG_context_sampling_4980_944_trimmed_bismark_bt2.CpG",1727,1244,483,1727
"8945","07_report/CpG_context_sampling_4980_945_trimmed_bismark_bt2.CpG",1745,1235,510,1745
"8946","07_report/CpG_context_sampling_4980_946_trimmed_bismark_bt2.CpG",1660,1184,476,1660
"8947","07_report/CpG_context_sampling_4980_947_trimmed_bismark_bt2.CpG",1731,1234,497,1731
"8948","07_report/CpG_context_sampling_4980_948_trimmed_bismark_bt2.CpG",1681,1206,475,1681
"8949","07_report/CpG_context_sampling_4980_949_trimmed_bismark_bt2.CpG",1726,1206,520,1726
"8950","07_report/CpG_context_sampling_4980_950_trimmed_bismark_bt2.CpG",1729,1219,510,1729
"8951","07_report/CpG_context_sampling_4980_951_trimmed_bismark_bt2.CpG",1740,1260,480,1740
"8952","07_report/CpG_context_sampling_4980_952_trimmed_bismark_bt2.CpG",1724,1254,470,1724
"8953","07_report/CpG_context_sampling_4980_953_trimmed_bismark_bt2.CpG",1741,1250,491,1741
"8954","07_report/CpG_context_sampling_4980_954_trimmed_bismark_bt2.CpG",1698,1211,487,1698
"8955","07_report/CpG_context_sampling_4980_955_trimmed_bismark_bt2.CpG",1728,1237,491,1728
"8956","07_report/CpG_context_sampling_4980_956_trimmed_bismark_bt2.CpG",1754,1282,472,1754
"8957","07_report/CpG_context_sampling_4980_957_trimmed_bismark_bt2.CpG",1700,1203,497,1700
"8958","07_report/CpG_context_sampling_4980_958_trimmed_bismark_bt2.CpG",1722,1201,521,1722
"8959","07_report/CpG_context_sampling_4980_959_trimmed_bismark_bt2.CpG",1745,1285,460,1745
"8960","07_report/CpG_context_sampling_4980_960_trimmed_bismark_bt2.CpG",1717,1247,470,1717
"8961","07_report/CpG_context_sampling_4980_961_trimmed_bismark_bt2.CpG",1760,1263,497,1760
"8962","07_report/CpG_context_sampling_4980_962_trimmed_bismark_bt2.CpG",1717,1250,467,1717
"8963","07_report/CpG_context_sampling_4980_963_trimmed_bismark_bt2.CpG",1712,1229,483,1712
"8964","07_report/CpG_context_sampling_4980_964_trimmed_bismark_bt2.CpG",1748,1253,495,1748
"8965","07_report/CpG_context_sampling_4980_965_trimmed_bismark_bt2.CpG",1731,1237,494,1731
"8966","07_report/CpG_context_sampling_4980_966_trimmed_bismark_bt2.CpG",1757,1231,526,1757
"8967","07_report/CpG_context_sampling_4980_967_trimmed_bismark_bt2.CpG",1728,1263,465,1728
"8968","07_report/CpG_context_sampling_4980_968_trimmed_bismark_bt2.CpG",1690,1209,481,1690
"8969","07_report/CpG_context_sampling_4980_969_trimmed_bismark_bt2.CpG",1700,1194,506,1700
"8970","07_report/CpG_context_sampling_4980_970_trimmed_bismark_bt2.CpG",1748,1250,498,1748
"8971","07_report/CpG_context_sampling_4980_971_trimmed_bismark_bt2.CpG",1682,1228,454,1682
"8972","07_report/CpG_context_sampling_4980_972_trimmed_bismark_bt2.CpG",1785,1271,514,1785
"8973","07_report/CpG_context_sampling_4980_973_trimmed_bismark_bt2.CpG",1767,1245,522,1767
"8974","07_report/CpG_context_sampling_4980_974_trimmed_bismark_bt2.CpG",1697,1192,505,1697
"8975","07_report/CpG_context_sampling_4980_975_trimmed_bismark_bt2.CpG",1758,1247,511,1758
"8976","07_report/CpG_context_sampling_4980_976_trimmed_bismark_bt2.CpG",1716,1230,486,1716
"8977","07_report/CpG_context_sampling_4980_977_trimmed_bismark_bt2.CpG",1734,1223,511,1734
"8978","07_report/CpG_context_sampling_4980_978_trimmed_bismark_bt2.CpG",1708,1266,442,1708
"8979","07_report/CpG_context_sampling_4980_979_trimmed_bismark_bt2.CpG",1753,1245,508,1753
"8980","07_report/CpG_context_sampling_4980_980_trimmed_bismark_bt2.CpG",1756,1236,520,1756
"8981","07_report/CpG_context_sampling_4980_981_trimmed_bismark_bt2.CpG",1679,1209,470,1679
"8982","07_report/CpG_context_sampling_4980_982_trimmed_bismark_bt2.CpG",1742,1257,485,1742
"8983","07_report/CpG_context_sampling_4980_983_trimmed_bismark_bt2.CpG",1768,1263,505,1768
"8984","07_report/CpG_context_sampling_4980_984_trimmed_bismark_bt2.CpG",1765,1293,472,1765
"8985","07_report/CpG_context_sampling_4980_985_trimmed_bismark_bt2.CpG",1707,1229,478,1707
"8986","07_report/CpG_context_sampling_4980_986_trimmed_bismark_bt2.CpG",1763,1254,509,1763
"8987","07_report/CpG_context_sampling_4980_987_trimmed_bismark_bt2.CpG",1716,1225,491,1716
"8988","07_report/CpG_context_sampling_4980_988_trimmed_bismark_bt2.CpG",1770,1266,504,1770
"8989","07_report/CpG_context_sampling_4980_989_trimmed_bismark_bt2.CpG",1728,1224,504,1728
"8990","07_report/CpG_context_sampling_4980_990_trimmed_bismark_bt2.CpG",1734,1265,469,1734
"8991","07_report/CpG_context_sampling_4980_991_trimmed_bismark_bt2.CpG",1791,1303,488,1791
"8992","07_report/CpG_context_sampling_4980_992_trimmed_bismark_bt2.CpG",1730,1255,475,1730
"8993","07_report/CpG_context_sampling_4980_993_trimmed_bismark_bt2.CpG",1740,1265,475,1740
"8994","07_report/CpG_context_sampling_4980_994_trimmed_bismark_bt2.CpG",1715,1236,479,1715
"8995","07_report/CpG_context_sampling_4980_995_trimmed_bismark_bt2.CpG",1694,1217,477,1694
"8996","07_report/CpG_context_sampling_4980_996_trimmed_bismark_bt2.CpG",1729,1232,497,1729
"8997","07_report/CpG_context_sampling_4980_997_trimmed_bismark_bt2.CpG",1630,1151,479,1630
"8998","07_report/CpG_context_sampling_4980_998_trimmed_bismark_bt2.CpG",1744,1245,499,1744
"8999","07_report/CpG_context_sampling_4980_999_trimmed_bismark_bt2.CpG",1742,1280,462,1742
"9000","07_report/CpG_context_sampling_4980_1000_trimmed_bismark_bt2.CpG",1747,1233,514,1747
"9001","07_report/CpG_context_sampling_6225_1_trimmed_bismark_bt2.CpG",2123,1520,603,2123
"9002","07_report/CpG_context_sampling_6225_2_trimmed_bismark_bt2.CpG",2119,1558,561,2119
"9003","07_report/CpG_context_sampling_6225_3_trimmed_bismark_bt2.CpG",2165,1553,612,2165
"9004","07_report/CpG_context_sampling_6225_4_trimmed_bismark_bt2.CpG",2151,1523,628,2151
"9005","07_report/CpG_context_sampling_6225_5_trimmed_bismark_bt2.CpG",2196,1552,644,2196
"9006","07_report/CpG_context_sampling_6225_6_trimmed_bismark_bt2.CpG",2167,1562,605,2167
"9007","07_report/CpG_context_sampling_6225_7_trimmed_bismark_bt2.CpG",2142,1527,615,2142
"9008","07_report/CpG_context_sampling_6225_8_trimmed_bismark_bt2.CpG",2140,1515,625,2140
"9009","07_report/CpG_context_sampling_6225_9_trimmed_bismark_bt2.CpG",2232,1617,615,2232
"9010","07_report/CpG_context_sampling_6225_10_trimmed_bismark_bt2.CpG",2136,1510,626,2136
"9011","07_report/CpG_context_sampling_6225_11_trimmed_bismark_bt2.CpG",2169,1553,616,2169
"9012","07_report/CpG_context_sampling_6225_12_trimmed_bismark_bt2.CpG",2151,1532,619,2151
"9013","07_report/CpG_context_sampling_6225_13_trimmed_bismark_bt2.CpG",2107,1512,595,2107
"9014","07_report/CpG_context_sampling_6225_14_trimmed_bismark_bt2.CpG",2112,1555,557,2112
"9015","07_report/CpG_context_sampling_6225_15_trimmed_bismark_bt2.CpG",2133,1515,618,2133
"9016","07_report/CpG_context_sampling_6225_16_trimmed_bismark_bt2.CpG",2156,1527,629,2156
"9017","07_report/CpG_context_sampling_6225_17_trimmed_bismark_bt2.CpG",2211,1594,617,2211
"9018","07_report/CpG_context_sampling_6225_18_trimmed_bismark_bt2.CpG",2142,1561,581,2142
"9019","07_report/CpG_context_sampling_6225_19_trimmed_bismark_bt2.CpG",2156,1542,614,2156
"9020","07_report/CpG_context_sampling_6225_20_trimmed_bismark_bt2.CpG",2156,1574,582,2156
"9021","07_report/CpG_context_sampling_6225_21_trimmed_bismark_bt2.CpG",2123,1507,616,2123
"9022","07_report/CpG_context_sampling_6225_22_trimmed_bismark_bt2.CpG",2116,1507,609,2116
"9023","07_report/CpG_context_sampling_6225_23_trimmed_bismark_bt2.CpG",2086,1496,590,2086
"9024","07_report/CpG_context_sampling_6225_24_trimmed_bismark_bt2.CpG",2083,1514,569,2083
"9025","07_report/CpG_context_sampling_6225_25_trimmed_bismark_bt2.CpG",2072,1461,611,2072
"9026","07_report/CpG_context_sampling_6225_26_trimmed_bismark_bt2.CpG",2098,1472,626,2098
"9027","07_report/CpG_context_sampling_6225_27_trimmed_bismark_bt2.CpG",2150,1525,625,2150
"9028","07_report/CpG_context_sampling_6225_28_trimmed_bismark_bt2.CpG",2172,1534,638,2172
"9029","07_report/CpG_context_sampling_6225_29_trimmed_bismark_bt2.CpG",2250,1613,637,2250
"9030","07_report/CpG_context_sampling_6225_30_trimmed_bismark_bt2.CpG",2095,1510,585,2095
"9031","07_report/CpG_context_sampling_6225_31_trimmed_bismark_bt2.CpG",2188,1561,627,2188
"9032","07_report/CpG_context_sampling_6225_32_trimmed_bismark_bt2.CpG",2127,1503,624,2127
"9033","07_report/CpG_context_sampling_6225_33_trimmed_bismark_bt2.CpG",2144,1534,610,2144
"9034","07_report/CpG_context_sampling_6225_34_trimmed_bismark_bt2.CpG",2198,1553,645,2198
"9035","07_report/CpG_context_sampling_6225_35_trimmed_bismark_bt2.CpG",2101,1518,583,2101
"9036","07_report/CpG_context_sampling_6225_36_trimmed_bismark_bt2.CpG",2158,1561,597,2158
"9037","07_report/CpG_context_sampling_6225_37_trimmed_bismark_bt2.CpG",2130,1542,588,2130
"9038","07_report/CpG_context_sampling_6225_38_trimmed_bismark_bt2.CpG",2125,1531,594,2125
"9039","07_report/CpG_context_sampling_6225_39_trimmed_bismark_bt2.CpG",2148,1498,650,2148
"9040","07_report/CpG_context_sampling_6225_40_trimmed_bismark_bt2.CpG",2103,1484,619,2103
"9041","07_report/CpG_context_sampling_6225_41_trimmed_bismark_bt2.CpG",2198,1529,669,2198
"9042","07_report/CpG_context_sampling_6225_42_trimmed_bismark_bt2.CpG",2092,1506,586,2092
"9043","07_report/CpG_context_sampling_6225_43_trimmed_bismark_bt2.CpG",2110,1540,570,2110
"9044","07_report/CpG_context_sampling_6225_44_trimmed_bismark_bt2.CpG",2213,1565,648,2213
"9045","07_report/CpG_context_sampling_6225_45_trimmed_bismark_bt2.CpG",2147,1528,619,2147
"9046","07_report/CpG_context_sampling_6225_46_trimmed_bismark_bt2.CpG",2170,1542,628,2170
"9047","07_report/CpG_context_sampling_6225_47_trimmed_bismark_bt2.CpG",2152,1550,602,2152
"9048","07_report/CpG_context_sampling_6225_48_trimmed_bismark_bt2.CpG",2145,1510,635,2145
"9049","07_report/CpG_context_sampling_6225_49_trimmed_bismark_bt2.CpG",2131,1480,651,2131
"9050","07_report/CpG_context_sampling_6225_50_trimmed_bismark_bt2.CpG",2188,1587,601,2188
"9051","07_report/CpG_context_sampling_6225_51_trimmed_bismark_bt2.CpG",2151,1510,641,2151
"9052","07_report/CpG_context_sampling_6225_52_trimmed_bismark_bt2.CpG",2160,1551,609,2160
"9053","07_report/CpG_context_sampling_6225_53_trimmed_bismark_bt2.CpG",2184,1598,586,2184
"9054","07_report/CpG_context_sampling_6225_54_trimmed_bismark_bt2.CpG",2169,1517,652,2169
"9055","07_report/CpG_context_sampling_6225_55_trimmed_bismark_bt2.CpG",2103,1520,583,2103
"9056","07_report/CpG_context_sampling_6225_56_trimmed_bismark_bt2.CpG",2205,1614,591,2205
"9057","07_report/CpG_context_sampling_6225_57_trimmed_bismark_bt2.CpG",2151,1542,609,2151
"9058","07_report/CpG_context_sampling_6225_58_trimmed_bismark_bt2.CpG",2123,1506,617,2123
"9059","07_report/CpG_context_sampling_6225_59_trimmed_bismark_bt2.CpG",2139,1539,600,2139
"9060","07_report/CpG_context_sampling_6225_60_trimmed_bismark_bt2.CpG",2152,1542,610,2152
"9061","07_report/CpG_context_sampling_6225_61_trimmed_bismark_bt2.CpG",2190,1542,648,2190
"9062","07_report/CpG_context_sampling_6225_62_trimmed_bismark_bt2.CpG",2108,1510,598,2108
"9063","07_report/CpG_context_sampling_6225_63_trimmed_bismark_bt2.CpG",2171,1537,634,2171
"9064","07_report/CpG_context_sampling_6225_64_trimmed_bismark_bt2.CpG",2163,1564,599,2163
"9065","07_report/CpG_context_sampling_6225_65_trimmed_bismark_bt2.CpG",2234,1591,643,2234
"9066","07_report/CpG_context_sampling_6225_66_trimmed_bismark_bt2.CpG",2188,1569,619,2188
"9067","07_report/CpG_context_sampling_6225_67_trimmed_bismark_bt2.CpG",2107,1472,635,2107
"9068","07_report/CpG_context_sampling_6225_68_trimmed_bismark_bt2.CpG",2200,1593,607,2200
"9069","07_report/CpG_context_sampling_6225_69_trimmed_bismark_bt2.CpG",2150,1546,604,2150
"9070","07_report/CpG_context_sampling_6225_70_trimmed_bismark_bt2.CpG",2149,1563,586,2149
"9071","07_report/CpG_context_sampling_6225_71_trimmed_bismark_bt2.CpG",2152,1519,633,2152
"9072","07_report/CpG_context_sampling_6225_72_trimmed_bismark_bt2.CpG",2209,1595,614,2209
"9073","07_report/CpG_context_sampling_6225_73_trimmed_bismark_bt2.CpG",2149,1530,619,2149
"9074","07_report/CpG_context_sampling_6225_74_trimmed_bismark_bt2.CpG",2122,1531,591,2122
"9075","07_report/CpG_context_sampling_6225_75_trimmed_bismark_bt2.CpG",2127,1548,579,2127
"9076","07_report/CpG_context_sampling_6225_76_trimmed_bismark_bt2.CpG",2232,1603,629,2232
"9077","07_report/CpG_context_sampling_6225_77_trimmed_bismark_bt2.CpG",2147,1527,620,2147
"9078","07_report/CpG_context_sampling_6225_78_trimmed_bismark_bt2.CpG",2137,1530,607,2137
"9079","07_report/CpG_context_sampling_6225_79_trimmed_bismark_bt2.CpG",2122,1523,599,2122
"9080","07_report/CpG_context_sampling_6225_80_trimmed_bismark_bt2.CpG",2140,1533,607,2140
"9081","07_report/CpG_context_sampling_6225_81_trimmed_bismark_bt2.CpG",2104,1500,604,2104
"9082","07_report/CpG_context_sampling_6225_82_trimmed_bismark_bt2.CpG",2192,1541,651,2192
"9083","07_report/CpG_context_sampling_6225_83_trimmed_bismark_bt2.CpG",2168,1583,585,2168
"9084","07_report/CpG_context_sampling_6225_84_trimmed_bismark_bt2.CpG",2208,1634,574,2208
"9085","07_report/CpG_context_sampling_6225_85_trimmed_bismark_bt2.CpG",2170,1562,608,2170
"9086","07_report/CpG_context_sampling_6225_86_trimmed_bismark_bt2.CpG",2228,1595,633,2228
"9087","07_report/CpG_context_sampling_6225_87_trimmed_bismark_bt2.CpG",2116,1506,610,2116
"9088","07_report/CpG_context_sampling_6225_88_trimmed_bismark_bt2.CpG",2172,1576,596,2172
"9089","07_report/CpG_context_sampling_6225_89_trimmed_bismark_bt2.CpG",2057,1465,592,2057
"9090","07_report/CpG_context_sampling_6225_90_trimmed_bismark_bt2.CpG",2157,1536,621,2157
"9091","07_report/CpG_context_sampling_6225_91_trimmed_bismark_bt2.CpG",2163,1566,597,2163
"9092","07_report/CpG_context_sampling_6225_92_trimmed_bismark_bt2.CpG",2154,1512,642,2154
"9093","07_report/CpG_context_sampling_6225_93_trimmed_bismark_bt2.CpG",2134,1562,572,2134
"9094","07_report/CpG_context_sampling_6225_94_trimmed_bismark_bt2.CpG",2208,1582,626,2208
"9095","07_report/CpG_context_sampling_6225_95_trimmed_bismark_bt2.CpG",2166,1498,668,2166
"9096","07_report/CpG_context_sampling_6225_96_trimmed_bismark_bt2.CpG",2143,1561,582,2143
"9097","07_report/CpG_context_sampling_6225_97_trimmed_bismark_bt2.CpG",2182,1531,651,2182
"9098","07_report/CpG_context_sampling_6225_98_trimmed_bismark_bt2.CpG",2164,1549,615,2164
"9099","07_report/CpG_context_sampling_6225_99_trimmed_bismark_bt2.CpG",2206,1578,628,2206
"9100","07_report/CpG_context_sampling_6225_100_trimmed_bismark_bt2.CpG",2159,1574,585,2159
"9101","07_report/CpG_context_sampling_6225_101_trimmed_bismark_bt2.CpG",2162,1524,638,2162
"9102","07_report/CpG_context_sampling_6225_102_trimmed_bismark_bt2.CpG",2146,1539,607,2146
"9103","07_report/CpG_context_sampling_6225_103_trimmed_bismark_bt2.CpG",2073,1495,578,2073
"9104","07_report/CpG_context_sampling_6225_104_trimmed_bismark_bt2.CpG",2181,1567,614,2181
"9105","07_report/CpG_context_sampling_6225_105_trimmed_bismark_bt2.CpG",2131,1549,582,2131
"9106","07_report/CpG_context_sampling_6225_106_trimmed_bismark_bt2.CpG",2106,1489,617,2106
"9107","07_report/CpG_context_sampling_6225_107_trimmed_bismark_bt2.CpG",2201,1574,627,2201
"9108","07_report/CpG_context_sampling_6225_108_trimmed_bismark_bt2.CpG",2172,1551,621,2172
"9109","07_report/CpG_context_sampling_6225_109_trimmed_bismark_bt2.CpG",2173,1561,612,2173
"9110","07_report/CpG_context_sampling_6225_110_trimmed_bismark_bt2.CpG",2180,1572,608,2180
"9111","07_report/CpG_context_sampling_6225_111_trimmed_bismark_bt2.CpG",2177,1581,596,2177
"9112","07_report/CpG_context_sampling_6225_112_trimmed_bismark_bt2.CpG",2147,1504,643,2147
"9113","07_report/CpG_context_sampling_6225_113_trimmed_bismark_bt2.CpG",2175,1538,637,2175
"9114","07_report/CpG_context_sampling_6225_114_trimmed_bismark_bt2.CpG",2247,1603,644,2247
"9115","07_report/CpG_context_sampling_6225_115_trimmed_bismark_bt2.CpG",2240,1617,623,2240
"9116","07_report/CpG_context_sampling_6225_116_trimmed_bismark_bt2.CpG",2114,1493,621,2114
"9117","07_report/CpG_context_sampling_6225_117_trimmed_bismark_bt2.CpG",2136,1502,634,2136
"9118","07_report/CpG_context_sampling_6225_118_trimmed_bismark_bt2.CpG",2123,1529,594,2123
"9119","07_report/CpG_context_sampling_6225_119_trimmed_bismark_bt2.CpG",2101,1529,572,2101
"9120","07_report/CpG_context_sampling_6225_120_trimmed_bismark_bt2.CpG",2202,1569,633,2202
"9121","07_report/CpG_context_sampling_6225_121_trimmed_bismark_bt2.CpG",2145,1506,639,2145
"9122","07_report/CpG_context_sampling_6225_122_trimmed_bismark_bt2.CpG",2179,1540,639,2179
"9123","07_report/CpG_context_sampling_6225_123_trimmed_bismark_bt2.CpG",2130,1593,537,2130
"9124","07_report/CpG_context_sampling_6225_124_trimmed_bismark_bt2.CpG",2135,1537,598,2135
"9125","07_report/CpG_context_sampling_6225_125_trimmed_bismark_bt2.CpG",2185,1581,604,2185
"9126","07_report/CpG_context_sampling_6225_126_trimmed_bismark_bt2.CpG",2142,1521,621,2142
"9127","07_report/CpG_context_sampling_6225_127_trimmed_bismark_bt2.CpG",2199,1540,659,2199
"9128","07_report/CpG_context_sampling_6225_128_trimmed_bismark_bt2.CpG",2188,1573,615,2188
"9129","07_report/CpG_context_sampling_6225_129_trimmed_bismark_bt2.CpG",2194,1582,612,2194
"9130","07_report/CpG_context_sampling_6225_130_trimmed_bismark_bt2.CpG",2160,1549,611,2160
"9131","07_report/CpG_context_sampling_6225_131_trimmed_bismark_bt2.CpG",2149,1537,612,2149
"9132","07_report/CpG_context_sampling_6225_132_trimmed_bismark_bt2.CpG",2164,1543,621,2164
"9133","07_report/CpG_context_sampling_6225_133_trimmed_bismark_bt2.CpG",2158,1528,630,2158
"9134","07_report/CpG_context_sampling_6225_134_trimmed_bismark_bt2.CpG",2088,1492,596,2088
"9135","07_report/CpG_context_sampling_6225_135_trimmed_bismark_bt2.CpG",2134,1559,575,2134
"9136","07_report/CpG_context_sampling_6225_136_trimmed_bismark_bt2.CpG",2177,1555,622,2177
"9137","07_report/CpG_context_sampling_6225_137_trimmed_bismark_bt2.CpG",2188,1544,644,2188
"9138","07_report/CpG_context_sampling_6225_138_trimmed_bismark_bt2.CpG",2110,1505,605,2110
"9139","07_report/CpG_context_sampling_6225_139_trimmed_bismark_bt2.CpG",2224,1583,641,2224
"9140","07_report/CpG_context_sampling_6225_140_trimmed_bismark_bt2.CpG",2113,1541,572,2113
"9141","07_report/CpG_context_sampling_6225_141_trimmed_bismark_bt2.CpG",2085,1522,563,2085
"9142","07_report/CpG_context_sampling_6225_142_trimmed_bismark_bt2.CpG",2157,1564,593,2157
"9143","07_report/CpG_context_sampling_6225_143_trimmed_bismark_bt2.CpG",2138,1531,607,2138
"9144","07_report/CpG_context_sampling_6225_144_trimmed_bismark_bt2.CpG",2117,1522,595,2117
"9145","07_report/CpG_context_sampling_6225_145_trimmed_bismark_bt2.CpG",2130,1537,593,2130
"9146","07_report/CpG_context_sampling_6225_146_trimmed_bismark_bt2.CpG",2123,1499,624,2123
"9147","07_report/CpG_context_sampling_6225_147_trimmed_bismark_bt2.CpG",2238,1559,679,2238
"9148","07_report/CpG_context_sampling_6225_148_trimmed_bismark_bt2.CpG",2171,1557,614,2171
"9149","07_report/CpG_context_sampling_6225_149_trimmed_bismark_bt2.CpG",2134,1508,626,2134
"9150","07_report/CpG_context_sampling_6225_150_trimmed_bismark_bt2.CpG",2146,1547,599,2146
"9151","07_report/CpG_context_sampling_6225_151_trimmed_bismark_bt2.CpG",2218,1600,618,2218
"9152","07_report/CpG_context_sampling_6225_152_trimmed_bismark_bt2.CpG",2195,1519,676,2195
"9153","07_report/CpG_context_sampling_6225_153_trimmed_bismark_bt2.CpG",2207,1531,676,2207
"9154","07_report/CpG_context_sampling_6225_154_trimmed_bismark_bt2.CpG",2108,1516,592,2108
"9155","07_report/CpG_context_sampling_6225_155_trimmed_bismark_bt2.CpG",2178,1554,624,2178
"9156","07_report/CpG_context_sampling_6225_156_trimmed_bismark_bt2.CpG",2135,1534,601,2135
"9157","07_report/CpG_context_sampling_6225_157_trimmed_bismark_bt2.CpG",2170,1568,602,2170
"9158","07_report/CpG_context_sampling_6225_158_trimmed_bismark_bt2.CpG",2131,1516,615,2131
"9159","07_report/CpG_context_sampling_6225_159_trimmed_bismark_bt2.CpG",2096,1493,603,2096
"9160","07_report/CpG_context_sampling_6225_160_trimmed_bismark_bt2.CpG",2126,1578,548,2126
"9161","07_report/CpG_context_sampling_6225_161_trimmed_bismark_bt2.CpG",2132,1543,589,2132
"9162","07_report/CpG_context_sampling_6225_162_trimmed_bismark_bt2.CpG",2137,1545,592,2137
"9163","07_report/CpG_context_sampling_6225_163_trimmed_bismark_bt2.CpG",2132,1508,624,2132
"9164","07_report/CpG_context_sampling_6225_164_trimmed_bismark_bt2.CpG",2116,1536,580,2116
"9165","07_report/CpG_context_sampling_6225_165_trimmed_bismark_bt2.CpG",2167,1556,611,2167
"9166","07_report/CpG_context_sampling_6225_166_trimmed_bismark_bt2.CpG",2104,1541,563,2104
"9167","07_report/CpG_context_sampling_6225_167_trimmed_bismark_bt2.CpG",2171,1526,645,2171
"9168","07_report/CpG_context_sampling_6225_168_trimmed_bismark_bt2.CpG",2248,1577,671,2248
"9169","07_report/CpG_context_sampling_6225_169_trimmed_bismark_bt2.CpG",2140,1514,626,2140
"9170","07_report/CpG_context_sampling_6225_170_trimmed_bismark_bt2.CpG",2203,1590,613,2203
"9171","07_report/CpG_context_sampling_6225_171_trimmed_bismark_bt2.CpG",2254,1647,607,2254
"9172","07_report/CpG_context_sampling_6225_172_trimmed_bismark_bt2.CpG",2132,1520,612,2132
"9173","07_report/CpG_context_sampling_6225_173_trimmed_bismark_bt2.CpG",2222,1600,622,2222
"9174","07_report/CpG_context_sampling_6225_174_trimmed_bismark_bt2.CpG",2069,1450,619,2069
"9175","07_report/CpG_context_sampling_6225_175_trimmed_bismark_bt2.CpG",2120,1505,615,2120
"9176","07_report/CpG_context_sampling_6225_176_trimmed_bismark_bt2.CpG",2152,1536,616,2152
"9177","07_report/CpG_context_sampling_6225_177_trimmed_bismark_bt2.CpG",2117,1564,553,2117
"9178","07_report/CpG_context_sampling_6225_178_trimmed_bismark_bt2.CpG",2073,1469,604,2073
"9179","07_report/CpG_context_sampling_6225_179_trimmed_bismark_bt2.CpG",2313,1662,651,2313
"9180","07_report/CpG_context_sampling_6225_180_trimmed_bismark_bt2.CpG",2137,1552,585,2137
"9181","07_report/CpG_context_sampling_6225_181_trimmed_bismark_bt2.CpG",2129,1540,589,2129
"9182","07_report/CpG_context_sampling_6225_182_trimmed_bismark_bt2.CpG",2147,1548,599,2147
"9183","07_report/CpG_context_sampling_6225_183_trimmed_bismark_bt2.CpG",2087,1461,626,2087
"9184","07_report/CpG_context_sampling_6225_184_trimmed_bismark_bt2.CpG",2160,1560,600,2160
"9185","07_report/CpG_context_sampling_6225_185_trimmed_bismark_bt2.CpG",2119,1499,620,2119
"9186","07_report/CpG_context_sampling_6225_186_trimmed_bismark_bt2.CpG",2141,1534,607,2141
"9187","07_report/CpG_context_sampling_6225_187_trimmed_bismark_bt2.CpG",2158,1538,620,2158
"9188","07_report/CpG_context_sampling_6225_188_trimmed_bismark_bt2.CpG",2227,1621,606,2227
"9189","07_report/CpG_context_sampling_6225_189_trimmed_bismark_bt2.CpG",2153,1507,646,2153
"9190","07_report/CpG_context_sampling_6225_190_trimmed_bismark_bt2.CpG",2212,1555,657,2212
"9191","07_report/CpG_context_sampling_6225_191_trimmed_bismark_bt2.CpG",2210,1539,671,2210
"9192","07_report/CpG_context_sampling_6225_192_trimmed_bismark_bt2.CpG",2105,1546,559,2105
"9193","07_report/CpG_context_sampling_6225_193_trimmed_bismark_bt2.CpG",2185,1527,658,2185
"9194","07_report/CpG_context_sampling_6225_194_trimmed_bismark_bt2.CpG",2211,1595,616,2211
"9195","07_report/CpG_context_sampling_6225_195_trimmed_bismark_bt2.CpG",2104,1536,568,2104
"9196","07_report/CpG_context_sampling_6225_196_trimmed_bismark_bt2.CpG",2139,1558,581,2139
"9197","07_report/CpG_context_sampling_6225_197_trimmed_bismark_bt2.CpG",2097,1497,600,2097
"9198","07_report/CpG_context_sampling_6225_198_trimmed_bismark_bt2.CpG",2172,1539,633,2172
"9199","07_report/CpG_context_sampling_6225_199_trimmed_bismark_bt2.CpG",2118,1504,614,2118
"9200","07_report/CpG_context_sampling_6225_200_trimmed_bismark_bt2.CpG",2182,1572,610,2182
"9201","07_report/CpG_context_sampling_6225_201_trimmed_bismark_bt2.CpG",2212,1592,620,2212
"9202","07_report/CpG_context_sampling_6225_202_trimmed_bismark_bt2.CpG",2175,1547,628,2175
"9203","07_report/CpG_context_sampling_6225_203_trimmed_bismark_bt2.CpG",2097,1554,543,2097
"9204","07_report/CpG_context_sampling_6225_204_trimmed_bismark_bt2.CpG",2145,1520,625,2145
"9205","07_report/CpG_context_sampling_6225_205_trimmed_bismark_bt2.CpG",2218,1560,658,2218
"9206","07_report/CpG_context_sampling_6225_206_trimmed_bismark_bt2.CpG",2148,1501,647,2148
"9207","07_report/CpG_context_sampling_6225_207_trimmed_bismark_bt2.CpG",2218,1597,621,2218
"9208","07_report/CpG_context_sampling_6225_208_trimmed_bismark_bt2.CpG",2184,1567,617,2184
"9209","07_report/CpG_context_sampling_6225_209_trimmed_bismark_bt2.CpG",2140,1566,574,2140
"9210","07_report/CpG_context_sampling_6225_210_trimmed_bismark_bt2.CpG",2113,1503,610,2113
"9211","07_report/CpG_context_sampling_6225_211_trimmed_bismark_bt2.CpG",2187,1569,618,2187
"9212","07_report/CpG_context_sampling_6225_212_trimmed_bismark_bt2.CpG",2151,1561,590,2151
"9213","07_report/CpG_context_sampling_6225_213_trimmed_bismark_bt2.CpG",2169,1574,595,2169
"9214","07_report/CpG_context_sampling_6225_214_trimmed_bismark_bt2.CpG",2080,1501,579,2080
"9215","07_report/CpG_context_sampling_6225_215_trimmed_bismark_bt2.CpG",2166,1507,659,2166
"9216","07_report/CpG_context_sampling_6225_216_trimmed_bismark_bt2.CpG",2105,1516,589,2105
"9217","07_report/CpG_context_sampling_6225_217_trimmed_bismark_bt2.CpG",2123,1500,623,2123
"9218","07_report/CpG_context_sampling_6225_218_trimmed_bismark_bt2.CpG",2115,1513,602,2115
"9219","07_report/CpG_context_sampling_6225_219_trimmed_bismark_bt2.CpG",2161,1550,611,2161
"9220","07_report/CpG_context_sampling_6225_220_trimmed_bismark_bt2.CpG",2177,1557,620,2177
"9221","07_report/CpG_context_sampling_6225_221_trimmed_bismark_bt2.CpG",2115,1492,623,2115
"9222","07_report/CpG_context_sampling_6225_222_trimmed_bismark_bt2.CpG",2113,1488,625,2113
"9223","07_report/CpG_context_sampling_6225_223_trimmed_bismark_bt2.CpG",2158,1571,587,2158
"9224","07_report/CpG_context_sampling_6225_224_trimmed_bismark_bt2.CpG",2143,1576,567,2143
"9225","07_report/CpG_context_sampling_6225_225_trimmed_bismark_bt2.CpG",2168,1534,634,2168
"9226","07_report/CpG_context_sampling_6225_226_trimmed_bismark_bt2.CpG",2184,1581,603,2184
"9227","07_report/CpG_context_sampling_6225_227_trimmed_bismark_bt2.CpG",2155,1564,591,2155
"9228","07_report/CpG_context_sampling_6225_228_trimmed_bismark_bt2.CpG",2179,1596,583,2179
"9229","07_report/CpG_context_sampling_6225_229_trimmed_bismark_bt2.CpG",2143,1507,636,2143
"9230","07_report/CpG_context_sampling_6225_230_trimmed_bismark_bt2.CpG",2137,1524,613,2137
"9231","07_report/CpG_context_sampling_6225_231_trimmed_bismark_bt2.CpG",2198,1603,595,2198
"9232","07_report/CpG_context_sampling_6225_232_trimmed_bismark_bt2.CpG",2253,1609,644,2253
"9233","07_report/CpG_context_sampling_6225_233_trimmed_bismark_bt2.CpG",2184,1586,598,2184
"9234","07_report/CpG_context_sampling_6225_234_trimmed_bismark_bt2.CpG",2109,1521,588,2109
"9235","07_report/CpG_context_sampling_6225_235_trimmed_bismark_bt2.CpG",2163,1540,623,2163
"9236","07_report/CpG_context_sampling_6225_236_trimmed_bismark_bt2.CpG",2193,1561,632,2193
"9237","07_report/CpG_context_sampling_6225_237_trimmed_bismark_bt2.CpG",2166,1498,668,2166
"9238","07_report/CpG_context_sampling_6225_238_trimmed_bismark_bt2.CpG",2171,1550,621,2171
"9239","07_report/CpG_context_sampling_6225_239_trimmed_bismark_bt2.CpG",2165,1562,603,2165
"9240","07_report/CpG_context_sampling_6225_240_trimmed_bismark_bt2.CpG",2176,1574,602,2176
"9241","07_report/CpG_context_sampling_6225_241_trimmed_bismark_bt2.CpG",2180,1526,654,2180
"9242","07_report/CpG_context_sampling_6225_242_trimmed_bismark_bt2.CpG",2194,1563,631,2194
"9243","07_report/CpG_context_sampling_6225_243_trimmed_bismark_bt2.CpG",2148,1535,613,2148
"9244","07_report/CpG_context_sampling_6225_244_trimmed_bismark_bt2.CpG",2195,1537,658,2195
"9245","07_report/CpG_context_sampling_6225_245_trimmed_bismark_bt2.CpG",2154,1559,595,2154
"9246","07_report/CpG_context_sampling_6225_246_trimmed_bismark_bt2.CpG",2129,1513,616,2129
"9247","07_report/CpG_context_sampling_6225_247_trimmed_bismark_bt2.CpG",2144,1554,590,2144
"9248","07_report/CpG_context_sampling_6225_248_trimmed_bismark_bt2.CpG",2129,1527,602,2129
"9249","07_report/CpG_context_sampling_6225_249_trimmed_bismark_bt2.CpG",2094,1482,612,2094
"9250","07_report/CpG_context_sampling_6225_250_trimmed_bismark_bt2.CpG",2117,1489,628,2117
"9251","07_report/CpG_context_sampling_6225_251_trimmed_bismark_bt2.CpG",2144,1560,584,2144
"9252","07_report/CpG_context_sampling_6225_252_trimmed_bismark_bt2.CpG",2154,1574,580,2154
"9253","07_report/CpG_context_sampling_6225_253_trimmed_bismark_bt2.CpG",2144,1559,585,2144
"9254","07_report/CpG_context_sampling_6225_254_trimmed_bismark_bt2.CpG",2208,1559,649,2208
"9255","07_report/CpG_context_sampling_6225_255_trimmed_bismark_bt2.CpG",2213,1556,657,2213
"9256","07_report/CpG_context_sampling_6225_256_trimmed_bismark_bt2.CpG",2142,1529,613,2142
"9257","07_report/CpG_context_sampling_6225_257_trimmed_bismark_bt2.CpG",2194,1592,602,2194
"9258","07_report/CpG_context_sampling_6225_258_trimmed_bismark_bt2.CpG",2128,1515,613,2128
"9259","07_report/CpG_context_sampling_6225_259_trimmed_bismark_bt2.CpG",2107,1505,602,2107
"9260","07_report/CpG_context_sampling_6225_260_trimmed_bismark_bt2.CpG",2241,1611,630,2241
"9261","07_report/CpG_context_sampling_6225_261_trimmed_bismark_bt2.CpG",2122,1525,597,2122
"9262","07_report/CpG_context_sampling_6225_262_trimmed_bismark_bt2.CpG",2168,1564,604,2168
"9263","07_report/CpG_context_sampling_6225_263_trimmed_bismark_bt2.CpG",2184,1568,616,2184
"9264","07_report/CpG_context_sampling_6225_264_trimmed_bismark_bt2.CpG",2180,1525,655,2180
"9265","07_report/CpG_context_sampling_6225_265_trimmed_bismark_bt2.CpG",2177,1538,639,2177
"9266","07_report/CpG_context_sampling_6225_266_trimmed_bismark_bt2.CpG",2195,1579,616,2195
"9267","07_report/CpG_context_sampling_6225_267_trimmed_bismark_bt2.CpG",2141,1556,585,2141
"9268","07_report/CpG_context_sampling_6225_268_trimmed_bismark_bt2.CpG",2139,1536,603,2139
"9269","07_report/CpG_context_sampling_6225_269_trimmed_bismark_bt2.CpG",2184,1548,636,2184
"9270","07_report/CpG_context_sampling_6225_270_trimmed_bismark_bt2.CpG",2088,1493,595,2088
"9271","07_report/CpG_context_sampling_6225_271_trimmed_bismark_bt2.CpG",2176,1557,619,2176
"9272","07_report/CpG_context_sampling_6225_272_trimmed_bismark_bt2.CpG",2207,1563,644,2207
"9273","07_report/CpG_context_sampling_6225_273_trimmed_bismark_bt2.CpG",2129,1528,601,2129
"9274","07_report/CpG_context_sampling_6225_274_trimmed_bismark_bt2.CpG",2158,1526,632,2158
"9275","07_report/CpG_context_sampling_6225_275_trimmed_bismark_bt2.CpG",2225,1577,648,2225
"9276","07_report/CpG_context_sampling_6225_276_trimmed_bismark_bt2.CpG",2187,1583,604,2187
"9277","07_report/CpG_context_sampling_6225_277_trimmed_bismark_bt2.CpG",2161,1557,604,2161
"9278","07_report/CpG_context_sampling_6225_278_trimmed_bismark_bt2.CpG",2154,1506,648,2154
"9279","07_report/CpG_context_sampling_6225_279_trimmed_bismark_bt2.CpG",2168,1551,617,2168
"9280","07_report/CpG_context_sampling_6225_280_trimmed_bismark_bt2.CpG",2087,1468,619,2087
"9281","07_report/CpG_context_sampling_6225_281_trimmed_bismark_bt2.CpG",2119,1505,614,2119
"9282","07_report/CpG_context_sampling_6225_282_trimmed_bismark_bt2.CpG",2174,1547,627,2174
"9283","07_report/CpG_context_sampling_6225_283_trimmed_bismark_bt2.CpG",2134,1516,618,2134
"9284","07_report/CpG_context_sampling_6225_284_trimmed_bismark_bt2.CpG",2200,1554,646,2200
"9285","07_report/CpG_context_sampling_6225_285_trimmed_bismark_bt2.CpG",2149,1489,660,2149
"9286","07_report/CpG_context_sampling_6225_286_trimmed_bismark_bt2.CpG",2146,1568,578,2146
"9287","07_report/CpG_context_sampling_6225_287_trimmed_bismark_bt2.CpG",2130,1506,624,2130
"9288","07_report/CpG_context_sampling_6225_288_trimmed_bismark_bt2.CpG",2131,1506,625,2131
"9289","07_report/CpG_context_sampling_6225_289_trimmed_bismark_bt2.CpG",2136,1547,589,2136
"9290","07_report/CpG_context_sampling_6225_290_trimmed_bismark_bt2.CpG",2151,1524,627,2151
"9291","07_report/CpG_context_sampling_6225_291_trimmed_bismark_bt2.CpG",2201,1556,645,2201
"9292","07_report/CpG_context_sampling_6225_292_trimmed_bismark_bt2.CpG",2190,1587,603,2190
"9293","07_report/CpG_context_sampling_6225_293_trimmed_bismark_bt2.CpG",2109,1494,615,2109
"9294","07_report/CpG_context_sampling_6225_294_trimmed_bismark_bt2.CpG",2176,1545,631,2176
"9295","07_report/CpG_context_sampling_6225_295_trimmed_bismark_bt2.CpG",2157,1518,639,2157
"9296","07_report/CpG_context_sampling_6225_296_trimmed_bismark_bt2.CpG",2177,1543,634,2177
"9297","07_report/CpG_context_sampling_6225_297_trimmed_bismark_bt2.CpG",2141,1522,619,2141
"9298","07_report/CpG_context_sampling_6225_298_trimmed_bismark_bt2.CpG",2224,1615,609,2224
"9299","07_report/CpG_context_sampling_6225_299_trimmed_bismark_bt2.CpG",2159,1548,611,2159
"9300","07_report/CpG_context_sampling_6225_300_trimmed_bismark_bt2.CpG",2133,1494,639,2133
"9301","07_report/CpG_context_sampling_6225_301_trimmed_bismark_bt2.CpG",2215,1549,666,2215
"9302","07_report/CpG_context_sampling_6225_302_trimmed_bismark_bt2.CpG",2186,1567,619,2186
"9303","07_report/CpG_context_sampling_6225_303_trimmed_bismark_bt2.CpG",2189,1545,644,2189
"9304","07_report/CpG_context_sampling_6225_304_trimmed_bismark_bt2.CpG",2121,1516,605,2121
"9305","07_report/CpG_context_sampling_6225_305_trimmed_bismark_bt2.CpG",2230,1576,654,2230
"9306","07_report/CpG_context_sampling_6225_306_trimmed_bismark_bt2.CpG",2169,1523,646,2169
"9307","07_report/CpG_context_sampling_6225_307_trimmed_bismark_bt2.CpG",2133,1497,636,2133
"9308","07_report/CpG_context_sampling_6225_308_trimmed_bismark_bt2.CpG",2170,1554,616,2170
"9309","07_report/CpG_context_sampling_6225_309_trimmed_bismark_bt2.CpG",2116,1507,609,2116
"9310","07_report/CpG_context_sampling_6225_310_trimmed_bismark_bt2.CpG",2129,1501,628,2129
"9311","07_report/CpG_context_sampling_6225_311_trimmed_bismark_bt2.CpG",2187,1572,615,2187
"9312","07_report/CpG_context_sampling_6225_312_trimmed_bismark_bt2.CpG",2209,1578,631,2209
"9313","07_report/CpG_context_sampling_6225_313_trimmed_bismark_bt2.CpG",2222,1576,646,2222
"9314","07_report/CpG_context_sampling_6225_314_trimmed_bismark_bt2.CpG",2119,1513,606,2119
"9315","07_report/CpG_context_sampling_6225_315_trimmed_bismark_bt2.CpG",2191,1562,629,2191
"9316","07_report/CpG_context_sampling_6225_316_trimmed_bismark_bt2.CpG",2132,1578,554,2132
"9317","07_report/CpG_context_sampling_6225_317_trimmed_bismark_bt2.CpG",2109,1509,600,2109
"9318","07_report/CpG_context_sampling_6225_318_trimmed_bismark_bt2.CpG",2116,1552,564,2116
"9319","07_report/CpG_context_sampling_6225_319_trimmed_bismark_bt2.CpG",2147,1561,586,2147
"9320","07_report/CpG_context_sampling_6225_320_trimmed_bismark_bt2.CpG",2143,1531,612,2143
"9321","07_report/CpG_context_sampling_6225_321_trimmed_bismark_bt2.CpG",2142,1541,601,2142
"9322","07_report/CpG_context_sampling_6225_322_trimmed_bismark_bt2.CpG",2168,1532,636,2168
"9323","07_report/CpG_context_sampling_6225_323_trimmed_bismark_bt2.CpG",2144,1582,562,2144
"9324","07_report/CpG_context_sampling_6225_324_trimmed_bismark_bt2.CpG",2175,1582,593,2175
"9325","07_report/CpG_context_sampling_6225_325_trimmed_bismark_bt2.CpG",2122,1534,588,2122
"9326","07_report/CpG_context_sampling_6225_326_trimmed_bismark_bt2.CpG",2175,1563,612,2175
"9327","07_report/CpG_context_sampling_6225_327_trimmed_bismark_bt2.CpG",2180,1589,591,2180
"9328","07_report/CpG_context_sampling_6225_328_trimmed_bismark_bt2.CpG",2183,1524,659,2183
"9329","07_report/CpG_context_sampling_6225_329_trimmed_bismark_bt2.CpG",2179,1538,641,2179
"9330","07_report/CpG_context_sampling_6225_330_trimmed_bismark_bt2.CpG",2173,1553,620,2173
"9331","07_report/CpG_context_sampling_6225_331_trimmed_bismark_bt2.CpG",2144,1550,594,2144
"9332","07_report/CpG_context_sampling_6225_332_trimmed_bismark_bt2.CpG",2159,1506,653,2159
"9333","07_report/CpG_context_sampling_6225_333_trimmed_bismark_bt2.CpG",2158,1534,624,2158
"9334","07_report/CpG_context_sampling_6225_334_trimmed_bismark_bt2.CpG",2188,1588,600,2188
"9335","07_report/CpG_context_sampling_6225_335_trimmed_bismark_bt2.CpG",2158,1551,607,2158
"9336","07_report/CpG_context_sampling_6225_336_trimmed_bismark_bt2.CpG",2149,1535,614,2149
"9337","07_report/CpG_context_sampling_6225_337_trimmed_bismark_bt2.CpG",2144,1525,619,2144
"9338","07_report/CpG_context_sampling_6225_338_trimmed_bismark_bt2.CpG",2193,1582,611,2193
"9339","07_report/CpG_context_sampling_6225_339_trimmed_bismark_bt2.CpG",2186,1590,596,2186
"9340","07_report/CpG_context_sampling_6225_340_trimmed_bismark_bt2.CpG",2170,1515,655,2170
"9341","07_report/CpG_context_sampling_6225_341_trimmed_bismark_bt2.CpG",2124,1521,603,2124
"9342","07_report/CpG_context_sampling_6225_342_trimmed_bismark_bt2.CpG",2178,1550,628,2178
"9343","07_report/CpG_context_sampling_6225_343_trimmed_bismark_bt2.CpG",2169,1554,615,2169
"9344","07_report/CpG_context_sampling_6225_344_trimmed_bismark_bt2.CpG",2123,1538,585,2123
"9345","07_report/CpG_context_sampling_6225_345_trimmed_bismark_bt2.CpG",2169,1508,661,2169
"9346","07_report/CpG_context_sampling_6225_346_trimmed_bismark_bt2.CpG",2176,1545,631,2176
"9347","07_report/CpG_context_sampling_6225_347_trimmed_bismark_bt2.CpG",2155,1532,623,2155
"9348","07_report/CpG_context_sampling_6225_348_trimmed_bismark_bt2.CpG",2161,1570,591,2161
"9349","07_report/CpG_context_sampling_6225_349_trimmed_bismark_bt2.CpG",2151,1561,590,2151
"9350","07_report/CpG_context_sampling_6225_350_trimmed_bismark_bt2.CpG",2155,1551,604,2155
"9351","07_report/CpG_context_sampling_6225_351_trimmed_bismark_bt2.CpG",2200,1574,626,2200
"9352","07_report/CpG_context_sampling_6225_352_trimmed_bismark_bt2.CpG",2182,1604,578,2182
"9353","07_report/CpG_context_sampling_6225_353_trimmed_bismark_bt2.CpG",2186,1564,622,2186
"9354","07_report/CpG_context_sampling_6225_354_trimmed_bismark_bt2.CpG",2047,1452,595,2047
"9355","07_report/CpG_context_sampling_6225_355_trimmed_bismark_bt2.CpG",2143,1534,609,2143
"9356","07_report/CpG_context_sampling_6225_356_trimmed_bismark_bt2.CpG",2125,1498,627,2125
"9357","07_report/CpG_context_sampling_6225_357_trimmed_bismark_bt2.CpG",2132,1533,599,2132
"9358","07_report/CpG_context_sampling_6225_358_trimmed_bismark_bt2.CpG",2151,1545,606,2151
"9359","07_report/CpG_context_sampling_6225_359_trimmed_bismark_bt2.CpG",2203,1594,609,2203
"9360","07_report/CpG_context_sampling_6225_360_trimmed_bismark_bt2.CpG",2169,1520,649,2169
"9361","07_report/CpG_context_sampling_6225_361_trimmed_bismark_bt2.CpG",2129,1527,602,2129
"9362","07_report/CpG_context_sampling_6225_362_trimmed_bismark_bt2.CpG",2176,1543,633,2176
"9363","07_report/CpG_context_sampling_6225_363_trimmed_bismark_bt2.CpG",2164,1544,620,2164
"9364","07_report/CpG_context_sampling_6225_364_trimmed_bismark_bt2.CpG",2125,1533,592,2125
"9365","07_report/CpG_context_sampling_6225_365_trimmed_bismark_bt2.CpG",2077,1483,594,2077
"9366","07_report/CpG_context_sampling_6225_366_trimmed_bismark_bt2.CpG",2100,1547,553,2100
"9367","07_report/CpG_context_sampling_6225_367_trimmed_bismark_bt2.CpG",2271,1632,639,2271
"9368","07_report/CpG_context_sampling_6225_368_trimmed_bismark_bt2.CpG",2169,1552,617,2169
"9369","07_report/CpG_context_sampling_6225_369_trimmed_bismark_bt2.CpG",2153,1546,607,2153
"9370","07_report/CpG_context_sampling_6225_370_trimmed_bismark_bt2.CpG",2136,1529,607,2136
"9371","07_report/CpG_context_sampling_6225_371_trimmed_bismark_bt2.CpG",2067,1466,601,2067
"9372","07_report/CpG_context_sampling_6225_372_trimmed_bismark_bt2.CpG",2214,1582,632,2214
"9373","07_report/CpG_context_sampling_6225_373_trimmed_bismark_bt2.CpG",2177,1579,598,2177
"9374","07_report/CpG_context_sampling_6225_374_trimmed_bismark_bt2.CpG",2104,1497,607,2104
"9375","07_report/CpG_context_sampling_6225_375_trimmed_bismark_bt2.CpG",2248,1607,641,2248
"9376","07_report/CpG_context_sampling_6225_376_trimmed_bismark_bt2.CpG",2169,1556,613,2169
"9377","07_report/CpG_context_sampling_6225_377_trimmed_bismark_bt2.CpG",2104,1501,603,2104
"9378","07_report/CpG_context_sampling_6225_378_trimmed_bismark_bt2.CpG",2165,1578,587,2165
"9379","07_report/CpG_context_sampling_6225_379_trimmed_bismark_bt2.CpG",2136,1500,636,2136
"9380","07_report/CpG_context_sampling_6225_380_trimmed_bismark_bt2.CpG",2170,1526,644,2170
"9381","07_report/CpG_context_sampling_6225_381_trimmed_bismark_bt2.CpG",2151,1535,616,2151
"9382","07_report/CpG_context_sampling_6225_382_trimmed_bismark_bt2.CpG",2133,1550,583,2133
"9383","07_report/CpG_context_sampling_6225_383_trimmed_bismark_bt2.CpG",2185,1586,599,2185
"9384","07_report/CpG_context_sampling_6225_384_trimmed_bismark_bt2.CpG",2150,1542,608,2150
"9385","07_report/CpG_context_sampling_6225_385_trimmed_bismark_bt2.CpG",2129,1517,612,2129
"9386","07_report/CpG_context_sampling_6225_386_trimmed_bismark_bt2.CpG",2129,1515,614,2129
"9387","07_report/CpG_context_sampling_6225_387_trimmed_bismark_bt2.CpG",2188,1543,645,2188
"9388","07_report/CpG_context_sampling_6225_388_trimmed_bismark_bt2.CpG",2152,1532,620,2152
"9389","07_report/CpG_context_sampling_6225_389_trimmed_bismark_bt2.CpG",2189,1588,601,2189
"9390","07_report/CpG_context_sampling_6225_390_trimmed_bismark_bt2.CpG",2228,1598,630,2228
"9391","07_report/CpG_context_sampling_6225_391_trimmed_bismark_bt2.CpG",2160,1567,593,2160
"9392","07_report/CpG_context_sampling_6225_392_trimmed_bismark_bt2.CpG",2146,1562,584,2146
"9393","07_report/CpG_context_sampling_6225_393_trimmed_bismark_bt2.CpG",2115,1512,603,2115
"9394","07_report/CpG_context_sampling_6225_394_trimmed_bismark_bt2.CpG",2144,1562,582,2144
"9395","07_report/CpG_context_sampling_6225_395_trimmed_bismark_bt2.CpG",2139,1500,639,2139
"9396","07_report/CpG_context_sampling_6225_396_trimmed_bismark_bt2.CpG",2127,1529,598,2127
"9397","07_report/CpG_context_sampling_6225_397_trimmed_bismark_bt2.CpG",2185,1542,643,2185
"9398","07_report/CpG_context_sampling_6225_398_trimmed_bismark_bt2.CpG",2163,1538,625,2163
"9399","07_report/CpG_context_sampling_6225_399_trimmed_bismark_bt2.CpG",2133,1555,578,2133
"9400","07_report/CpG_context_sampling_6225_400_trimmed_bismark_bt2.CpG",2155,1540,615,2155
"9401","07_report/CpG_context_sampling_6225_401_trimmed_bismark_bt2.CpG",2164,1541,623,2164
"9402","07_report/CpG_context_sampling_6225_402_trimmed_bismark_bt2.CpG",2155,1511,644,2155
"9403","07_report/CpG_context_sampling_6225_403_trimmed_bismark_bt2.CpG",2146,1562,584,2146
"9404","07_report/CpG_context_sampling_6225_404_trimmed_bismark_bt2.CpG",2128,1530,598,2128
"9405","07_report/CpG_context_sampling_6225_405_trimmed_bismark_bt2.CpG",2116,1542,574,2116
"9406","07_report/CpG_context_sampling_6225_406_trimmed_bismark_bt2.CpG",2130,1482,648,2130
"9407","07_report/CpG_context_sampling_6225_407_trimmed_bismark_bt2.CpG",2144,1541,603,2144
"9408","07_report/CpG_context_sampling_6225_408_trimmed_bismark_bt2.CpG",2189,1509,680,2189
"9409","07_report/CpG_context_sampling_6225_409_trimmed_bismark_bt2.CpG",2179,1565,614,2179
"9410","07_report/CpG_context_sampling_6225_410_trimmed_bismark_bt2.CpG",2146,1544,602,2146
"9411","07_report/CpG_context_sampling_6225_411_trimmed_bismark_bt2.CpG",2141,1531,610,2141
"9412","07_report/CpG_context_sampling_6225_412_trimmed_bismark_bt2.CpG",2218,1567,651,2218
"9413","07_report/CpG_context_sampling_6225_413_trimmed_bismark_bt2.CpG",2194,1569,625,2194
"9414","07_report/CpG_context_sampling_6225_414_trimmed_bismark_bt2.CpG",2198,1584,614,2198
"9415","07_report/CpG_context_sampling_6225_415_trimmed_bismark_bt2.CpG",2204,1547,657,2204
"9416","07_report/CpG_context_sampling_6225_416_trimmed_bismark_bt2.CpG",2143,1509,634,2143
"9417","07_report/CpG_context_sampling_6225_417_trimmed_bismark_bt2.CpG",2148,1540,608,2148
"9418","07_report/CpG_context_sampling_6225_418_trimmed_bismark_bt2.CpG",2133,1546,587,2133
"9419","07_report/CpG_context_sampling_6225_419_trimmed_bismark_bt2.CpG",2097,1514,583,2097
"9420","07_report/CpG_context_sampling_6225_420_trimmed_bismark_bt2.CpG",2186,1558,628,2186
"9421","07_report/CpG_context_sampling_6225_421_trimmed_bismark_bt2.CpG",2183,1589,594,2183
"9422","07_report/CpG_context_sampling_6225_422_trimmed_bismark_bt2.CpG",2157,1523,634,2157
"9423","07_report/CpG_context_sampling_6225_423_trimmed_bismark_bt2.CpG",2178,1554,624,2178
"9424","07_report/CpG_context_sampling_6225_424_trimmed_bismark_bt2.CpG",2066,1485,581,2066
"9425","07_report/CpG_context_sampling_6225_425_trimmed_bismark_bt2.CpG",2176,1547,629,2176
"9426","07_report/CpG_context_sampling_6225_426_trimmed_bismark_bt2.CpG",2153,1534,619,2153
"9427","07_report/CpG_context_sampling_6225_427_trimmed_bismark_bt2.CpG",2208,1571,637,2208
"9428","07_report/CpG_context_sampling_6225_428_trimmed_bismark_bt2.CpG",2119,1531,588,2119
"9429","07_report/CpG_context_sampling_6225_429_trimmed_bismark_bt2.CpG",2164,1538,626,2164
"9430","07_report/CpG_context_sampling_6225_430_trimmed_bismark_bt2.CpG",2138,1527,611,2138
"9431","07_report/CpG_context_sampling_6225_431_trimmed_bismark_bt2.CpG",2144,1545,599,2144
"9432","07_report/CpG_context_sampling_6225_432_trimmed_bismark_bt2.CpG",2197,1562,635,2197
"9433","07_report/CpG_context_sampling_6225_433_trimmed_bismark_bt2.CpG",2155,1570,585,2155
"9434","07_report/CpG_context_sampling_6225_434_trimmed_bismark_bt2.CpG",2212,1574,638,2212
"9435","07_report/CpG_context_sampling_6225_435_trimmed_bismark_bt2.CpG",2172,1565,607,2172
"9436","07_report/CpG_context_sampling_6225_436_trimmed_bismark_bt2.CpG",2201,1584,617,2201
"9437","07_report/CpG_context_sampling_6225_437_trimmed_bismark_bt2.CpG",2136,1547,589,2136
"9438","07_report/CpG_context_sampling_6225_438_trimmed_bismark_bt2.CpG",2100,1481,619,2100
"9439","07_report/CpG_context_sampling_6225_439_trimmed_bismark_bt2.CpG",2214,1587,627,2214
"9440","07_report/CpG_context_sampling_6225_440_trimmed_bismark_bt2.CpG",2166,1551,615,2166
"9441","07_report/CpG_context_sampling_6225_441_trimmed_bismark_bt2.CpG",2202,1612,590,2202
"9442","07_report/CpG_context_sampling_6225_442_trimmed_bismark_bt2.CpG",2250,1603,647,2250
"9443","07_report/CpG_context_sampling_6225_443_trimmed_bismark_bt2.CpG",2131,1505,626,2131
"9444","07_report/CpG_context_sampling_6225_444_trimmed_bismark_bt2.CpG",2132,1503,629,2132
"9445","07_report/CpG_context_sampling_6225_445_trimmed_bismark_bt2.CpG",2157,1567,590,2157
"9446","07_report/CpG_context_sampling_6225_446_trimmed_bismark_bt2.CpG",2136,1507,629,2136
"9447","07_report/CpG_context_sampling_6225_447_trimmed_bismark_bt2.CpG",2105,1539,566,2105
"9448","07_report/CpG_context_sampling_6225_448_trimmed_bismark_bt2.CpG",2134,1531,603,2134
"9449","07_report/CpG_context_sampling_6225_449_trimmed_bismark_bt2.CpG",2190,1533,657,2190
"9450","07_report/CpG_context_sampling_6225_450_trimmed_bismark_bt2.CpG",2161,1510,651,2161
"9451","07_report/CpG_context_sampling_6225_451_trimmed_bismark_bt2.CpG",2187,1518,669,2187
"9452","07_report/CpG_context_sampling_6225_452_trimmed_bismark_bt2.CpG",2271,1647,624,2271
"9453","07_report/CpG_context_sampling_6225_453_trimmed_bismark_bt2.CpG",2169,1539,630,2169
"9454","07_report/CpG_context_sampling_6225_454_trimmed_bismark_bt2.CpG",2128,1533,595,2128
"9455","07_report/CpG_context_sampling_6225_455_trimmed_bismark_bt2.CpG",2128,1502,626,2128
"9456","07_report/CpG_context_sampling_6225_456_trimmed_bismark_bt2.CpG",2228,1625,603,2228
"9457","07_report/CpG_context_sampling_6225_457_trimmed_bismark_bt2.CpG",2161,1537,624,2161
"9458","07_report/CpG_context_sampling_6225_458_trimmed_bismark_bt2.CpG",2192,1574,618,2192
"9459","07_report/CpG_context_sampling_6225_459_trimmed_bismark_bt2.CpG",2176,1550,626,2176
"9460","07_report/CpG_context_sampling_6225_460_trimmed_bismark_bt2.CpG",2161,1541,620,2161
"9461","07_report/CpG_context_sampling_6225_461_trimmed_bismark_bt2.CpG",2210,1565,645,2210
"9462","07_report/CpG_context_sampling_6225_462_trimmed_bismark_bt2.CpG",2196,1557,639,2196
"9463","07_report/CpG_context_sampling_6225_463_trimmed_bismark_bt2.CpG",2184,1572,612,2184
"9464","07_report/CpG_context_sampling_6225_464_trimmed_bismark_bt2.CpG",2177,1511,666,2177
"9465","07_report/CpG_context_sampling_6225_465_trimmed_bismark_bt2.CpG",2156,1560,596,2156
"9466","07_report/CpG_context_sampling_6225_466_trimmed_bismark_bt2.CpG",2146,1558,588,2146
"9467","07_report/CpG_context_sampling_6225_467_trimmed_bismark_bt2.CpG",2153,1516,637,2153
"9468","07_report/CpG_context_sampling_6225_468_trimmed_bismark_bt2.CpG",2173,1529,644,2173
"9469","07_report/CpG_context_sampling_6225_469_trimmed_bismark_bt2.CpG",2216,1585,631,2216
"9470","07_report/CpG_context_sampling_6225_470_trimmed_bismark_bt2.CpG",2149,1503,646,2149
"9471","07_report/CpG_context_sampling_6225_471_trimmed_bismark_bt2.CpG",2137,1520,617,2137
"9472","07_report/CpG_context_sampling_6225_472_trimmed_bismark_bt2.CpG",2095,1493,602,2095
"9473","07_report/CpG_context_sampling_6225_473_trimmed_bismark_bt2.CpG",2172,1538,634,2172
"9474","07_report/CpG_context_sampling_6225_474_trimmed_bismark_bt2.CpG",2162,1539,623,2162
"9475","07_report/CpG_context_sampling_6225_475_trimmed_bismark_bt2.CpG",2198,1601,597,2198
"9476","07_report/CpG_context_sampling_6225_476_trimmed_bismark_bt2.CpG",2143,1525,618,2143
"9477","07_report/CpG_context_sampling_6225_477_trimmed_bismark_bt2.CpG",2189,1580,609,2189
"9478","07_report/CpG_context_sampling_6225_478_trimmed_bismark_bt2.CpG",2162,1569,593,2162
"9479","07_report/CpG_context_sampling_6225_479_trimmed_bismark_bt2.CpG",2224,1581,643,2224
"9480","07_report/CpG_context_sampling_6225_480_trimmed_bismark_bt2.CpG",2222,1582,640,2222
"9481","07_report/CpG_context_sampling_6225_481_trimmed_bismark_bt2.CpG",2200,1574,626,2200
"9482","07_report/CpG_context_sampling_6225_482_trimmed_bismark_bt2.CpG",2217,1611,606,2217
"9483","07_report/CpG_context_sampling_6225_483_trimmed_bismark_bt2.CpG",2143,1524,619,2143
"9484","07_report/CpG_context_sampling_6225_484_trimmed_bismark_bt2.CpG",2166,1553,613,2166
"9485","07_report/CpG_context_sampling_6225_485_trimmed_bismark_bt2.CpG",2218,1600,618,2218
"9486","07_report/CpG_context_sampling_6225_486_trimmed_bismark_bt2.CpG",2098,1502,596,2098
"9487","07_report/CpG_context_sampling_6225_487_trimmed_bismark_bt2.CpG",2116,1503,613,2116
"9488","07_report/CpG_context_sampling_6225_488_trimmed_bismark_bt2.CpG",2192,1549,643,2192
"9489","07_report/CpG_context_sampling_6225_489_trimmed_bismark_bt2.CpG",2148,1523,625,2148
"9490","07_report/CpG_context_sampling_6225_490_trimmed_bismark_bt2.CpG",2178,1571,607,2178
"9491","07_report/CpG_context_sampling_6225_491_trimmed_bismark_bt2.CpG",2118,1501,617,2118
"9492","07_report/CpG_context_sampling_6225_492_trimmed_bismark_bt2.CpG",2146,1530,616,2146
"9493","07_report/CpG_context_sampling_6225_493_trimmed_bismark_bt2.CpG",2146,1504,642,2146
"9494","07_report/CpG_context_sampling_6225_494_trimmed_bismark_bt2.CpG",2070,1467,603,2070
"9495","07_report/CpG_context_sampling_6225_495_trimmed_bismark_bt2.CpG",2201,1597,604,2201
"9496","07_report/CpG_context_sampling_6225_496_trimmed_bismark_bt2.CpG",2192,1579,613,2192
"9497","07_report/CpG_context_sampling_6225_497_trimmed_bismark_bt2.CpG",2149,1572,577,2149
"9498","07_report/CpG_context_sampling_6225_498_trimmed_bismark_bt2.CpG",2089,1513,576,2089
"9499","07_report/CpG_context_sampling_6225_499_trimmed_bismark_bt2.CpG",2167,1557,610,2167
"9500","07_report/CpG_context_sampling_6225_500_trimmed_bismark_bt2.CpG",2192,1580,612,2192
"9501","07_report/CpG_context_sampling_6225_501_trimmed_bismark_bt2.CpG",2194,1531,663,2194
"9502","07_report/CpG_context_sampling_6225_502_trimmed_bismark_bt2.CpG",2064,1508,556,2064
"9503","07_report/CpG_context_sampling_6225_503_trimmed_bismark_bt2.CpG",2156,1533,623,2156
"9504","07_report/CpG_context_sampling_6225_504_trimmed_bismark_bt2.CpG",2221,1582,639,2221
"9505","07_report/CpG_context_sampling_6225_505_trimmed_bismark_bt2.CpG",2208,1617,591,2208
"9506","07_report/CpG_context_sampling_6225_506_trimmed_bismark_bt2.CpG",2164,1567,597,2164
"9507","07_report/CpG_context_sampling_6225_507_trimmed_bismark_bt2.CpG",2146,1573,573,2146
"9508","07_report/CpG_context_sampling_6225_508_trimmed_bismark_bt2.CpG",2133,1519,614,2133
"9509","07_report/CpG_context_sampling_6225_509_trimmed_bismark_bt2.CpG",2131,1523,608,2131
"9510","07_report/CpG_context_sampling_6225_510_trimmed_bismark_bt2.CpG",2121,1541,580,2121
"9511","07_report/CpG_context_sampling_6225_511_trimmed_bismark_bt2.CpG",2238,1630,608,2238
"9512","07_report/CpG_context_sampling_6225_512_trimmed_bismark_bt2.CpG",2169,1550,619,2169
"9513","07_report/CpG_context_sampling_6225_513_trimmed_bismark_bt2.CpG",2185,1558,627,2185
"9514","07_report/CpG_context_sampling_6225_514_trimmed_bismark_bt2.CpG",2115,1517,598,2115
"9515","07_report/CpG_context_sampling_6225_515_trimmed_bismark_bt2.CpG",2169,1562,607,2169
"9516","07_report/CpG_context_sampling_6225_516_trimmed_bismark_bt2.CpG",2129,1527,602,2129
"9517","07_report/CpG_context_sampling_6225_517_trimmed_bismark_bt2.CpG",2174,1575,599,2174
"9518","07_report/CpG_context_sampling_6225_518_trimmed_bismark_bt2.CpG",2133,1534,599,2133
"9519","07_report/CpG_context_sampling_6225_519_trimmed_bismark_bt2.CpG",2219,1562,657,2219
"9520","07_report/CpG_context_sampling_6225_520_trimmed_bismark_bt2.CpG",2216,1585,631,2216
"9521","07_report/CpG_context_sampling_6225_521_trimmed_bismark_bt2.CpG",2111,1463,648,2111
"9522","07_report/CpG_context_sampling_6225_522_trimmed_bismark_bt2.CpG",2231,1622,609,2231
"9523","07_report/CpG_context_sampling_6225_523_trimmed_bismark_bt2.CpG",2111,1523,588,2111
"9524","07_report/CpG_context_sampling_6225_524_trimmed_bismark_bt2.CpG",2166,1548,618,2166
"9525","07_report/CpG_context_sampling_6225_525_trimmed_bismark_bt2.CpG",2172,1555,617,2172
"9526","07_report/CpG_context_sampling_6225_526_trimmed_bismark_bt2.CpG",2159,1552,607,2159
"9527","07_report/CpG_context_sampling_6225_527_trimmed_bismark_bt2.CpG",2073,1471,602,2073
"9528","07_report/CpG_context_sampling_6225_528_trimmed_bismark_bt2.CpG",2235,1593,642,2235
"9529","07_report/CpG_context_sampling_6225_529_trimmed_bismark_bt2.CpG",2137,1520,617,2137
"9530","07_report/CpG_context_sampling_6225_530_trimmed_bismark_bt2.CpG",2206,1579,627,2206
"9531","07_report/CpG_context_sampling_6225_531_trimmed_bismark_bt2.CpG",2188,1597,591,2188
"9532","07_report/CpG_context_sampling_6225_532_trimmed_bismark_bt2.CpG",2188,1540,648,2188
"9533","07_report/CpG_context_sampling_6225_533_trimmed_bismark_bt2.CpG",2180,1567,613,2180
"9534","07_report/CpG_context_sampling_6225_534_trimmed_bismark_bt2.CpG",2161,1559,602,2161
"9535","07_report/CpG_context_sampling_6225_535_trimmed_bismark_bt2.CpG",2086,1506,580,2086
"9536","07_report/CpG_context_sampling_6225_536_trimmed_bismark_bt2.CpG",2075,1472,603,2075
"9537","07_report/CpG_context_sampling_6225_537_trimmed_bismark_bt2.CpG",2093,1492,601,2093
"9538","07_report/CpG_context_sampling_6225_538_trimmed_bismark_bt2.CpG",2152,1559,593,2152
"9539","07_report/CpG_context_sampling_6225_539_trimmed_bismark_bt2.CpG",2180,1583,597,2180
"9540","07_report/CpG_context_sampling_6225_540_trimmed_bismark_bt2.CpG",2168,1560,608,2168
"9541","07_report/CpG_context_sampling_6225_541_trimmed_bismark_bt2.CpG",2108,1499,609,2108
"9542","07_report/CpG_context_sampling_6225_542_trimmed_bismark_bt2.CpG",2149,1555,594,2149
"9543","07_report/CpG_context_sampling_6225_543_trimmed_bismark_bt2.CpG",2159,1540,619,2159
"9544","07_report/CpG_context_sampling_6225_544_trimmed_bismark_bt2.CpG",2173,1586,587,2173
"9545","07_report/CpG_context_sampling_6225_545_trimmed_bismark_bt2.CpG",2117,1522,595,2117
"9546","07_report/CpG_context_sampling_6225_546_trimmed_bismark_bt2.CpG",2206,1587,619,2206
"9547","07_report/CpG_context_sampling_6225_547_trimmed_bismark_bt2.CpG",2175,1538,637,2175
"9548","07_report/CpG_context_sampling_6225_548_trimmed_bismark_bt2.CpG",2144,1528,616,2144
"9549","07_report/CpG_context_sampling_6225_549_trimmed_bismark_bt2.CpG",2112,1505,607,2112
"9550","07_report/CpG_context_sampling_6225_550_trimmed_bismark_bt2.CpG",2169,1524,645,2169
"9551","07_report/CpG_context_sampling_6225_551_trimmed_bismark_bt2.CpG",2158,1565,593,2158
"9552","07_report/CpG_context_sampling_6225_552_trimmed_bismark_bt2.CpG",2189,1537,652,2189
"9553","07_report/CpG_context_sampling_6225_553_trimmed_bismark_bt2.CpG",2189,1540,649,2189
"9554","07_report/CpG_context_sampling_6225_554_trimmed_bismark_bt2.CpG",2141,1532,609,2141
"9555","07_report/CpG_context_sampling_6225_555_trimmed_bismark_bt2.CpG",2191,1566,625,2191
"9556","07_report/CpG_context_sampling_6225_556_trimmed_bismark_bt2.CpG",2123,1476,647,2123
"9557","07_report/CpG_context_sampling_6225_557_trimmed_bismark_bt2.CpG",2171,1553,618,2171
"9558","07_report/CpG_context_sampling_6225_558_trimmed_bismark_bt2.CpG",2175,1552,623,2175
"9559","07_report/CpG_context_sampling_6225_559_trimmed_bismark_bt2.CpG",2163,1562,601,2163
"9560","07_report/CpG_context_sampling_6225_560_trimmed_bismark_bt2.CpG",2154,1530,624,2154
"9561","07_report/CpG_context_sampling_6225_561_trimmed_bismark_bt2.CpG",2186,1522,664,2186
"9562","07_report/CpG_context_sampling_6225_562_trimmed_bismark_bt2.CpG",2237,1617,620,2237
"9563","07_report/CpG_context_sampling_6225_563_trimmed_bismark_bt2.CpG",2136,1532,604,2136
"9564","07_report/CpG_context_sampling_6225_564_trimmed_bismark_bt2.CpG",2206,1576,630,2206
"9565","07_report/CpG_context_sampling_6225_565_trimmed_bismark_bt2.CpG",2184,1574,610,2184
"9566","07_report/CpG_context_sampling_6225_566_trimmed_bismark_bt2.CpG",2202,1552,650,2202
"9567","07_report/CpG_context_sampling_6225_567_trimmed_bismark_bt2.CpG",2167,1558,609,2167
"9568","07_report/CpG_context_sampling_6225_568_trimmed_bismark_bt2.CpG",2163,1514,649,2163
"9569","07_report/CpG_context_sampling_6225_569_trimmed_bismark_bt2.CpG",2125,1540,585,2125
"9570","07_report/CpG_context_sampling_6225_570_trimmed_bismark_bt2.CpG",2117,1525,592,2117
"9571","07_report/CpG_context_sampling_6225_571_trimmed_bismark_bt2.CpG",2089,1505,584,2089
"9572","07_report/CpG_context_sampling_6225_572_trimmed_bismark_bt2.CpG",2129,1564,565,2129
"9573","07_report/CpG_context_sampling_6225_573_trimmed_bismark_bt2.CpG",2245,1593,652,2245
"9574","07_report/CpG_context_sampling_6225_574_trimmed_bismark_bt2.CpG",2140,1493,647,2140
"9575","07_report/CpG_context_sampling_6225_575_trimmed_bismark_bt2.CpG",2167,1526,641,2167
"9576","07_report/CpG_context_sampling_6225_576_trimmed_bismark_bt2.CpG",2055,1477,578,2055
"9577","07_report/CpG_context_sampling_6225_577_trimmed_bismark_bt2.CpG",2106,1525,581,2106
"9578","07_report/CpG_context_sampling_6225_578_trimmed_bismark_bt2.CpG",2167,1546,621,2167
"9579","07_report/CpG_context_sampling_6225_579_trimmed_bismark_bt2.CpG",2125,1499,626,2125
"9580","07_report/CpG_context_sampling_6225_580_trimmed_bismark_bt2.CpG",2186,1573,613,2186
"9581","07_report/CpG_context_sampling_6225_581_trimmed_bismark_bt2.CpG",2179,1540,639,2179
"9582","07_report/CpG_context_sampling_6225_582_trimmed_bismark_bt2.CpG",2143,1548,595,2143
"9583","07_report/CpG_context_sampling_6225_583_trimmed_bismark_bt2.CpG",2128,1557,571,2128
"9584","07_report/CpG_context_sampling_6225_584_trimmed_bismark_bt2.CpG",2163,1545,618,2163
"9585","07_report/CpG_context_sampling_6225_585_trimmed_bismark_bt2.CpG",2241,1615,626,2241
"9586","07_report/CpG_context_sampling_6225_586_trimmed_bismark_bt2.CpG",2076,1478,598,2076
"9587","07_report/CpG_context_sampling_6225_587_trimmed_bismark_bt2.CpG",2145,1548,597,2145
"9588","07_report/CpG_context_sampling_6225_588_trimmed_bismark_bt2.CpG",2093,1524,569,2093
"9589","07_report/CpG_context_sampling_6225_589_trimmed_bismark_bt2.CpG",2174,1561,613,2174
"9590","07_report/CpG_context_sampling_6225_590_trimmed_bismark_bt2.CpG",2084,1469,615,2084
"9591","07_report/CpG_context_sampling_6225_591_trimmed_bismark_bt2.CpG",2089,1514,575,2089
"9592","07_report/CpG_context_sampling_6225_592_trimmed_bismark_bt2.CpG",2151,1546,605,2151
"9593","07_report/CpG_context_sampling_6225_593_trimmed_bismark_bt2.CpG",2203,1614,589,2203
"9594","07_report/CpG_context_sampling_6225_594_trimmed_bismark_bt2.CpG",2178,1570,608,2178
"9595","07_report/CpG_context_sampling_6225_595_trimmed_bismark_bt2.CpG",2129,1538,591,2129
"9596","07_report/CpG_context_sampling_6225_596_trimmed_bismark_bt2.CpG",2158,1549,609,2158
"9597","07_report/CpG_context_sampling_6225_597_trimmed_bismark_bt2.CpG",2087,1514,573,2087
"9598","07_report/CpG_context_sampling_6225_598_trimmed_bismark_bt2.CpG",2121,1534,587,2121
"9599","07_report/CpG_context_sampling_6225_599_trimmed_bismark_bt2.CpG",2206,1578,628,2206
"9600","07_report/CpG_context_sampling_6225_600_trimmed_bismark_bt2.CpG",2167,1519,648,2167
"9601","07_report/CpG_context_sampling_6225_601_trimmed_bismark_bt2.CpG",2167,1550,617,2167
"9602","07_report/CpG_context_sampling_6225_602_trimmed_bismark_bt2.CpG",2140,1529,611,2140
"9603","07_report/CpG_context_sampling_6225_603_trimmed_bismark_bt2.CpG",2176,1531,645,2176
"9604","07_report/CpG_context_sampling_6225_604_trimmed_bismark_bt2.CpG",2123,1514,609,2123
"9605","07_report/CpG_context_sampling_6225_605_trimmed_bismark_bt2.CpG",2120,1501,619,2120
"9606","07_report/CpG_context_sampling_6225_606_trimmed_bismark_bt2.CpG",2176,1553,623,2176
"9607","07_report/CpG_context_sampling_6225_607_trimmed_bismark_bt2.CpG",2190,1547,643,2190
"9608","07_report/CpG_context_sampling_6225_608_trimmed_bismark_bt2.CpG",2084,1483,601,2084
"9609","07_report/CpG_context_sampling_6225_609_trimmed_bismark_bt2.CpG",2125,1532,593,2125
"9610","07_report/CpG_context_sampling_6225_610_trimmed_bismark_bt2.CpG",2163,1519,644,2163
"9611","07_report/CpG_context_sampling_6225_611_trimmed_bismark_bt2.CpG",2193,1599,594,2193
"9612","07_report/CpG_context_sampling_6225_612_trimmed_bismark_bt2.CpG",2208,1581,627,2208
"9613","07_report/CpG_context_sampling_6225_613_trimmed_bismark_bt2.CpG",2145,1539,606,2145
"9614","07_report/CpG_context_sampling_6225_614_trimmed_bismark_bt2.CpG",2150,1547,603,2150
"9615","07_report/CpG_context_sampling_6225_615_trimmed_bismark_bt2.CpG",2143,1506,637,2143
"9616","07_report/CpG_context_sampling_6225_616_trimmed_bismark_bt2.CpG",2183,1576,607,2183
"9617","07_report/CpG_context_sampling_6225_617_trimmed_bismark_bt2.CpG",2151,1558,593,2151
"9618","07_report/CpG_context_sampling_6225_618_trimmed_bismark_bt2.CpG",2138,1523,615,2138
"9619","07_report/CpG_context_sampling_6225_619_trimmed_bismark_bt2.CpG",2061,1494,567,2061
"9620","07_report/CpG_context_sampling_6225_620_trimmed_bismark_bt2.CpG",2130,1535,595,2130
"9621","07_report/CpG_context_sampling_6225_621_trimmed_bismark_bt2.CpG",2207,1598,609,2207
"9622","07_report/CpG_context_sampling_6225_622_trimmed_bismark_bt2.CpG",2151,1518,633,2151
"9623","07_report/CpG_context_sampling_6225_623_trimmed_bismark_bt2.CpG",2136,1534,602,2136
"9624","07_report/CpG_context_sampling_6225_624_trimmed_bismark_bt2.CpG",2134,1517,617,2134
"9625","07_report/CpG_context_sampling_6225_625_trimmed_bismark_bt2.CpG",2109,1528,581,2109
"9626","07_report/CpG_context_sampling_6225_626_trimmed_bismark_bt2.CpG",2230,1603,627,2230
"9627","07_report/CpG_context_sampling_6225_627_trimmed_bismark_bt2.CpG",2103,1480,623,2103
"9628","07_report/CpG_context_sampling_6225_628_trimmed_bismark_bt2.CpG",2160,1533,627,2160
"9629","07_report/CpG_context_sampling_6225_629_trimmed_bismark_bt2.CpG",2191,1578,613,2191
"9630","07_report/CpG_context_sampling_6225_630_trimmed_bismark_bt2.CpG",2163,1534,629,2163
"9631","07_report/CpG_context_sampling_6225_631_trimmed_bismark_bt2.CpG",2152,1536,616,2152
"9632","07_report/CpG_context_sampling_6225_632_trimmed_bismark_bt2.CpG",2138,1520,618,2138
"9633","07_report/CpG_context_sampling_6225_633_trimmed_bismark_bt2.CpG",2171,1574,597,2171
"9634","07_report/CpG_context_sampling_6225_634_trimmed_bismark_bt2.CpG",2204,1547,657,2204
"9635","07_report/CpG_context_sampling_6225_635_trimmed_bismark_bt2.CpG",2171,1589,582,2171
"9636","07_report/CpG_context_sampling_6225_636_trimmed_bismark_bt2.CpG",2111,1512,599,2111
"9637","07_report/CpG_context_sampling_6225_637_trimmed_bismark_bt2.CpG",2142,1507,635,2142
"9638","07_report/CpG_context_sampling_6225_638_trimmed_bismark_bt2.CpG",2183,1537,646,2183
"9639","07_report/CpG_context_sampling_6225_639_trimmed_bismark_bt2.CpG",2135,1514,621,2135
"9640","07_report/CpG_context_sampling_6225_640_trimmed_bismark_bt2.CpG",2149,1538,611,2149
"9641","07_report/CpG_context_sampling_6225_641_trimmed_bismark_bt2.CpG",2211,1604,607,2211
"9642","07_report/CpG_context_sampling_6225_642_trimmed_bismark_bt2.CpG",2115,1508,607,2115
"9643","07_report/CpG_context_sampling_6225_643_trimmed_bismark_bt2.CpG",2190,1579,611,2190
"9644","07_report/CpG_context_sampling_6225_644_trimmed_bismark_bt2.CpG",2189,1582,607,2189
"9645","07_report/CpG_context_sampling_6225_645_trimmed_bismark_bt2.CpG",2149,1558,591,2149
"9646","07_report/CpG_context_sampling_6225_646_trimmed_bismark_bt2.CpG",2163,1541,622,2163
"9647","07_report/CpG_context_sampling_6225_647_trimmed_bismark_bt2.CpG",2212,1572,640,2212
"9648","07_report/CpG_context_sampling_6225_648_trimmed_bismark_bt2.CpG",2131,1524,607,2131
"9649","07_report/CpG_context_sampling_6225_649_trimmed_bismark_bt2.CpG",2207,1583,624,2207
"9650","07_report/CpG_context_sampling_6225_650_trimmed_bismark_bt2.CpG",2169,1517,652,2169
"9651","07_report/CpG_context_sampling_6225_651_trimmed_bismark_bt2.CpG",2145,1534,611,2145
"9652","07_report/CpG_context_sampling_6225_652_trimmed_bismark_bt2.CpG",2205,1602,603,2205
"9653","07_report/CpG_context_sampling_6225_653_trimmed_bismark_bt2.CpG",2115,1477,638,2115
"9654","07_report/CpG_context_sampling_6225_654_trimmed_bismark_bt2.CpG",2175,1574,601,2175
"9655","07_report/CpG_context_sampling_6225_655_trimmed_bismark_bt2.CpG",2162,1564,598,2162
"9656","07_report/CpG_context_sampling_6225_656_trimmed_bismark_bt2.CpG",2134,1550,584,2134
"9657","07_report/CpG_context_sampling_6225_657_trimmed_bismark_bt2.CpG",2141,1532,609,2141
"9658","07_report/CpG_context_sampling_6225_658_trimmed_bismark_bt2.CpG",2196,1566,630,2196
"9659","07_report/CpG_context_sampling_6225_659_trimmed_bismark_bt2.CpG",2195,1568,627,2195
"9660","07_report/CpG_context_sampling_6225_660_trimmed_bismark_bt2.CpG",2162,1527,635,2162
"9661","07_report/CpG_context_sampling_6225_661_trimmed_bismark_bt2.CpG",2130,1521,609,2130
"9662","07_report/CpG_context_sampling_6225_662_trimmed_bismark_bt2.CpG",2196,1563,633,2196
"9663","07_report/CpG_context_sampling_6225_663_trimmed_bismark_bt2.CpG",2172,1557,615,2172
"9664","07_report/CpG_context_sampling_6225_664_trimmed_bismark_bt2.CpG",2114,1508,606,2114
"9665","07_report/CpG_context_sampling_6225_665_trimmed_bismark_bt2.CpG",2128,1530,598,2128
"9666","07_report/CpG_context_sampling_6225_666_trimmed_bismark_bt2.CpG",2096,1486,610,2096
"9667","07_report/CpG_context_sampling_6225_667_trimmed_bismark_bt2.CpG",2186,1584,602,2186
"9668","07_report/CpG_context_sampling_6225_668_trimmed_bismark_bt2.CpG",2142,1525,617,2142
"9669","07_report/CpG_context_sampling_6225_669_trimmed_bismark_bt2.CpG",2128,1544,584,2128
"9670","07_report/CpG_context_sampling_6225_670_trimmed_bismark_bt2.CpG",2194,1568,626,2194
"9671","07_report/CpG_context_sampling_6225_671_trimmed_bismark_bt2.CpG",2161,1538,623,2161
"9672","07_report/CpG_context_sampling_6225_672_trimmed_bismark_bt2.CpG",2123,1510,613,2123
"9673","07_report/CpG_context_sampling_6225_673_trimmed_bismark_bt2.CpG",2189,1575,614,2189
"9674","07_report/CpG_context_sampling_6225_674_trimmed_bismark_bt2.CpG",2154,1561,593,2154
"9675","07_report/CpG_context_sampling_6225_675_trimmed_bismark_bt2.CpG",2174,1556,618,2174
"9676","07_report/CpG_context_sampling_6225_676_trimmed_bismark_bt2.CpG",2200,1586,614,2200
"9677","07_report/CpG_context_sampling_6225_677_trimmed_bismark_bt2.CpG",2207,1580,627,2207
"9678","07_report/CpG_context_sampling_6225_678_trimmed_bismark_bt2.CpG",2181,1550,631,2181
"9679","07_report/CpG_context_sampling_6225_679_trimmed_bismark_bt2.CpG",2212,1589,623,2212
"9680","07_report/CpG_context_sampling_6225_680_trimmed_bismark_bt2.CpG",2164,1569,595,2164
"9681","07_report/CpG_context_sampling_6225_681_trimmed_bismark_bt2.CpG",2151,1552,599,2151
"9682","07_report/CpG_context_sampling_6225_682_trimmed_bismark_bt2.CpG",2154,1518,636,2154
"9683","07_report/CpG_context_sampling_6225_683_trimmed_bismark_bt2.CpG",2164,1553,611,2164
"9684","07_report/CpG_context_sampling_6225_684_trimmed_bismark_bt2.CpG",2168,1558,610,2168
"9685","07_report/CpG_context_sampling_6225_685_trimmed_bismark_bt2.CpG",2170,1545,625,2170
"9686","07_report/CpG_context_sampling_6225_686_trimmed_bismark_bt2.CpG",2156,1572,584,2156
"9687","07_report/CpG_context_sampling_6225_687_trimmed_bismark_bt2.CpG",2167,1545,622,2167
"9688","07_report/CpG_context_sampling_6225_688_trimmed_bismark_bt2.CpG",2117,1529,588,2117
"9689","07_report/CpG_context_sampling_6225_689_trimmed_bismark_bt2.CpG",2201,1551,650,2201
"9690","07_report/CpG_context_sampling_6225_690_trimmed_bismark_bt2.CpG",2082,1499,583,2082
"9691","07_report/CpG_context_sampling_6225_691_trimmed_bismark_bt2.CpG",2124,1553,571,2124
"9692","07_report/CpG_context_sampling_6225_692_trimmed_bismark_bt2.CpG",2151,1534,617,2151
"9693","07_report/CpG_context_sampling_6225_693_trimmed_bismark_bt2.CpG",2128,1516,612,2128
"9694","07_report/CpG_context_sampling_6225_694_trimmed_bismark_bt2.CpG",2197,1582,615,2197
"9695","07_report/CpG_context_sampling_6225_695_trimmed_bismark_bt2.CpG",2169,1552,617,2169
"9696","07_report/CpG_context_sampling_6225_696_trimmed_bismark_bt2.CpG",2137,1548,589,2137
"9697","07_report/CpG_context_sampling_6225_697_trimmed_bismark_bt2.CpG",2105,1497,608,2105
"9698","07_report/CpG_context_sampling_6225_698_trimmed_bismark_bt2.CpG",2105,1474,631,2105
"9699","07_report/CpG_context_sampling_6225_699_trimmed_bismark_bt2.CpG",2192,1600,592,2192
"9700","07_report/CpG_context_sampling_6225_700_trimmed_bismark_bt2.CpG",2201,1576,625,2201
"9701","07_report/CpG_context_sampling_6225_701_trimmed_bismark_bt2.CpG",2162,1521,641,2162
"9702","07_report/CpG_context_sampling_6225_702_trimmed_bismark_bt2.CpG",2182,1558,624,2182
"9703","07_report/CpG_context_sampling_6225_703_trimmed_bismark_bt2.CpG",2149,1543,606,2149
"9704","07_report/CpG_context_sampling_6225_704_trimmed_bismark_bt2.CpG",2102,1493,609,2102
"9705","07_report/CpG_context_sampling_6225_705_trimmed_bismark_bt2.CpG",2182,1538,644,2182
"9706","07_report/CpG_context_sampling_6225_706_trimmed_bismark_bt2.CpG",2098,1512,586,2098
"9707","07_report/CpG_context_sampling_6225_707_trimmed_bismark_bt2.CpG",2185,1585,600,2185
"9708","07_report/CpG_context_sampling_6225_708_trimmed_bismark_bt2.CpG",2145,1587,558,2145
"9709","07_report/CpG_context_sampling_6225_709_trimmed_bismark_bt2.CpG",2139,1528,611,2139
"9710","07_report/CpG_context_sampling_6225_710_trimmed_bismark_bt2.CpG",2170,1560,610,2170
"9711","07_report/CpG_context_sampling_6225_711_trimmed_bismark_bt2.CpG",2145,1512,633,2145
"9712","07_report/CpG_context_sampling_6225_712_trimmed_bismark_bt2.CpG",2192,1611,581,2192
"9713","07_report/CpG_context_sampling_6225_713_trimmed_bismark_bt2.CpG",2201,1610,591,2201
"9714","07_report/CpG_context_sampling_6225_714_trimmed_bismark_bt2.CpG",2161,1548,613,2161
"9715","07_report/CpG_context_sampling_6225_715_trimmed_bismark_bt2.CpG",2174,1553,621,2174
"9716","07_report/CpG_context_sampling_6225_716_trimmed_bismark_bt2.CpG",2124,1541,583,2124
"9717","07_report/CpG_context_sampling_6225_717_trimmed_bismark_bt2.CpG",2142,1536,606,2142
"9718","07_report/CpG_context_sampling_6225_718_trimmed_bismark_bt2.CpG",2167,1553,614,2167
"9719","07_report/CpG_context_sampling_6225_719_trimmed_bismark_bt2.CpG",2125,1563,562,2125
"9720","07_report/CpG_context_sampling_6225_720_trimmed_bismark_bt2.CpG",2163,1522,641,2163
"9721","07_report/CpG_context_sampling_6225_721_trimmed_bismark_bt2.CpG",2142,1530,612,2142
"9722","07_report/CpG_context_sampling_6225_722_trimmed_bismark_bt2.CpG",2182,1550,632,2182
"9723","07_report/CpG_context_sampling_6225_723_trimmed_bismark_bt2.CpG",2137,1543,594,2137
"9724","07_report/CpG_context_sampling_6225_724_trimmed_bismark_bt2.CpG",2207,1583,624,2207
"9725","07_report/CpG_context_sampling_6225_725_trimmed_bismark_bt2.CpG",2221,1591,630,2221
"9726","07_report/CpG_context_sampling_6225_726_trimmed_bismark_bt2.CpG",2147,1536,611,2147
"9727","07_report/CpG_context_sampling_6225_727_trimmed_bismark_bt2.CpG",2204,1584,620,2204
"9728","07_report/CpG_context_sampling_6225_728_trimmed_bismark_bt2.CpG",2146,1564,582,2146
"9729","07_report/CpG_context_sampling_6225_729_trimmed_bismark_bt2.CpG",2184,1553,631,2184
"9730","07_report/CpG_context_sampling_6225_730_trimmed_bismark_bt2.CpG",2129,1528,601,2129
"9731","07_report/CpG_context_sampling_6225_731_trimmed_bismark_bt2.CpG",2198,1573,625,2198
"9732","07_report/CpG_context_sampling_6225_732_trimmed_bismark_bt2.CpG",2178,1604,574,2178
"9733","07_report/CpG_context_sampling_6225_733_trimmed_bismark_bt2.CpG",2110,1554,556,2110
"9734","07_report/CpG_context_sampling_6225_734_trimmed_bismark_bt2.CpG",2217,1562,655,2217
"9735","07_report/CpG_context_sampling_6225_735_trimmed_bismark_bt2.CpG",2142,1529,613,2142
"9736","07_report/CpG_context_sampling_6225_736_trimmed_bismark_bt2.CpG",2100,1488,612,2100
"9737","07_report/CpG_context_sampling_6225_737_trimmed_bismark_bt2.CpG",2146,1554,592,2146
"9738","07_report/CpG_context_sampling_6225_738_trimmed_bismark_bt2.CpG",2136,1527,609,2136
"9739","07_report/CpG_context_sampling_6225_739_trimmed_bismark_bt2.CpG",2108,1516,592,2108
"9740","07_report/CpG_context_sampling_6225_740_trimmed_bismark_bt2.CpG",2138,1536,602,2138
"9741","07_report/CpG_context_sampling_6225_741_trimmed_bismark_bt2.CpG",2182,1512,670,2182
"9742","07_report/CpG_context_sampling_6225_742_trimmed_bismark_bt2.CpG",2167,1593,574,2167
"9743","07_report/CpG_context_sampling_6225_743_trimmed_bismark_bt2.CpG",2171,1563,608,2171
"9744","07_report/CpG_context_sampling_6225_744_trimmed_bismark_bt2.CpG",2153,1567,586,2153
"9745","07_report/CpG_context_sampling_6225_745_trimmed_bismark_bt2.CpG",2173,1550,623,2173
"9746","07_report/CpG_context_sampling_6225_746_trimmed_bismark_bt2.CpG",2217,1596,621,2217
"9747","07_report/CpG_context_sampling_6225_747_trimmed_bismark_bt2.CpG",2179,1548,631,2179
"9748","07_report/CpG_context_sampling_6225_748_trimmed_bismark_bt2.CpG",2140,1536,604,2140
"9749","07_report/CpG_context_sampling_6225_749_trimmed_bismark_bt2.CpG",2161,1549,612,2161
"9750","07_report/CpG_context_sampling_6225_750_trimmed_bismark_bt2.CpG",2157,1566,591,2157
"9751","07_report/CpG_context_sampling_6225_751_trimmed_bismark_bt2.CpG",2168,1564,604,2168
"9752","07_report/CpG_context_sampling_6225_752_trimmed_bismark_bt2.CpG",2162,1551,611,2162
"9753","07_report/CpG_context_sampling_6225_753_trimmed_bismark_bt2.CpG",2157,1536,621,2157
"9754","07_report/CpG_context_sampling_6225_754_trimmed_bismark_bt2.CpG",2155,1538,617,2155
"9755","07_report/CpG_context_sampling_6225_755_trimmed_bismark_bt2.CpG",2154,1520,634,2154
"9756","07_report/CpG_context_sampling_6225_756_trimmed_bismark_bt2.CpG",2100,1493,607,2100
"9757","07_report/CpG_context_sampling_6225_757_trimmed_bismark_bt2.CpG",2217,1590,627,2217
"9758","07_report/CpG_context_sampling_6225_758_trimmed_bismark_bt2.CpG",2128,1515,613,2128
"9759","07_report/CpG_context_sampling_6225_759_trimmed_bismark_bt2.CpG",2171,1512,659,2171
"9760","07_report/CpG_context_sampling_6225_760_trimmed_bismark_bt2.CpG",2222,1591,631,2222
"9761","07_report/CpG_context_sampling_6225_761_trimmed_bismark_bt2.CpG",2102,1507,595,2102
"9762","07_report/CpG_context_sampling_6225_762_trimmed_bismark_bt2.CpG",2132,1535,597,2132
"9763","07_report/CpG_context_sampling_6225_763_trimmed_bismark_bt2.CpG",2159,1584,575,2159
"9764","07_report/CpG_context_sampling_6225_764_trimmed_bismark_bt2.CpG",2155,1529,626,2155
"9765","07_report/CpG_context_sampling_6225_765_trimmed_bismark_bt2.CpG",2105,1495,610,2105
"9766","07_report/CpG_context_sampling_6225_766_trimmed_bismark_bt2.CpG",2224,1604,620,2224
"9767","07_report/CpG_context_sampling_6225_767_trimmed_bismark_bt2.CpG",2180,1592,588,2180
"9768","07_report/CpG_context_sampling_6225_768_trimmed_bismark_bt2.CpG",2240,1575,665,2240
"9769","07_report/CpG_context_sampling_6225_769_trimmed_bismark_bt2.CpG",2154,1520,634,2154
"9770","07_report/CpG_context_sampling_6225_770_trimmed_bismark_bt2.CpG",2142,1559,583,2142
"9771","07_report/CpG_context_sampling_6225_771_trimmed_bismark_bt2.CpG",2179,1578,601,2179
"9772","07_report/CpG_context_sampling_6225_772_trimmed_bismark_bt2.CpG",2175,1551,624,2175
"9773","07_report/CpG_context_sampling_6225_773_trimmed_bismark_bt2.CpG",2186,1578,608,2186
"9774","07_report/CpG_context_sampling_6225_774_trimmed_bismark_bt2.CpG",2164,1564,600,2164
"9775","07_report/CpG_context_sampling_6225_775_trimmed_bismark_bt2.CpG",2220,1572,648,2220
"9776","07_report/CpG_context_sampling_6225_776_trimmed_bismark_bt2.CpG",2200,1526,674,2200
"9777","07_report/CpG_context_sampling_6225_777_trimmed_bismark_bt2.CpG",2102,1519,583,2102
"9778","07_report/CpG_context_sampling_6225_778_trimmed_bismark_bt2.CpG",2193,1536,657,2193
"9779","07_report/CpG_context_sampling_6225_779_trimmed_bismark_bt2.CpG",2134,1526,608,2134
"9780","07_report/CpG_context_sampling_6225_780_trimmed_bismark_bt2.CpG",2164,1521,643,2164
"9781","07_report/CpG_context_sampling_6225_781_trimmed_bismark_bt2.CpG",2178,1534,644,2178
"9782","07_report/CpG_context_sampling_6225_782_trimmed_bismark_bt2.CpG",2133,1505,628,2133
"9783","07_report/CpG_context_sampling_6225_783_trimmed_bismark_bt2.CpG",2153,1563,590,2153
"9784","07_report/CpG_context_sampling_6225_784_trimmed_bismark_bt2.CpG",2169,1563,606,2169
"9785","07_report/CpG_context_sampling_6225_785_trimmed_bismark_bt2.CpG",2172,1567,605,2172
"9786","07_report/CpG_context_sampling_6225_786_trimmed_bismark_bt2.CpG",2183,1553,630,2183
"9787","07_report/CpG_context_sampling_6225_787_trimmed_bismark_bt2.CpG",2114,1507,607,2114
"9788","07_report/CpG_context_sampling_6225_788_trimmed_bismark_bt2.CpG",2206,1548,658,2206
"9789","07_report/CpG_context_sampling_6225_789_trimmed_bismark_bt2.CpG",2107,1503,604,2107
"9790","07_report/CpG_context_sampling_6225_790_trimmed_bismark_bt2.CpG",2137,1542,595,2137
"9791","07_report/CpG_context_sampling_6225_791_trimmed_bismark_bt2.CpG",2145,1550,595,2145
"9792","07_report/CpG_context_sampling_6225_792_trimmed_bismark_bt2.CpG",2199,1585,614,2199
"9793","07_report/CpG_context_sampling_6225_793_trimmed_bismark_bt2.CpG",2220,1598,622,2220
"9794","07_report/CpG_context_sampling_6225_794_trimmed_bismark_bt2.CpG",2162,1520,642,2162
"9795","07_report/CpG_context_sampling_6225_795_trimmed_bismark_bt2.CpG",2132,1551,581,2132
"9796","07_report/CpG_context_sampling_6225_796_trimmed_bismark_bt2.CpG",2150,1508,642,2150
"9797","07_report/CpG_context_sampling_6225_797_trimmed_bismark_bt2.CpG",2109,1506,603,2109
"9798","07_report/CpG_context_sampling_6225_798_trimmed_bismark_bt2.CpG",2110,1501,609,2110
"9799","07_report/CpG_context_sampling_6225_799_trimmed_bismark_bt2.CpG",2226,1581,645,2226
"9800","07_report/CpG_context_sampling_6225_800_trimmed_bismark_bt2.CpG",2205,1557,648,2205
"9801","07_report/CpG_context_sampling_6225_801_trimmed_bismark_bt2.CpG",2173,1553,620,2173
"9802","07_report/CpG_context_sampling_6225_802_trimmed_bismark_bt2.CpG",2164,1546,618,2164
"9803","07_report/CpG_context_sampling_6225_803_trimmed_bismark_bt2.CpG",2184,1563,621,2184
"9804","07_report/CpG_context_sampling_6225_804_trimmed_bismark_bt2.CpG",2191,1579,612,2191
"9805","07_report/CpG_context_sampling_6225_805_trimmed_bismark_bt2.CpG",2111,1512,599,2111
"9806","07_report/CpG_context_sampling_6225_806_trimmed_bismark_bt2.CpG",2087,1509,578,2087
"9807","07_report/CpG_context_sampling_6225_807_trimmed_bismark_bt2.CpG",2159,1533,626,2159
"9808","07_report/CpG_context_sampling_6225_808_trimmed_bismark_bt2.CpG",2229,1611,618,2229
"9809","07_report/CpG_context_sampling_6225_809_trimmed_bismark_bt2.CpG",2249,1559,690,2249
"9810","07_report/CpG_context_sampling_6225_810_trimmed_bismark_bt2.CpG",2198,1539,659,2198
"9811","07_report/CpG_context_sampling_6225_811_trimmed_bismark_bt2.CpG",2218,1595,623,2218
"9812","07_report/CpG_context_sampling_6225_812_trimmed_bismark_bt2.CpG",2177,1566,611,2177
"9813","07_report/CpG_context_sampling_6225_813_trimmed_bismark_bt2.CpG",2126,1506,620,2126
"9814","07_report/CpG_context_sampling_6225_814_trimmed_bismark_bt2.CpG",2123,1536,587,2123
"9815","07_report/CpG_context_sampling_6225_815_trimmed_bismark_bt2.CpG",2130,1504,626,2130
"9816","07_report/CpG_context_sampling_6225_816_trimmed_bismark_bt2.CpG",2239,1590,649,2239
"9817","07_report/CpG_context_sampling_6225_817_trimmed_bismark_bt2.CpG",2150,1533,617,2150
"9818","07_report/CpG_context_sampling_6225_818_trimmed_bismark_bt2.CpG",2222,1609,613,2222
"9819","07_report/CpG_context_sampling_6225_819_trimmed_bismark_bt2.CpG",2206,1545,661,2206
"9820","07_report/CpG_context_sampling_6225_820_trimmed_bismark_bt2.CpG",2182,1524,658,2182
"9821","07_report/CpG_context_sampling_6225_821_trimmed_bismark_bt2.CpG",2204,1585,619,2204
"9822","07_report/CpG_context_sampling_6225_822_trimmed_bismark_bt2.CpG",2198,1583,615,2198
"9823","07_report/CpG_context_sampling_6225_823_trimmed_bismark_bt2.CpG",2183,1595,588,2183
"9824","07_report/CpG_context_sampling_6225_824_trimmed_bismark_bt2.CpG",2093,1490,603,2093
"9825","07_report/CpG_context_sampling_6225_825_trimmed_bismark_bt2.CpG",2145,1497,648,2145
"9826","07_report/CpG_context_sampling_6225_826_trimmed_bismark_bt2.CpG",2123,1553,570,2123
"9827","07_report/CpG_context_sampling_6225_827_trimmed_bismark_bt2.CpG",2139,1521,618,2139
"9828","07_report/CpG_context_sampling_6225_828_trimmed_bismark_bt2.CpG",2268,1635,633,2268
"9829","07_report/CpG_context_sampling_6225_829_trimmed_bismark_bt2.CpG",2129,1522,607,2129
"9830","07_report/CpG_context_sampling_6225_830_trimmed_bismark_bt2.CpG",2109,1482,627,2109
"9831","07_report/CpG_context_sampling_6225_831_trimmed_bismark_bt2.CpG",2184,1560,624,2184
"9832","07_report/CpG_context_sampling_6225_832_trimmed_bismark_bt2.CpG",2143,1563,580,2143
"9833","07_report/CpG_context_sampling_6225_833_trimmed_bismark_bt2.CpG",2195,1550,645,2195
"9834","07_report/CpG_context_sampling_6225_834_trimmed_bismark_bt2.CpG",2221,1594,627,2221
"9835","07_report/CpG_context_sampling_6225_835_trimmed_bismark_bt2.CpG",2128,1532,596,2128
"9836","07_report/CpG_context_sampling_6225_836_trimmed_bismark_bt2.CpG",2150,1544,606,2150
"9837","07_report/CpG_context_sampling_6225_837_trimmed_bismark_bt2.CpG",2133,1526,607,2133
"9838","07_report/CpG_context_sampling_6225_838_trimmed_bismark_bt2.CpG",2179,1540,639,2179
"9839","07_report/CpG_context_sampling_6225_839_trimmed_bismark_bt2.CpG",2153,1569,584,2153
"9840","07_report/CpG_context_sampling_6225_840_trimmed_bismark_bt2.CpG",2181,1539,642,2181
"9841","07_report/CpG_context_sampling_6225_841_trimmed_bismark_bt2.CpG",2146,1567,579,2146
"9842","07_report/CpG_context_sampling_6225_842_trimmed_bismark_bt2.CpG",2138,1529,609,2138
"9843","07_report/CpG_context_sampling_6225_843_trimmed_bismark_bt2.CpG",2170,1558,612,2170
"9844","07_report/CpG_context_sampling_6225_844_trimmed_bismark_bt2.CpG",2167,1525,642,2167
"9845","07_report/CpG_context_sampling_6225_845_trimmed_bismark_bt2.CpG",2214,1626,588,2214
"9846","07_report/CpG_context_sampling_6225_846_trimmed_bismark_bt2.CpG",2191,1553,638,2191
"9847","07_report/CpG_context_sampling_6225_847_trimmed_bismark_bt2.CpG",2184,1538,646,2184
"9848","07_report/CpG_context_sampling_6225_848_trimmed_bismark_bt2.CpG",2156,1544,612,2156
"9849","07_report/CpG_context_sampling_6225_849_trimmed_bismark_bt2.CpG",2235,1557,678,2235
"9850","07_report/CpG_context_sampling_6225_850_trimmed_bismark_bt2.CpG",2181,1538,643,2181
"9851","07_report/CpG_context_sampling_6225_851_trimmed_bismark_bt2.CpG",2175,1568,607,2175
"9852","07_report/CpG_context_sampling_6225_852_trimmed_bismark_bt2.CpG",2150,1513,637,2150
"9853","07_report/CpG_context_sampling_6225_853_trimmed_bismark_bt2.CpG",2157,1508,649,2157
"9854","07_report/CpG_context_sampling_6225_854_trimmed_bismark_bt2.CpG",2201,1578,623,2201
"9855","07_report/CpG_context_sampling_6225_855_trimmed_bismark_bt2.CpG",2150,1562,588,2150
"9856","07_report/CpG_context_sampling_6225_856_trimmed_bismark_bt2.CpG",2184,1554,630,2184
"9857","07_report/CpG_context_sampling_6225_857_trimmed_bismark_bt2.CpG",2156,1540,616,2156
"9858","07_report/CpG_context_sampling_6225_858_trimmed_bismark_bt2.CpG",2187,1535,652,2187
"9859","07_report/CpG_context_sampling_6225_859_trimmed_bismark_bt2.CpG",2158,1550,608,2158
"9860","07_report/CpG_context_sampling_6225_860_trimmed_bismark_bt2.CpG",2194,1591,603,2194
"9861","07_report/CpG_context_sampling_6225_861_trimmed_bismark_bt2.CpG",2170,1583,587,2170
"9862","07_report/CpG_context_sampling_6225_862_trimmed_bismark_bt2.CpG",2060,1456,604,2060
"9863","07_report/CpG_context_sampling_6225_863_trimmed_bismark_bt2.CpG",2174,1540,634,2174
"9864","07_report/CpG_context_sampling_6225_864_trimmed_bismark_bt2.CpG",2200,1569,631,2200
"9865","07_report/CpG_context_sampling_6225_865_trimmed_bismark_bt2.CpG",2171,1592,579,2171
"9866","07_report/CpG_context_sampling_6225_866_trimmed_bismark_bt2.CpG",2172,1529,643,2172
"9867","07_report/CpG_context_sampling_6225_867_trimmed_bismark_bt2.CpG",2134,1455,679,2134
"9868","07_report/CpG_context_sampling_6225_868_trimmed_bismark_bt2.CpG",2112,1503,609,2112
"9869","07_report/CpG_context_sampling_6225_869_trimmed_bismark_bt2.CpG",2127,1486,641,2127
"9870","07_report/CpG_context_sampling_6225_870_trimmed_bismark_bt2.CpG",2144,1545,599,2144
"9871","07_report/CpG_context_sampling_6225_871_trimmed_bismark_bt2.CpG",2144,1551,593,2144
"9872","07_report/CpG_context_sampling_6225_872_trimmed_bismark_bt2.CpG",2136,1546,590,2136
"9873","07_report/CpG_context_sampling_6225_873_trimmed_bismark_bt2.CpG",2155,1527,628,2155
"9874","07_report/CpG_context_sampling_6225_874_trimmed_bismark_bt2.CpG",2230,1583,647,2230
"9875","07_report/CpG_context_sampling_6225_875_trimmed_bismark_bt2.CpG",2141,1514,627,2141
"9876","07_report/CpG_context_sampling_6225_876_trimmed_bismark_bt2.CpG",2150,1515,635,2150
"9877","07_report/CpG_context_sampling_6225_877_trimmed_bismark_bt2.CpG",2188,1612,576,2188
"9878","07_report/CpG_context_sampling_6225_878_trimmed_bismark_bt2.CpG",2233,1595,638,2233
"9879","07_report/CpG_context_sampling_6225_879_trimmed_bismark_bt2.CpG",2131,1558,573,2131
"9880","07_report/CpG_context_sampling_6225_880_trimmed_bismark_bt2.CpG",2205,1580,625,2205
"9881","07_report/CpG_context_sampling_6225_881_trimmed_bismark_bt2.CpG",2146,1533,613,2146
"9882","07_report/CpG_context_sampling_6225_882_trimmed_bismark_bt2.CpG",2141,1521,620,2141
"9883","07_report/CpG_context_sampling_6225_883_trimmed_bismark_bt2.CpG",2145,1546,599,2145
"9884","07_report/CpG_context_sampling_6225_884_trimmed_bismark_bt2.CpG",2147,1552,595,2147
"9885","07_report/CpG_context_sampling_6225_885_trimmed_bismark_bt2.CpG",2174,1586,588,2174
"9886","07_report/CpG_context_sampling_6225_886_trimmed_bismark_bt2.CpG",2131,1485,646,2131
"9887","07_report/CpG_context_sampling_6225_887_trimmed_bismark_bt2.CpG",2139,1561,578,2139
"9888","07_report/CpG_context_sampling_6225_888_trimmed_bismark_bt2.CpG",2179,1539,640,2179
"9889","07_report/CpG_context_sampling_6225_889_trimmed_bismark_bt2.CpG",2143,1511,632,2143
"9890","07_report/CpG_context_sampling_6225_890_trimmed_bismark_bt2.CpG",2189,1559,630,2189
"9891","07_report/CpG_context_sampling_6225_891_trimmed_bismark_bt2.CpG",2138,1544,594,2138
"9892","07_report/CpG_context_sampling_6225_892_trimmed_bismark_bt2.CpG",2135,1523,612,2135
"9893","07_report/CpG_context_sampling_6225_893_trimmed_bismark_bt2.CpG",2064,1475,589,2064
"9894","07_report/CpG_context_sampling_6225_894_trimmed_bismark_bt2.CpG",2216,1587,629,2216
"9895","07_report/CpG_context_sampling_6225_895_trimmed_bismark_bt2.CpG",2105,1504,601,2105
"9896","07_report/CpG_context_sampling_6225_896_trimmed_bismark_bt2.CpG",2139,1512,627,2139
"9897","07_report/CpG_context_sampling_6225_897_trimmed_bismark_bt2.CpG",2141,1538,603,2141
"9898","07_report/CpG_context_sampling_6225_898_trimmed_bismark_bt2.CpG",2133,1516,617,2133
"9899","07_report/CpG_context_sampling_6225_899_trimmed_bismark_bt2.CpG",2232,1608,624,2232
"9900","07_report/CpG_context_sampling_6225_900_trimmed_bismark_bt2.CpG",2171,1566,605,2171
"9901","07_report/CpG_context_sampling_6225_901_trimmed_bismark_bt2.CpG",2156,1542,614,2156
"9902","07_report/CpG_context_sampling_6225_902_trimmed_bismark_bt2.CpG",2109,1519,590,2109
"9903","07_report/CpG_context_sampling_6225_903_trimmed_bismark_bt2.CpG",2114,1541,573,2114
"9904","07_report/CpG_context_sampling_6225_904_trimmed_bismark_bt2.CpG",2139,1553,586,2139
"9905","07_report/CpG_context_sampling_6225_905_trimmed_bismark_bt2.CpG",2167,1521,646,2167
"9906","07_report/CpG_context_sampling_6225_906_trimmed_bismark_bt2.CpG",2257,1616,641,2257
"9907","07_report/CpG_context_sampling_6225_907_trimmed_bismark_bt2.CpG",2115,1515,600,2115
"9908","07_report/CpG_context_sampling_6225_908_trimmed_bismark_bt2.CpG",2232,1614,618,2232
"9909","07_report/CpG_context_sampling_6225_909_trimmed_bismark_bt2.CpG",2139,1545,594,2139
"9910","07_report/CpG_context_sampling_6225_910_trimmed_bismark_bt2.CpG",2203,1571,632,2203
"9911","07_report/CpG_context_sampling_6225_911_trimmed_bismark_bt2.CpG",2126,1505,621,2126
"9912","07_report/CpG_context_sampling_6225_912_trimmed_bismark_bt2.CpG",2183,1577,606,2183
"9913","07_report/CpG_context_sampling_6225_913_trimmed_bismark_bt2.CpG",2150,1524,626,2150
"9914","07_report/CpG_context_sampling_6225_914_trimmed_bismark_bt2.CpG",2170,1535,635,2170
"9915","07_report/CpG_context_sampling_6225_915_trimmed_bismark_bt2.CpG",2097,1460,637,2097
"9916","07_report/CpG_context_sampling_6225_916_trimmed_bismark_bt2.CpG",2130,1536,594,2130
"9917","07_report/CpG_context_sampling_6225_917_trimmed_bismark_bt2.CpG",2108,1509,599,2108
"9918","07_report/CpG_context_sampling_6225_918_trimmed_bismark_bt2.CpG",2219,1611,608,2219
"9919","07_report/CpG_context_sampling_6225_919_trimmed_bismark_bt2.CpG",2135,1551,584,2135
"9920","07_report/CpG_context_sampling_6225_920_trimmed_bismark_bt2.CpG",2146,1490,656,2146
"9921","07_report/CpG_context_sampling_6225_921_trimmed_bismark_bt2.CpG",2186,1566,620,2186
"9922","07_report/CpG_context_sampling_6225_922_trimmed_bismark_bt2.CpG",2075,1481,594,2075
"9923","07_report/CpG_context_sampling_6225_923_trimmed_bismark_bt2.CpG",2182,1538,644,2182
"9924","07_report/CpG_context_sampling_6225_924_trimmed_bismark_bt2.CpG",2209,1552,657,2209
"9925","07_report/CpG_context_sampling_6225_925_trimmed_bismark_bt2.CpG",2142,1527,615,2142
"9926","07_report/CpG_context_sampling_6225_926_trimmed_bismark_bt2.CpG",2121,1488,633,2121
"9927","07_report/CpG_context_sampling_6225_927_trimmed_bismark_bt2.CpG",2225,1611,614,2225
"9928","07_report/CpG_context_sampling_6225_928_trimmed_bismark_bt2.CpG",2136,1541,595,2136
"9929","07_report/CpG_context_sampling_6225_929_trimmed_bismark_bt2.CpG",2153,1564,589,2153
"9930","07_report/CpG_context_sampling_6225_930_trimmed_bismark_bt2.CpG",2106,1498,608,2106
"9931","07_report/CpG_context_sampling_6225_931_trimmed_bismark_bt2.CpG",2143,1546,597,2143
"9932","07_report/CpG_context_sampling_6225_932_trimmed_bismark_bt2.CpG",2165,1529,636,2165
"9933","07_report/CpG_context_sampling_6225_933_trimmed_bismark_bt2.CpG",2174,1565,609,2174
"9934","07_report/CpG_context_sampling_6225_934_trimmed_bismark_bt2.CpG",2206,1598,608,2206
"9935","07_report/CpG_context_sampling_6225_935_trimmed_bismark_bt2.CpG",2113,1516,597,2113
"9936","07_report/CpG_context_sampling_6225_936_trimmed_bismark_bt2.CpG",2157,1553,604,2157
"9937","07_report/CpG_context_sampling_6225_937_trimmed_bismark_bt2.CpG",2145,1553,592,2145
"9938","07_report/CpG_context_sampling_6225_938_trimmed_bismark_bt2.CpG",2170,1545,625,2170
"9939","07_report/CpG_context_sampling_6225_939_trimmed_bismark_bt2.CpG",2107,1523,584,2107
"9940","07_report/CpG_context_sampling_6225_940_trimmed_bismark_bt2.CpG",2180,1614,566,2180
"9941","07_report/CpG_context_sampling_6225_941_trimmed_bismark_bt2.CpG",2155,1543,612,2155
"9942","07_report/CpG_context_sampling_6225_942_trimmed_bismark_bt2.CpG",2121,1507,614,2121
"9943","07_report/CpG_context_sampling_6225_943_trimmed_bismark_bt2.CpG",2109,1539,570,2109
"9944","07_report/CpG_context_sampling_6225_944_trimmed_bismark_bt2.CpG",2142,1519,623,2142
"9945","07_report/CpG_context_sampling_6225_945_trimmed_bismark_bt2.CpG",2090,1462,628,2090
"9946","07_report/CpG_context_sampling_6225_946_trimmed_bismark_bt2.CpG",2205,1594,611,2205
"9947","07_report/CpG_context_sampling_6225_947_trimmed_bismark_bt2.CpG",2182,1554,628,2182
"9948","07_report/CpG_context_sampling_6225_948_trimmed_bismark_bt2.CpG",2095,1481,614,2095
"9949","07_report/CpG_context_sampling_6225_949_trimmed_bismark_bt2.CpG",2143,1566,577,2143
"9950","07_report/CpG_context_sampling_6225_950_trimmed_bismark_bt2.CpG",2126,1543,583,2126
"9951","07_report/CpG_context_sampling_6225_951_trimmed_bismark_bt2.CpG",2121,1510,611,2121
"9952","07_report/CpG_context_sampling_6225_952_trimmed_bismark_bt2.CpG",2152,1535,617,2152
"9953","07_report/CpG_context_sampling_6225_953_trimmed_bismark_bt2.CpG",2173,1572,601,2173
"9954","07_report/CpG_context_sampling_6225_954_trimmed_bismark_bt2.CpG",2166,1530,636,2166
"9955","07_report/CpG_context_sampling_6225_955_trimmed_bismark_bt2.CpG",2207,1561,646,2207
"9956","07_report/CpG_context_sampling_6225_956_trimmed_bismark_bt2.CpG",2177,1589,588,2177
"9957","07_report/CpG_context_sampling_6225_957_trimmed_bismark_bt2.CpG",2201,1571,630,2201
"9958","07_report/CpG_context_sampling_6225_958_trimmed_bismark_bt2.CpG",2139,1559,580,2139
"9959","07_report/CpG_context_sampling_6225_959_trimmed_bismark_bt2.CpG",2107,1498,609,2107
"9960","07_report/CpG_context_sampling_6225_960_trimmed_bismark_bt2.CpG",2118,1532,586,2118
"9961","07_report/CpG_context_sampling_6225_961_trimmed_bismark_bt2.CpG",2111,1524,587,2111
"9962","07_report/CpG_context_sampling_6225_962_trimmed_bismark_bt2.CpG",2173,1578,595,2173
"9963","07_report/CpG_context_sampling_6225_963_trimmed_bismark_bt2.CpG",2112,1478,634,2112
"9964","07_report/CpG_context_sampling_6225_964_trimmed_bismark_bt2.CpG",2161,1568,593,2161
"9965","07_report/CpG_context_sampling_6225_965_trimmed_bismark_bt2.CpG",2127,1515,612,2127
"9966","07_report/CpG_context_sampling_6225_966_trimmed_bismark_bt2.CpG",2142,1563,579,2142
"9967","07_report/CpG_context_sampling_6225_967_trimmed_bismark_bt2.CpG",2129,1502,627,2129
"9968","07_report/CpG_context_sampling_6225_968_trimmed_bismark_bt2.CpG",2163,1540,623,2163
"9969","07_report/CpG_context_sampling_6225_969_trimmed_bismark_bt2.CpG",2134,1539,595,2134
"9970","07_report/CpG_context_sampling_6225_970_trimmed_bismark_bt2.CpG",2173,1551,622,2173
"9971","07_report/CpG_context_sampling_6225_971_trimmed_bismark_bt2.CpG",2114,1525,589,2114
"9972","07_report/CpG_context_sampling_6225_972_trimmed_bismark_bt2.CpG",2164,1559,605,2164
"9973","07_report/CpG_context_sampling_6225_973_trimmed_bismark_bt2.CpG",2195,1560,635,2195
"9974","07_report/CpG_context_sampling_6225_974_trimmed_bismark_bt2.CpG",2169,1552,617,2169
"9975","07_report/CpG_context_sampling_6225_975_trimmed_bismark_bt2.CpG",2253,1597,656,2253
"9976","07_report/CpG_context_sampling_6225_976_trimmed_bismark_bt2.CpG",2140,1546,594,2140
"9977","07_report/CpG_context_sampling_6225_977_trimmed_bismark_bt2.CpG",2136,1550,586,2136
"9978","07_report/CpG_context_sampling_6225_978_trimmed_bismark_bt2.CpG",2152,1557,595,2152
"9979","07_report/CpG_context_sampling_6225_979_trimmed_bismark_bt2.CpG",2167,1495,672,2167
"9980","07_report/CpG_context_sampling_6225_980_trimmed_bismark_bt2.CpG",2175,1548,627,2175
"9981","07_report/CpG_context_sampling_6225_981_trimmed_bismark_bt2.CpG",2185,1575,610,2185
"9982","07_report/CpG_context_sampling_6225_982_trimmed_bismark_bt2.CpG",2129,1481,648,2129
"9983","07_report/CpG_context_sampling_6225_983_trimmed_bismark_bt2.CpG",2161,1545,616,2161
"9984","07_report/CpG_context_sampling_6225_984_trimmed_bismark_bt2.CpG",2105,1504,601,2105
"9985","07_report/CpG_context_sampling_6225_985_trimmed_bismark_bt2.CpG",2162,1529,633,2162
"9986","07_report/CpG_context_sampling_6225_986_trimmed_bismark_bt2.CpG",2168,1516,652,2168
"9987","07_report/CpG_context_sampling_6225_987_trimmed_bismark_bt2.CpG",2186,1541,645,2186
"9988","07_report/CpG_context_sampling_6225_988_trimmed_bismark_bt2.CpG",2227,1557,670,2227
"9989","07_report/CpG_context_sampling_6225_989_trimmed_bismark_bt2.CpG",2152,1563,589,2152
"9990","07_report/CpG_context_sampling_6225_990_trimmed_bismark_bt2.CpG",2161,1518,643,2161
"9991","07_report/CpG_context_sampling_6225_991_trimmed_bismark_bt2.CpG",2232,1616,616,2232
"9992","07_report/CpG_context_sampling_6225_992_trimmed_bismark_bt2.CpG",2122,1538,584,2122
"9993","07_report/CpG_context_sampling_6225_993_trimmed_bismark_bt2.CpG",2055,1477,578,2055
"9994","07_report/CpG_context_sampling_6225_994_trimmed_bismark_bt2.CpG",2143,1559,584,2143
"9995","07_report/CpG_context_sampling_6225_995_trimmed_bismark_bt2.CpG",2111,1519,592,2111
"9996","07_report/CpG_context_sampling_6225_996_trimmed_bismark_bt2.CpG",2166,1512,654,2166
"9997","07_report/CpG_context_sampling_6225_997_trimmed_bismark_bt2.CpG",2144,1530,614,2144
"9998","07_report/CpG_context_sampling_6225_998_trimmed_bismark_bt2.CpG",2145,1508,637,2145
"9999","07_report/CpG_context_sampling_6225_999_trimmed_bismark_bt2.CpG",2166,1536,630,2166
"10000","07_report/CpG_context_sampling_6225_1000_trimmed_bismark_bt2.CpG",2175,1519,656,2175
"10001","07_report/CpG_context_sampling_7470_1_trimmed_bismark_bt2.CpG",2592,1867,725,2592
"10002","07_report/CpG_context_sampling_7470_2_trimmed_bismark_bt2.CpG",2574,1879,695,2574
"10003","07_report/CpG_context_sampling_7470_3_trimmed_bismark_bt2.CpG",2559,1865,694,2559
"10004","07_report/CpG_context_sampling_7470_4_trimmed_bismark_bt2.CpG",2624,1897,727,2624
"10005","07_report/CpG_context_sampling_7470_5_trimmed_bismark_bt2.CpG",2558,1852,706,2558
"10006","07_report/CpG_context_sampling_7470_6_trimmed_bismark_bt2.CpG",2530,1870,660,2530
"10007","07_report/CpG_context_sampling_7470_7_trimmed_bismark_bt2.CpG",2593,1868,725,2593
"10008","07_report/CpG_context_sampling_7470_8_trimmed_bismark_bt2.CpG",2571,1859,712,2571
"10009","07_report/CpG_context_sampling_7470_9_trimmed_bismark_bt2.CpG",2580,1863,717,2580
"10010","07_report/CpG_context_sampling_7470_10_trimmed_bismark_bt2.CpG",2580,1817,763,2580
"10011","07_report/CpG_context_sampling_7470_11_trimmed_bismark_bt2.CpG",2561,1867,694,2561
"10012","07_report/CpG_context_sampling_7470_12_trimmed_bismark_bt2.CpG",2571,1856,715,2571
"10013","07_report/CpG_context_sampling_7470_13_trimmed_bismark_bt2.CpG",2655,1923,732,2655
"10014","07_report/CpG_context_sampling_7470_14_trimmed_bismark_bt2.CpG",2618,1876,742,2618
"10015","07_report/CpG_context_sampling_7470_15_trimmed_bismark_bt2.CpG",2573,1869,704,2573
"10016","07_report/CpG_context_sampling_7470_16_trimmed_bismark_bt2.CpG",2638,1910,728,2638
"10017","07_report/CpG_context_sampling_7470_17_trimmed_bismark_bt2.CpG",2591,1826,765,2591
"10018","07_report/CpG_context_sampling_7470_18_trimmed_bismark_bt2.CpG",2560,1804,756,2560
"10019","07_report/CpG_context_sampling_7470_19_trimmed_bismark_bt2.CpG",2550,1842,708,2550
"10020","07_report/CpG_context_sampling_7470_20_trimmed_bismark_bt2.CpG",2606,1859,747,2606
"10021","07_report/CpG_context_sampling_7470_21_trimmed_bismark_bt2.CpG",2652,1896,756,2652
"10022","07_report/CpG_context_sampling_7470_22_trimmed_bismark_bt2.CpG",2628,1897,731,2628
"10023","07_report/CpG_context_sampling_7470_23_trimmed_bismark_bt2.CpG",2588,1855,733,2588
"10024","07_report/CpG_context_sampling_7470_24_trimmed_bismark_bt2.CpG",2588,1849,739,2588
"10025","07_report/CpG_context_sampling_7470_25_trimmed_bismark_bt2.CpG",2535,1816,719,2535
"10026","07_report/CpG_context_sampling_7470_26_trimmed_bismark_bt2.CpG",2603,1881,722,2603
"10027","07_report/CpG_context_sampling_7470_27_trimmed_bismark_bt2.CpG",2626,1892,734,2626
"10028","07_report/CpG_context_sampling_7470_28_trimmed_bismark_bt2.CpG",2575,1835,740,2575
"10029","07_report/CpG_context_sampling_7470_29_trimmed_bismark_bt2.CpG",2606,1851,755,2606
"10030","07_report/CpG_context_sampling_7470_30_trimmed_bismark_bt2.CpG",2539,1800,739,2539
"10031","07_report/CpG_context_sampling_7470_31_trimmed_bismark_bt2.CpG",2630,1881,749,2630
"10032","07_report/CpG_context_sampling_7470_32_trimmed_bismark_bt2.CpG",2595,1880,715,2595
"10033","07_report/CpG_context_sampling_7470_33_trimmed_bismark_bt2.CpG",2559,1808,751,2559
"10034","07_report/CpG_context_sampling_7470_34_trimmed_bismark_bt2.CpG",2613,1869,744,2613
"10035","07_report/CpG_context_sampling_7470_35_trimmed_bismark_bt2.CpG",2554,1806,748,2554
"10036","07_report/CpG_context_sampling_7470_36_trimmed_bismark_bt2.CpG",2513,1780,733,2513
"10037","07_report/CpG_context_sampling_7470_37_trimmed_bismark_bt2.CpG",2581,1886,695,2581
"10038","07_report/CpG_context_sampling_7470_38_trimmed_bismark_bt2.CpG",2573,1876,697,2573
"10039","07_report/CpG_context_sampling_7470_39_trimmed_bismark_bt2.CpG",2658,1851,807,2658
"10040","07_report/CpG_context_sampling_7470_40_trimmed_bismark_bt2.CpG",2552,1820,732,2552
"10041","07_report/CpG_context_sampling_7470_41_trimmed_bismark_bt2.CpG",2601,1852,749,2601
"10042","07_report/CpG_context_sampling_7470_42_trimmed_bismark_bt2.CpG",2526,1831,695,2526
"10043","07_report/CpG_context_sampling_7470_43_trimmed_bismark_bt2.CpG",2651,1864,787,2651
"10044","07_report/CpG_context_sampling_7470_44_trimmed_bismark_bt2.CpG",2627,1923,704,2627
"10045","07_report/CpG_context_sampling_7470_45_trimmed_bismark_bt2.CpG",2534,1772,762,2534
"10046","07_report/CpG_context_sampling_7470_46_trimmed_bismark_bt2.CpG",2642,1883,759,2642
"10047","07_report/CpG_context_sampling_7470_47_trimmed_bismark_bt2.CpG",2600,1857,743,2600
"10048","07_report/CpG_context_sampling_7470_48_trimmed_bismark_bt2.CpG",2639,1883,756,2639
"10049","07_report/CpG_context_sampling_7470_49_trimmed_bismark_bt2.CpG",2560,1850,710,2560
"10050","07_report/CpG_context_sampling_7470_50_trimmed_bismark_bt2.CpG",2651,1889,762,2651
"10051","07_report/CpG_context_sampling_7470_51_trimmed_bismark_bt2.CpG",2596,1846,750,2596
"10052","07_report/CpG_context_sampling_7470_52_trimmed_bismark_bt2.CpG",2586,1914,672,2586
"10053","07_report/CpG_context_sampling_7470_53_trimmed_bismark_bt2.CpG",2588,1839,749,2588
"10054","07_report/CpG_context_sampling_7470_54_trimmed_bismark_bt2.CpG",2555,1798,757,2555
"10055","07_report/CpG_context_sampling_7470_55_trimmed_bismark_bt2.CpG",2566,1853,713,2566
"10056","07_report/CpG_context_sampling_7470_56_trimmed_bismark_bt2.CpG",2550,1817,733,2550
"10057","07_report/CpG_context_sampling_7470_57_trimmed_bismark_bt2.CpG",2583,1875,708,2583
"10058","07_report/CpG_context_sampling_7470_58_trimmed_bismark_bt2.CpG",2582,1849,733,2582
"10059","07_report/CpG_context_sampling_7470_59_trimmed_bismark_bt2.CpG",2553,1822,731,2553
"10060","07_report/CpG_context_sampling_7470_60_trimmed_bismark_bt2.CpG",2599,1834,765,2599
"10061","07_report/CpG_context_sampling_7470_61_trimmed_bismark_bt2.CpG",2601,1887,714,2601
"10062","07_report/CpG_context_sampling_7470_62_trimmed_bismark_bt2.CpG",2637,1897,740,2637
"10063","07_report/CpG_context_sampling_7470_63_trimmed_bismark_bt2.CpG",2619,1820,799,2619
"10064","07_report/CpG_context_sampling_7470_64_trimmed_bismark_bt2.CpG",2549,1847,702,2549
"10065","07_report/CpG_context_sampling_7470_65_trimmed_bismark_bt2.CpG",2583,1825,758,2583
"10066","07_report/CpG_context_sampling_7470_66_trimmed_bismark_bt2.CpG",2619,1889,730,2619
"10067","07_report/CpG_context_sampling_7470_67_trimmed_bismark_bt2.CpG",2599,1886,713,2599
"10068","07_report/CpG_context_sampling_7470_68_trimmed_bismark_bt2.CpG",2644,1879,765,2644
"10069","07_report/CpG_context_sampling_7470_69_trimmed_bismark_bt2.CpG",2588,1848,740,2588
"10070","07_report/CpG_context_sampling_7470_70_trimmed_bismark_bt2.CpG",2588,1846,742,2588
"10071","07_report/CpG_context_sampling_7470_71_trimmed_bismark_bt2.CpG",2617,1881,736,2617
"10072","07_report/CpG_context_sampling_7470_72_trimmed_bismark_bt2.CpG",2629,1905,724,2629
"10073","07_report/CpG_context_sampling_7470_73_trimmed_bismark_bt2.CpG",2491,1787,704,2491
"10074","07_report/CpG_context_sampling_7470_74_trimmed_bismark_bt2.CpG",2563,1811,752,2563
"10075","07_report/CpG_context_sampling_7470_75_trimmed_bismark_bt2.CpG",2589,1852,737,2589
"10076","07_report/CpG_context_sampling_7470_76_trimmed_bismark_bt2.CpG",2619,1877,742,2619
"10077","07_report/CpG_context_sampling_7470_77_trimmed_bismark_bt2.CpG",2570,1854,716,2570
"10078","07_report/CpG_context_sampling_7470_78_trimmed_bismark_bt2.CpG",2506,1773,733,2506
"10079","07_report/CpG_context_sampling_7470_79_trimmed_bismark_bt2.CpG",2555,1829,726,2555
"10080","07_report/CpG_context_sampling_7470_80_trimmed_bismark_bt2.CpG",2575,1828,747,2575
"10081","07_report/CpG_context_sampling_7470_81_trimmed_bismark_bt2.CpG",2608,1886,722,2608
"10082","07_report/CpG_context_sampling_7470_82_trimmed_bismark_bt2.CpG",2547,1833,714,2547
"10083","07_report/CpG_context_sampling_7470_83_trimmed_bismark_bt2.CpG",2619,1864,755,2619
"10084","07_report/CpG_context_sampling_7470_84_trimmed_bismark_bt2.CpG",2648,1864,784,2648
"10085","07_report/CpG_context_sampling_7470_85_trimmed_bismark_bt2.CpG",2504,1765,739,2504
"10086","07_report/CpG_context_sampling_7470_86_trimmed_bismark_bt2.CpG",2619,1880,739,2619
"10087","07_report/CpG_context_sampling_7470_87_trimmed_bismark_bt2.CpG",2598,1854,744,2598
"10088","07_report/CpG_context_sampling_7470_88_trimmed_bismark_bt2.CpG",2614,1825,789,2614
"10089","07_report/CpG_context_sampling_7470_89_trimmed_bismark_bt2.CpG",2543,1836,707,2543
"10090","07_report/CpG_context_sampling_7470_90_trimmed_bismark_bt2.CpG",2540,1806,734,2540
"10091","07_report/CpG_context_sampling_7470_91_trimmed_bismark_bt2.CpG",2559,1867,692,2559
"10092","07_report/CpG_context_sampling_7470_92_trimmed_bismark_bt2.CpG",2460,1738,722,2460
"10093","07_report/CpG_context_sampling_7470_93_trimmed_bismark_bt2.CpG",2595,1867,728,2595
"10094","07_report/CpG_context_sampling_7470_94_trimmed_bismark_bt2.CpG",2549,1830,719,2549
"10095","07_report/CpG_context_sampling_7470_95_trimmed_bismark_bt2.CpG",2715,1977,738,2715
"10096","07_report/CpG_context_sampling_7470_96_trimmed_bismark_bt2.CpG",2585,1870,715,2585
"10097","07_report/CpG_context_sampling_7470_97_trimmed_bismark_bt2.CpG",2546,1828,718,2546
"10098","07_report/CpG_context_sampling_7470_98_trimmed_bismark_bt2.CpG",2639,1879,760,2639
"10099","07_report/CpG_context_sampling_7470_99_trimmed_bismark_bt2.CpG",2634,1870,764,2634
"10100","07_report/CpG_context_sampling_7470_100_trimmed_bismark_bt2.CpG",2619,1891,728,2619
"10101","07_report/CpG_context_sampling_7470_101_trimmed_bismark_bt2.CpG",2635,1923,712,2635
"10102","07_report/CpG_context_sampling_7470_102_trimmed_bismark_bt2.CpG",2538,1836,702,2538
"10103","07_report/CpG_context_sampling_7470_103_trimmed_bismark_bt2.CpG",2523,1753,770,2523
"10104","07_report/CpG_context_sampling_7470_104_trimmed_bismark_bt2.CpG",2499,1808,691,2499
"10105","07_report/CpG_context_sampling_7470_105_trimmed_bismark_bt2.CpG",2655,1916,739,2655
"10106","07_report/CpG_context_sampling_7470_106_trimmed_bismark_bt2.CpG",2578,1831,747,2578
"10107","07_report/CpG_context_sampling_7470_107_trimmed_bismark_bt2.CpG",2660,1881,779,2660
"10108","07_report/CpG_context_sampling_7470_108_trimmed_bismark_bt2.CpG",2594,1816,778,2594
"10109","07_report/CpG_context_sampling_7470_109_trimmed_bismark_bt2.CpG",2557,1842,715,2557
"10110","07_report/CpG_context_sampling_7470_110_trimmed_bismark_bt2.CpG",2604,1853,751,2604
"10111","07_report/CpG_context_sampling_7470_111_trimmed_bismark_bt2.CpG",2553,1812,741,2553
"10112","07_report/CpG_context_sampling_7470_112_trimmed_bismark_bt2.CpG",2597,1889,708,2597
"10113","07_report/CpG_context_sampling_7470_113_trimmed_bismark_bt2.CpG",2557,1801,756,2557
"10114","07_report/CpG_context_sampling_7470_114_trimmed_bismark_bt2.CpG",2578,1856,722,2578
"10115","07_report/CpG_context_sampling_7470_115_trimmed_bismark_bt2.CpG",2573,1895,678,2573
"10116","07_report/CpG_context_sampling_7470_116_trimmed_bismark_bt2.CpG",2639,1923,716,2639
"10117","07_report/CpG_context_sampling_7470_117_trimmed_bismark_bt2.CpG",2515,1806,709,2515
"10118","07_report/CpG_context_sampling_7470_118_trimmed_bismark_bt2.CpG",2569,1849,720,2569
"10119","07_report/CpG_context_sampling_7470_119_trimmed_bismark_bt2.CpG",2566,1836,730,2566
"10120","07_report/CpG_context_sampling_7470_120_trimmed_bismark_bt2.CpG",2645,1883,762,2645
"10121","07_report/CpG_context_sampling_7470_121_trimmed_bismark_bt2.CpG",2542,1825,717,2542
"10122","07_report/CpG_context_sampling_7470_122_trimmed_bismark_bt2.CpG",2600,1844,756,2600
"10123","07_report/CpG_context_sampling_7470_123_trimmed_bismark_bt2.CpG",2606,1872,734,2606
"10124","07_report/CpG_context_sampling_7470_124_trimmed_bismark_bt2.CpG",2585,1829,756,2585
"10125","07_report/CpG_context_sampling_7470_125_trimmed_bismark_bt2.CpG",2589,1826,763,2589
"10126","07_report/CpG_context_sampling_7470_126_trimmed_bismark_bt2.CpG",2575,1828,747,2575
"10127","07_report/CpG_context_sampling_7470_127_trimmed_bismark_bt2.CpG",2489,1767,722,2489
"10128","07_report/CpG_context_sampling_7470_128_trimmed_bismark_bt2.CpG",2577,1869,708,2577
"10129","07_report/CpG_context_sampling_7470_129_trimmed_bismark_bt2.CpG",2596,1890,706,2596
"10130","07_report/CpG_context_sampling_7470_130_trimmed_bismark_bt2.CpG",2563,1832,731,2563
"10131","07_report/CpG_context_sampling_7470_131_trimmed_bismark_bt2.CpG",2589,1867,722,2589
"10132","07_report/CpG_context_sampling_7470_132_trimmed_bismark_bt2.CpG",2568,1846,722,2568
"10133","07_report/CpG_context_sampling_7470_133_trimmed_bismark_bt2.CpG",2590,1857,733,2590
"10134","07_report/CpG_context_sampling_7470_134_trimmed_bismark_bt2.CpG",2544,1832,712,2544
"10135","07_report/CpG_context_sampling_7470_135_trimmed_bismark_bt2.CpG",2614,1864,750,2614
"10136","07_report/CpG_context_sampling_7470_136_trimmed_bismark_bt2.CpG",2646,1890,756,2646
"10137","07_report/CpG_context_sampling_7470_137_trimmed_bismark_bt2.CpG",2613,1855,758,2613
"10138","07_report/CpG_context_sampling_7470_138_trimmed_bismark_bt2.CpG",2567,1822,745,2567
"10139","07_report/CpG_context_sampling_7470_139_trimmed_bismark_bt2.CpG",2561,1817,744,2561
"10140","07_report/CpG_context_sampling_7470_140_trimmed_bismark_bt2.CpG",2645,1851,794,2645
"10141","07_report/CpG_context_sampling_7470_141_trimmed_bismark_bt2.CpG",2520,1802,718,2520
"10142","07_report/CpG_context_sampling_7470_142_trimmed_bismark_bt2.CpG",2612,1857,755,2612
"10143","07_report/CpG_context_sampling_7470_143_trimmed_bismark_bt2.CpG",2517,1821,696,2517
"10144","07_report/CpG_context_sampling_7470_144_trimmed_bismark_bt2.CpG",2555,1853,702,2555
"10145","07_report/CpG_context_sampling_7470_145_trimmed_bismark_bt2.CpG",2534,1829,705,2534
"10146","07_report/CpG_context_sampling_7470_146_trimmed_bismark_bt2.CpG",2542,1806,736,2542
"10147","07_report/CpG_context_sampling_7470_147_trimmed_bismark_bt2.CpG",2602,1904,698,2602
"10148","07_report/CpG_context_sampling_7470_148_trimmed_bismark_bt2.CpG",2641,1850,791,2641
"10149","07_report/CpG_context_sampling_7470_149_trimmed_bismark_bt2.CpG",2514,1814,700,2514
"10150","07_report/CpG_context_sampling_7470_150_trimmed_bismark_bt2.CpG",2643,1905,738,2643
"10151","07_report/CpG_context_sampling_7470_151_trimmed_bismark_bt2.CpG",2599,1880,719,2599
"10152","07_report/CpG_context_sampling_7470_152_trimmed_bismark_bt2.CpG",2562,1813,749,2562
"10153","07_report/CpG_context_sampling_7470_153_trimmed_bismark_bt2.CpG",2590,1854,736,2590
"10154","07_report/CpG_context_sampling_7470_154_trimmed_bismark_bt2.CpG",2572,1820,752,2572
"10155","07_report/CpG_context_sampling_7470_155_trimmed_bismark_bt2.CpG",2630,1863,767,2630
"10156","07_report/CpG_context_sampling_7470_156_trimmed_bismark_bt2.CpG",2624,1831,793,2624
"10157","07_report/CpG_context_sampling_7470_157_trimmed_bismark_bt2.CpG",2610,1874,736,2610
"10158","07_report/CpG_context_sampling_7470_158_trimmed_bismark_bt2.CpG",2600,1888,712,2600
"10159","07_report/CpG_context_sampling_7470_159_trimmed_bismark_bt2.CpG",2615,1839,776,2615
"10160","07_report/CpG_context_sampling_7470_160_trimmed_bismark_bt2.CpG",2622,1854,768,2622
"10161","07_report/CpG_context_sampling_7470_161_trimmed_bismark_bt2.CpG",2490,1779,711,2490
"10162","07_report/CpG_context_sampling_7470_162_trimmed_bismark_bt2.CpG",2590,1816,774,2590
"10163","07_report/CpG_context_sampling_7470_163_trimmed_bismark_bt2.CpG",2544,1797,747,2544
"10164","07_report/CpG_context_sampling_7470_164_trimmed_bismark_bt2.CpG",2574,1855,719,2574
"10165","07_report/CpG_context_sampling_7470_165_trimmed_bismark_bt2.CpG",2534,1832,702,2534
"10166","07_report/CpG_context_sampling_7470_166_trimmed_bismark_bt2.CpG",2519,1784,735,2519
"10167","07_report/CpG_context_sampling_7470_167_trimmed_bismark_bt2.CpG",2645,1923,722,2645
"10168","07_report/CpG_context_sampling_7470_168_trimmed_bismark_bt2.CpG",2565,1780,785,2565
"10169","07_report/CpG_context_sampling_7470_169_trimmed_bismark_bt2.CpG",2583,1844,739,2583
"10170","07_report/CpG_context_sampling_7470_170_trimmed_bismark_bt2.CpG",2579,1860,719,2579
"10171","07_report/CpG_context_sampling_7470_171_trimmed_bismark_bt2.CpG",2545,1867,678,2545
"10172","07_report/CpG_context_sampling_7470_172_trimmed_bismark_bt2.CpG",2581,1828,753,2581
"10173","07_report/CpG_context_sampling_7470_173_trimmed_bismark_bt2.CpG",2562,1831,731,2562
"10174","07_report/CpG_context_sampling_7470_174_trimmed_bismark_bt2.CpG",2570,1872,698,2570
"10175","07_report/CpG_context_sampling_7470_175_trimmed_bismark_bt2.CpG",2521,1742,779,2521
"10176","07_report/CpG_context_sampling_7470_176_trimmed_bismark_bt2.CpG",2611,1866,745,2611
"10177","07_report/CpG_context_sampling_7470_177_trimmed_bismark_bt2.CpG",2564,1830,734,2564
"10178","07_report/CpG_context_sampling_7470_178_trimmed_bismark_bt2.CpG",2593,1856,737,2593
"10179","07_report/CpG_context_sampling_7470_179_trimmed_bismark_bt2.CpG",2622,1881,741,2622
"10180","07_report/CpG_context_sampling_7470_180_trimmed_bismark_bt2.CpG",2599,1861,738,2599
"10181","07_report/CpG_context_sampling_7470_181_trimmed_bismark_bt2.CpG",2666,1905,761,2666
"10182","07_report/CpG_context_sampling_7470_182_trimmed_bismark_bt2.CpG",2633,1900,733,2633
"10183","07_report/CpG_context_sampling_7470_183_trimmed_bismark_bt2.CpG",2630,1848,782,2630
"10184","07_report/CpG_context_sampling_7470_184_trimmed_bismark_bt2.CpG",2588,1822,766,2588
"10185","07_report/CpG_context_sampling_7470_185_trimmed_bismark_bt2.CpG",2595,1847,748,2595
"10186","07_report/CpG_context_sampling_7470_186_trimmed_bismark_bt2.CpG",2596,1873,723,2596
"10187","07_report/CpG_context_sampling_7470_187_trimmed_bismark_bt2.CpG",2606,1887,719,2606
"10188","07_report/CpG_context_sampling_7470_188_trimmed_bismark_bt2.CpG",2627,1887,740,2627
"10189","07_report/CpG_context_sampling_7470_189_trimmed_bismark_bt2.CpG",2608,1825,783,2608
"10190","07_report/CpG_context_sampling_7470_190_trimmed_bismark_bt2.CpG",2535,1815,720,2535
"10191","07_report/CpG_context_sampling_7470_191_trimmed_bismark_bt2.CpG",2574,1825,749,2574
"10192","07_report/CpG_context_sampling_7470_192_trimmed_bismark_bt2.CpG",2614,1871,743,2614
"10193","07_report/CpG_context_sampling_7470_193_trimmed_bismark_bt2.CpG",2607,1864,743,2607
"10194","07_report/CpG_context_sampling_7470_194_trimmed_bismark_bt2.CpG",2572,1866,706,2572
"10195","07_report/CpG_context_sampling_7470_195_trimmed_bismark_bt2.CpG",2662,1942,720,2662
"10196","07_report/CpG_context_sampling_7470_196_trimmed_bismark_bt2.CpG",2579,1887,692,2579
"10197","07_report/CpG_context_sampling_7470_197_trimmed_bismark_bt2.CpG",2597,1846,751,2597
"10198","07_report/CpG_context_sampling_7470_198_trimmed_bismark_bt2.CpG",2572,1803,769,2572
"10199","07_report/CpG_context_sampling_7470_199_trimmed_bismark_bt2.CpG",2603,1857,746,2603
"10200","07_report/CpG_context_sampling_7470_200_trimmed_bismark_bt2.CpG",2584,1810,774,2584
"10201","07_report/CpG_context_sampling_7470_201_trimmed_bismark_bt2.CpG",2587,1847,740,2587
"10202","07_report/CpG_context_sampling_7470_202_trimmed_bismark_bt2.CpG",2588,1795,793,2588
"10203","07_report/CpG_context_sampling_7470_203_trimmed_bismark_bt2.CpG",2570,1852,718,2570
"10204","07_report/CpG_context_sampling_7470_204_trimmed_bismark_bt2.CpG",2585,1835,750,2585
"10205","07_report/CpG_context_sampling_7470_205_trimmed_bismark_bt2.CpG",2581,1852,729,2581
"10206","07_report/CpG_context_sampling_7470_206_trimmed_bismark_bt2.CpG",2583,1865,718,2583
"10207","07_report/CpG_context_sampling_7470_207_trimmed_bismark_bt2.CpG",2684,1915,769,2684
"10208","07_report/CpG_context_sampling_7470_208_trimmed_bismark_bt2.CpG",2678,1938,740,2678
"10209","07_report/CpG_context_sampling_7470_209_trimmed_bismark_bt2.CpG",2587,1832,755,2587
"10210","07_report/CpG_context_sampling_7470_210_trimmed_bismark_bt2.CpG",2541,1820,721,2541
"10211","07_report/CpG_context_sampling_7470_211_trimmed_bismark_bt2.CpG",2638,1869,769,2638
"10212","07_report/CpG_context_sampling_7470_212_trimmed_bismark_bt2.CpG",2638,1896,742,2638
"10213","07_report/CpG_context_sampling_7470_213_trimmed_bismark_bt2.CpG",2630,1879,751,2630
"10214","07_report/CpG_context_sampling_7470_214_trimmed_bismark_bt2.CpG",2593,1881,712,2593
"10215","07_report/CpG_context_sampling_7470_215_trimmed_bismark_bt2.CpG",2620,1838,782,2620
"10216","07_report/CpG_context_sampling_7470_216_trimmed_bismark_bt2.CpG",2584,1844,740,2584
"10217","07_report/CpG_context_sampling_7470_217_trimmed_bismark_bt2.CpG",2578,1827,751,2578
"10218","07_report/CpG_context_sampling_7470_218_trimmed_bismark_bt2.CpG",2599,1833,766,2599
"10219","07_report/CpG_context_sampling_7470_219_trimmed_bismark_bt2.CpG",2559,1826,733,2559
"10220","07_report/CpG_context_sampling_7470_220_trimmed_bismark_bt2.CpG",2566,1841,725,2566
"10221","07_report/CpG_context_sampling_7470_221_trimmed_bismark_bt2.CpG",2624,1879,745,2624
"10222","07_report/CpG_context_sampling_7470_222_trimmed_bismark_bt2.CpG",2646,1888,758,2646
"10223","07_report/CpG_context_sampling_7470_223_trimmed_bismark_bt2.CpG",2674,1908,766,2674
"10224","07_report/CpG_context_sampling_7470_224_trimmed_bismark_bt2.CpG",2558,1791,767,2558
"10225","07_report/CpG_context_sampling_7470_225_trimmed_bismark_bt2.CpG",2640,1891,749,2640
"10226","07_report/CpG_context_sampling_7470_226_trimmed_bismark_bt2.CpG",2600,1852,748,2600
"10227","07_report/CpG_context_sampling_7470_227_trimmed_bismark_bt2.CpG",2542,1827,715,2542
"10228","07_report/CpG_context_sampling_7470_228_trimmed_bismark_bt2.CpG",2533,1814,719,2533
"10229","07_report/CpG_context_sampling_7470_229_trimmed_bismark_bt2.CpG",2594,1849,745,2594
"10230","07_report/CpG_context_sampling_7470_230_trimmed_bismark_bt2.CpG",2605,1873,732,2605
"10231","07_report/CpG_context_sampling_7470_231_trimmed_bismark_bt2.CpG",2552,1796,756,2552
"10232","07_report/CpG_context_sampling_7470_232_trimmed_bismark_bt2.CpG",2653,1901,752,2653
"10233","07_report/CpG_context_sampling_7470_233_trimmed_bismark_bt2.CpG",2559,1831,728,2559
"10234","07_report/CpG_context_sampling_7470_234_trimmed_bismark_bt2.CpG",2587,1846,741,2587
"10235","07_report/CpG_context_sampling_7470_235_trimmed_bismark_bt2.CpG",2613,1855,758,2613
"10236","07_report/CpG_context_sampling_7470_236_trimmed_bismark_bt2.CpG",2605,1898,707,2605
"10237","07_report/CpG_context_sampling_7470_237_trimmed_bismark_bt2.CpG",2622,1892,730,2622
"10238","07_report/CpG_context_sampling_7470_238_trimmed_bismark_bt2.CpG",2620,1840,780,2620
"10239","07_report/CpG_context_sampling_7470_239_trimmed_bismark_bt2.CpG",2605,1863,742,2605
"10240","07_report/CpG_context_sampling_7470_240_trimmed_bismark_bt2.CpG",2497,1766,731,2497
"10241","07_report/CpG_context_sampling_7470_241_trimmed_bismark_bt2.CpG",2485,1767,718,2485
"10242","07_report/CpG_context_sampling_7470_242_trimmed_bismark_bt2.CpG",2558,1814,744,2558
"10243","07_report/CpG_context_sampling_7470_243_trimmed_bismark_bt2.CpG",2588,1864,724,2588
"10244","07_report/CpG_context_sampling_7470_244_trimmed_bismark_bt2.CpG",2563,1847,716,2563
"10245","07_report/CpG_context_sampling_7470_245_trimmed_bismark_bt2.CpG",2611,1895,716,2611
"10246","07_report/CpG_context_sampling_7470_246_trimmed_bismark_bt2.CpG",2532,1828,704,2532
"10247","07_report/CpG_context_sampling_7470_247_trimmed_bismark_bt2.CpG",2515,1801,714,2515
"10248","07_report/CpG_context_sampling_7470_248_trimmed_bismark_bt2.CpG",2564,1818,746,2564
"10249","07_report/CpG_context_sampling_7470_249_trimmed_bismark_bt2.CpG",2607,1891,716,2607
"10250","07_report/CpG_context_sampling_7470_250_trimmed_bismark_bt2.CpG",2585,1830,755,2585
"10251","07_report/CpG_context_sampling_7470_251_trimmed_bismark_bt2.CpG",2563,1854,709,2563
"10252","07_report/CpG_context_sampling_7470_252_trimmed_bismark_bt2.CpG",2583,1826,757,2583
"10253","07_report/CpG_context_sampling_7470_253_trimmed_bismark_bt2.CpG",2612,1847,765,2612
"10254","07_report/CpG_context_sampling_7470_254_trimmed_bismark_bt2.CpG",2589,1849,740,2589
"10255","07_report/CpG_context_sampling_7470_255_trimmed_bismark_bt2.CpG",2556,1832,724,2556
"10256","07_report/CpG_context_sampling_7470_256_trimmed_bismark_bt2.CpG",2540,1856,684,2540
"10257","07_report/CpG_context_sampling_7470_257_trimmed_bismark_bt2.CpG",2537,1808,729,2537
"10258","07_report/CpG_context_sampling_7470_258_trimmed_bismark_bt2.CpG",2759,2018,741,2759
"10259","07_report/CpG_context_sampling_7470_259_trimmed_bismark_bt2.CpG",2532,1821,711,2532
"10260","07_report/CpG_context_sampling_7470_260_trimmed_bismark_bt2.CpG",2644,1905,739,2644
"10261","07_report/CpG_context_sampling_7470_261_trimmed_bismark_bt2.CpG",2595,1850,745,2595
"10262","07_report/CpG_context_sampling_7470_262_trimmed_bismark_bt2.CpG",2616,1877,739,2616
"10263","07_report/CpG_context_sampling_7470_263_trimmed_bismark_bt2.CpG",2623,1843,780,2623
"10264","07_report/CpG_context_sampling_7470_264_trimmed_bismark_bt2.CpG",2594,1853,741,2594
"10265","07_report/CpG_context_sampling_7470_265_trimmed_bismark_bt2.CpG",2570,1846,724,2570
"10266","07_report/CpG_context_sampling_7470_266_trimmed_bismark_bt2.CpG",2626,1914,712,2626
"10267","07_report/CpG_context_sampling_7470_267_trimmed_bismark_bt2.CpG",2612,1895,717,2612
"10268","07_report/CpG_context_sampling_7470_268_trimmed_bismark_bt2.CpG",2609,1882,727,2609
"10269","07_report/CpG_context_sampling_7470_269_trimmed_bismark_bt2.CpG",2532,1773,759,2532
"10270","07_report/CpG_context_sampling_7470_270_trimmed_bismark_bt2.CpG",2629,1890,739,2629
"10271","07_report/CpG_context_sampling_7470_271_trimmed_bismark_bt2.CpG",2647,1894,753,2647
"10272","07_report/CpG_context_sampling_7470_272_trimmed_bismark_bt2.CpG",2550,1833,717,2550
"10273","07_report/CpG_context_sampling_7470_273_trimmed_bismark_bt2.CpG",2602,1851,751,2602
"10274","07_report/CpG_context_sampling_7470_274_trimmed_bismark_bt2.CpG",2627,1866,761,2627
"10275","07_report/CpG_context_sampling_7470_275_trimmed_bismark_bt2.CpG",2564,1873,691,2564
"10276","07_report/CpG_context_sampling_7470_276_trimmed_bismark_bt2.CpG",2542,1817,725,2542
"10277","07_report/CpG_context_sampling_7470_277_trimmed_bismark_bt2.CpG",2587,1852,735,2587
"10278","07_report/CpG_context_sampling_7470_278_trimmed_bismark_bt2.CpG",2614,1870,744,2614
"10279","07_report/CpG_context_sampling_7470_279_trimmed_bismark_bt2.CpG",2628,1857,771,2628
"10280","07_report/CpG_context_sampling_7470_280_trimmed_bismark_bt2.CpG",2551,1855,696,2551
"10281","07_report/CpG_context_sampling_7470_281_trimmed_bismark_bt2.CpG",2526,1793,733,2526
"10282","07_report/CpG_context_sampling_7470_282_trimmed_bismark_bt2.CpG",2534,1804,730,2534
"10283","07_report/CpG_context_sampling_7470_283_trimmed_bismark_bt2.CpG",2631,1850,781,2631
"10284","07_report/CpG_context_sampling_7470_284_trimmed_bismark_bt2.CpG",2596,1866,730,2596
"10285","07_report/CpG_context_sampling_7470_285_trimmed_bismark_bt2.CpG",2604,1838,766,2604
"10286","07_report/CpG_context_sampling_7470_286_trimmed_bismark_bt2.CpG",2625,1914,711,2625
"10287","07_report/CpG_context_sampling_7470_287_trimmed_bismark_bt2.CpG",2592,1845,747,2592
"10288","07_report/CpG_context_sampling_7470_288_trimmed_bismark_bt2.CpG",2501,1815,686,2501
"10289","07_report/CpG_context_sampling_7470_289_trimmed_bismark_bt2.CpG",2571,1848,723,2571
"10290","07_report/CpG_context_sampling_7470_290_trimmed_bismark_bt2.CpG",2586,1858,728,2586
"10291","07_report/CpG_context_sampling_7470_291_trimmed_bismark_bt2.CpG",2571,1827,744,2571
"10292","07_report/CpG_context_sampling_7470_292_trimmed_bismark_bt2.CpG",2546,1792,754,2546
"10293","07_report/CpG_context_sampling_7470_293_trimmed_bismark_bt2.CpG",2633,1888,745,2633
"10294","07_report/CpG_context_sampling_7470_294_trimmed_bismark_bt2.CpG",2608,1859,749,2608
"10295","07_report/CpG_context_sampling_7470_295_trimmed_bismark_bt2.CpG",2627,1892,735,2627
"10296","07_report/CpG_context_sampling_7470_296_trimmed_bismark_bt2.CpG",2544,1831,713,2544
"10297","07_report/CpG_context_sampling_7470_297_trimmed_bismark_bt2.CpG",2568,1869,699,2568
"10298","07_report/CpG_context_sampling_7470_298_trimmed_bismark_bt2.CpG",2514,1827,687,2514
"10299","07_report/CpG_context_sampling_7470_299_trimmed_bismark_bt2.CpG",2649,1909,740,2649
"10300","07_report/CpG_context_sampling_7470_300_trimmed_bismark_bt2.CpG",2567,1784,783,2567
"10301","07_report/CpG_context_sampling_7470_301_trimmed_bismark_bt2.CpG",2624,1881,743,2624
"10302","07_report/CpG_context_sampling_7470_302_trimmed_bismark_bt2.CpG",2550,1828,722,2550
"10303","07_report/CpG_context_sampling_7470_303_trimmed_bismark_bt2.CpG",2546,1857,689,2546
"10304","07_report/CpG_context_sampling_7470_304_trimmed_bismark_bt2.CpG",2601,1831,770,2601
"10305","07_report/CpG_context_sampling_7470_305_trimmed_bismark_bt2.CpG",2638,1894,744,2638
"10306","07_report/CpG_context_sampling_7470_306_trimmed_bismark_bt2.CpG",2580,1825,755,2580
"10307","07_report/CpG_context_sampling_7470_307_trimmed_bismark_bt2.CpG",2611,1870,741,2611
"10308","07_report/CpG_context_sampling_7470_308_trimmed_bismark_bt2.CpG",2629,1859,770,2629
"10309","07_report/CpG_context_sampling_7470_309_trimmed_bismark_bt2.CpG",2524,1828,696,2524
"10310","07_report/CpG_context_sampling_7470_310_trimmed_bismark_bt2.CpG",2516,1796,720,2516
"10311","07_report/CpG_context_sampling_7470_311_trimmed_bismark_bt2.CpG",2624,1866,758,2624
"10312","07_report/CpG_context_sampling_7470_312_trimmed_bismark_bt2.CpG",2567,1835,732,2567
"10313","07_report/CpG_context_sampling_7470_313_trimmed_bismark_bt2.CpG",2596,1879,717,2596
"10314","07_report/CpG_context_sampling_7470_314_trimmed_bismark_bt2.CpG",2679,1967,712,2679
"10315","07_report/CpG_context_sampling_7470_315_trimmed_bismark_bt2.CpG",2561,1819,742,2561
"10316","07_report/CpG_context_sampling_7470_316_trimmed_bismark_bt2.CpG",2662,1879,783,2662
"10317","07_report/CpG_context_sampling_7470_317_trimmed_bismark_bt2.CpG",2636,1890,746,2636
"10318","07_report/CpG_context_sampling_7470_318_trimmed_bismark_bt2.CpG",2575,1880,695,2575
"10319","07_report/CpG_context_sampling_7470_319_trimmed_bismark_bt2.CpG",2567,1861,706,2567
"10320","07_report/CpG_context_sampling_7470_320_trimmed_bismark_bt2.CpG",2499,1763,736,2499
"10321","07_report/CpG_context_sampling_7470_321_trimmed_bismark_bt2.CpG",2544,1852,692,2544
"10322","07_report/CpG_context_sampling_7470_322_trimmed_bismark_bt2.CpG",2583,1845,738,2583
"10323","07_report/CpG_context_sampling_7470_323_trimmed_bismark_bt2.CpG",2670,1912,758,2670
"10324","07_report/CpG_context_sampling_7470_324_trimmed_bismark_bt2.CpG",2564,1840,724,2564
"10325","07_report/CpG_context_sampling_7470_325_trimmed_bismark_bt2.CpG",2602,1867,735,2602
"10326","07_report/CpG_context_sampling_7470_326_trimmed_bismark_bt2.CpG",2603,1856,747,2603
"10327","07_report/CpG_context_sampling_7470_327_trimmed_bismark_bt2.CpG",2590,1863,727,2590
"10328","07_report/CpG_context_sampling_7470_328_trimmed_bismark_bt2.CpG",2577,1849,728,2577
"10329","07_report/CpG_context_sampling_7470_329_trimmed_bismark_bt2.CpG",2511,1828,683,2511
"10330","07_report/CpG_context_sampling_7470_330_trimmed_bismark_bt2.CpG",2579,1858,721,2579
"10331","07_report/CpG_context_sampling_7470_331_trimmed_bismark_bt2.CpG",2703,1935,768,2703
"10332","07_report/CpG_context_sampling_7470_332_trimmed_bismark_bt2.CpG",2583,1853,730,2583
"10333","07_report/CpG_context_sampling_7470_333_trimmed_bismark_bt2.CpG",2516,1777,739,2516
"10334","07_report/CpG_context_sampling_7470_334_trimmed_bismark_bt2.CpG",2582,1859,723,2582
"10335","07_report/CpG_context_sampling_7470_335_trimmed_bismark_bt2.CpG",2655,1910,745,2655
"10336","07_report/CpG_context_sampling_7470_336_trimmed_bismark_bt2.CpG",2585,1849,736,2585
"10337","07_report/CpG_context_sampling_7470_337_trimmed_bismark_bt2.CpG",2566,1835,731,2566
"10338","07_report/CpG_context_sampling_7470_338_trimmed_bismark_bt2.CpG",2674,1915,759,2674
"10339","07_report/CpG_context_sampling_7470_339_trimmed_bismark_bt2.CpG",2540,1826,714,2540
"10340","07_report/CpG_context_sampling_7470_340_trimmed_bismark_bt2.CpG",2607,1857,750,2607
"10341","07_report/CpG_context_sampling_7470_341_trimmed_bismark_bt2.CpG",2561,1836,725,2561
"10342","07_report/CpG_context_sampling_7470_342_trimmed_bismark_bt2.CpG",2572,1825,747,2572
"10343","07_report/CpG_context_sampling_7470_343_trimmed_bismark_bt2.CpG",2567,1844,723,2567
"10344","07_report/CpG_context_sampling_7470_344_trimmed_bismark_bt2.CpG",2585,1839,746,2585
"10345","07_report/CpG_context_sampling_7470_345_trimmed_bismark_bt2.CpG",2573,1869,704,2573
"10346","07_report/CpG_context_sampling_7470_346_trimmed_bismark_bt2.CpG",2626,1911,715,2626
"10347","07_report/CpG_context_sampling_7470_347_trimmed_bismark_bt2.CpG",2605,1887,718,2605
"10348","07_report/CpG_context_sampling_7470_348_trimmed_bismark_bt2.CpG",2596,1878,718,2596
"10349","07_report/CpG_context_sampling_7470_349_trimmed_bismark_bt2.CpG",2637,1869,768,2637
"10350","07_report/CpG_context_sampling_7470_350_trimmed_bismark_bt2.CpG",2590,1841,749,2590
"10351","07_report/CpG_context_sampling_7470_351_trimmed_bismark_bt2.CpG",2529,1825,704,2529
"10352","07_report/CpG_context_sampling_7470_352_trimmed_bismark_bt2.CpG",2572,1839,733,2572
"10353","07_report/CpG_context_sampling_7470_353_trimmed_bismark_bt2.CpG",2561,1798,763,2561
"10354","07_report/CpG_context_sampling_7470_354_trimmed_bismark_bt2.CpG",2651,1876,775,2651
"10355","07_report/CpG_context_sampling_7470_355_trimmed_bismark_bt2.CpG",2606,1857,749,2606
"10356","07_report/CpG_context_sampling_7470_356_trimmed_bismark_bt2.CpG",2603,1834,769,2603
"10357","07_report/CpG_context_sampling_7470_357_trimmed_bismark_bt2.CpG",2588,1828,760,2588
"10358","07_report/CpG_context_sampling_7470_358_trimmed_bismark_bt2.CpG",2623,1900,723,2623
"10359","07_report/CpG_context_sampling_7470_359_trimmed_bismark_bt2.CpG",2536,1809,727,2536
"10360","07_report/CpG_context_sampling_7470_360_trimmed_bismark_bt2.CpG",2529,1809,720,2529
"10361","07_report/CpG_context_sampling_7470_361_trimmed_bismark_bt2.CpG",2565,1818,747,2565
"10362","07_report/CpG_context_sampling_7470_362_trimmed_bismark_bt2.CpG",2616,1830,786,2616
"10363","07_report/CpG_context_sampling_7470_363_trimmed_bismark_bt2.CpG",2622,1861,761,2622
"10364","07_report/CpG_context_sampling_7470_364_trimmed_bismark_bt2.CpG",2557,1808,749,2557
"10365","07_report/CpG_context_sampling_7470_365_trimmed_bismark_bt2.CpG",2582,1847,735,2582
"10366","07_report/CpG_context_sampling_7470_366_trimmed_bismark_bt2.CpG",2561,1862,699,2561
"10367","07_report/CpG_context_sampling_7470_367_trimmed_bismark_bt2.CpG",2560,1803,757,2560
"10368","07_report/CpG_context_sampling_7470_368_trimmed_bismark_bt2.CpG",2578,1849,729,2578
"10369","07_report/CpG_context_sampling_7470_369_trimmed_bismark_bt2.CpG",2580,1865,715,2580
"10370","07_report/CpG_context_sampling_7470_370_trimmed_bismark_bt2.CpG",2550,1826,724,2550
"10371","07_report/CpG_context_sampling_7470_371_trimmed_bismark_bt2.CpG",2625,1890,735,2625
"10372","07_report/CpG_context_sampling_7470_372_trimmed_bismark_bt2.CpG",2614,1838,776,2614
"10373","07_report/CpG_context_sampling_7470_373_trimmed_bismark_bt2.CpG",2587,1859,728,2587
"10374","07_report/CpG_context_sampling_7470_374_trimmed_bismark_bt2.CpG",2570,1826,744,2570
"10375","07_report/CpG_context_sampling_7470_375_trimmed_bismark_bt2.CpG",2596,1846,750,2596
"10376","07_report/CpG_context_sampling_7470_376_trimmed_bismark_bt2.CpG",2647,1887,760,2647
"10377","07_report/CpG_context_sampling_7470_377_trimmed_bismark_bt2.CpG",2537,1797,740,2537
"10378","07_report/CpG_context_sampling_7470_378_trimmed_bismark_bt2.CpG",2503,1802,701,2503
"10379","07_report/CpG_context_sampling_7470_379_trimmed_bismark_bt2.CpG",2622,1875,747,2622
"10380","07_report/CpG_context_sampling_7470_380_trimmed_bismark_bt2.CpG",2600,1850,750,2600
"10381","07_report/CpG_context_sampling_7470_381_trimmed_bismark_bt2.CpG",2644,1902,742,2644
"10382","07_report/CpG_context_sampling_7470_382_trimmed_bismark_bt2.CpG",2572,1831,741,2572
"10383","07_report/CpG_context_sampling_7470_383_trimmed_bismark_bt2.CpG",2575,1871,704,2575
"10384","07_report/CpG_context_sampling_7470_384_trimmed_bismark_bt2.CpG",2546,1806,740,2546
"10385","07_report/CpG_context_sampling_7470_385_trimmed_bismark_bt2.CpG",2659,1911,748,2659
"10386","07_report/CpG_context_sampling_7470_386_trimmed_bismark_bt2.CpG",2587,1858,729,2587
"10387","07_report/CpG_context_sampling_7470_387_trimmed_bismark_bt2.CpG",2649,1865,784,2649
"10388","07_report/CpG_context_sampling_7470_388_trimmed_bismark_bt2.CpG",2540,1850,690,2540
"10389","07_report/CpG_context_sampling_7470_389_trimmed_bismark_bt2.CpG",2588,1858,730,2588
"10390","07_report/CpG_context_sampling_7470_390_trimmed_bismark_bt2.CpG",2567,1811,756,2567
"10391","07_report/CpG_context_sampling_7470_391_trimmed_bismark_bt2.CpG",2492,1778,714,2492
"10392","07_report/CpG_context_sampling_7470_392_trimmed_bismark_bt2.CpG",2563,1814,749,2563
"10393","07_report/CpG_context_sampling_7470_393_trimmed_bismark_bt2.CpG",2488,1792,696,2488
"10394","07_report/CpG_context_sampling_7470_394_trimmed_bismark_bt2.CpG",2622,1852,770,2622
"10395","07_report/CpG_context_sampling_7470_395_trimmed_bismark_bt2.CpG",2551,1851,700,2551
"10396","07_report/CpG_context_sampling_7470_396_trimmed_bismark_bt2.CpG",2532,1831,701,2532
"10397","07_report/CpG_context_sampling_7470_397_trimmed_bismark_bt2.CpG",2524,1817,707,2524
"10398","07_report/CpG_context_sampling_7470_398_trimmed_bismark_bt2.CpG",2611,1841,770,2611
"10399","07_report/CpG_context_sampling_7470_399_trimmed_bismark_bt2.CpG",2546,1835,711,2546
"10400","07_report/CpG_context_sampling_7470_400_trimmed_bismark_bt2.CpG",2603,1840,763,2603
"10401","07_report/CpG_context_sampling_7470_401_trimmed_bismark_bt2.CpG",2652,1849,803,2652
"10402","07_report/CpG_context_sampling_7470_402_trimmed_bismark_bt2.CpG",2579,1810,769,2579
"10403","07_report/CpG_context_sampling_7470_403_trimmed_bismark_bt2.CpG",2571,1824,747,2571
"10404","07_report/CpG_context_sampling_7470_404_trimmed_bismark_bt2.CpG",2625,1885,740,2625
"10405","07_report/CpG_context_sampling_7470_405_trimmed_bismark_bt2.CpG",2632,1886,746,2632
"10406","07_report/CpG_context_sampling_7470_406_trimmed_bismark_bt2.CpG",2533,1801,732,2533
"10407","07_report/CpG_context_sampling_7470_407_trimmed_bismark_bt2.CpG",2551,1815,736,2551
"10408","07_report/CpG_context_sampling_7470_408_trimmed_bismark_bt2.CpG",2653,1902,751,2653
"10409","07_report/CpG_context_sampling_7470_409_trimmed_bismark_bt2.CpG",2562,1838,724,2562
"10410","07_report/CpG_context_sampling_7470_410_trimmed_bismark_bt2.CpG",2592,1850,742,2592
"10411","07_report/CpG_context_sampling_7470_411_trimmed_bismark_bt2.CpG",2576,1869,707,2576
"10412","07_report/CpG_context_sampling_7470_412_trimmed_bismark_bt2.CpG",2614,1839,775,2614
"10413","07_report/CpG_context_sampling_7470_413_trimmed_bismark_bt2.CpG",2646,1881,765,2646
"10414","07_report/CpG_context_sampling_7470_414_trimmed_bismark_bt2.CpG",2639,1849,790,2639
"10415","07_report/CpG_context_sampling_7470_415_trimmed_bismark_bt2.CpG",2615,1867,748,2615
"10416","07_report/CpG_context_sampling_7470_416_trimmed_bismark_bt2.CpG",2576,1838,738,2576
"10417","07_report/CpG_context_sampling_7470_417_trimmed_bismark_bt2.CpG",2559,1798,761,2559
"10418","07_report/CpG_context_sampling_7470_418_trimmed_bismark_bt2.CpG",2687,1914,773,2687
"10419","07_report/CpG_context_sampling_7470_419_trimmed_bismark_bt2.CpG",2594,1845,749,2594
"10420","07_report/CpG_context_sampling_7470_420_trimmed_bismark_bt2.CpG",2488,1807,681,2488
"10421","07_report/CpG_context_sampling_7470_421_trimmed_bismark_bt2.CpG",2566,1814,752,2566
"10422","07_report/CpG_context_sampling_7470_422_trimmed_bismark_bt2.CpG",2565,1851,714,2565
"10423","07_report/CpG_context_sampling_7470_423_trimmed_bismark_bt2.CpG",2571,1840,731,2571
"10424","07_report/CpG_context_sampling_7470_424_trimmed_bismark_bt2.CpG",2558,1831,727,2558
"10425","07_report/CpG_context_sampling_7470_425_trimmed_bismark_bt2.CpG",2572,1852,720,2572
"10426","07_report/CpG_context_sampling_7470_426_trimmed_bismark_bt2.CpG",2523,1845,678,2523
"10427","07_report/CpG_context_sampling_7470_427_trimmed_bismark_bt2.CpG",2657,1899,758,2657
"10428","07_report/CpG_context_sampling_7470_428_trimmed_bismark_bt2.CpG",2613,1855,758,2613
"10429","07_report/CpG_context_sampling_7470_429_trimmed_bismark_bt2.CpG",2504,1746,758,2504
"10430","07_report/CpG_context_sampling_7470_430_trimmed_bismark_bt2.CpG",2575,1852,723,2575
"10431","07_report/CpG_context_sampling_7470_431_trimmed_bismark_bt2.CpG",2543,1856,687,2543
"10432","07_report/CpG_context_sampling_7470_432_trimmed_bismark_bt2.CpG",2585,1836,749,2585
"10433","07_report/CpG_context_sampling_7470_433_trimmed_bismark_bt2.CpG",2603,1848,755,2603
"10434","07_report/CpG_context_sampling_7470_434_trimmed_bismark_bt2.CpG",2583,1837,746,2583
"10435","07_report/CpG_context_sampling_7470_435_trimmed_bismark_bt2.CpG",2662,1900,762,2662
"10436","07_report/CpG_context_sampling_7470_436_trimmed_bismark_bt2.CpG",2587,1896,691,2587
"10437","07_report/CpG_context_sampling_7470_437_trimmed_bismark_bt2.CpG",2641,1899,742,2641
"10438","07_report/CpG_context_sampling_7470_438_trimmed_bismark_bt2.CpG",2592,1850,742,2592
"10439","07_report/CpG_context_sampling_7470_439_trimmed_bismark_bt2.CpG",2526,1798,728,2526
"10440","07_report/CpG_context_sampling_7470_440_trimmed_bismark_bt2.CpG",2486,1754,732,2486
"10441","07_report/CpG_context_sampling_7470_441_trimmed_bismark_bt2.CpG",2574,1828,746,2574
"10442","07_report/CpG_context_sampling_7470_442_trimmed_bismark_bt2.CpG",2572,1850,722,2572
"10443","07_report/CpG_context_sampling_7470_443_trimmed_bismark_bt2.CpG",2597,1859,738,2597
"10444","07_report/CpG_context_sampling_7470_444_trimmed_bismark_bt2.CpG",2575,1855,720,2575
"10445","07_report/CpG_context_sampling_7470_445_trimmed_bismark_bt2.CpG",2582,1832,750,2582
"10446","07_report/CpG_context_sampling_7470_446_trimmed_bismark_bt2.CpG",2601,1886,715,2601
"10447","07_report/CpG_context_sampling_7470_447_trimmed_bismark_bt2.CpG",2658,1935,723,2658
"10448","07_report/CpG_context_sampling_7470_448_trimmed_bismark_bt2.CpG",2623,1853,770,2623
"10449","07_report/CpG_context_sampling_7470_449_trimmed_bismark_bt2.CpG",2578,1855,723,2578
"10450","07_report/CpG_context_sampling_7470_450_trimmed_bismark_bt2.CpG",2599,1796,803,2599
"10451","07_report/CpG_context_sampling_7470_451_trimmed_bismark_bt2.CpG",2623,1886,737,2623
"10452","07_report/CpG_context_sampling_7470_452_trimmed_bismark_bt2.CpG",2547,1811,736,2547
"10453","07_report/CpG_context_sampling_7470_453_trimmed_bismark_bt2.CpG",2495,1786,709,2495
"10454","07_report/CpG_context_sampling_7470_454_trimmed_bismark_bt2.CpG",2552,1818,734,2552
"10455","07_report/CpG_context_sampling_7470_455_trimmed_bismark_bt2.CpG",2591,1870,721,2591
"10456","07_report/CpG_context_sampling_7470_456_trimmed_bismark_bt2.CpG",2552,1827,725,2552
"10457","07_report/CpG_context_sampling_7470_457_trimmed_bismark_bt2.CpG",2586,1855,731,2586
"10458","07_report/CpG_context_sampling_7470_458_trimmed_bismark_bt2.CpG",2550,1831,719,2550
"10459","07_report/CpG_context_sampling_7470_459_trimmed_bismark_bt2.CpG",2530,1797,733,2530
"10460","07_report/CpG_context_sampling_7470_460_trimmed_bismark_bt2.CpG",2568,1828,740,2568
"10461","07_report/CpG_context_sampling_7470_461_trimmed_bismark_bt2.CpG",2555,1880,675,2555
"10462","07_report/CpG_context_sampling_7470_462_trimmed_bismark_bt2.CpG",2552,1829,723,2552
"10463","07_report/CpG_context_sampling_7470_463_trimmed_bismark_bt2.CpG",2578,1898,680,2578
"10464","07_report/CpG_context_sampling_7470_464_trimmed_bismark_bt2.CpG",2598,1846,752,2598
"10465","07_report/CpG_context_sampling_7470_465_trimmed_bismark_bt2.CpG",2540,1796,744,2540
"10466","07_report/CpG_context_sampling_7470_466_trimmed_bismark_bt2.CpG",2651,1949,702,2651
"10467","07_report/CpG_context_sampling_7470_467_trimmed_bismark_bt2.CpG",2621,1907,714,2621
"10468","07_report/CpG_context_sampling_7470_468_trimmed_bismark_bt2.CpG",2653,1915,738,2653
"10469","07_report/CpG_context_sampling_7470_469_trimmed_bismark_bt2.CpG",2597,1893,704,2597
"10470","07_report/CpG_context_sampling_7470_470_trimmed_bismark_bt2.CpG",2554,1819,735,2554
"10471","07_report/CpG_context_sampling_7470_471_trimmed_bismark_bt2.CpG",2543,1824,719,2543
"10472","07_report/CpG_context_sampling_7470_472_trimmed_bismark_bt2.CpG",2562,1826,736,2562
"10473","07_report/CpG_context_sampling_7470_473_trimmed_bismark_bt2.CpG",2555,1825,730,2555
"10474","07_report/CpG_context_sampling_7470_474_trimmed_bismark_bt2.CpG",2559,1830,729,2559
"10475","07_report/CpG_context_sampling_7470_475_trimmed_bismark_bt2.CpG",2612,1847,765,2612
"10476","07_report/CpG_context_sampling_7470_476_trimmed_bismark_bt2.CpG",2527,1818,709,2527
"10477","07_report/CpG_context_sampling_7470_477_trimmed_bismark_bt2.CpG",2622,1880,742,2622
"10478","07_report/CpG_context_sampling_7470_478_trimmed_bismark_bt2.CpG",2626,1864,762,2626
"10479","07_report/CpG_context_sampling_7470_479_trimmed_bismark_bt2.CpG",2659,1885,774,2659
"10480","07_report/CpG_context_sampling_7470_480_trimmed_bismark_bt2.CpG",2604,1853,751,2604
"10481","07_report/CpG_context_sampling_7470_481_trimmed_bismark_bt2.CpG",2580,1862,718,2580
"10482","07_report/CpG_context_sampling_7470_482_trimmed_bismark_bt2.CpG",2622,1886,736,2622
"10483","07_report/CpG_context_sampling_7470_483_trimmed_bismark_bt2.CpG",2613,1829,784,2613
"10484","07_report/CpG_context_sampling_7470_484_trimmed_bismark_bt2.CpG",2567,1808,759,2567
"10485","07_report/CpG_context_sampling_7470_485_trimmed_bismark_bt2.CpG",2607,1896,711,2607
"10486","07_report/CpG_context_sampling_7470_486_trimmed_bismark_bt2.CpG",2533,1816,717,2533
"10487","07_report/CpG_context_sampling_7470_487_trimmed_bismark_bt2.CpG",2578,1812,766,2578
"10488","07_report/CpG_context_sampling_7470_488_trimmed_bismark_bt2.CpG",2587,1847,740,2587
"10489","07_report/CpG_context_sampling_7470_489_trimmed_bismark_bt2.CpG",2597,1850,747,2597
"10490","07_report/CpG_context_sampling_7470_490_trimmed_bismark_bt2.CpG",2599,1858,741,2599
"10491","07_report/CpG_context_sampling_7470_491_trimmed_bismark_bt2.CpG",2570,1892,678,2570
"10492","07_report/CpG_context_sampling_7470_492_trimmed_bismark_bt2.CpG",2562,1858,704,2562
"10493","07_report/CpG_context_sampling_7470_493_trimmed_bismark_bt2.CpG",2639,1890,749,2639
"10494","07_report/CpG_context_sampling_7470_494_trimmed_bismark_bt2.CpG",2525,1811,714,2525
"10495","07_report/CpG_context_sampling_7470_495_trimmed_bismark_bt2.CpG",2631,1907,724,2631
"10496","07_report/CpG_context_sampling_7470_496_trimmed_bismark_bt2.CpG",2574,1846,728,2574
"10497","07_report/CpG_context_sampling_7470_497_trimmed_bismark_bt2.CpG",2609,1905,704,2609
"10498","07_report/CpG_context_sampling_7470_498_trimmed_bismark_bt2.CpG",2616,1907,709,2616
"10499","07_report/CpG_context_sampling_7470_499_trimmed_bismark_bt2.CpG",2625,1865,760,2625
"10500","07_report/CpG_context_sampling_7470_500_trimmed_bismark_bt2.CpG",2587,1841,746,2587
"10501","07_report/CpG_context_sampling_7470_501_trimmed_bismark_bt2.CpG",2653,1908,745,2653
"10502","07_report/CpG_context_sampling_7470_502_trimmed_bismark_bt2.CpG",2552,1812,740,2552
"10503","07_report/CpG_context_sampling_7470_503_trimmed_bismark_bt2.CpG",2615,1856,759,2615
"10504","07_report/CpG_context_sampling_7470_504_trimmed_bismark_bt2.CpG",2595,1868,727,2595
"10505","07_report/CpG_context_sampling_7470_505_trimmed_bismark_bt2.CpG",2572,1781,791,2572
"10506","07_report/CpG_context_sampling_7470_506_trimmed_bismark_bt2.CpG",2617,1873,744,2617
"10507","07_report/CpG_context_sampling_7470_507_trimmed_bismark_bt2.CpG",2596,1862,734,2596
"10508","07_report/CpG_context_sampling_7470_508_trimmed_bismark_bt2.CpG",2566,1826,740,2566
"10509","07_report/CpG_context_sampling_7470_509_trimmed_bismark_bt2.CpG",2636,1874,762,2636
"10510","07_report/CpG_context_sampling_7470_510_trimmed_bismark_bt2.CpG",2626,1895,731,2626
"10511","07_report/CpG_context_sampling_7470_511_trimmed_bismark_bt2.CpG",2625,1868,757,2625
"10512","07_report/CpG_context_sampling_7470_512_trimmed_bismark_bt2.CpG",2589,1849,740,2589
"10513","07_report/CpG_context_sampling_7470_513_trimmed_bismark_bt2.CpG",2565,1834,731,2565
"10514","07_report/CpG_context_sampling_7470_514_trimmed_bismark_bt2.CpG",2597,1886,711,2597
"10515","07_report/CpG_context_sampling_7470_515_trimmed_bismark_bt2.CpG",2561,1839,722,2561
"10516","07_report/CpG_context_sampling_7470_516_trimmed_bismark_bt2.CpG",2589,1856,733,2589
"10517","07_report/CpG_context_sampling_7470_517_trimmed_bismark_bt2.CpG",2569,1846,723,2569
"10518","07_report/CpG_context_sampling_7470_518_trimmed_bismark_bt2.CpG",2562,1827,735,2562
"10519","07_report/CpG_context_sampling_7470_519_trimmed_bismark_bt2.CpG",2587,1851,736,2587
"10520","07_report/CpG_context_sampling_7470_520_trimmed_bismark_bt2.CpG",2596,1864,732,2596
"10521","07_report/CpG_context_sampling_7470_521_trimmed_bismark_bt2.CpG",2635,1872,763,2635
"10522","07_report/CpG_context_sampling_7470_522_trimmed_bismark_bt2.CpG",2538,1822,716,2538
"10523","07_report/CpG_context_sampling_7470_523_trimmed_bismark_bt2.CpG",2597,1854,743,2597
"10524","07_report/CpG_context_sampling_7470_524_trimmed_bismark_bt2.CpG",2667,1882,785,2667
"10525","07_report/CpG_context_sampling_7470_525_trimmed_bismark_bt2.CpG",2693,1973,720,2693
"10526","07_report/CpG_context_sampling_7470_526_trimmed_bismark_bt2.CpG",2574,1840,734,2574
"10527","07_report/CpG_context_sampling_7470_527_trimmed_bismark_bt2.CpG",2609,1903,706,2609
"10528","07_report/CpG_context_sampling_7470_528_trimmed_bismark_bt2.CpG",2527,1785,742,2527
"10529","07_report/CpG_context_sampling_7470_529_trimmed_bismark_bt2.CpG",2530,1818,712,2530
"10530","07_report/CpG_context_sampling_7470_530_trimmed_bismark_bt2.CpG",2633,1898,735,2633
"10531","07_report/CpG_context_sampling_7470_531_trimmed_bismark_bt2.CpG",2658,1904,754,2658
"10532","07_report/CpG_context_sampling_7470_532_trimmed_bismark_bt2.CpG",2541,1838,703,2541
"10533","07_report/CpG_context_sampling_7470_533_trimmed_bismark_bt2.CpG",2639,1865,774,2639
"10534","07_report/CpG_context_sampling_7470_534_trimmed_bismark_bt2.CpG",2595,1826,769,2595
"10535","07_report/CpG_context_sampling_7470_535_trimmed_bismark_bt2.CpG",2701,1946,755,2701
"10536","07_report/CpG_context_sampling_7470_536_trimmed_bismark_bt2.CpG",2588,1839,749,2588
"10537","07_report/CpG_context_sampling_7470_537_trimmed_bismark_bt2.CpG",2613,1854,759,2613
"10538","07_report/CpG_context_sampling_7470_538_trimmed_bismark_bt2.CpG",2554,1856,698,2554
"10539","07_report/CpG_context_sampling_7470_539_trimmed_bismark_bt2.CpG",2535,1831,704,2535
"10540","07_report/CpG_context_sampling_7470_540_trimmed_bismark_bt2.CpG",2589,1866,723,2589
"10541","07_report/CpG_context_sampling_7470_541_trimmed_bismark_bt2.CpG",2615,1897,718,2615
"10542","07_report/CpG_context_sampling_7470_542_trimmed_bismark_bt2.CpG",2627,1884,743,2627
"10543","07_report/CpG_context_sampling_7470_543_trimmed_bismark_bt2.CpG",2597,1920,677,2597
"10544","07_report/CpG_context_sampling_7470_544_trimmed_bismark_bt2.CpG",2558,1796,762,2558
"10545","07_report/CpG_context_sampling_7470_545_trimmed_bismark_bt2.CpG",2609,1862,747,2609
"10546","07_report/CpG_context_sampling_7470_546_trimmed_bismark_bt2.CpG",2593,1883,710,2593
"10547","07_report/CpG_context_sampling_7470_547_trimmed_bismark_bt2.CpG",2616,1827,789,2616
"10548","07_report/CpG_context_sampling_7470_548_trimmed_bismark_bt2.CpG",2501,1779,722,2501
"10549","07_report/CpG_context_sampling_7470_549_trimmed_bismark_bt2.CpG",2580,1855,725,2580
"10550","07_report/CpG_context_sampling_7470_550_trimmed_bismark_bt2.CpG",2583,1868,715,2583
"10551","07_report/CpG_context_sampling_7470_551_trimmed_bismark_bt2.CpG",2564,1827,737,2564
"10552","07_report/CpG_context_sampling_7470_552_trimmed_bismark_bt2.CpG",2636,1864,772,2636
"10553","07_report/CpG_context_sampling_7470_553_trimmed_bismark_bt2.CpG",2562,1844,718,2562
"10554","07_report/CpG_context_sampling_7470_554_trimmed_bismark_bt2.CpG",2623,1839,784,2623
"10555","07_report/CpG_context_sampling_7470_555_trimmed_bismark_bt2.CpG",2616,1825,791,2616
"10556","07_report/CpG_context_sampling_7470_556_trimmed_bismark_bt2.CpG",2594,1882,712,2594
"10557","07_report/CpG_context_sampling_7470_557_trimmed_bismark_bt2.CpG",2530,1801,729,2530
"10558","07_report/CpG_context_sampling_7470_558_trimmed_bismark_bt2.CpG",2519,1779,740,2519
"10559","07_report/CpG_context_sampling_7470_559_trimmed_bismark_bt2.CpG",2629,1887,742,2629
"10560","07_report/CpG_context_sampling_7470_560_trimmed_bismark_bt2.CpG",2515,1782,733,2515
"10561","07_report/CpG_context_sampling_7470_561_trimmed_bismark_bt2.CpG",2662,1920,742,2662
"10562","07_report/CpG_context_sampling_7470_562_trimmed_bismark_bt2.CpG",2592,1836,756,2592
"10563","07_report/CpG_context_sampling_7470_563_trimmed_bismark_bt2.CpG",2623,1875,748,2623
"10564","07_report/CpG_context_sampling_7470_564_trimmed_bismark_bt2.CpG",2545,1802,743,2545
"10565","07_report/CpG_context_sampling_7470_565_trimmed_bismark_bt2.CpG",2528,1790,738,2528
"10566","07_report/CpG_context_sampling_7470_566_trimmed_bismark_bt2.CpG",2598,1874,724,2598
"10567","07_report/CpG_context_sampling_7470_567_trimmed_bismark_bt2.CpG",2635,1885,750,2635
"10568","07_report/CpG_context_sampling_7470_568_trimmed_bismark_bt2.CpG",2578,1848,730,2578
"10569","07_report/CpG_context_sampling_7470_569_trimmed_bismark_bt2.CpG",2572,1842,730,2572
"10570","07_report/CpG_context_sampling_7470_570_trimmed_bismark_bt2.CpG",2552,1818,734,2552
"10571","07_report/CpG_context_sampling_7470_571_trimmed_bismark_bt2.CpG",2546,1834,712,2546
"10572","07_report/CpG_context_sampling_7470_572_trimmed_bismark_bt2.CpG",2619,1873,746,2619
"10573","07_report/CpG_context_sampling_7470_573_trimmed_bismark_bt2.CpG",2621,1896,725,2621
"10574","07_report/CpG_context_sampling_7470_574_trimmed_bismark_bt2.CpG",2627,1852,775,2627
"10575","07_report/CpG_context_sampling_7470_575_trimmed_bismark_bt2.CpG",2619,1859,760,2619
"10576","07_report/CpG_context_sampling_7470_576_trimmed_bismark_bt2.CpG",2489,1815,674,2489
"10577","07_report/CpG_context_sampling_7470_577_trimmed_bismark_bt2.CpG",2543,1795,748,2543
"10578","07_report/CpG_context_sampling_7470_578_trimmed_bismark_bt2.CpG",2582,1858,724,2582
"10579","07_report/CpG_context_sampling_7470_579_trimmed_bismark_bt2.CpG",2622,1865,757,2622
"10580","07_report/CpG_context_sampling_7470_580_trimmed_bismark_bt2.CpG",2523,1847,676,2523
"10581","07_report/CpG_context_sampling_7470_581_trimmed_bismark_bt2.CpG",2559,1818,741,2559
"10582","07_report/CpG_context_sampling_7470_582_trimmed_bismark_bt2.CpG",2632,1872,760,2632
"10583","07_report/CpG_context_sampling_7470_583_trimmed_bismark_bt2.CpG",2575,1870,705,2575
"10584","07_report/CpG_context_sampling_7470_584_trimmed_bismark_bt2.CpG",2608,1893,715,2608
"10585","07_report/CpG_context_sampling_7470_585_trimmed_bismark_bt2.CpG",2619,1874,745,2619
"10586","07_report/CpG_context_sampling_7470_586_trimmed_bismark_bt2.CpG",2522,1788,734,2522
"10587","07_report/CpG_context_sampling_7470_587_trimmed_bismark_bt2.CpG",2557,1820,737,2557
"10588","07_report/CpG_context_sampling_7470_588_trimmed_bismark_bt2.CpG",2565,1819,746,2565
"10589","07_report/CpG_context_sampling_7470_589_trimmed_bismark_bt2.CpG",2554,1801,753,2554
"10590","07_report/CpG_context_sampling_7470_590_trimmed_bismark_bt2.CpG",2611,1793,818,2611
"10591","07_report/CpG_context_sampling_7470_591_trimmed_bismark_bt2.CpG",2504,1797,707,2504
"10592","07_report/CpG_context_sampling_7470_592_trimmed_bismark_bt2.CpG",2592,1845,747,2592
"10593","07_report/CpG_context_sampling_7470_593_trimmed_bismark_bt2.CpG",2583,1840,743,2583
"10594","07_report/CpG_context_sampling_7470_594_trimmed_bismark_bt2.CpG",2542,1820,722,2542
"10595","07_report/CpG_context_sampling_7470_595_trimmed_bismark_bt2.CpG",2560,1841,719,2560
"10596","07_report/CpG_context_sampling_7470_596_trimmed_bismark_bt2.CpG",2596,1838,758,2596
"10597","07_report/CpG_context_sampling_7470_597_trimmed_bismark_bt2.CpG",2627,1908,719,2627
"10598","07_report/CpG_context_sampling_7470_598_trimmed_bismark_bt2.CpG",2610,1861,749,2610
"10599","07_report/CpG_context_sampling_7470_599_trimmed_bismark_bt2.CpG",2586,1832,754,2586
"10600","07_report/CpG_context_sampling_7470_600_trimmed_bismark_bt2.CpG",2592,1872,720,2592
"10601","07_report/CpG_context_sampling_7470_601_trimmed_bismark_bt2.CpG",2533,1807,726,2533
"10602","07_report/CpG_context_sampling_7470_602_trimmed_bismark_bt2.CpG",2609,1857,752,2609
"10603","07_report/CpG_context_sampling_7470_603_trimmed_bismark_bt2.CpG",2648,1915,733,2648
"10604","07_report/CpG_context_sampling_7470_604_trimmed_bismark_bt2.CpG",2587,1811,776,2587
"10605","07_report/CpG_context_sampling_7470_605_trimmed_bismark_bt2.CpG",2618,1889,729,2618
"10606","07_report/CpG_context_sampling_7470_606_trimmed_bismark_bt2.CpG",2608,1851,757,2608
"10607","07_report/CpG_context_sampling_7470_607_trimmed_bismark_bt2.CpG",2580,1829,751,2580
"10608","07_report/CpG_context_sampling_7470_608_trimmed_bismark_bt2.CpG",2642,1904,738,2642
"10609","07_report/CpG_context_sampling_7470_609_trimmed_bismark_bt2.CpG",2575,1824,751,2575
"10610","07_report/CpG_context_sampling_7470_610_trimmed_bismark_bt2.CpG",2600,1818,782,2600
"10611","07_report/CpG_context_sampling_7470_611_trimmed_bismark_bt2.CpG",2674,1958,716,2674
"10612","07_report/CpG_context_sampling_7470_612_trimmed_bismark_bt2.CpG",2608,1902,706,2608
"10613","07_report/CpG_context_sampling_7470_613_trimmed_bismark_bt2.CpG",2539,1827,712,2539
"10614","07_report/CpG_context_sampling_7470_614_trimmed_bismark_bt2.CpG",2578,1832,746,2578
"10615","07_report/CpG_context_sampling_7470_615_trimmed_bismark_bt2.CpG",2540,1805,735,2540
"10616","07_report/CpG_context_sampling_7470_616_trimmed_bismark_bt2.CpG",2536,1808,728,2536
"10617","07_report/CpG_context_sampling_7470_617_trimmed_bismark_bt2.CpG",2625,1900,725,2625
"10618","07_report/CpG_context_sampling_7470_618_trimmed_bismark_bt2.CpG",2663,1910,753,2663
"10619","07_report/CpG_context_sampling_7470_619_trimmed_bismark_bt2.CpG",2546,1833,713,2546
"10620","07_report/CpG_context_sampling_7470_620_trimmed_bismark_bt2.CpG",2602,1833,769,2602
"10621","07_report/CpG_context_sampling_7470_621_trimmed_bismark_bt2.CpG",2599,1884,715,2599
"10622","07_report/CpG_context_sampling_7470_622_trimmed_bismark_bt2.CpG",2551,1823,728,2551
"10623","07_report/CpG_context_sampling_7470_623_trimmed_bismark_bt2.CpG",2596,1857,739,2596
"10624","07_report/CpG_context_sampling_7470_624_trimmed_bismark_bt2.CpG",2577,1867,710,2577
"10625","07_report/CpG_context_sampling_7470_625_trimmed_bismark_bt2.CpG",2625,1829,796,2625
"10626","07_report/CpG_context_sampling_7470_626_trimmed_bismark_bt2.CpG",2568,1854,714,2568
"10627","07_report/CpG_context_sampling_7470_627_trimmed_bismark_bt2.CpG",2532,1783,749,2532
"10628","07_report/CpG_context_sampling_7470_628_trimmed_bismark_bt2.CpG",2614,1857,757,2614
"10629","07_report/CpG_context_sampling_7470_629_trimmed_bismark_bt2.CpG",2629,1879,750,2629
"10630","07_report/CpG_context_sampling_7470_630_trimmed_bismark_bt2.CpG",2605,1861,744,2605
"10631","07_report/CpG_context_sampling_7470_631_trimmed_bismark_bt2.CpG",2661,1904,757,2661
"10632","07_report/CpG_context_sampling_7470_632_trimmed_bismark_bt2.CpG",2529,1834,695,2529
"10633","07_report/CpG_context_sampling_7470_633_trimmed_bismark_bt2.CpG",2603,1829,774,2603
"10634","07_report/CpG_context_sampling_7470_634_trimmed_bismark_bt2.CpG",2569,1812,757,2569
"10635","07_report/CpG_context_sampling_7470_635_trimmed_bismark_bt2.CpG",2608,1905,703,2608
"10636","07_report/CpG_context_sampling_7470_636_trimmed_bismark_bt2.CpG",2497,1786,711,2497
"10637","07_report/CpG_context_sampling_7470_637_trimmed_bismark_bt2.CpG",2577,1856,721,2577
"10638","07_report/CpG_context_sampling_7470_638_trimmed_bismark_bt2.CpG",2626,1835,791,2626
"10639","07_report/CpG_context_sampling_7470_639_trimmed_bismark_bt2.CpG",2666,1887,779,2666
"10640","07_report/CpG_context_sampling_7470_640_trimmed_bismark_bt2.CpG",2588,1846,742,2588
"10641","07_report/CpG_context_sampling_7470_641_trimmed_bismark_bt2.CpG",2535,1789,746,2535
"10642","07_report/CpG_context_sampling_7470_642_trimmed_bismark_bt2.CpG",2562,1834,728,2562
"10643","07_report/CpG_context_sampling_7470_643_trimmed_bismark_bt2.CpG",2551,1811,740,2551
"10644","07_report/CpG_context_sampling_7470_644_trimmed_bismark_bt2.CpG",2582,1840,742,2582
"10645","07_report/CpG_context_sampling_7470_645_trimmed_bismark_bt2.CpG",2651,1884,767,2651
"10646","07_report/CpG_context_sampling_7470_646_trimmed_bismark_bt2.CpG",2612,1937,675,2612
"10647","07_report/CpG_context_sampling_7470_647_trimmed_bismark_bt2.CpG",2623,1859,764,2623
"10648","07_report/CpG_context_sampling_7470_648_trimmed_bismark_bt2.CpG",2611,1848,763,2611
"10649","07_report/CpG_context_sampling_7470_649_trimmed_bismark_bt2.CpG",2624,1863,761,2624
"10650","07_report/CpG_context_sampling_7470_650_trimmed_bismark_bt2.CpG",2506,1767,739,2506
"10651","07_report/CpG_context_sampling_7470_651_trimmed_bismark_bt2.CpG",2584,1878,706,2584
"10652","07_report/CpG_context_sampling_7470_652_trimmed_bismark_bt2.CpG",2550,1815,735,2550
"10653","07_report/CpG_context_sampling_7470_653_trimmed_bismark_bt2.CpG",2576,1880,696,2576
"10654","07_report/CpG_context_sampling_7470_654_trimmed_bismark_bt2.CpG",2634,1938,696,2634
"10655","07_report/CpG_context_sampling_7470_655_trimmed_bismark_bt2.CpG",2534,1796,738,2534
"10656","07_report/CpG_context_sampling_7470_656_trimmed_bismark_bt2.CpG",2620,1877,743,2620
"10657","07_report/CpG_context_sampling_7470_657_trimmed_bismark_bt2.CpG",2527,1793,734,2527
"10658","07_report/CpG_context_sampling_7470_658_trimmed_bismark_bt2.CpG",2567,1866,701,2567
"10659","07_report/CpG_context_sampling_7470_659_trimmed_bismark_bt2.CpG",2624,1877,747,2624
"10660","07_report/CpG_context_sampling_7470_660_trimmed_bismark_bt2.CpG",2584,1851,733,2584
"10661","07_report/CpG_context_sampling_7470_661_trimmed_bismark_bt2.CpG",2589,1854,735,2589
"10662","07_report/CpG_context_sampling_7470_662_trimmed_bismark_bt2.CpG",2571,1856,715,2571
"10663","07_report/CpG_context_sampling_7470_663_trimmed_bismark_bt2.CpG",2605,1857,748,2605
"10664","07_report/CpG_context_sampling_7470_664_trimmed_bismark_bt2.CpG",2593,1811,782,2593
"10665","07_report/CpG_context_sampling_7470_665_trimmed_bismark_bt2.CpG",2593,1884,709,2593
"10666","07_report/CpG_context_sampling_7470_666_trimmed_bismark_bt2.CpG",2557,1800,757,2557
"10667","07_report/CpG_context_sampling_7470_667_trimmed_bismark_bt2.CpG",2563,1862,701,2563
"10668","07_report/CpG_context_sampling_7470_668_trimmed_bismark_bt2.CpG",2525,1800,725,2525
"10669","07_report/CpG_context_sampling_7470_669_trimmed_bismark_bt2.CpG",2569,1836,733,2569
"10670","07_report/CpG_context_sampling_7470_670_trimmed_bismark_bt2.CpG",2597,1875,722,2597
"10671","07_report/CpG_context_sampling_7470_671_trimmed_bismark_bt2.CpG",2600,1835,765,2600
"10672","07_report/CpG_context_sampling_7470_672_trimmed_bismark_bt2.CpG",2625,1854,771,2625
"10673","07_report/CpG_context_sampling_7470_673_trimmed_bismark_bt2.CpG",2644,1867,777,2644
"10674","07_report/CpG_context_sampling_7470_674_trimmed_bismark_bt2.CpG",2606,1842,764,2606
"10675","07_report/CpG_context_sampling_7470_675_trimmed_bismark_bt2.CpG",2639,1870,769,2639
"10676","07_report/CpG_context_sampling_7470_676_trimmed_bismark_bt2.CpG",2608,1882,726,2608
"10677","07_report/CpG_context_sampling_7470_677_trimmed_bismark_bt2.CpG",2622,1851,771,2622
"10678","07_report/CpG_context_sampling_7470_678_trimmed_bismark_bt2.CpG",2551,1797,754,2551
"10679","07_report/CpG_context_sampling_7470_679_trimmed_bismark_bt2.CpG",2592,1841,751,2592
"10680","07_report/CpG_context_sampling_7470_680_trimmed_bismark_bt2.CpG",2559,1849,710,2559
"10681","07_report/CpG_context_sampling_7470_681_trimmed_bismark_bt2.CpG",2578,1887,691,2578
"10682","07_report/CpG_context_sampling_7470_682_trimmed_bismark_bt2.CpG",2637,1900,737,2637
"10683","07_report/CpG_context_sampling_7470_683_trimmed_bismark_bt2.CpG",2570,1859,711,2570
"10684","07_report/CpG_context_sampling_7470_684_trimmed_bismark_bt2.CpG",2626,1840,786,2626
"10685","07_report/CpG_context_sampling_7470_685_trimmed_bismark_bt2.CpG",2551,1814,737,2551
"10686","07_report/CpG_context_sampling_7470_686_trimmed_bismark_bt2.CpG",2593,1844,749,2593
"10687","07_report/CpG_context_sampling_7470_687_trimmed_bismark_bt2.CpG",2585,1865,720,2585
"10688","07_report/CpG_context_sampling_7470_688_trimmed_bismark_bt2.CpG",2564,1832,732,2564
"10689","07_report/CpG_context_sampling_7470_689_trimmed_bismark_bt2.CpG",2563,1792,771,2563
"10690","07_report/CpG_context_sampling_7470_690_trimmed_bismark_bt2.CpG",2581,1846,735,2581
"10691","07_report/CpG_context_sampling_7470_691_trimmed_bismark_bt2.CpG",2575,1812,763,2575
"10692","07_report/CpG_context_sampling_7470_692_trimmed_bismark_bt2.CpG",2653,1867,786,2653
"10693","07_report/CpG_context_sampling_7470_693_trimmed_bismark_bt2.CpG",2515,1770,745,2515
"10694","07_report/CpG_context_sampling_7470_694_trimmed_bismark_bt2.CpG",2604,1889,715,2604
"10695","07_report/CpG_context_sampling_7470_695_trimmed_bismark_bt2.CpG",2633,1903,730,2633
"10696","07_report/CpG_context_sampling_7470_696_trimmed_bismark_bt2.CpG",2544,1787,757,2544
"10697","07_report/CpG_context_sampling_7470_697_trimmed_bismark_bt2.CpG",2624,1870,754,2624
"10698","07_report/CpG_context_sampling_7470_698_trimmed_bismark_bt2.CpG",2540,1820,720,2540
"10699","07_report/CpG_context_sampling_7470_699_trimmed_bismark_bt2.CpG",2584,1876,708,2584
"10700","07_report/CpG_context_sampling_7470_700_trimmed_bismark_bt2.CpG",2621,1862,759,2621
"10701","07_report/CpG_context_sampling_7470_701_trimmed_bismark_bt2.CpG",2510,1825,685,2510
"10702","07_report/CpG_context_sampling_7470_702_trimmed_bismark_bt2.CpG",2597,1838,759,2597
"10703","07_report/CpG_context_sampling_7470_703_trimmed_bismark_bt2.CpG",2569,1858,711,2569
"10704","07_report/CpG_context_sampling_7470_704_trimmed_bismark_bt2.CpG",2589,1840,749,2589
"10705","07_report/CpG_context_sampling_7470_705_trimmed_bismark_bt2.CpG",2613,1854,759,2613
"10706","07_report/CpG_context_sampling_7470_706_trimmed_bismark_bt2.CpG",2582,1850,732,2582
"10707","07_report/CpG_context_sampling_7470_707_trimmed_bismark_bt2.CpG",2475,1749,726,2475
"10708","07_report/CpG_context_sampling_7470_708_trimmed_bismark_bt2.CpG",2559,1809,750,2559
"10709","07_report/CpG_context_sampling_7470_709_trimmed_bismark_bt2.CpG",2680,1896,784,2680
"10710","07_report/CpG_context_sampling_7470_710_trimmed_bismark_bt2.CpG",2620,1891,729,2620
"10711","07_report/CpG_context_sampling_7470_711_trimmed_bismark_bt2.CpG",2501,1775,726,2501
"10712","07_report/CpG_context_sampling_7470_712_trimmed_bismark_bt2.CpG",2596,1877,719,2596
"10713","07_report/CpG_context_sampling_7470_713_trimmed_bismark_bt2.CpG",2580,1824,756,2580
"10714","07_report/CpG_context_sampling_7470_714_trimmed_bismark_bt2.CpG",2581,1824,757,2581
"10715","07_report/CpG_context_sampling_7470_715_trimmed_bismark_bt2.CpG",2529,1798,731,2529
"10716","07_report/CpG_context_sampling_7470_716_trimmed_bismark_bt2.CpG",2589,1819,770,2589
"10717","07_report/CpG_context_sampling_7470_717_trimmed_bismark_bt2.CpG",2592,1815,777,2592
"10718","07_report/CpG_context_sampling_7470_718_trimmed_bismark_bt2.CpG",2592,1870,722,2592
"10719","07_report/CpG_context_sampling_7470_719_trimmed_bismark_bt2.CpG",2609,1842,767,2609
"10720","07_report/CpG_context_sampling_7470_720_trimmed_bismark_bt2.CpG",2532,1832,700,2532
"10721","07_report/CpG_context_sampling_7470_721_trimmed_bismark_bt2.CpG",2621,1871,750,2621
"10722","07_report/CpG_context_sampling_7470_722_trimmed_bismark_bt2.CpG",2515,1781,734,2515
"10723","07_report/CpG_context_sampling_7470_723_trimmed_bismark_bt2.CpG",2538,1820,718,2538
"10724","07_report/CpG_context_sampling_7470_724_trimmed_bismark_bt2.CpG",2603,1842,761,2603
"10725","07_report/CpG_context_sampling_7470_725_trimmed_bismark_bt2.CpG",2632,1868,764,2632
"10726","07_report/CpG_context_sampling_7470_726_trimmed_bismark_bt2.CpG",2532,1842,690,2532
"10727","07_report/CpG_context_sampling_7470_727_trimmed_bismark_bt2.CpG",2541,1816,725,2541
"10728","07_report/CpG_context_sampling_7470_728_trimmed_bismark_bt2.CpG",2609,1891,718,2609
"10729","07_report/CpG_context_sampling_7470_729_trimmed_bismark_bt2.CpG",2665,1881,784,2665
"10730","07_report/CpG_context_sampling_7470_730_trimmed_bismark_bt2.CpG",2550,1826,724,2550
"10731","07_report/CpG_context_sampling_7470_731_trimmed_bismark_bt2.CpG",2677,1914,763,2677
"10732","07_report/CpG_context_sampling_7470_732_trimmed_bismark_bt2.CpG",2688,1929,759,2688
"10733","07_report/CpG_context_sampling_7470_733_trimmed_bismark_bt2.CpG",2541,1779,762,2541
"10734","07_report/CpG_context_sampling_7470_734_trimmed_bismark_bt2.CpG",2615,1895,720,2615
"10735","07_report/CpG_context_sampling_7470_735_trimmed_bismark_bt2.CpG",2583,1860,723,2583
"10736","07_report/CpG_context_sampling_7470_736_trimmed_bismark_bt2.CpG",2580,1844,736,2580
"10737","07_report/CpG_context_sampling_7470_737_trimmed_bismark_bt2.CpG",2582,1863,719,2582
"10738","07_report/CpG_context_sampling_7470_738_trimmed_bismark_bt2.CpG",2581,1830,751,2581
"10739","07_report/CpG_context_sampling_7470_739_trimmed_bismark_bt2.CpG",2626,1890,736,2626
"10740","07_report/CpG_context_sampling_7470_740_trimmed_bismark_bt2.CpG",2609,1863,746,2609
"10741","07_report/CpG_context_sampling_7470_741_trimmed_bismark_bt2.CpG",2529,1823,706,2529
"10742","07_report/CpG_context_sampling_7470_742_trimmed_bismark_bt2.CpG",2612,1882,730,2612
"10743","07_report/CpG_context_sampling_7470_743_trimmed_bismark_bt2.CpG",2533,1803,730,2533
"10744","07_report/CpG_context_sampling_7470_744_trimmed_bismark_bt2.CpG",2566,1824,742,2566
"10745","07_report/CpG_context_sampling_7470_745_trimmed_bismark_bt2.CpG",2627,1845,782,2627
"10746","07_report/CpG_context_sampling_7470_746_trimmed_bismark_bt2.CpG",2587,1856,731,2587
"10747","07_report/CpG_context_sampling_7470_747_trimmed_bismark_bt2.CpG",2607,1841,766,2607
"10748","07_report/CpG_context_sampling_7470_748_trimmed_bismark_bt2.CpG",2504,1801,703,2504
"10749","07_report/CpG_context_sampling_7470_749_trimmed_bismark_bt2.CpG",2551,1808,743,2551
"10750","07_report/CpG_context_sampling_7470_750_trimmed_bismark_bt2.CpG",2635,1887,748,2635
"10751","07_report/CpG_context_sampling_7470_751_trimmed_bismark_bt2.CpG",2634,1926,708,2634
"10752","07_report/CpG_context_sampling_7470_752_trimmed_bismark_bt2.CpG",2593,1832,761,2593
"10753","07_report/CpG_context_sampling_7470_753_trimmed_bismark_bt2.CpG",2637,1878,759,2637
"10754","07_report/CpG_context_sampling_7470_754_trimmed_bismark_bt2.CpG",2613,1882,731,2613
"10755","07_report/CpG_context_sampling_7470_755_trimmed_bismark_bt2.CpG",2624,1861,763,2624
"10756","07_report/CpG_context_sampling_7470_756_trimmed_bismark_bt2.CpG",2538,1792,746,2538
"10757","07_report/CpG_context_sampling_7470_757_trimmed_bismark_bt2.CpG",2616,1869,747,2616
"10758","07_report/CpG_context_sampling_7470_758_trimmed_bismark_bt2.CpG",2588,1841,747,2588
"10759","07_report/CpG_context_sampling_7470_759_trimmed_bismark_bt2.CpG",2612,1864,748,2612
"10760","07_report/CpG_context_sampling_7470_760_trimmed_bismark_bt2.CpG",2585,1838,747,2585
"10761","07_report/CpG_context_sampling_7470_761_trimmed_bismark_bt2.CpG",2579,1836,743,2579
"10762","07_report/CpG_context_sampling_7470_762_trimmed_bismark_bt2.CpG",2647,1881,766,2647
"10763","07_report/CpG_context_sampling_7470_763_trimmed_bismark_bt2.CpG",2489,1802,687,2489
"10764","07_report/CpG_context_sampling_7470_764_trimmed_bismark_bt2.CpG",2590,1834,756,2590
"10765","07_report/CpG_context_sampling_7470_765_trimmed_bismark_bt2.CpG",2630,1872,758,2630
"10766","07_report/CpG_context_sampling_7470_766_trimmed_bismark_bt2.CpG",2612,1881,731,2612
"10767","07_report/CpG_context_sampling_7470_767_trimmed_bismark_bt2.CpG",2704,1975,729,2704
"10768","07_report/CpG_context_sampling_7470_768_trimmed_bismark_bt2.CpG",2592,1824,768,2592
"10769","07_report/CpG_context_sampling_7470_769_trimmed_bismark_bt2.CpG",2589,1904,685,2589
"10770","07_report/CpG_context_sampling_7470_770_trimmed_bismark_bt2.CpG",2567,1830,737,2567
"10771","07_report/CpG_context_sampling_7470_771_trimmed_bismark_bt2.CpG",2605,1861,744,2605
"10772","07_report/CpG_context_sampling_7470_772_trimmed_bismark_bt2.CpG",2595,1875,720,2595
"10773","07_report/CpG_context_sampling_7470_773_trimmed_bismark_bt2.CpG",2624,1914,710,2624
"10774","07_report/CpG_context_sampling_7470_774_trimmed_bismark_bt2.CpG",2598,1862,736,2598
"10775","07_report/CpG_context_sampling_7470_775_trimmed_bismark_bt2.CpG",2577,1832,745,2577
"10776","07_report/CpG_context_sampling_7470_776_trimmed_bismark_bt2.CpG",2610,1885,725,2610
"10777","07_report/CpG_context_sampling_7470_777_trimmed_bismark_bt2.CpG",2519,1803,716,2519
"10778","07_report/CpG_context_sampling_7470_778_trimmed_bismark_bt2.CpG",2619,1883,736,2619
"10779","07_report/CpG_context_sampling_7470_779_trimmed_bismark_bt2.CpG",2543,1802,741,2543
"10780","07_report/CpG_context_sampling_7470_780_trimmed_bismark_bt2.CpG",2600,1842,758,2600
"10781","07_report/CpG_context_sampling_7470_781_trimmed_bismark_bt2.CpG",2623,1859,764,2623
"10782","07_report/CpG_context_sampling_7470_782_trimmed_bismark_bt2.CpG",2584,1842,742,2584
"10783","07_report/CpG_context_sampling_7470_783_trimmed_bismark_bt2.CpG",2571,1840,731,2571
"10784","07_report/CpG_context_sampling_7470_784_trimmed_bismark_bt2.CpG",2647,1892,755,2647
"10785","07_report/CpG_context_sampling_7470_785_trimmed_bismark_bt2.CpG",2569,1849,720,2569
"10786","07_report/CpG_context_sampling_7470_786_trimmed_bismark_bt2.CpG",2616,1897,719,2616
"10787","07_report/CpG_context_sampling_7470_787_trimmed_bismark_bt2.CpG",2623,1893,730,2623
"10788","07_report/CpG_context_sampling_7470_788_trimmed_bismark_bt2.CpG",2567,1849,718,2567
"10789","07_report/CpG_context_sampling_7470_789_trimmed_bismark_bt2.CpG",2640,1893,747,2640
"10790","07_report/CpG_context_sampling_7470_790_trimmed_bismark_bt2.CpG",2598,1881,717,2598
"10791","07_report/CpG_context_sampling_7470_791_trimmed_bismark_bt2.CpG",2559,1769,790,2559
"10792","07_report/CpG_context_sampling_7470_792_trimmed_bismark_bt2.CpG",2613,1860,753,2613
"10793","07_report/CpG_context_sampling_7470_793_trimmed_bismark_bt2.CpG",2639,1878,761,2639
"10794","07_report/CpG_context_sampling_7470_794_trimmed_bismark_bt2.CpG",2617,1867,750,2617
"10795","07_report/CpG_context_sampling_7470_795_trimmed_bismark_bt2.CpG",2584,1869,715,2584
"10796","07_report/CpG_context_sampling_7470_796_trimmed_bismark_bt2.CpG",2624,1918,706,2624
"10797","07_report/CpG_context_sampling_7470_797_trimmed_bismark_bt2.CpG",2633,1923,710,2633
"10798","07_report/CpG_context_sampling_7470_798_trimmed_bismark_bt2.CpG",2559,1817,742,2559
"10799","07_report/CpG_context_sampling_7470_799_trimmed_bismark_bt2.CpG",2599,1850,749,2599
"10800","07_report/CpG_context_sampling_7470_800_trimmed_bismark_bt2.CpG",2646,1862,784,2646
"10801","07_report/CpG_context_sampling_7470_801_trimmed_bismark_bt2.CpG",2596,1853,743,2596
"10802","07_report/CpG_context_sampling_7470_802_trimmed_bismark_bt2.CpG",2566,1842,724,2566
"10803","07_report/CpG_context_sampling_7470_803_trimmed_bismark_bt2.CpG",2582,1835,747,2582
"10804","07_report/CpG_context_sampling_7470_804_trimmed_bismark_bt2.CpG",2512,1788,724,2512
"10805","07_report/CpG_context_sampling_7470_805_trimmed_bismark_bt2.CpG",2547,1820,727,2547
"10806","07_report/CpG_context_sampling_7470_806_trimmed_bismark_bt2.CpG",2675,1926,749,2675
"10807","07_report/CpG_context_sampling_7470_807_trimmed_bismark_bt2.CpG",2620,1887,733,2620
"10808","07_report/CpG_context_sampling_7470_808_trimmed_bismark_bt2.CpG",2637,1934,703,2637
"10809","07_report/CpG_context_sampling_7470_809_trimmed_bismark_bt2.CpG",2549,1846,703,2549
"10810","07_report/CpG_context_sampling_7470_810_trimmed_bismark_bt2.CpG",2615,1859,756,2615
"10811","07_report/CpG_context_sampling_7470_811_trimmed_bismark_bt2.CpG",2499,1813,686,2499
"10812","07_report/CpG_context_sampling_7470_812_trimmed_bismark_bt2.CpG",2610,1836,774,2610
"10813","07_report/CpG_context_sampling_7470_813_trimmed_bismark_bt2.CpG",2706,1903,803,2706
"10814","07_report/CpG_context_sampling_7470_814_trimmed_bismark_bt2.CpG",2601,1914,687,2601
"10815","07_report/CpG_context_sampling_7470_815_trimmed_bismark_bt2.CpG",2550,1825,725,2550
"10816","07_report/CpG_context_sampling_7470_816_trimmed_bismark_bt2.CpG",2672,1906,766,2672
"10817","07_report/CpG_context_sampling_7470_817_trimmed_bismark_bt2.CpG",2596,1836,760,2596
"10818","07_report/CpG_context_sampling_7470_818_trimmed_bismark_bt2.CpG",2587,1826,761,2587
"10819","07_report/CpG_context_sampling_7470_819_trimmed_bismark_bt2.CpG",2520,1768,752,2520
"10820","07_report/CpG_context_sampling_7470_820_trimmed_bismark_bt2.CpG",2583,1814,769,2583
"10821","07_report/CpG_context_sampling_7470_821_trimmed_bismark_bt2.CpG",2600,1859,741,2600
"10822","07_report/CpG_context_sampling_7470_822_trimmed_bismark_bt2.CpG",2648,1890,758,2648
"10823","07_report/CpG_context_sampling_7470_823_trimmed_bismark_bt2.CpG",2644,1923,721,2644
"10824","07_report/CpG_context_sampling_7470_824_trimmed_bismark_bt2.CpG",2531,1772,759,2531
"10825","07_report/CpG_context_sampling_7470_825_trimmed_bismark_bt2.CpG",2650,1912,738,2650
"10826","07_report/CpG_context_sampling_7470_826_trimmed_bismark_bt2.CpG",2592,1874,718,2592
"10827","07_report/CpG_context_sampling_7470_827_trimmed_bismark_bt2.CpG",2614,1892,722,2614
"10828","07_report/CpG_context_sampling_7470_828_trimmed_bismark_bt2.CpG",2504,1781,723,2504
"10829","07_report/CpG_context_sampling_7470_829_trimmed_bismark_bt2.CpG",2589,1855,734,2589
"10830","07_report/CpG_context_sampling_7470_830_trimmed_bismark_bt2.CpG",2594,1887,707,2594
"10831","07_report/CpG_context_sampling_7470_831_trimmed_bismark_bt2.CpG",2545,1830,715,2545
"10832","07_report/CpG_context_sampling_7470_832_trimmed_bismark_bt2.CpG",2595,1862,733,2595
"10833","07_report/CpG_context_sampling_7470_833_trimmed_bismark_bt2.CpG",2645,1886,759,2645
"10834","07_report/CpG_context_sampling_7470_834_trimmed_bismark_bt2.CpG",2548,1819,729,2548
"10835","07_report/CpG_context_sampling_7470_835_trimmed_bismark_bt2.CpG",2598,1825,773,2598
"10836","07_report/CpG_context_sampling_7470_836_trimmed_bismark_bt2.CpG",2599,1864,735,2599
"10837","07_report/CpG_context_sampling_7470_837_trimmed_bismark_bt2.CpG",2594,1812,782,2594
"10838","07_report/CpG_context_sampling_7470_838_trimmed_bismark_bt2.CpG",2535,1846,689,2535
"10839","07_report/CpG_context_sampling_7470_839_trimmed_bismark_bt2.CpG",2577,1833,744,2577
"10840","07_report/CpG_context_sampling_7470_840_trimmed_bismark_bt2.CpG",2657,1858,799,2657
"10841","07_report/CpG_context_sampling_7470_841_trimmed_bismark_bt2.CpG",2644,1871,773,2644
"10842","07_report/CpG_context_sampling_7470_842_trimmed_bismark_bt2.CpG",2597,1847,750,2597
"10843","07_report/CpG_context_sampling_7470_843_trimmed_bismark_bt2.CpG",2531,1826,705,2531
"10844","07_report/CpG_context_sampling_7470_844_trimmed_bismark_bt2.CpG",2569,1838,731,2569
"10845","07_report/CpG_context_sampling_7470_845_trimmed_bismark_bt2.CpG",2586,1827,759,2586
"10846","07_report/CpG_context_sampling_7470_846_trimmed_bismark_bt2.CpG",2582,1837,745,2582
"10847","07_report/CpG_context_sampling_7470_847_trimmed_bismark_bt2.CpG",2576,1894,682,2576
"10848","07_report/CpG_context_sampling_7470_848_trimmed_bismark_bt2.CpG",2554,1842,712,2554
"10849","07_report/CpG_context_sampling_7470_849_trimmed_bismark_bt2.CpG",2585,1823,762,2585
"10850","07_report/CpG_context_sampling_7470_850_trimmed_bismark_bt2.CpG",2613,1877,736,2613
"10851","07_report/CpG_context_sampling_7470_851_trimmed_bismark_bt2.CpG",2641,1877,764,2641
"10852","07_report/CpG_context_sampling_7470_852_trimmed_bismark_bt2.CpG",2538,1848,690,2538
"10853","07_report/CpG_context_sampling_7470_853_trimmed_bismark_bt2.CpG",2612,1874,738,2612
"10854","07_report/CpG_context_sampling_7470_854_trimmed_bismark_bt2.CpG",2611,1830,781,2611
"10855","07_report/CpG_context_sampling_7470_855_trimmed_bismark_bt2.CpG",2591,1858,733,2591
"10856","07_report/CpG_context_sampling_7470_856_trimmed_bismark_bt2.CpG",2568,1807,761,2568
"10857","07_report/CpG_context_sampling_7470_857_trimmed_bismark_bt2.CpG",2672,1910,762,2672
"10858","07_report/CpG_context_sampling_7470_858_trimmed_bismark_bt2.CpG",2562,1799,763,2562
"10859","07_report/CpG_context_sampling_7470_859_trimmed_bismark_bt2.CpG",2582,1826,756,2582
"10860","07_report/CpG_context_sampling_7470_860_trimmed_bismark_bt2.CpG",2559,1841,718,2559
"10861","07_report/CpG_context_sampling_7470_861_trimmed_bismark_bt2.CpG",2556,1805,751,2556
"10862","07_report/CpG_context_sampling_7470_862_trimmed_bismark_bt2.CpG",2551,1812,739,2551
"10863","07_report/CpG_context_sampling_7470_863_trimmed_bismark_bt2.CpG",2539,1841,698,2539
"10864","07_report/CpG_context_sampling_7470_864_trimmed_bismark_bt2.CpG",2625,1856,769,2625
"10865","07_report/CpG_context_sampling_7470_865_trimmed_bismark_bt2.CpG",2548,1847,701,2548
"10866","07_report/CpG_context_sampling_7470_866_trimmed_bismark_bt2.CpG",2600,1849,751,2600
"10867","07_report/CpG_context_sampling_7470_867_trimmed_bismark_bt2.CpG",2606,1850,756,2606
"10868","07_report/CpG_context_sampling_7470_868_trimmed_bismark_bt2.CpG",2561,1854,707,2561
"10869","07_report/CpG_context_sampling_7470_869_trimmed_bismark_bt2.CpG",2637,1902,735,2637
"10870","07_report/CpG_context_sampling_7470_870_trimmed_bismark_bt2.CpG",2608,1845,763,2608
"10871","07_report/CpG_context_sampling_7470_871_trimmed_bismark_bt2.CpG",2636,1861,775,2636
"10872","07_report/CpG_context_sampling_7470_872_trimmed_bismark_bt2.CpG",2655,1909,746,2655
"10873","07_report/CpG_context_sampling_7470_873_trimmed_bismark_bt2.CpG",2518,1759,759,2518
"10874","07_report/CpG_context_sampling_7470_874_trimmed_bismark_bt2.CpG",2613,1891,722,2613
"10875","07_report/CpG_context_sampling_7470_875_trimmed_bismark_bt2.CpG",2580,1789,791,2580
"10876","07_report/CpG_context_sampling_7470_876_trimmed_bismark_bt2.CpG",2595,1835,760,2595
"10877","07_report/CpG_context_sampling_7470_877_trimmed_bismark_bt2.CpG",2627,1834,793,2627
"10878","07_report/CpG_context_sampling_7470_878_trimmed_bismark_bt2.CpG",2619,1882,737,2619
"10879","07_report/CpG_context_sampling_7470_879_trimmed_bismark_bt2.CpG",2584,1858,726,2584
"10880","07_report/CpG_context_sampling_7470_880_trimmed_bismark_bt2.CpG",2649,1880,769,2649
"10881","07_report/CpG_context_sampling_7470_881_trimmed_bismark_bt2.CpG",2661,1849,812,2661
"10882","07_report/CpG_context_sampling_7470_882_trimmed_bismark_bt2.CpG",2548,1804,744,2548
"10883","07_report/CpG_context_sampling_7470_883_trimmed_bismark_bt2.CpG",2632,1872,760,2632
"10884","07_report/CpG_context_sampling_7470_884_trimmed_bismark_bt2.CpG",2630,1910,720,2630
"10885","07_report/CpG_context_sampling_7470_885_trimmed_bismark_bt2.CpG",2585,1805,780,2585
"10886","07_report/CpG_context_sampling_7470_886_trimmed_bismark_bt2.CpG",2572,1825,747,2572
"10887","07_report/CpG_context_sampling_7470_887_trimmed_bismark_bt2.CpG",2579,1817,762,2579
"10888","07_report/CpG_context_sampling_7470_888_trimmed_bismark_bt2.CpG",2544,1837,707,2544
"10889","07_report/CpG_context_sampling_7470_889_trimmed_bismark_bt2.CpG",2473,1786,687,2473
"10890","07_report/CpG_context_sampling_7470_890_trimmed_bismark_bt2.CpG",2616,1876,740,2616
"10891","07_report/CpG_context_sampling_7470_891_trimmed_bismark_bt2.CpG",2573,1852,721,2573
"10892","07_report/CpG_context_sampling_7470_892_trimmed_bismark_bt2.CpG",2598,1875,723,2598
"10893","07_report/CpG_context_sampling_7470_893_trimmed_bismark_bt2.CpG",2502,1791,711,2502
"10894","07_report/CpG_context_sampling_7470_894_trimmed_bismark_bt2.CpG",2559,1816,743,2559
"10895","07_report/CpG_context_sampling_7470_895_trimmed_bismark_bt2.CpG",2588,1867,721,2588
"10896","07_report/CpG_context_sampling_7470_896_trimmed_bismark_bt2.CpG",2638,1849,789,2638
"10897","07_report/CpG_context_sampling_7470_897_trimmed_bismark_bt2.CpG",2543,1813,730,2543
"10898","07_report/CpG_context_sampling_7470_898_trimmed_bismark_bt2.CpG",2555,1815,740,2555
"10899","07_report/CpG_context_sampling_7470_899_trimmed_bismark_bt2.CpG",2648,1923,725,2648
"10900","07_report/CpG_context_sampling_7470_900_trimmed_bismark_bt2.CpG",2612,1867,745,2612
"10901","07_report/CpG_context_sampling_7470_901_trimmed_bismark_bt2.CpG",2540,1812,728,2540
"10902","07_report/CpG_context_sampling_7470_902_trimmed_bismark_bt2.CpG",2601,1857,744,2601
"10903","07_report/CpG_context_sampling_7470_903_trimmed_bismark_bt2.CpG",2587,1845,742,2587
"10904","07_report/CpG_context_sampling_7470_904_trimmed_bismark_bt2.CpG",2609,1830,779,2609
"10905","07_report/CpG_context_sampling_7470_905_trimmed_bismark_bt2.CpG",2586,1844,742,2586
"10906","07_report/CpG_context_sampling_7470_906_trimmed_bismark_bt2.CpG",2619,1865,754,2619
"10907","07_report/CpG_context_sampling_7470_907_trimmed_bismark_bt2.CpG",2549,1821,728,2549
"10908","07_report/CpG_context_sampling_7470_908_trimmed_bismark_bt2.CpG",2546,1817,729,2546
"10909","07_report/CpG_context_sampling_7470_909_trimmed_bismark_bt2.CpG",2635,1871,764,2635
"10910","07_report/CpG_context_sampling_7470_910_trimmed_bismark_bt2.CpG",2589,1875,714,2589
"10911","07_report/CpG_context_sampling_7470_911_trimmed_bismark_bt2.CpG",2567,1801,766,2567
"10912","07_report/CpG_context_sampling_7470_912_trimmed_bismark_bt2.CpG",2587,1898,689,2587
"10913","07_report/CpG_context_sampling_7470_913_trimmed_bismark_bt2.CpG",2608,1876,732,2608
"10914","07_report/CpG_context_sampling_7470_914_trimmed_bismark_bt2.CpG",2551,1828,723,2551
"10915","07_report/CpG_context_sampling_7470_915_trimmed_bismark_bt2.CpG",2551,1790,761,2551
"10916","07_report/CpG_context_sampling_7470_916_trimmed_bismark_bt2.CpG",2667,1878,789,2667
"10917","07_report/CpG_context_sampling_7470_917_trimmed_bismark_bt2.CpG",2570,1878,692,2570
"10918","07_report/CpG_context_sampling_7470_918_trimmed_bismark_bt2.CpG",2549,1835,714,2549
"10919","07_report/CpG_context_sampling_7470_919_trimmed_bismark_bt2.CpG",2572,1830,742,2572
"10920","07_report/CpG_context_sampling_7470_920_trimmed_bismark_bt2.CpG",2535,1832,703,2535
"10921","07_report/CpG_context_sampling_7470_921_trimmed_bismark_bt2.CpG",2603,1884,719,2603
"10922","07_report/CpG_context_sampling_7470_922_trimmed_bismark_bt2.CpG",2589,1820,769,2589
"10923","07_report/CpG_context_sampling_7470_923_trimmed_bismark_bt2.CpG",2521,1815,706,2521
"10924","07_report/CpG_context_sampling_7470_924_trimmed_bismark_bt2.CpG",2631,1864,767,2631
"10925","07_report/CpG_context_sampling_7470_925_trimmed_bismark_bt2.CpG",2658,1886,772,2658
"10926","07_report/CpG_context_sampling_7470_926_trimmed_bismark_bt2.CpG",2612,1846,766,2612
"10927","07_report/CpG_context_sampling_7470_927_trimmed_bismark_bt2.CpG",2654,1919,735,2654
"10928","07_report/CpG_context_sampling_7470_928_trimmed_bismark_bt2.CpG",2605,1877,728,2605
"10929","07_report/CpG_context_sampling_7470_929_trimmed_bismark_bt2.CpG",2642,1903,739,2642
"10930","07_report/CpG_context_sampling_7470_930_trimmed_bismark_bt2.CpG",2595,1852,743,2595
"10931","07_report/CpG_context_sampling_7470_931_trimmed_bismark_bt2.CpG",2531,1820,711,2531
"10932","07_report/CpG_context_sampling_7470_932_trimmed_bismark_bt2.CpG",2604,1875,729,2604
"10933","07_report/CpG_context_sampling_7470_933_trimmed_bismark_bt2.CpG",2581,1842,739,2581
"10934","07_report/CpG_context_sampling_7470_934_trimmed_bismark_bt2.CpG",2589,1839,750,2589
"10935","07_report/CpG_context_sampling_7470_935_trimmed_bismark_bt2.CpG",2568,1805,763,2568
"10936","07_report/CpG_context_sampling_7470_936_trimmed_bismark_bt2.CpG",2676,1907,769,2676
"10937","07_report/CpG_context_sampling_7470_937_trimmed_bismark_bt2.CpG",2594,1863,731,2594
"10938","07_report/CpG_context_sampling_7470_938_trimmed_bismark_bt2.CpG",2567,1796,771,2567
"10939","07_report/CpG_context_sampling_7470_939_trimmed_bismark_bt2.CpG",2560,1796,764,2560
"10940","07_report/CpG_context_sampling_7470_940_trimmed_bismark_bt2.CpG",2575,1851,724,2575
"10941","07_report/CpG_context_sampling_7470_941_trimmed_bismark_bt2.CpG",2568,1852,716,2568
"10942","07_report/CpG_context_sampling_7470_942_trimmed_bismark_bt2.CpG",2640,1888,752,2640
"10943","07_report/CpG_context_sampling_7470_943_trimmed_bismark_bt2.CpG",2607,1862,745,2607
"10944","07_report/CpG_context_sampling_7470_944_trimmed_bismark_bt2.CpG",2633,1883,750,2633
"10945","07_report/CpG_context_sampling_7470_945_trimmed_bismark_bt2.CpG",2573,1833,740,2573
"10946","07_report/CpG_context_sampling_7470_946_trimmed_bismark_bt2.CpG",2549,1845,704,2549
"10947","07_report/CpG_context_sampling_7470_947_trimmed_bismark_bt2.CpG",2543,1817,726,2543
"10948","07_report/CpG_context_sampling_7470_948_trimmed_bismark_bt2.CpG",2603,1850,753,2603
"10949","07_report/CpG_context_sampling_7470_949_trimmed_bismark_bt2.CpG",2582,1835,747,2582
"10950","07_report/CpG_context_sampling_7470_950_trimmed_bismark_bt2.CpG",2523,1802,721,2523
"10951","07_report/CpG_context_sampling_7470_951_trimmed_bismark_bt2.CpG",2603,1863,740,2603
"10952","07_report/CpG_context_sampling_7470_952_trimmed_bismark_bt2.CpG",2599,1881,718,2599
"10953","07_report/CpG_context_sampling_7470_953_trimmed_bismark_bt2.CpG",2591,1900,691,2591
"10954","07_report/CpG_context_sampling_7470_954_trimmed_bismark_bt2.CpG",2621,1906,715,2621
"10955","07_report/CpG_context_sampling_7470_955_trimmed_bismark_bt2.CpG",2592,1866,726,2592
"10956","07_report/CpG_context_sampling_7470_956_trimmed_bismark_bt2.CpG",2603,1845,758,2603
"10957","07_report/CpG_context_sampling_7470_957_trimmed_bismark_bt2.CpG",2536,1857,679,2536
"10958","07_report/CpG_context_sampling_7470_958_trimmed_bismark_bt2.CpG",2644,1878,766,2644
"10959","07_report/CpG_context_sampling_7470_959_trimmed_bismark_bt2.CpG",2624,1862,762,2624
"10960","07_report/CpG_context_sampling_7470_960_trimmed_bismark_bt2.CpG",2570,1814,756,2570
"10961","07_report/CpG_context_sampling_7470_961_trimmed_bismark_bt2.CpG",2618,1850,768,2618
"10962","07_report/CpG_context_sampling_7470_962_trimmed_bismark_bt2.CpG",2579,1836,743,2579
"10963","07_report/CpG_context_sampling_7470_963_trimmed_bismark_bt2.CpG",2552,1846,706,2552
"10964","07_report/CpG_context_sampling_7470_964_trimmed_bismark_bt2.CpG",2598,1866,732,2598
"10965","07_report/CpG_context_sampling_7470_965_trimmed_bismark_bt2.CpG",2633,1913,720,2633
"10966","07_report/CpG_context_sampling_7470_966_trimmed_bismark_bt2.CpG",2594,1844,750,2594
"10967","07_report/CpG_context_sampling_7470_967_trimmed_bismark_bt2.CpG",2648,1906,742,2648
"10968","07_report/CpG_context_sampling_7470_968_trimmed_bismark_bt2.CpG",2622,1874,748,2622
"10969","07_report/CpG_context_sampling_7470_969_trimmed_bismark_bt2.CpG",2621,1872,749,2621
"10970","07_report/CpG_context_sampling_7470_970_trimmed_bismark_bt2.CpG",2512,1778,734,2512
"10971","07_report/CpG_context_sampling_7470_971_trimmed_bismark_bt2.CpG",2579,1845,734,2579
"10972","07_report/CpG_context_sampling_7470_972_trimmed_bismark_bt2.CpG",2580,1849,731,2580
"10973","07_report/CpG_context_sampling_7470_973_trimmed_bismark_bt2.CpG",2623,1847,776,2623
"10974","07_report/CpG_context_sampling_7470_974_trimmed_bismark_bt2.CpG",2641,1864,777,2641
"10975","07_report/CpG_context_sampling_7470_975_trimmed_bismark_bt2.CpG",2596,1863,733,2596
"10976","07_report/CpG_context_sampling_7470_976_trimmed_bismark_bt2.CpG",2623,1846,777,2623
"10977","07_report/CpG_context_sampling_7470_977_trimmed_bismark_bt2.CpG",2530,1840,690,2530
"10978","07_report/CpG_context_sampling_7470_978_trimmed_bismark_bt2.CpG",2653,1879,774,2653
"10979","07_report/CpG_context_sampling_7470_979_trimmed_bismark_bt2.CpG",2547,1794,753,2547
"10980","07_report/CpG_context_sampling_7470_980_trimmed_bismark_bt2.CpG",2605,1852,753,2605
"10981","07_report/CpG_context_sampling_7470_981_trimmed_bismark_bt2.CpG",2615,1870,745,2615
"10982","07_report/CpG_context_sampling_7470_982_trimmed_bismark_bt2.CpG",2703,1899,804,2703
"10983","07_report/CpG_context_sampling_7470_983_trimmed_bismark_bt2.CpG",2576,1848,728,2576
"10984","07_report/CpG_context_sampling_7470_984_trimmed_bismark_bt2.CpG",2626,1898,728,2626
"10985","07_report/CpG_context_sampling_7470_985_trimmed_bismark_bt2.CpG",2601,1849,752,2601
"10986","07_report/CpG_context_sampling_7470_986_trimmed_bismark_bt2.CpG",2527,1791,736,2527
"10987","07_report/CpG_context_sampling_7470_987_trimmed_bismark_bt2.CpG",2575,1848,727,2575
"10988","07_report/CpG_context_sampling_7470_988_trimmed_bismark_bt2.CpG",2601,1849,752,2601
"10989","07_report/CpG_context_sampling_7470_989_trimmed_bismark_bt2.CpG",2588,1864,724,2588
"10990","07_report/CpG_context_sampling_7470_990_trimmed_bismark_bt2.CpG",2555,1838,717,2555
"10991","07_report/CpG_context_sampling_7470_991_trimmed_bismark_bt2.CpG",2536,1808,728,2536
"10992","07_report/CpG_context_sampling_7470_992_trimmed_bismark_bt2.CpG",2568,1826,742,2568
"10993","07_report/CpG_context_sampling_7470_993_trimmed_bismark_bt2.CpG",2581,1856,725,2581
"10994","07_report/CpG_context_sampling_7470_994_trimmed_bismark_bt2.CpG",2614,1849,765,2614
"10995","07_report/CpG_context_sampling_7470_995_trimmed_bismark_bt2.CpG",2611,1885,726,2611
"10996","07_report/CpG_context_sampling_7470_996_trimmed_bismark_bt2.CpG",2552,1791,761,2552
"10997","07_report/CpG_context_sampling_7470_997_trimmed_bismark_bt2.CpG",2585,1876,709,2585
"10998","07_report/CpG_context_sampling_7470_998_trimmed_bismark_bt2.CpG",2612,1863,749,2612
"10999","07_report/CpG_context_sampling_7470_999_trimmed_bismark_bt2.CpG",2597,1858,739,2597
"11000","07_report/CpG_context_sampling_7470_1000_trimmed_bismark_bt2.CpG",2592,1849,743,2592
"11001","07_report/CpG_context_sampling_9960_1_trimmed_bismark_bt2.CpG",3445,2434,1011,3445
"11002","07_report/CpG_context_sampling_9960_2_trimmed_bismark_bt2.CpG",3455,2480,975,3455
"11003","07_report/CpG_context_sampling_9960_3_trimmed_bismark_bt2.CpG",3507,2522,985,3507
"11004","07_report/CpG_context_sampling_9960_4_trimmed_bismark_bt2.CpG",3482,2423,1059,3482
"11005","07_report/CpG_context_sampling_9960_5_trimmed_bismark_bt2.CpG",3385,2445,940,3385
"11006","07_report/CpG_context_sampling_9960_6_trimmed_bismark_bt2.CpG",3500,2517,983,3500
"11007","07_report/CpG_context_sampling_9960_7_trimmed_bismark_bt2.CpG",3579,2567,1012,3579
"11008","07_report/CpG_context_sampling_9960_8_trimmed_bismark_bt2.CpG",3449,2479,970,3449
"11009","07_report/CpG_context_sampling_9960_9_trimmed_bismark_bt2.CpG",3439,2504,935,3439
"11010","07_report/CpG_context_sampling_9960_10_trimmed_bismark_bt2.CpG",3490,2546,944,3490
"11011","07_report/CpG_context_sampling_9960_11_trimmed_bismark_bt2.CpG",3495,2487,1008,3495
"11012","07_report/CpG_context_sampling_9960_12_trimmed_bismark_bt2.CpG",3478,2489,989,3478
"11013","07_report/CpG_context_sampling_9960_13_trimmed_bismark_bt2.CpG",3375,2455,920,3375
"11014","07_report/CpG_context_sampling_9960_14_trimmed_bismark_bt2.CpG",3428,2447,981,3428
"11015","07_report/CpG_context_sampling_9960_15_trimmed_bismark_bt2.CpG",3451,2465,986,3451
"11016","07_report/CpG_context_sampling_9960_16_trimmed_bismark_bt2.CpG",3530,2526,1004,3530
"11017","07_report/CpG_context_sampling_9960_17_trimmed_bismark_bt2.CpG",3409,2434,975,3409
"11018","07_report/CpG_context_sampling_9960_18_trimmed_bismark_bt2.CpG",3405,2444,961,3405
"11019","07_report/CpG_context_sampling_9960_19_trimmed_bismark_bt2.CpG",3469,2460,1009,3469
"11020","07_report/CpG_context_sampling_9960_20_trimmed_bismark_bt2.CpG",3395,2402,993,3395
"11021","07_report/CpG_context_sampling_9960_21_trimmed_bismark_bt2.CpG",3426,2448,978,3426
"11022","07_report/CpG_context_sampling_9960_22_trimmed_bismark_bt2.CpG",3423,2473,950,3423
"11023","07_report/CpG_context_sampling_9960_23_trimmed_bismark_bt2.CpG",3403,2455,948,3403
"11024","07_report/CpG_context_sampling_9960_24_trimmed_bismark_bt2.CpG",3457,2501,956,3457
"11025","07_report/CpG_context_sampling_9960_25_trimmed_bismark_bt2.CpG",3461,2470,991,3461
"11026","07_report/CpG_context_sampling_9960_26_trimmed_bismark_bt2.CpG",3540,2474,1066,3540
"11027","07_report/CpG_context_sampling_9960_27_trimmed_bismark_bt2.CpG",3455,2476,979,3455
"11028","07_report/CpG_context_sampling_9960_28_trimmed_bismark_bt2.CpG",3396,2414,982,3396
"11029","07_report/CpG_context_sampling_9960_29_trimmed_bismark_bt2.CpG",3384,2406,978,3384
"11030","07_report/CpG_context_sampling_9960_30_trimmed_bismark_bt2.CpG",3423,2452,971,3423
"11031","07_report/CpG_context_sampling_9960_31_trimmed_bismark_bt2.CpG",3519,2547,972,3519
"11032","07_report/CpG_context_sampling_9960_32_trimmed_bismark_bt2.CpG",3426,2495,931,3426
"11033","07_report/CpG_context_sampling_9960_33_trimmed_bismark_bt2.CpG",3475,2478,997,3475
"11034","07_report/CpG_context_sampling_9960_34_trimmed_bismark_bt2.CpG",3418,2481,937,3418
"11035","07_report/CpG_context_sampling_9960_35_trimmed_bismark_bt2.CpG",3545,2549,996,3545
"11036","07_report/CpG_context_sampling_9960_36_trimmed_bismark_bt2.CpG",3390,2413,977,3390
"11037","07_report/CpG_context_sampling_9960_37_trimmed_bismark_bt2.CpG",3464,2512,952,3464
"11038","07_report/CpG_context_sampling_9960_38_trimmed_bismark_bt2.CpG",3486,2484,1002,3486
"11039","07_report/CpG_context_sampling_9960_39_trimmed_bismark_bt2.CpG",3403,2426,977,3403
"11040","07_report/CpG_context_sampling_9960_40_trimmed_bismark_bt2.CpG",3453,2456,997,3453
"11041","07_report/CpG_context_sampling_9960_41_trimmed_bismark_bt2.CpG",3482,2518,964,3482
"11042","07_report/CpG_context_sampling_9960_42_trimmed_bismark_bt2.CpG",3512,2473,1039,3512
"11043","07_report/CpG_context_sampling_9960_43_trimmed_bismark_bt2.CpG",3453,2469,984,3453
"11044","07_report/CpG_context_sampling_9960_44_trimmed_bismark_bt2.CpG",3522,2557,965,3522
"11045","07_report/CpG_context_sampling_9960_45_trimmed_bismark_bt2.CpG",3576,2562,1014,3576
"11046","07_report/CpG_context_sampling_9960_46_trimmed_bismark_bt2.CpG",3349,2422,927,3349
"11047","07_report/CpG_context_sampling_9960_47_trimmed_bismark_bt2.CpG",3378,2458,920,3378
"11048","07_report/CpG_context_sampling_9960_48_trimmed_bismark_bt2.CpG",3531,2508,1023,3531
"11049","07_report/CpG_context_sampling_9960_49_trimmed_bismark_bt2.CpG",3474,2444,1030,3474
"11050","07_report/CpG_context_sampling_9960_50_trimmed_bismark_bt2.CpG",3446,2485,961,3446
"11051","07_report/CpG_context_sampling_9960_51_trimmed_bismark_bt2.CpG",3471,2481,990,3471
"11052","07_report/CpG_context_sampling_9960_52_trimmed_bismark_bt2.CpG",3574,2570,1004,3574
"11053","07_report/CpG_context_sampling_9960_53_trimmed_bismark_bt2.CpG",3506,2511,995,3506
"11054","07_report/CpG_context_sampling_9960_54_trimmed_bismark_bt2.CpG",3475,2476,999,3475
"11055","07_report/CpG_context_sampling_9960_55_trimmed_bismark_bt2.CpG",3463,2502,961,3463
"11056","07_report/CpG_context_sampling_9960_56_trimmed_bismark_bt2.CpG",3425,2432,993,3425
"11057","07_report/CpG_context_sampling_9960_57_trimmed_bismark_bt2.CpG",3420,2448,972,3420
"11058","07_report/CpG_context_sampling_9960_58_trimmed_bismark_bt2.CpG",3385,2446,939,3385
"11059","07_report/CpG_context_sampling_9960_59_trimmed_bismark_bt2.CpG",3513,2525,988,3513
"11060","07_report/CpG_context_sampling_9960_60_trimmed_bismark_bt2.CpG",3408,2405,1003,3408
"11061","07_report/CpG_context_sampling_9960_61_trimmed_bismark_bt2.CpG",3410,2449,961,3410
"11062","07_report/CpG_context_sampling_9960_62_trimmed_bismark_bt2.CpG",3400,2455,945,3400
"11063","07_report/CpG_context_sampling_9960_63_trimmed_bismark_bt2.CpG",3558,2556,1002,3558
"11064","07_report/CpG_context_sampling_9960_64_trimmed_bismark_bt2.CpG",3528,2540,988,3528
"11065","07_report/CpG_context_sampling_9960_65_trimmed_bismark_bt2.CpG",3463,2474,989,3463
"11066","07_report/CpG_context_sampling_9960_66_trimmed_bismark_bt2.CpG",3440,2452,988,3440
"11067","07_report/CpG_context_sampling_9960_67_trimmed_bismark_bt2.CpG",3450,2512,938,3450
"11068","07_report/CpG_context_sampling_9960_68_trimmed_bismark_bt2.CpG",3365,2423,942,3365
"11069","07_report/CpG_context_sampling_9960_69_trimmed_bismark_bt2.CpG",3476,2479,997,3476
"11070","07_report/CpG_context_sampling_9960_70_trimmed_bismark_bt2.CpG",3472,2501,971,3472
"11071","07_report/CpG_context_sampling_9960_71_trimmed_bismark_bt2.CpG",3507,2481,1026,3507
"11072","07_report/CpG_context_sampling_9960_72_trimmed_bismark_bt2.CpG",3444,2496,948,3444
"11073","07_report/CpG_context_sampling_9960_73_trimmed_bismark_bt2.CpG",3468,2456,1012,3468
"11074","07_report/CpG_context_sampling_9960_74_trimmed_bismark_bt2.CpG",3503,2531,972,3503
"11075","07_report/CpG_context_sampling_9960_75_trimmed_bismark_bt2.CpG",3476,2499,977,3476
"11076","07_report/CpG_context_sampling_9960_76_trimmed_bismark_bt2.CpG",3473,2474,999,3473
"11077","07_report/CpG_context_sampling_9960_77_trimmed_bismark_bt2.CpG",3402,2423,979,3402
"11078","07_report/CpG_context_sampling_9960_78_trimmed_bismark_bt2.CpG",3409,2428,981,3409
"11079","07_report/CpG_context_sampling_9960_79_trimmed_bismark_bt2.CpG",3483,2478,1005,3483
"11080","07_report/CpG_context_sampling_9960_80_trimmed_bismark_bt2.CpG",3475,2478,997,3475
"11081","07_report/CpG_context_sampling_9960_81_trimmed_bismark_bt2.CpG",3461,2485,976,3461
"11082","07_report/CpG_context_sampling_9960_82_trimmed_bismark_bt2.CpG",3446,2444,1002,3446
"11083","07_report/CpG_context_sampling_9960_83_trimmed_bismark_bt2.CpG",3559,2555,1004,3559
"11084","07_report/CpG_context_sampling_9960_84_trimmed_bismark_bt2.CpG",3435,2459,976,3435
"11085","07_report/CpG_context_sampling_9960_85_trimmed_bismark_bt2.CpG",3464,2480,984,3464
"11086","07_report/CpG_context_sampling_9960_86_trimmed_bismark_bt2.CpG",3445,2462,983,3445
"11087","07_report/CpG_context_sampling_9960_87_trimmed_bismark_bt2.CpG",3471,2474,997,3471
"11088","07_report/CpG_context_sampling_9960_88_trimmed_bismark_bt2.CpG",3441,2523,918,3441
"11089","07_report/CpG_context_sampling_9960_89_trimmed_bismark_bt2.CpG",3389,2426,963,3389
"11090","07_report/CpG_context_sampling_9960_90_trimmed_bismark_bt2.CpG",3581,2596,985,3581
"11091","07_report/CpG_context_sampling_9960_91_trimmed_bismark_bt2.CpG",3419,2455,964,3419
"11092","07_report/CpG_context_sampling_9960_92_trimmed_bismark_bt2.CpG",3479,2524,955,3479
"11093","07_report/CpG_context_sampling_9960_93_trimmed_bismark_bt2.CpG",3381,2409,972,3381
"11094","07_report/CpG_context_sampling_9960_94_trimmed_bismark_bt2.CpG",3348,2384,964,3348
"11095","07_report/CpG_context_sampling_9960_95_trimmed_bismark_bt2.CpG",3396,2438,958,3396
"11096","07_report/CpG_context_sampling_9960_96_trimmed_bismark_bt2.CpG",3419,2446,973,3419
"11097","07_report/CpG_context_sampling_9960_97_trimmed_bismark_bt2.CpG",3403,2388,1015,3403
"11098","07_report/CpG_context_sampling_9960_98_trimmed_bismark_bt2.CpG",3501,2477,1024,3501
"11099","07_report/CpG_context_sampling_9960_99_trimmed_bismark_bt2.CpG",3475,2455,1020,3475
"11100","07_report/CpG_context_sampling_9960_100_trimmed_bismark_bt2.CpG",3415,2469,946,3415
"11101","07_report/CpG_context_sampling_9960_101_trimmed_bismark_bt2.CpG",3397,2451,946,3397
"11102","07_report/CpG_context_sampling_9960_102_trimmed_bismark_bt2.CpG",3445,2504,941,3445
"11103","07_report/CpG_context_sampling_9960_103_trimmed_bismark_bt2.CpG",3434,2436,998,3434
"11104","07_report/CpG_context_sampling_9960_104_trimmed_bismark_bt2.CpG",3442,2438,1004,3442
"11105","07_report/CpG_context_sampling_9960_105_trimmed_bismark_bt2.CpG",3393,2416,977,3393
"11106","07_report/CpG_context_sampling_9960_106_trimmed_bismark_bt2.CpG",3584,2546,1038,3584
"11107","07_report/CpG_context_sampling_9960_107_trimmed_bismark_bt2.CpG",3559,2544,1015,3559
"11108","07_report/CpG_context_sampling_9960_108_trimmed_bismark_bt2.CpG",3437,2419,1018,3437
"11109","07_report/CpG_context_sampling_9960_109_trimmed_bismark_bt2.CpG",3419,2477,942,3419
"11110","07_report/CpG_context_sampling_9960_110_trimmed_bismark_bt2.CpG",3407,2443,964,3407
"11111","07_report/CpG_context_sampling_9960_111_trimmed_bismark_bt2.CpG",3524,2531,993,3524
"11112","07_report/CpG_context_sampling_9960_112_trimmed_bismark_bt2.CpG",3424,2418,1006,3424
"11113","07_report/CpG_context_sampling_9960_113_trimmed_bismark_bt2.CpG",3455,2476,979,3455
"11114","07_report/CpG_context_sampling_9960_114_trimmed_bismark_bt2.CpG",3448,2438,1010,3448
"11115","07_report/CpG_context_sampling_9960_115_trimmed_bismark_bt2.CpG",3450,2462,988,3450
"11116","07_report/CpG_context_sampling_9960_116_trimmed_bismark_bt2.CpG",3455,2510,945,3455
"11117","07_report/CpG_context_sampling_9960_117_trimmed_bismark_bt2.CpG",3459,2488,971,3459
"11118","07_report/CpG_context_sampling_9960_118_trimmed_bismark_bt2.CpG",3445,2498,947,3445
"11119","07_report/CpG_context_sampling_9960_119_trimmed_bismark_bt2.CpG",3386,2443,943,3386
"11120","07_report/CpG_context_sampling_9960_120_trimmed_bismark_bt2.CpG",3376,2379,997,3376
"11121","07_report/CpG_context_sampling_9960_121_trimmed_bismark_bt2.CpG",3495,2511,984,3495
"11122","07_report/CpG_context_sampling_9960_122_trimmed_bismark_bt2.CpG",3480,2496,984,3480
"11123","07_report/CpG_context_sampling_9960_123_trimmed_bismark_bt2.CpG",3461,2471,990,3461
"11124","07_report/CpG_context_sampling_9960_124_trimmed_bismark_bt2.CpG",3401,2466,935,3401
"11125","07_report/CpG_context_sampling_9960_125_trimmed_bismark_bt2.CpG",3464,2464,1000,3464
"11126","07_report/CpG_context_sampling_9960_126_trimmed_bismark_bt2.CpG",3504,2549,955,3504
"11127","07_report/CpG_context_sampling_9960_127_trimmed_bismark_bt2.CpG",3470,2479,991,3470
"11128","07_report/CpG_context_sampling_9960_128_trimmed_bismark_bt2.CpG",3362,2410,952,3362
"11129","07_report/CpG_context_sampling_9960_129_trimmed_bismark_bt2.CpG",3405,2452,953,3405
"11130","07_report/CpG_context_sampling_9960_130_trimmed_bismark_bt2.CpG",3421,2502,919,3421
"11131","07_report/CpG_context_sampling_9960_131_trimmed_bismark_bt2.CpG",3410,2509,901,3410
"11132","07_report/CpG_context_sampling_9960_132_trimmed_bismark_bt2.CpG",3533,2507,1026,3533
"11133","07_report/CpG_context_sampling_9960_133_trimmed_bismark_bt2.CpG",3451,2398,1053,3451
"11134","07_report/CpG_context_sampling_9960_134_trimmed_bismark_bt2.CpG",3450,2452,998,3450
"11135","07_report/CpG_context_sampling_9960_135_trimmed_bismark_bt2.CpG",3394,2435,959,3394
"11136","07_report/CpG_context_sampling_9960_136_trimmed_bismark_bt2.CpG",3426,2442,984,3426
"11137","07_report/CpG_context_sampling_9960_137_trimmed_bismark_bt2.CpG",3526,2520,1006,3526
"11138","07_report/CpG_context_sampling_9960_138_trimmed_bismark_bt2.CpG",3367,2434,933,3367
"11139","07_report/CpG_context_sampling_9960_139_trimmed_bismark_bt2.CpG",3334,2388,946,3334
"11140","07_report/CpG_context_sampling_9960_140_trimmed_bismark_bt2.CpG",3409,2445,964,3409
"11141","07_report/CpG_context_sampling_9960_141_trimmed_bismark_bt2.CpG",3432,2485,947,3432
"11142","07_report/CpG_context_sampling_9960_142_trimmed_bismark_bt2.CpG",3325,2398,927,3325
"11143","07_report/CpG_context_sampling_9960_143_trimmed_bismark_bt2.CpG",3496,2447,1049,3496
"11144","07_report/CpG_context_sampling_9960_144_trimmed_bismark_bt2.CpG",3458,2505,953,3458
"11145","07_report/CpG_context_sampling_9960_145_trimmed_bismark_bt2.CpG",3419,2474,945,3419
"11146","07_report/CpG_context_sampling_9960_146_trimmed_bismark_bt2.CpG",3446,2454,992,3446
"11147","07_report/CpG_context_sampling_9960_147_trimmed_bismark_bt2.CpG",3535,2557,978,3535
"11148","07_report/CpG_context_sampling_9960_148_trimmed_bismark_bt2.CpG",3361,2379,982,3361
"11149","07_report/CpG_context_sampling_9960_149_trimmed_bismark_bt2.CpG",3430,2423,1007,3430
"11150","07_report/CpG_context_sampling_9960_150_trimmed_bismark_bt2.CpG",3411,2452,959,3411
"11151","07_report/CpG_context_sampling_9960_151_trimmed_bismark_bt2.CpG",3397,2384,1013,3397
"11152","07_report/CpG_context_sampling_9960_152_trimmed_bismark_bt2.CpG",3544,2593,951,3544
"11153","07_report/CpG_context_sampling_9960_153_trimmed_bismark_bt2.CpG",3448,2488,960,3448
"11154","07_report/CpG_context_sampling_9960_154_trimmed_bismark_bt2.CpG",3487,2461,1026,3487
"11155","07_report/CpG_context_sampling_9960_155_trimmed_bismark_bt2.CpG",3454,2461,993,3454
"11156","07_report/CpG_context_sampling_9960_156_trimmed_bismark_bt2.CpG",3475,2454,1021,3475
"11157","07_report/CpG_context_sampling_9960_157_trimmed_bismark_bt2.CpG",3466,2452,1014,3466
"11158","07_report/CpG_context_sampling_9960_158_trimmed_bismark_bt2.CpG",3461,2465,996,3461
"11159","07_report/CpG_context_sampling_9960_159_trimmed_bismark_bt2.CpG",3398,2386,1012,3398
"11160","07_report/CpG_context_sampling_9960_160_trimmed_bismark_bt2.CpG",3413,2421,992,3413
"11161","07_report/CpG_context_sampling_9960_161_trimmed_bismark_bt2.CpG",3478,2489,989,3478
"11162","07_report/CpG_context_sampling_9960_162_trimmed_bismark_bt2.CpG",3444,2460,984,3444
"11163","07_report/CpG_context_sampling_9960_163_trimmed_bismark_bt2.CpG",3489,2489,1000,3489
"11164","07_report/CpG_context_sampling_9960_164_trimmed_bismark_bt2.CpG",3452,2512,940,3452
"11165","07_report/CpG_context_sampling_9960_165_trimmed_bismark_bt2.CpG",3452,2419,1033,3452
"11166","07_report/CpG_context_sampling_9960_166_trimmed_bismark_bt2.CpG",3413,2462,951,3413
"11167","07_report/CpG_context_sampling_9960_167_trimmed_bismark_bt2.CpG",3447,2462,985,3447
"11168","07_report/CpG_context_sampling_9960_168_trimmed_bismark_bt2.CpG",3457,2454,1003,3457
"11169","07_report/CpG_context_sampling_9960_169_trimmed_bismark_bt2.CpG",3458,2536,922,3458
"11170","07_report/CpG_context_sampling_9960_170_trimmed_bismark_bt2.CpG",3478,2478,1000,3478
"11171","07_report/CpG_context_sampling_9960_171_trimmed_bismark_bt2.CpG",3458,2466,992,3458
"11172","07_report/CpG_context_sampling_9960_172_trimmed_bismark_bt2.CpG",3410,2403,1007,3410
"11173","07_report/CpG_context_sampling_9960_173_trimmed_bismark_bt2.CpG",3542,2500,1042,3542
"11174","07_report/CpG_context_sampling_9960_174_trimmed_bismark_bt2.CpG",3503,2488,1015,3503
"11175","07_report/CpG_context_sampling_9960_175_trimmed_bismark_bt2.CpG",3512,2542,970,3512
"11176","07_report/CpG_context_sampling_9960_176_trimmed_bismark_bt2.CpG",3494,2521,973,3494
"11177","07_report/CpG_context_sampling_9960_177_trimmed_bismark_bt2.CpG",3464,2508,956,3464
"11178","07_report/CpG_context_sampling_9960_178_trimmed_bismark_bt2.CpG",3444,2477,967,3444
"11179","07_report/CpG_context_sampling_9960_179_trimmed_bismark_bt2.CpG",3468,2494,974,3468
"11180","07_report/CpG_context_sampling_9960_180_trimmed_bismark_bt2.CpG",3418,2453,965,3418
"11181","07_report/CpG_context_sampling_9960_181_trimmed_bismark_bt2.CpG",3476,2491,985,3476
"11182","07_report/CpG_context_sampling_9960_182_trimmed_bismark_bt2.CpG",3420,2478,942,3420
"11183","07_report/CpG_context_sampling_9960_183_trimmed_bismark_bt2.CpG",3443,2465,978,3443
"11184","07_report/CpG_context_sampling_9960_184_trimmed_bismark_bt2.CpG",3487,2493,994,3487
"11185","07_report/CpG_context_sampling_9960_185_trimmed_bismark_bt2.CpG",3426,2462,964,3426
"11186","07_report/CpG_context_sampling_9960_186_trimmed_bismark_bt2.CpG",3394,2422,972,3394
"11187","07_report/CpG_context_sampling_9960_187_trimmed_bismark_bt2.CpG",3482,2491,991,3482
"11188","07_report/CpG_context_sampling_9960_188_trimmed_bismark_bt2.CpG",3385,2447,938,3385
"11189","07_report/CpG_context_sampling_9960_189_trimmed_bismark_bt2.CpG",3512,2460,1052,3512
"11190","07_report/CpG_context_sampling_9960_190_trimmed_bismark_bt2.CpG",3393,2421,972,3393
"11191","07_report/CpG_context_sampling_9960_191_trimmed_bismark_bt2.CpG",3544,2526,1018,3544
"11192","07_report/CpG_context_sampling_9960_192_trimmed_bismark_bt2.CpG",3526,2549,977,3526
"11193","07_report/CpG_context_sampling_9960_193_trimmed_bismark_bt2.CpG",3501,2513,988,3501
"11194","07_report/CpG_context_sampling_9960_194_trimmed_bismark_bt2.CpG",3460,2457,1003,3460
"11195","07_report/CpG_context_sampling_9960_195_trimmed_bismark_bt2.CpG",3477,2483,994,3477
"11196","07_report/CpG_context_sampling_9960_196_trimmed_bismark_bt2.CpG",3413,2432,981,3413
"11197","07_report/CpG_context_sampling_9960_197_trimmed_bismark_bt2.CpG",3355,2450,905,3355
"11198","07_report/CpG_context_sampling_9960_198_trimmed_bismark_bt2.CpG",3415,2477,938,3415
"11199","07_report/CpG_context_sampling_9960_199_trimmed_bismark_bt2.CpG",3428,2438,990,3428
"11200","07_report/CpG_context_sampling_9960_200_trimmed_bismark_bt2.CpG",3455,2504,951,3455
"11201","07_report/CpG_context_sampling_9960_201_trimmed_bismark_bt2.CpG",3395,2405,990,3395
"11202","07_report/CpG_context_sampling_9960_202_trimmed_bismark_bt2.CpG",3477,2493,984,3477
"11203","07_report/CpG_context_sampling_9960_203_trimmed_bismark_bt2.CpG",3474,2504,970,3474
"11204","07_report/CpG_context_sampling_9960_204_trimmed_bismark_bt2.CpG",3448,2477,971,3448
"11205","07_report/CpG_context_sampling_9960_205_trimmed_bismark_bt2.CpG",3460,2499,961,3460
"11206","07_report/CpG_context_sampling_9960_206_trimmed_bismark_bt2.CpG",3479,2482,997,3479
"11207","07_report/CpG_context_sampling_9960_207_trimmed_bismark_bt2.CpG",3381,2396,985,3381
"11208","07_report/CpG_context_sampling_9960_208_trimmed_bismark_bt2.CpG",3509,2496,1013,3509
"11209","07_report/CpG_context_sampling_9960_209_trimmed_bismark_bt2.CpG",3466,2487,979,3466
"11210","07_report/CpG_context_sampling_9960_210_trimmed_bismark_bt2.CpG",3420,2448,972,3420
"11211","07_report/CpG_context_sampling_9960_211_trimmed_bismark_bt2.CpG",3408,2416,992,3408
"11212","07_report/CpG_context_sampling_9960_212_trimmed_bismark_bt2.CpG",3473,2474,999,3473
"11213","07_report/CpG_context_sampling_9960_213_trimmed_bismark_bt2.CpG",3375,2420,955,3375
"11214","07_report/CpG_context_sampling_9960_214_trimmed_bismark_bt2.CpG",3416,2437,979,3416
"11215","07_report/CpG_context_sampling_9960_215_trimmed_bismark_bt2.CpG",3372,2398,974,3372
"11216","07_report/CpG_context_sampling_9960_216_trimmed_bismark_bt2.CpG",3479,2470,1009,3479
"11217","07_report/CpG_context_sampling_9960_217_trimmed_bismark_bt2.CpG",3477,2475,1002,3477
"11218","07_report/CpG_context_sampling_9960_218_trimmed_bismark_bt2.CpG",3465,2488,977,3465
"11219","07_report/CpG_context_sampling_9960_219_trimmed_bismark_bt2.CpG",3443,2434,1009,3443
"11220","07_report/CpG_context_sampling_9960_220_trimmed_bismark_bt2.CpG",3489,2479,1010,3489
"11221","07_report/CpG_context_sampling_9960_221_trimmed_bismark_bt2.CpG",3479,2494,985,3479
"11222","07_report/CpG_context_sampling_9960_222_trimmed_bismark_bt2.CpG",3436,2448,988,3436
"11223","07_report/CpG_context_sampling_9960_223_trimmed_bismark_bt2.CpG",3420,2445,975,3420
"11224","07_report/CpG_context_sampling_9960_224_trimmed_bismark_bt2.CpG",3450,2466,984,3450
"11225","07_report/CpG_context_sampling_9960_225_trimmed_bismark_bt2.CpG",3425,2431,994,3425
"11226","07_report/CpG_context_sampling_9960_226_trimmed_bismark_bt2.CpG",3454,2414,1040,3454
"11227","07_report/CpG_context_sampling_9960_227_trimmed_bismark_bt2.CpG",3392,2401,991,3392
"11228","07_report/CpG_context_sampling_9960_228_trimmed_bismark_bt2.CpG",3435,2482,953,3435
"11229","07_report/CpG_context_sampling_9960_229_trimmed_bismark_bt2.CpG",3430,2457,973,3430
"11230","07_report/CpG_context_sampling_9960_230_trimmed_bismark_bt2.CpG",3480,2490,990,3480
"11231","07_report/CpG_context_sampling_9960_231_trimmed_bismark_bt2.CpG",3447,2425,1022,3447
"11232","07_report/CpG_context_sampling_9960_232_trimmed_bismark_bt2.CpG",3462,2479,983,3462
"11233","07_report/CpG_context_sampling_9960_233_trimmed_bismark_bt2.CpG",3402,2461,941,3402
"11234","07_report/CpG_context_sampling_9960_234_trimmed_bismark_bt2.CpG",3428,2430,998,3428
"11235","07_report/CpG_context_sampling_9960_235_trimmed_bismark_bt2.CpG",3429,2455,974,3429
"11236","07_report/CpG_context_sampling_9960_236_trimmed_bismark_bt2.CpG",3468,2481,987,3468
"11237","07_report/CpG_context_sampling_9960_237_trimmed_bismark_bt2.CpG",3444,2441,1003,3444
"11238","07_report/CpG_context_sampling_9960_238_trimmed_bismark_bt2.CpG",3452,2448,1004,3452
"11239","07_report/CpG_context_sampling_9960_239_trimmed_bismark_bt2.CpG",3524,2529,995,3524
"11240","07_report/CpG_context_sampling_9960_240_trimmed_bismark_bt2.CpG",3360,2404,956,3360
"11241","07_report/CpG_context_sampling_9960_241_trimmed_bismark_bt2.CpG",3444,2474,970,3444
"11242","07_report/CpG_context_sampling_9960_242_trimmed_bismark_bt2.CpG",3454,2452,1002,3454
"11243","07_report/CpG_context_sampling_9960_243_trimmed_bismark_bt2.CpG",3451,2507,944,3451
"11244","07_report/CpG_context_sampling_9960_244_trimmed_bismark_bt2.CpG",3428,2479,949,3428
"11245","07_report/CpG_context_sampling_9960_245_trimmed_bismark_bt2.CpG",3469,2486,983,3469
"11246","07_report/CpG_context_sampling_9960_246_trimmed_bismark_bt2.CpG",3449,2485,964,3449
"11247","07_report/CpG_context_sampling_9960_247_trimmed_bismark_bt2.CpG",3466,2518,948,3466
"11248","07_report/CpG_context_sampling_9960_248_trimmed_bismark_bt2.CpG",3511,2516,995,3511
"11249","07_report/CpG_context_sampling_9960_249_trimmed_bismark_bt2.CpG",3417,2408,1009,3417
"11250","07_report/CpG_context_sampling_9960_250_trimmed_bismark_bt2.CpG",3527,2476,1051,3527
"11251","07_report/CpG_context_sampling_9960_251_trimmed_bismark_bt2.CpG",3449,2508,941,3449
"11252","07_report/CpG_context_sampling_9960_252_trimmed_bismark_bt2.CpG",3352,2407,945,3352
"11253","07_report/CpG_context_sampling_9960_253_trimmed_bismark_bt2.CpG",3504,2491,1013,3504
"11254","07_report/CpG_context_sampling_9960_254_trimmed_bismark_bt2.CpG",3405,2421,984,3405
"11255","07_report/CpG_context_sampling_9960_255_trimmed_bismark_bt2.CpG",3417,2450,967,3417
"11256","07_report/CpG_context_sampling_9960_256_trimmed_bismark_bt2.CpG",3416,2468,948,3416
"11257","07_report/CpG_context_sampling_9960_257_trimmed_bismark_bt2.CpG",3522,2529,993,3522
"11258","07_report/CpG_context_sampling_9960_258_trimmed_bismark_bt2.CpG",3414,2388,1026,3414
"11259","07_report/CpG_context_sampling_9960_259_trimmed_bismark_bt2.CpG",3512,2514,998,3512
"11260","07_report/CpG_context_sampling_9960_260_trimmed_bismark_bt2.CpG",3507,2559,948,3507
"11261","07_report/CpG_context_sampling_9960_261_trimmed_bismark_bt2.CpG",3554,2557,997,3554
"11262","07_report/CpG_context_sampling_9960_262_trimmed_bismark_bt2.CpG",3447,2462,985,3447
"11263","07_report/CpG_context_sampling_9960_263_trimmed_bismark_bt2.CpG",3503,2484,1019,3503
"11264","07_report/CpG_context_sampling_9960_264_trimmed_bismark_bt2.CpG",3414,2448,966,3414
"11265","07_report/CpG_context_sampling_9960_265_trimmed_bismark_bt2.CpG",3381,2438,943,3381
"11266","07_report/CpG_context_sampling_9960_266_trimmed_bismark_bt2.CpG",3505,2465,1040,3505
"11267","07_report/CpG_context_sampling_9960_267_trimmed_bismark_bt2.CpG",3457,2484,973,3457
"11268","07_report/CpG_context_sampling_9960_268_trimmed_bismark_bt2.CpG",3387,2413,974,3387
"11269","07_report/CpG_context_sampling_9960_269_trimmed_bismark_bt2.CpG",3435,2499,936,3435
"11270","07_report/CpG_context_sampling_9960_270_trimmed_bismark_bt2.CpG",3480,2509,971,3480
"11271","07_report/CpG_context_sampling_9960_271_trimmed_bismark_bt2.CpG",3523,2514,1009,3523
"11272","07_report/CpG_context_sampling_9960_272_trimmed_bismark_bt2.CpG",3480,2470,1010,3480
"11273","07_report/CpG_context_sampling_9960_273_trimmed_bismark_bt2.CpG",3414,2446,968,3414
"11274","07_report/CpG_context_sampling_9960_274_trimmed_bismark_bt2.CpG",3447,2471,976,3447
"11275","07_report/CpG_context_sampling_9960_275_trimmed_bismark_bt2.CpG",3329,2396,933,3329
"11276","07_report/CpG_context_sampling_9960_276_trimmed_bismark_bt2.CpG",3452,2500,952,3452
"11277","07_report/CpG_context_sampling_9960_277_trimmed_bismark_bt2.CpG",3420,2458,962,3420
"11278","07_report/CpG_context_sampling_9960_278_trimmed_bismark_bt2.CpG",3455,2488,967,3455
"11279","07_report/CpG_context_sampling_9960_279_trimmed_bismark_bt2.CpG",3459,2447,1012,3459
"11280","07_report/CpG_context_sampling_9960_280_trimmed_bismark_bt2.CpG",3550,2527,1023,3550
"11281","07_report/CpG_context_sampling_9960_281_trimmed_bismark_bt2.CpG",3496,2538,958,3496
"11282","07_report/CpG_context_sampling_9960_282_trimmed_bismark_bt2.CpG",3426,2463,963,3426
"11283","07_report/CpG_context_sampling_9960_283_trimmed_bismark_bt2.CpG",3463,2458,1005,3463
"11284","07_report/CpG_context_sampling_9960_284_trimmed_bismark_bt2.CpG",3455,2499,956,3455
"11285","07_report/CpG_context_sampling_9960_285_trimmed_bismark_bt2.CpG",3444,2466,978,3444
"11286","07_report/CpG_context_sampling_9960_286_trimmed_bismark_bt2.CpG",3530,2532,998,3530
"11287","07_report/CpG_context_sampling_9960_287_trimmed_bismark_bt2.CpG",3521,2525,996,3521
"11288","07_report/CpG_context_sampling_9960_288_trimmed_bismark_bt2.CpG",3531,2551,980,3531
"11289","07_report/CpG_context_sampling_9960_289_trimmed_bismark_bt2.CpG",3477,2502,975,3477
"11290","07_report/CpG_context_sampling_9960_290_trimmed_bismark_bt2.CpG",3341,2409,932,3341
"11291","07_report/CpG_context_sampling_9960_291_trimmed_bismark_bt2.CpG",3456,2494,962,3456
"11292","07_report/CpG_context_sampling_9960_292_trimmed_bismark_bt2.CpG",3508,2533,975,3508
"11293","07_report/CpG_context_sampling_9960_293_trimmed_bismark_bt2.CpG",3441,2423,1018,3441
"11294","07_report/CpG_context_sampling_9960_294_trimmed_bismark_bt2.CpG",3457,2496,961,3457
"11295","07_report/CpG_context_sampling_9960_295_trimmed_bismark_bt2.CpG",3447,2416,1031,3447
"11296","07_report/CpG_context_sampling_9960_296_trimmed_bismark_bt2.CpG",3391,2425,966,3391
"11297","07_report/CpG_context_sampling_9960_297_trimmed_bismark_bt2.CpG",3517,2527,990,3517
"11298","07_report/CpG_context_sampling_9960_298_trimmed_bismark_bt2.CpG",3512,2500,1012,3512
"11299","07_report/CpG_context_sampling_9960_299_trimmed_bismark_bt2.CpG",3507,2491,1016,3507
"11300","07_report/CpG_context_sampling_9960_300_trimmed_bismark_bt2.CpG",3442,2525,917,3442
"11301","07_report/CpG_context_sampling_9960_301_trimmed_bismark_bt2.CpG",3387,2420,967,3387
"11302","07_report/CpG_context_sampling_9960_302_trimmed_bismark_bt2.CpG",3444,2489,955,3444
"11303","07_report/CpG_context_sampling_9960_303_trimmed_bismark_bt2.CpG",3433,2477,956,3433
"11304","07_report/CpG_context_sampling_9960_304_trimmed_bismark_bt2.CpG",3508,2495,1013,3508
"11305","07_report/CpG_context_sampling_9960_305_trimmed_bismark_bt2.CpG",3524,2546,978,3524
"11306","07_report/CpG_context_sampling_9960_306_trimmed_bismark_bt2.CpG",3464,2485,979,3464
"11307","07_report/CpG_context_sampling_9960_307_trimmed_bismark_bt2.CpG",3429,2399,1030,3429
"11308","07_report/CpG_context_sampling_9960_308_trimmed_bismark_bt2.CpG",3456,2443,1013,3456
"11309","07_report/CpG_context_sampling_9960_309_trimmed_bismark_bt2.CpG",3438,2477,961,3438
"11310","07_report/CpG_context_sampling_9960_310_trimmed_bismark_bt2.CpG",3466,2472,994,3466
"11311","07_report/CpG_context_sampling_9960_311_trimmed_bismark_bt2.CpG",3415,2455,960,3415
"11312","07_report/CpG_context_sampling_9960_312_trimmed_bismark_bt2.CpG",3507,2520,987,3507
"11313","07_report/CpG_context_sampling_9960_313_trimmed_bismark_bt2.CpG",3497,2532,965,3497
"11314","07_report/CpG_context_sampling_9960_314_trimmed_bismark_bt2.CpG",3430,2432,998,3430
"11315","07_report/CpG_context_sampling_9960_315_trimmed_bismark_bt2.CpG",3344,2416,928,3344
"11316","07_report/CpG_context_sampling_9960_316_trimmed_bismark_bt2.CpG",3473,2494,979,3473
"11317","07_report/CpG_context_sampling_9960_317_trimmed_bismark_bt2.CpG",3458,2455,1003,3458
"11318","07_report/CpG_context_sampling_9960_318_trimmed_bismark_bt2.CpG",3437,2444,993,3437
"11319","07_report/CpG_context_sampling_9960_319_trimmed_bismark_bt2.CpG",3375,2406,969,3375
"11320","07_report/CpG_context_sampling_9960_320_trimmed_bismark_bt2.CpG",3503,2549,954,3503
"11321","07_report/CpG_context_sampling_9960_321_trimmed_bismark_bt2.CpG",3426,2480,946,3426
"11322","07_report/CpG_context_sampling_9960_322_trimmed_bismark_bt2.CpG",3336,2370,966,3336
"11323","07_report/CpG_context_sampling_9960_323_trimmed_bismark_bt2.CpG",3453,2492,961,3453
"11324","07_report/CpG_context_sampling_9960_324_trimmed_bismark_bt2.CpG",3493,2452,1041,3493
"11325","07_report/CpG_context_sampling_9960_325_trimmed_bismark_bt2.CpG",3449,2431,1018,3449
"11326","07_report/CpG_context_sampling_9960_326_trimmed_bismark_bt2.CpG",3486,2482,1004,3486
"11327","07_report/CpG_context_sampling_9960_327_trimmed_bismark_bt2.CpG",3429,2464,965,3429
"11328","07_report/CpG_context_sampling_9960_328_trimmed_bismark_bt2.CpG",3506,2485,1021,3506
"11329","07_report/CpG_context_sampling_9960_329_trimmed_bismark_bt2.CpG",3441,2440,1001,3441
"11330","07_report/CpG_context_sampling_9960_330_trimmed_bismark_bt2.CpG",3392,2434,958,3392
"11331","07_report/CpG_context_sampling_9960_331_trimmed_bismark_bt2.CpG",3436,2471,965,3436
"11332","07_report/CpG_context_sampling_9960_332_trimmed_bismark_bt2.CpG",3454,2465,989,3454
"11333","07_report/CpG_context_sampling_9960_333_trimmed_bismark_bt2.CpG",3353,2438,915,3353
"11334","07_report/CpG_context_sampling_9960_334_trimmed_bismark_bt2.CpG",3366,2397,969,3366
"11335","07_report/CpG_context_sampling_9960_335_trimmed_bismark_bt2.CpG",3471,2464,1007,3471
"11336","07_report/CpG_context_sampling_9960_336_trimmed_bismark_bt2.CpG",3421,2438,983,3421
"11337","07_report/CpG_context_sampling_9960_337_trimmed_bismark_bt2.CpG",3436,2452,984,3436
"11338","07_report/CpG_context_sampling_9960_338_trimmed_bismark_bt2.CpG",3359,2401,958,3359
"11339","07_report/CpG_context_sampling_9960_339_trimmed_bismark_bt2.CpG",3420,2449,971,3420
"11340","07_report/CpG_context_sampling_9960_340_trimmed_bismark_bt2.CpG",3405,2463,942,3405
"11341","07_report/CpG_context_sampling_9960_341_trimmed_bismark_bt2.CpG",3477,2488,989,3477
"11342","07_report/CpG_context_sampling_9960_342_trimmed_bismark_bt2.CpG",3455,2495,960,3455
"11343","07_report/CpG_context_sampling_9960_343_trimmed_bismark_bt2.CpG",3435,2442,993,3435
"11344","07_report/CpG_context_sampling_9960_344_trimmed_bismark_bt2.CpG",3358,2427,931,3358
"11345","07_report/CpG_context_sampling_9960_345_trimmed_bismark_bt2.CpG",3425,2438,987,3425
"11346","07_report/CpG_context_sampling_9960_346_trimmed_bismark_bt2.CpG",3383,2423,960,3383
"11347","07_report/CpG_context_sampling_9960_347_trimmed_bismark_bt2.CpG",3458,2483,975,3458
"11348","07_report/CpG_context_sampling_9960_348_trimmed_bismark_bt2.CpG",3454,2455,999,3454
"11349","07_report/CpG_context_sampling_9960_349_trimmed_bismark_bt2.CpG",3499,2480,1019,3499
"11350","07_report/CpG_context_sampling_9960_350_trimmed_bismark_bt2.CpG",3485,2466,1019,3485
"11351","07_report/CpG_context_sampling_9960_351_trimmed_bismark_bt2.CpG",3477,2490,987,3477
"11352","07_report/CpG_context_sampling_9960_352_trimmed_bismark_bt2.CpG",3424,2494,930,3424
"11353","07_report/CpG_context_sampling_9960_353_trimmed_bismark_bt2.CpG",3512,2528,984,3512
"11354","07_report/CpG_context_sampling_9960_354_trimmed_bismark_bt2.CpG",3421,2390,1031,3421
"11355","07_report/CpG_context_sampling_9960_355_trimmed_bismark_bt2.CpG",3401,2414,987,3401
"11356","07_report/CpG_context_sampling_9960_356_trimmed_bismark_bt2.CpG",3438,2486,952,3438
"11357","07_report/CpG_context_sampling_9960_357_trimmed_bismark_bt2.CpG",3455,2499,956,3455
"11358","07_report/CpG_context_sampling_9960_358_trimmed_bismark_bt2.CpG",3406,2395,1011,3406
"11359","07_report/CpG_context_sampling_9960_359_trimmed_bismark_bt2.CpG",3505,2493,1012,3505
"11360","07_report/CpG_context_sampling_9960_360_trimmed_bismark_bt2.CpG",3463,2442,1021,3463
"11361","07_report/CpG_context_sampling_9960_361_trimmed_bismark_bt2.CpG",3435,2431,1004,3435
"11362","07_report/CpG_context_sampling_9960_362_trimmed_bismark_bt2.CpG",3459,2481,978,3459
"11363","07_report/CpG_context_sampling_9960_363_trimmed_bismark_bt2.CpG",3461,2467,994,3461
"11364","07_report/CpG_context_sampling_9960_364_trimmed_bismark_bt2.CpG",3452,2448,1004,3452
"11365","07_report/CpG_context_sampling_9960_365_trimmed_bismark_bt2.CpG",3531,2526,1005,3531
"11366","07_report/CpG_context_sampling_9960_366_trimmed_bismark_bt2.CpG",3473,2493,980,3473
"11367","07_report/CpG_context_sampling_9960_367_trimmed_bismark_bt2.CpG",3488,2494,994,3488
"11368","07_report/CpG_context_sampling_9960_368_trimmed_bismark_bt2.CpG",3464,2448,1016,3464
"11369","07_report/CpG_context_sampling_9960_369_trimmed_bismark_bt2.CpG",3395,2409,986,3395
"11370","07_report/CpG_context_sampling_9960_370_trimmed_bismark_bt2.CpG",3440,2460,980,3440
"11371","07_report/CpG_context_sampling_9960_371_trimmed_bismark_bt2.CpG",3520,2568,952,3520
"11372","07_report/CpG_context_sampling_9960_372_trimmed_bismark_bt2.CpG",3457,2462,995,3457
"11373","07_report/CpG_context_sampling_9960_373_trimmed_bismark_bt2.CpG",3481,2505,976,3481
"11374","07_report/CpG_context_sampling_9960_374_trimmed_bismark_bt2.CpG",3388,2406,982,3388
"11375","07_report/CpG_context_sampling_9960_375_trimmed_bismark_bt2.CpG",3516,2491,1025,3516
"11376","07_report/CpG_context_sampling_9960_376_trimmed_bismark_bt2.CpG",3457,2450,1007,3457
"11377","07_report/CpG_context_sampling_9960_377_trimmed_bismark_bt2.CpG",3417,2404,1013,3417
"11378","07_report/CpG_context_sampling_9960_378_trimmed_bismark_bt2.CpG",3415,2501,914,3415
"11379","07_report/CpG_context_sampling_9960_379_trimmed_bismark_bt2.CpG",3507,2481,1026,3507
"11380","07_report/CpG_context_sampling_9960_380_trimmed_bismark_bt2.CpG",3465,2489,976,3465
"11381","07_report/CpG_context_sampling_9960_381_trimmed_bismark_bt2.CpG",3470,2481,989,3470
"11382","07_report/CpG_context_sampling_9960_382_trimmed_bismark_bt2.CpG",3470,2511,959,3470
"11383","07_report/CpG_context_sampling_9960_383_trimmed_bismark_bt2.CpG",3453,2490,963,3453
"11384","07_report/CpG_context_sampling_9960_384_trimmed_bismark_bt2.CpG",3429,2457,972,3429
"11385","07_report/CpG_context_sampling_9960_385_trimmed_bismark_bt2.CpG",3518,2496,1022,3518
"11386","07_report/CpG_context_sampling_9960_386_trimmed_bismark_bt2.CpG",3387,2405,982,3387
"11387","07_report/CpG_context_sampling_9960_387_trimmed_bismark_bt2.CpG",3355,2440,915,3355
"11388","07_report/CpG_context_sampling_9960_388_trimmed_bismark_bt2.CpG",3499,2532,967,3499
"11389","07_report/CpG_context_sampling_9960_389_trimmed_bismark_bt2.CpG",3495,2489,1006,3495
"11390","07_report/CpG_context_sampling_9960_390_trimmed_bismark_bt2.CpG",3432,2453,979,3432
"11391","07_report/CpG_context_sampling_9960_391_trimmed_bismark_bt2.CpG",3523,2529,994,3523
"11392","07_report/CpG_context_sampling_9960_392_trimmed_bismark_bt2.CpG",3393,2396,997,3393
"11393","07_report/CpG_context_sampling_9960_393_trimmed_bismark_bt2.CpG",3387,2417,970,3387
"11394","07_report/CpG_context_sampling_9960_394_trimmed_bismark_bt2.CpG",3575,2566,1009,3575
"11395","07_report/CpG_context_sampling_9960_395_trimmed_bismark_bt2.CpG",3505,2506,999,3505
"11396","07_report/CpG_context_sampling_9960_396_trimmed_bismark_bt2.CpG",3471,2495,976,3471
"11397","07_report/CpG_context_sampling_9960_397_trimmed_bismark_bt2.CpG",3515,2544,971,3515
"11398","07_report/CpG_context_sampling_9960_398_trimmed_bismark_bt2.CpG",3413,2469,944,3413
"11399","07_report/CpG_context_sampling_9960_399_trimmed_bismark_bt2.CpG",3485,2530,955,3485
"11400","07_report/CpG_context_sampling_9960_400_trimmed_bismark_bt2.CpG",3491,2474,1017,3491
"11401","07_report/CpG_context_sampling_9960_401_trimmed_bismark_bt2.CpG",3426,2468,958,3426
"11402","07_report/CpG_context_sampling_9960_402_trimmed_bismark_bt2.CpG",3392,2450,942,3392
"11403","07_report/CpG_context_sampling_9960_403_trimmed_bismark_bt2.CpG",3446,2433,1013,3446
"11404","07_report/CpG_context_sampling_9960_404_trimmed_bismark_bt2.CpG",3503,2489,1014,3503
"11405","07_report/CpG_context_sampling_9960_405_trimmed_bismark_bt2.CpG",3418,2442,976,3418
"11406","07_report/CpG_context_sampling_9960_406_trimmed_bismark_bt2.CpG",3490,2489,1001,3490
"11407","07_report/CpG_context_sampling_9960_407_trimmed_bismark_bt2.CpG",3424,2434,990,3424
"11408","07_report/CpG_context_sampling_9960_408_trimmed_bismark_bt2.CpG",3510,2507,1003,3510
"11409","07_report/CpG_context_sampling_9960_409_trimmed_bismark_bt2.CpG",3441,2459,982,3441
"11410","07_report/CpG_context_sampling_9960_410_trimmed_bismark_bt2.CpG",3465,2471,994,3465
"11411","07_report/CpG_context_sampling_9960_411_trimmed_bismark_bt2.CpG",3488,2481,1007,3488
"11412","07_report/CpG_context_sampling_9960_412_trimmed_bismark_bt2.CpG",3500,2473,1027,3500
"11413","07_report/CpG_context_sampling_9960_413_trimmed_bismark_bt2.CpG",3461,2479,982,3461
"11414","07_report/CpG_context_sampling_9960_414_trimmed_bismark_bt2.CpG",3358,2389,969,3358
"11415","07_report/CpG_context_sampling_9960_415_trimmed_bismark_bt2.CpG",3451,2508,943,3451
"11416","07_report/CpG_context_sampling_9960_416_trimmed_bismark_bt2.CpG",3507,2444,1063,3507
"11417","07_report/CpG_context_sampling_9960_417_trimmed_bismark_bt2.CpG",3501,2517,984,3501
"11418","07_report/CpG_context_sampling_9960_418_trimmed_bismark_bt2.CpG",3435,2450,985,3435
"11419","07_report/CpG_context_sampling_9960_419_trimmed_bismark_bt2.CpG",3463,2469,994,3463
"11420","07_report/CpG_context_sampling_9960_420_trimmed_bismark_bt2.CpG",3385,2431,954,3385
"11421","07_report/CpG_context_sampling_9960_421_trimmed_bismark_bt2.CpG",3428,2432,996,3428
"11422","07_report/CpG_context_sampling_9960_422_trimmed_bismark_bt2.CpG",3384,2416,968,3384
"11423","07_report/CpG_context_sampling_9960_423_trimmed_bismark_bt2.CpG",3464,2472,992,3464
"11424","07_report/CpG_context_sampling_9960_424_trimmed_bismark_bt2.CpG",3546,2496,1050,3546
"11425","07_report/CpG_context_sampling_9960_425_trimmed_bismark_bt2.CpG",3425,2450,975,3425
"11426","07_report/CpG_context_sampling_9960_426_trimmed_bismark_bt2.CpG",3437,2470,967,3437
"11427","07_report/CpG_context_sampling_9960_427_trimmed_bismark_bt2.CpG",3517,2567,950,3517
"11428","07_report/CpG_context_sampling_9960_428_trimmed_bismark_bt2.CpG",3403,2388,1015,3403
"11429","07_report/CpG_context_sampling_9960_429_trimmed_bismark_bt2.CpG",3526,2481,1045,3526
"11430","07_report/CpG_context_sampling_9960_430_trimmed_bismark_bt2.CpG",3456,2518,938,3456
"11431","07_report/CpG_context_sampling_9960_431_trimmed_bismark_bt2.CpG",3467,2498,969,3467
"11432","07_report/CpG_context_sampling_9960_432_trimmed_bismark_bt2.CpG",3467,2470,997,3467
"11433","07_report/CpG_context_sampling_9960_433_trimmed_bismark_bt2.CpG",3456,2533,923,3456
"11434","07_report/CpG_context_sampling_9960_434_trimmed_bismark_bt2.CpG",3466,2488,978,3466
"11435","07_report/CpG_context_sampling_9960_435_trimmed_bismark_bt2.CpG",3407,2473,934,3407
"11436","07_report/CpG_context_sampling_9960_436_trimmed_bismark_bt2.CpG",3485,2494,991,3485
"11437","07_report/CpG_context_sampling_9960_437_trimmed_bismark_bt2.CpG",3443,2478,965,3443
"11438","07_report/CpG_context_sampling_9960_438_trimmed_bismark_bt2.CpG",3481,2440,1041,3481
"11439","07_report/CpG_context_sampling_9960_439_trimmed_bismark_bt2.CpG",3380,2430,950,3380
"11440","07_report/CpG_context_sampling_9960_440_trimmed_bismark_bt2.CpG",3495,2538,957,3495
"11441","07_report/CpG_context_sampling_9960_441_trimmed_bismark_bt2.CpG",3418,2438,980,3418
"11442","07_report/CpG_context_sampling_9960_442_trimmed_bismark_bt2.CpG",3422,2494,928,3422
"11443","07_report/CpG_context_sampling_9960_443_trimmed_bismark_bt2.CpG",3359,2345,1014,3359
"11444","07_report/CpG_context_sampling_9960_444_trimmed_bismark_bt2.CpG",3430,2419,1011,3430
"11445","07_report/CpG_context_sampling_9960_445_trimmed_bismark_bt2.CpG",3405,2405,1000,3405
"11446","07_report/CpG_context_sampling_9960_446_trimmed_bismark_bt2.CpG",3412,2428,984,3412
"11447","07_report/CpG_context_sampling_9960_447_trimmed_bismark_bt2.CpG",3403,2377,1026,3403
"11448","07_report/CpG_context_sampling_9960_448_trimmed_bismark_bt2.CpG",3457,2474,983,3457
"11449","07_report/CpG_context_sampling_9960_449_trimmed_bismark_bt2.CpG",3370,2451,919,3370
"11450","07_report/CpG_context_sampling_9960_450_trimmed_bismark_bt2.CpG",3463,2416,1047,3463
"11451","07_report/CpG_context_sampling_9960_451_trimmed_bismark_bt2.CpG",3399,2418,981,3399
"11452","07_report/CpG_context_sampling_9960_452_trimmed_bismark_bt2.CpG",3430,2437,993,3430
"11453","07_report/CpG_context_sampling_9960_453_trimmed_bismark_bt2.CpG",3555,2477,1078,3555
"11454","07_report/CpG_context_sampling_9960_454_trimmed_bismark_bt2.CpG",3526,2521,1005,3526
"11455","07_report/CpG_context_sampling_9960_455_trimmed_bismark_bt2.CpG",3534,2535,999,3534
"11456","07_report/CpG_context_sampling_9960_456_trimmed_bismark_bt2.CpG",3510,2541,969,3510
"11457","07_report/CpG_context_sampling_9960_457_trimmed_bismark_bt2.CpG",3507,2468,1039,3507
"11458","07_report/CpG_context_sampling_9960_458_trimmed_bismark_bt2.CpG",3373,2423,950,3373
"11459","07_report/CpG_context_sampling_9960_459_trimmed_bismark_bt2.CpG",3475,2449,1026,3475
"11460","07_report/CpG_context_sampling_9960_460_trimmed_bismark_bt2.CpG",3504,2496,1008,3504
"11461","07_report/CpG_context_sampling_9960_461_trimmed_bismark_bt2.CpG",3463,2475,988,3463
"11462","07_report/CpG_context_sampling_9960_462_trimmed_bismark_bt2.CpG",3562,2513,1049,3562
"11463","07_report/CpG_context_sampling_9960_463_trimmed_bismark_bt2.CpG",3411,2409,1002,3411
"11464","07_report/CpG_context_sampling_9960_464_trimmed_bismark_bt2.CpG",3448,2484,964,3448
"11465","07_report/CpG_context_sampling_9960_465_trimmed_bismark_bt2.CpG",3482,2505,977,3482
"11466","07_report/CpG_context_sampling_9960_466_trimmed_bismark_bt2.CpG",3516,2525,991,3516
"11467","07_report/CpG_context_sampling_9960_467_trimmed_bismark_bt2.CpG",3345,2399,946,3345
"11468","07_report/CpG_context_sampling_9960_468_trimmed_bismark_bt2.CpG",3453,2485,968,3453
"11469","07_report/CpG_context_sampling_9960_469_trimmed_bismark_bt2.CpG",3525,2534,991,3525
"11470","07_report/CpG_context_sampling_9960_470_trimmed_bismark_bt2.CpG",3459,2447,1012,3459
"11471","07_report/CpG_context_sampling_9960_471_trimmed_bismark_bt2.CpG",3433,2446,987,3433
"11472","07_report/CpG_context_sampling_9960_472_trimmed_bismark_bt2.CpG",3403,2420,983,3403
"11473","07_report/CpG_context_sampling_9960_473_trimmed_bismark_bt2.CpG",3454,2476,978,3454
"11474","07_report/CpG_context_sampling_9960_474_trimmed_bismark_bt2.CpG",3422,2425,997,3422
"11475","07_report/CpG_context_sampling_9960_475_trimmed_bismark_bt2.CpG",3435,2477,958,3435
"11476","07_report/CpG_context_sampling_9960_476_trimmed_bismark_bt2.CpG",3491,2456,1035,3491
"11477","07_report/CpG_context_sampling_9960_477_trimmed_bismark_bt2.CpG",3411,2418,993,3411
"11478","07_report/CpG_context_sampling_9960_478_trimmed_bismark_bt2.CpG",3408,2431,977,3408
"11479","07_report/CpG_context_sampling_9960_479_trimmed_bismark_bt2.CpG",3434,2502,932,3434
"11480","07_report/CpG_context_sampling_9960_480_trimmed_bismark_bt2.CpG",3390,2465,925,3390
"11481","07_report/CpG_context_sampling_9960_481_trimmed_bismark_bt2.CpG",3520,2524,996,3520
"11482","07_report/CpG_context_sampling_9960_482_trimmed_bismark_bt2.CpG",3435,2400,1035,3435
"11483","07_report/CpG_context_sampling_9960_483_trimmed_bismark_bt2.CpG",3428,2465,963,3428
"11484","07_report/CpG_context_sampling_9960_484_trimmed_bismark_bt2.CpG",3505,2546,959,3505
"11485","07_report/CpG_context_sampling_9960_485_trimmed_bismark_bt2.CpG",3408,2415,993,3408
"11486","07_report/CpG_context_sampling_9960_486_trimmed_bismark_bt2.CpG",3435,2427,1008,3435
"11487","07_report/CpG_context_sampling_9960_487_trimmed_bismark_bt2.CpG",3407,2440,967,3407
"11488","07_report/CpG_context_sampling_9960_488_trimmed_bismark_bt2.CpG",3417,2423,994,3417
"11489","07_report/CpG_context_sampling_9960_489_trimmed_bismark_bt2.CpG",3417,2473,944,3417
"11490","07_report/CpG_context_sampling_9960_490_trimmed_bismark_bt2.CpG",3420,2446,974,3420
"11491","07_report/CpG_context_sampling_9960_491_trimmed_bismark_bt2.CpG",3508,2492,1016,3508
"11492","07_report/CpG_context_sampling_9960_492_trimmed_bismark_bt2.CpG",3453,2450,1003,3453
"11493","07_report/CpG_context_sampling_9960_493_trimmed_bismark_bt2.CpG",3413,2464,949,3413
"11494","07_report/CpG_context_sampling_9960_494_trimmed_bismark_bt2.CpG",3532,2507,1025,3532
"11495","07_report/CpG_context_sampling_9960_495_trimmed_bismark_bt2.CpG",3367,2402,965,3367
"11496","07_report/CpG_context_sampling_9960_496_trimmed_bismark_bt2.CpG",3399,2410,989,3399
"11497","07_report/CpG_context_sampling_9960_497_trimmed_bismark_bt2.CpG",3564,2516,1048,3564
"11498","07_report/CpG_context_sampling_9960_498_trimmed_bismark_bt2.CpG",3443,2462,981,3443
"11499","07_report/CpG_context_sampling_9960_499_trimmed_bismark_bt2.CpG",3452,2432,1020,3452
"11500","07_report/CpG_context_sampling_9960_500_trimmed_bismark_bt2.CpG",3430,2472,958,3430
"11501","07_report/CpG_context_sampling_9960_501_trimmed_bismark_bt2.CpG",3403,2440,963,3403
"11502","07_report/CpG_context_sampling_9960_502_trimmed_bismark_bt2.CpG",3459,2480,979,3459
"11503","07_report/CpG_context_sampling_9960_503_trimmed_bismark_bt2.CpG",3393,2412,981,3393
"11504","07_report/CpG_context_sampling_9960_504_trimmed_bismark_bt2.CpG",3375,2439,936,3375
"11505","07_report/CpG_context_sampling_9960_505_trimmed_bismark_bt2.CpG",3466,2520,946,3466
"11506","07_report/CpG_context_sampling_9960_506_trimmed_bismark_bt2.CpG",3372,2390,982,3372
"11507","07_report/CpG_context_sampling_9960_507_trimmed_bismark_bt2.CpG",3486,2530,956,3486
"11508","07_report/CpG_context_sampling_9960_508_trimmed_bismark_bt2.CpG",3444,2417,1027,3444
"11509","07_report/CpG_context_sampling_9960_509_trimmed_bismark_bt2.CpG",3434,2480,954,3434
"11510","07_report/CpG_context_sampling_9960_510_trimmed_bismark_bt2.CpG",3394,2420,974,3394
"11511","07_report/CpG_context_sampling_9960_511_trimmed_bismark_bt2.CpG",3512,2514,998,3512
"11512","07_report/CpG_context_sampling_9960_512_trimmed_bismark_bt2.CpG",3458,2437,1021,3458
"11513","07_report/CpG_context_sampling_9960_513_trimmed_bismark_bt2.CpG",3411,2434,977,3411
"11514","07_report/CpG_context_sampling_9960_514_trimmed_bismark_bt2.CpG",3458,2536,922,3458
"11515","07_report/CpG_context_sampling_9960_515_trimmed_bismark_bt2.CpG",3543,2497,1046,3543
"11516","07_report/CpG_context_sampling_9960_516_trimmed_bismark_bt2.CpG",3394,2424,970,3394
"11517","07_report/CpG_context_sampling_9960_517_trimmed_bismark_bt2.CpG",3461,2507,954,3461
"11518","07_report/CpG_context_sampling_9960_518_trimmed_bismark_bt2.CpG",3412,2424,988,3412
"11519","07_report/CpG_context_sampling_9960_519_trimmed_bismark_bt2.CpG",3470,2489,981,3470
"11520","07_report/CpG_context_sampling_9960_520_trimmed_bismark_bt2.CpG",3435,2475,960,3435
"11521","07_report/CpG_context_sampling_9960_521_trimmed_bismark_bt2.CpG",3451,2513,938,3451
"11522","07_report/CpG_context_sampling_9960_522_trimmed_bismark_bt2.CpG",3514,2484,1030,3514
"11523","07_report/CpG_context_sampling_9960_523_trimmed_bismark_bt2.CpG",3434,2458,976,3434
"11524","07_report/CpG_context_sampling_9960_524_trimmed_bismark_bt2.CpG",3428,2488,940,3428
"11525","07_report/CpG_context_sampling_9960_525_trimmed_bismark_bt2.CpG",3457,2450,1007,3457
"11526","07_report/CpG_context_sampling_9960_526_trimmed_bismark_bt2.CpG",3391,2452,939,3391
"11527","07_report/CpG_context_sampling_9960_527_trimmed_bismark_bt2.CpG",3458,2450,1008,3458
"11528","07_report/CpG_context_sampling_9960_528_trimmed_bismark_bt2.CpG",3441,2413,1028,3441
"11529","07_report/CpG_context_sampling_9960_529_trimmed_bismark_bt2.CpG",3460,2478,982,3460
"11530","07_report/CpG_context_sampling_9960_530_trimmed_bismark_bt2.CpG",3463,2486,977,3463
"11531","07_report/CpG_context_sampling_9960_531_trimmed_bismark_bt2.CpG",3362,2371,991,3362
"11532","07_report/CpG_context_sampling_9960_532_trimmed_bismark_bt2.CpG",3449,2474,975,3449
"11533","07_report/CpG_context_sampling_9960_533_trimmed_bismark_bt2.CpG",3519,2525,994,3519
"11534","07_report/CpG_context_sampling_9960_534_trimmed_bismark_bt2.CpG",3429,2475,954,3429
"11535","07_report/CpG_context_sampling_9960_535_trimmed_bismark_bt2.CpG",3465,2514,951,3465
"11536","07_report/CpG_context_sampling_9960_536_trimmed_bismark_bt2.CpG",3422,2415,1007,3422
"11537","07_report/CpG_context_sampling_9960_537_trimmed_bismark_bt2.CpG",3496,2529,967,3496
"11538","07_report/CpG_context_sampling_9960_538_trimmed_bismark_bt2.CpG",3447,2496,951,3447
"11539","07_report/CpG_context_sampling_9960_539_trimmed_bismark_bt2.CpG",3462,2481,981,3462
"11540","07_report/CpG_context_sampling_9960_540_trimmed_bismark_bt2.CpG",3470,2463,1007,3470
"11541","07_report/CpG_context_sampling_9960_541_trimmed_bismark_bt2.CpG",3409,2469,940,3409
"11542","07_report/CpG_context_sampling_9960_542_trimmed_bismark_bt2.CpG",3478,2459,1019,3478
"11543","07_report/CpG_context_sampling_9960_543_trimmed_bismark_bt2.CpG",3391,2453,938,3391
"11544","07_report/CpG_context_sampling_9960_544_trimmed_bismark_bt2.CpG",3586,2619,967,3586
"11545","07_report/CpG_context_sampling_9960_545_trimmed_bismark_bt2.CpG",3523,2509,1014,3523
"11546","07_report/CpG_context_sampling_9960_546_trimmed_bismark_bt2.CpG",3412,2484,928,3412
"11547","07_report/CpG_context_sampling_9960_547_trimmed_bismark_bt2.CpG",3431,2424,1007,3431
"11548","07_report/CpG_context_sampling_9960_548_trimmed_bismark_bt2.CpG",3405,2446,959,3405
"11549","07_report/CpG_context_sampling_9960_549_trimmed_bismark_bt2.CpG",3424,2426,998,3424
"11550","07_report/CpG_context_sampling_9960_550_trimmed_bismark_bt2.CpG",3474,2504,970,3474
"11551","07_report/CpG_context_sampling_9960_551_trimmed_bismark_bt2.CpG",3524,2482,1042,3524
"11552","07_report/CpG_context_sampling_9960_552_trimmed_bismark_bt2.CpG",3440,2469,971,3440
"11553","07_report/CpG_context_sampling_9960_553_trimmed_bismark_bt2.CpG",3452,2490,962,3452
"11554","07_report/CpG_context_sampling_9960_554_trimmed_bismark_bt2.CpG",3419,2442,977,3419
"11555","07_report/CpG_context_sampling_9960_555_trimmed_bismark_bt2.CpG",3448,2447,1001,3448
"11556","07_report/CpG_context_sampling_9960_556_trimmed_bismark_bt2.CpG",3404,2383,1021,3404
"11557","07_report/CpG_context_sampling_9960_557_trimmed_bismark_bt2.CpG",3452,2478,974,3452
"11558","07_report/CpG_context_sampling_9960_558_trimmed_bismark_bt2.CpG",3488,2497,991,3488
"11559","07_report/CpG_context_sampling_9960_559_trimmed_bismark_bt2.CpG",3499,2495,1004,3499
"11560","07_report/CpG_context_sampling_9960_560_trimmed_bismark_bt2.CpG",3468,2499,969,3468
"11561","07_report/CpG_context_sampling_9960_561_trimmed_bismark_bt2.CpG",3451,2492,959,3451
"11562","07_report/CpG_context_sampling_9960_562_trimmed_bismark_bt2.CpG",3494,2487,1007,3494
"11563","07_report/CpG_context_sampling_9960_563_trimmed_bismark_bt2.CpG",3445,2450,995,3445
"11564","07_report/CpG_context_sampling_9960_564_trimmed_bismark_bt2.CpG",3421,2489,932,3421
"11565","07_report/CpG_context_sampling_9960_565_trimmed_bismark_bt2.CpG",3461,2480,981,3461
"11566","07_report/CpG_context_sampling_9960_566_trimmed_bismark_bt2.CpG",3388,2418,970,3388
"11567","07_report/CpG_context_sampling_9960_567_trimmed_bismark_bt2.CpG",3442,2444,998,3442
"11568","07_report/CpG_context_sampling_9960_568_trimmed_bismark_bt2.CpG",3454,2546,908,3454
"11569","07_report/CpG_context_sampling_9960_569_trimmed_bismark_bt2.CpG",3419,2449,970,3419
"11570","07_report/CpG_context_sampling_9960_570_trimmed_bismark_bt2.CpG",3476,2482,994,3476
"11571","07_report/CpG_context_sampling_9960_571_trimmed_bismark_bt2.CpG",3438,2446,992,3438
"11572","07_report/CpG_context_sampling_9960_572_trimmed_bismark_bt2.CpG",3466,2497,969,3466
"11573","07_report/CpG_context_sampling_9960_573_trimmed_bismark_bt2.CpG",3436,2443,993,3436
"11574","07_report/CpG_context_sampling_9960_574_trimmed_bismark_bt2.CpG",3448,2439,1009,3448
"11575","07_report/CpG_context_sampling_9960_575_trimmed_bismark_bt2.CpG",3470,2476,994,3470
"11576","07_report/CpG_context_sampling_9960_576_trimmed_bismark_bt2.CpG",3482,2515,967,3482
"11577","07_report/CpG_context_sampling_9960_577_trimmed_bismark_bt2.CpG",3474,2523,951,3474
"11578","07_report/CpG_context_sampling_9960_578_trimmed_bismark_bt2.CpG",3344,2420,924,3344
"11579","07_report/CpG_context_sampling_9960_579_trimmed_bismark_bt2.CpG",3426,2499,927,3426
"11580","07_report/CpG_context_sampling_9960_580_trimmed_bismark_bt2.CpG",3455,2484,971,3455
"11581","07_report/CpG_context_sampling_9960_581_trimmed_bismark_bt2.CpG",3382,2381,1001,3382
"11582","07_report/CpG_context_sampling_9960_582_trimmed_bismark_bt2.CpG",3423,2441,982,3423
"11583","07_report/CpG_context_sampling_9960_583_trimmed_bismark_bt2.CpG",3507,2480,1027,3507
"11584","07_report/CpG_context_sampling_9960_584_trimmed_bismark_bt2.CpG",3405,2408,997,3405
"11585","07_report/CpG_context_sampling_9960_585_trimmed_bismark_bt2.CpG",3478,2500,978,3478
"11586","07_report/CpG_context_sampling_9960_586_trimmed_bismark_bt2.CpG",3474,2496,978,3474
"11587","07_report/CpG_context_sampling_9960_587_trimmed_bismark_bt2.CpG",3467,2426,1041,3467
"11588","07_report/CpG_context_sampling_9960_588_trimmed_bismark_bt2.CpG",3458,2453,1005,3458
"11589","07_report/CpG_context_sampling_9960_589_trimmed_bismark_bt2.CpG",3457,2472,985,3457
"11590","07_report/CpG_context_sampling_9960_590_trimmed_bismark_bt2.CpG",3455,2423,1032,3455
"11591","07_report/CpG_context_sampling_9960_591_trimmed_bismark_bt2.CpG",3414,2371,1043,3414
"11592","07_report/CpG_context_sampling_9960_592_trimmed_bismark_bt2.CpG",3450,2495,955,3450
"11593","07_report/CpG_context_sampling_9960_593_trimmed_bismark_bt2.CpG",3404,2430,974,3404
"11594","07_report/CpG_context_sampling_9960_594_trimmed_bismark_bt2.CpG",3378,2403,975,3378
"11595","07_report/CpG_context_sampling_9960_595_trimmed_bismark_bt2.CpG",3455,2443,1012,3455
"11596","07_report/CpG_context_sampling_9960_596_trimmed_bismark_bt2.CpG",3495,2478,1017,3495
"11597","07_report/CpG_context_sampling_9960_597_trimmed_bismark_bt2.CpG",3476,2510,966,3476
"11598","07_report/CpG_context_sampling_9960_598_trimmed_bismark_bt2.CpG",3521,2542,979,3521
"11599","07_report/CpG_context_sampling_9960_599_trimmed_bismark_bt2.CpG",3466,2453,1013,3466
"11600","07_report/CpG_context_sampling_9960_600_trimmed_bismark_bt2.CpG",3388,2416,972,3388
"11601","07_report/CpG_context_sampling_9960_601_trimmed_bismark_bt2.CpG",3499,2471,1028,3499
"11602","07_report/CpG_context_sampling_9960_602_trimmed_bismark_bt2.CpG",3446,2422,1024,3446
"11603","07_report/CpG_context_sampling_9960_603_trimmed_bismark_bt2.CpG",3478,2459,1019,3478
"11604","07_report/CpG_context_sampling_9960_604_trimmed_bismark_bt2.CpG",3506,2501,1005,3506
"11605","07_report/CpG_context_sampling_9960_605_trimmed_bismark_bt2.CpG",3469,2474,995,3469
"11606","07_report/CpG_context_sampling_9960_606_trimmed_bismark_bt2.CpG",3436,2473,963,3436
"11607","07_report/CpG_context_sampling_9960_607_trimmed_bismark_bt2.CpG",3428,2443,985,3428
"11608","07_report/CpG_context_sampling_9960_608_trimmed_bismark_bt2.CpG",3533,2524,1009,3533
"11609","07_report/CpG_context_sampling_9960_609_trimmed_bismark_bt2.CpG",3518,2522,996,3518
"11610","07_report/CpG_context_sampling_9960_610_trimmed_bismark_bt2.CpG",3372,2394,978,3372
"11611","07_report/CpG_context_sampling_9960_611_trimmed_bismark_bt2.CpG",3411,2482,929,3411
"11612","07_report/CpG_context_sampling_9960_612_trimmed_bismark_bt2.CpG",3426,2453,973,3426
"11613","07_report/CpG_context_sampling_9960_613_trimmed_bismark_bt2.CpG",3449,2440,1009,3449
"11614","07_report/CpG_context_sampling_9960_614_trimmed_bismark_bt2.CpG",3470,2464,1006,3470
"11615","07_report/CpG_context_sampling_9960_615_trimmed_bismark_bt2.CpG",3436,2482,954,3436
"11616","07_report/CpG_context_sampling_9960_616_trimmed_bismark_bt2.CpG",3466,2481,985,3466
"11617","07_report/CpG_context_sampling_9960_617_trimmed_bismark_bt2.CpG",3431,2445,986,3431
"11618","07_report/CpG_context_sampling_9960_618_trimmed_bismark_bt2.CpG",3449,2511,938,3449
"11619","07_report/CpG_context_sampling_9960_619_trimmed_bismark_bt2.CpG",3555,2542,1013,3555
"11620","07_report/CpG_context_sampling_9960_620_trimmed_bismark_bt2.CpG",3496,2464,1032,3496
"11621","07_report/CpG_context_sampling_9960_621_trimmed_bismark_bt2.CpG",3429,2446,983,3429
"11622","07_report/CpG_context_sampling_9960_622_trimmed_bismark_bt2.CpG",3471,2493,978,3471
"11623","07_report/CpG_context_sampling_9960_623_trimmed_bismark_bt2.CpG",3419,2419,1000,3419
"11624","07_report/CpG_context_sampling_9960_624_trimmed_bismark_bt2.CpG",3436,2443,993,3436
"11625","07_report/CpG_context_sampling_9960_625_trimmed_bismark_bt2.CpG",3433,2438,995,3433
"11626","07_report/CpG_context_sampling_9960_626_trimmed_bismark_bt2.CpG",3545,2465,1080,3545
"11627","07_report/CpG_context_sampling_9960_627_trimmed_bismark_bt2.CpG",3466,2536,930,3466
"11628","07_report/CpG_context_sampling_9960_628_trimmed_bismark_bt2.CpG",3522,2514,1008,3522
"11629","07_report/CpG_context_sampling_9960_629_trimmed_bismark_bt2.CpG",3447,2459,988,3447
"11630","07_report/CpG_context_sampling_9960_630_trimmed_bismark_bt2.CpG",3501,2524,977,3501
"11631","07_report/CpG_context_sampling_9960_631_trimmed_bismark_bt2.CpG",3541,2589,952,3541
"11632","07_report/CpG_context_sampling_9960_632_trimmed_bismark_bt2.CpG",3390,2417,973,3390
"11633","07_report/CpG_context_sampling_9960_633_trimmed_bismark_bt2.CpG",3482,2423,1059,3482
"11634","07_report/CpG_context_sampling_9960_634_trimmed_bismark_bt2.CpG",3486,2469,1017,3486
"11635","07_report/CpG_context_sampling_9960_635_trimmed_bismark_bt2.CpG",3465,2453,1012,3465
"11636","07_report/CpG_context_sampling_9960_636_trimmed_bismark_bt2.CpG",3462,2466,996,3462
"11637","07_report/CpG_context_sampling_9960_637_trimmed_bismark_bt2.CpG",3381,2412,969,3381
"11638","07_report/CpG_context_sampling_9960_638_trimmed_bismark_bt2.CpG",3469,2504,965,3469
"11639","07_report/CpG_context_sampling_9960_639_trimmed_bismark_bt2.CpG",3506,2523,983,3506
"11640","07_report/CpG_context_sampling_9960_640_trimmed_bismark_bt2.CpG",3486,2505,981,3486
"11641","07_report/CpG_context_sampling_9960_641_trimmed_bismark_bt2.CpG",3427,2413,1014,3427
"11642","07_report/CpG_context_sampling_9960_642_trimmed_bismark_bt2.CpG",3417,2438,979,3417
"11643","07_report/CpG_context_sampling_9960_643_trimmed_bismark_bt2.CpG",3491,2505,986,3491
"11644","07_report/CpG_context_sampling_9960_644_trimmed_bismark_bt2.CpG",3445,2452,993,3445
"11645","07_report/CpG_context_sampling_9960_645_trimmed_bismark_bt2.CpG",3500,2510,990,3500
"11646","07_report/CpG_context_sampling_9960_646_trimmed_bismark_bt2.CpG",3483,2487,996,3483
"11647","07_report/CpG_context_sampling_9960_647_trimmed_bismark_bt2.CpG",3454,2472,982,3454
"11648","07_report/CpG_context_sampling_9960_648_trimmed_bismark_bt2.CpG",3458,2458,1000,3458
"11649","07_report/CpG_context_sampling_9960_649_trimmed_bismark_bt2.CpG",3410,2486,924,3410
"11650","07_report/CpG_context_sampling_9960_650_trimmed_bismark_bt2.CpG",3462,2461,1001,3462
"11651","07_report/CpG_context_sampling_9960_651_trimmed_bismark_bt2.CpG",3492,2501,991,3492
"11652","07_report/CpG_context_sampling_9960_652_trimmed_bismark_bt2.CpG",3472,2448,1024,3472
"11653","07_report/CpG_context_sampling_9960_653_trimmed_bismark_bt2.CpG",3534,2524,1010,3534
"11654","07_report/CpG_context_sampling_9960_654_trimmed_bismark_bt2.CpG",3433,2458,975,3433
"11655","07_report/CpG_context_sampling_9960_655_trimmed_bismark_bt2.CpG",3516,2473,1043,3516
"11656","07_report/CpG_context_sampling_9960_656_trimmed_bismark_bt2.CpG",3423,2446,977,3423
"11657","07_report/CpG_context_sampling_9960_657_trimmed_bismark_bt2.CpG",3493,2512,981,3493
"11658","07_report/CpG_context_sampling_9960_658_trimmed_bismark_bt2.CpG",3518,2472,1046,3518
"11659","07_report/CpG_context_sampling_9960_659_trimmed_bismark_bt2.CpG",3415,2486,929,3415
"11660","07_report/CpG_context_sampling_9960_660_trimmed_bismark_bt2.CpG",3510,2566,944,3510
"11661","07_report/CpG_context_sampling_9960_661_trimmed_bismark_bt2.CpG",3513,2544,969,3513
"11662","07_report/CpG_context_sampling_9960_662_trimmed_bismark_bt2.CpG",3475,2479,996,3475
"11663","07_report/CpG_context_sampling_9960_663_trimmed_bismark_bt2.CpG",3492,2471,1021,3492
"11664","07_report/CpG_context_sampling_9960_664_trimmed_bismark_bt2.CpG",3449,2444,1005,3449
"11665","07_report/CpG_context_sampling_9960_665_trimmed_bismark_bt2.CpG",3499,2509,990,3499
"11666","07_report/CpG_context_sampling_9960_666_trimmed_bismark_bt2.CpG",3476,2504,972,3476
"11667","07_report/CpG_context_sampling_9960_667_trimmed_bismark_bt2.CpG",3488,2480,1008,3488
"11668","07_report/CpG_context_sampling_9960_668_trimmed_bismark_bt2.CpG",3459,2479,980,3459
"11669","07_report/CpG_context_sampling_9960_669_trimmed_bismark_bt2.CpG",3486,2480,1006,3486
"11670","07_report/CpG_context_sampling_9960_670_trimmed_bismark_bt2.CpG",3511,2496,1015,3511
"11671","07_report/CpG_context_sampling_9960_671_trimmed_bismark_bt2.CpG",3503,2546,957,3503
"11672","07_report/CpG_context_sampling_9960_672_trimmed_bismark_bt2.CpG",3406,2428,978,3406
"11673","07_report/CpG_context_sampling_9960_673_trimmed_bismark_bt2.CpG",3461,2496,965,3461
"11674","07_report/CpG_context_sampling_9960_674_trimmed_bismark_bt2.CpG",3468,2509,959,3468
"11675","07_report/CpG_context_sampling_9960_675_trimmed_bismark_bt2.CpG",3444,2452,992,3444
"11676","07_report/CpG_context_sampling_9960_676_trimmed_bismark_bt2.CpG",3435,2465,970,3435
"11677","07_report/CpG_context_sampling_9960_677_trimmed_bismark_bt2.CpG",3468,2496,972,3468
"11678","07_report/CpG_context_sampling_9960_678_trimmed_bismark_bt2.CpG",3367,2393,974,3367
"11679","07_report/CpG_context_sampling_9960_679_trimmed_bismark_bt2.CpG",3451,2461,990,3451
"11680","07_report/CpG_context_sampling_9960_680_trimmed_bismark_bt2.CpG",3454,2431,1023,3454
"11681","07_report/CpG_context_sampling_9960_681_trimmed_bismark_bt2.CpG",3411,2411,1000,3411
"11682","07_report/CpG_context_sampling_9960_682_trimmed_bismark_bt2.CpG",3428,2435,993,3428
"11683","07_report/CpG_context_sampling_9960_683_trimmed_bismark_bt2.CpG",3438,2461,977,3438
"11684","07_report/CpG_context_sampling_9960_684_trimmed_bismark_bt2.CpG",3435,2483,952,3435
"11685","07_report/CpG_context_sampling_9960_685_trimmed_bismark_bt2.CpG",3377,2399,978,3377
"11686","07_report/CpG_context_sampling_9960_686_trimmed_bismark_bt2.CpG",3536,2496,1040,3536
"11687","07_report/CpG_context_sampling_9960_687_trimmed_bismark_bt2.CpG",3512,2524,988,3512
"11688","07_report/CpG_context_sampling_9960_688_trimmed_bismark_bt2.CpG",3409,2454,955,3409
"11689","07_report/CpG_context_sampling_9960_689_trimmed_bismark_bt2.CpG",3383,2380,1003,3383
"11690","07_report/CpG_context_sampling_9960_690_trimmed_bismark_bt2.CpG",3385,2429,956,3385
"11691","07_report/CpG_context_sampling_9960_691_trimmed_bismark_bt2.CpG",3427,2415,1012,3427
"11692","07_report/CpG_context_sampling_9960_692_trimmed_bismark_bt2.CpG",3523,2503,1020,3523
"11693","07_report/CpG_context_sampling_9960_693_trimmed_bismark_bt2.CpG",3494,2513,981,3494
"11694","07_report/CpG_context_sampling_9960_694_trimmed_bismark_bt2.CpG",3445,2502,943,3445
"11695","07_report/CpG_context_sampling_9960_695_trimmed_bismark_bt2.CpG",3462,2489,973,3462
"11696","07_report/CpG_context_sampling_9960_696_trimmed_bismark_bt2.CpG",3475,2463,1012,3475
"11697","07_report/CpG_context_sampling_9960_697_trimmed_bismark_bt2.CpG",3398,2441,957,3398
"11698","07_report/CpG_context_sampling_9960_698_trimmed_bismark_bt2.CpG",3465,2498,967,3465
"11699","07_report/CpG_context_sampling_9960_699_trimmed_bismark_bt2.CpG",3503,2507,996,3503
"11700","07_report/CpG_context_sampling_9960_700_trimmed_bismark_bt2.CpG",3386,2444,942,3386
"11701","07_report/CpG_context_sampling_9960_701_trimmed_bismark_bt2.CpG",3469,2472,997,3469
"11702","07_report/CpG_context_sampling_9960_702_trimmed_bismark_bt2.CpG",3421,2444,977,3421
"11703","07_report/CpG_context_sampling_9960_703_trimmed_bismark_bt2.CpG",3395,2435,960,3395
"11704","07_report/CpG_context_sampling_9960_704_trimmed_bismark_bt2.CpG",3407,2446,961,3407
"11705","07_report/CpG_context_sampling_9960_705_trimmed_bismark_bt2.CpG",3420,2406,1014,3420
"11706","07_report/CpG_context_sampling_9960_706_trimmed_bismark_bt2.CpG",3448,2491,957,3448
"11707","07_report/CpG_context_sampling_9960_707_trimmed_bismark_bt2.CpG",3529,2477,1052,3529
"11708","07_report/CpG_context_sampling_9960_708_trimmed_bismark_bt2.CpG",3352,2442,910,3352
"11709","07_report/CpG_context_sampling_9960_709_trimmed_bismark_bt2.CpG",3492,2534,958,3492
"11710","07_report/CpG_context_sampling_9960_710_trimmed_bismark_bt2.CpG",3451,2499,952,3451
"11711","07_report/CpG_context_sampling_9960_711_trimmed_bismark_bt2.CpG",3439,2505,934,3439
"11712","07_report/CpG_context_sampling_9960_712_trimmed_bismark_bt2.CpG",3455,2466,989,3455
"11713","07_report/CpG_context_sampling_9960_713_trimmed_bismark_bt2.CpG",3494,2473,1021,3494
"11714","07_report/CpG_context_sampling_9960_714_trimmed_bismark_bt2.CpG",3506,2536,970,3506
"11715","07_report/CpG_context_sampling_9960_715_trimmed_bismark_bt2.CpG",3457,2441,1016,3457
"11716","07_report/CpG_context_sampling_9960_716_trimmed_bismark_bt2.CpG",3433,2496,937,3433
"11717","07_report/CpG_context_sampling_9960_717_trimmed_bismark_bt2.CpG",3377,2453,924,3377
"11718","07_report/CpG_context_sampling_9960_718_trimmed_bismark_bt2.CpG",3414,2452,962,3414
"11719","07_report/CpG_context_sampling_9960_719_trimmed_bismark_bt2.CpG",3395,2377,1018,3395
"11720","07_report/CpG_context_sampling_9960_720_trimmed_bismark_bt2.CpG",3467,2462,1005,3467
"11721","07_report/CpG_context_sampling_9960_721_trimmed_bismark_bt2.CpG",3499,2462,1037,3499
"11722","07_report/CpG_context_sampling_9960_722_trimmed_bismark_bt2.CpG",3503,2537,966,3503
"11723","07_report/CpG_context_sampling_9960_723_trimmed_bismark_bt2.CpG",3500,2569,931,3500
"11724","07_report/CpG_context_sampling_9960_724_trimmed_bismark_bt2.CpG",3336,2396,940,3336
"11725","07_report/CpG_context_sampling_9960_725_trimmed_bismark_bt2.CpG",3485,2473,1012,3485
"11726","07_report/CpG_context_sampling_9960_726_trimmed_bismark_bt2.CpG",3418,2476,942,3418
"11727","07_report/CpG_context_sampling_9960_727_trimmed_bismark_bt2.CpG",3472,2488,984,3472
"11728","07_report/CpG_context_sampling_9960_728_trimmed_bismark_bt2.CpG",3506,2474,1032,3506
"11729","07_report/CpG_context_sampling_9960_729_trimmed_bismark_bt2.CpG",3382,2418,964,3382
"11730","07_report/CpG_context_sampling_9960_730_trimmed_bismark_bt2.CpG",3450,2425,1025,3450
"11731","07_report/CpG_context_sampling_9960_731_trimmed_bismark_bt2.CpG",3419,2418,1001,3419
"11732","07_report/CpG_context_sampling_9960_732_trimmed_bismark_bt2.CpG",3490,2449,1041,3490
"11733","07_report/CpG_context_sampling_9960_733_trimmed_bismark_bt2.CpG",3499,2523,976,3499
"11734","07_report/CpG_context_sampling_9960_734_trimmed_bismark_bt2.CpG",3479,2468,1011,3479
"11735","07_report/CpG_context_sampling_9960_735_trimmed_bismark_bt2.CpG",3466,2486,980,3466
"11736","07_report/CpG_context_sampling_9960_736_trimmed_bismark_bt2.CpG",3459,2427,1032,3459
"11737","07_report/CpG_context_sampling_9960_737_trimmed_bismark_bt2.CpG",3320,2411,909,3320
"11738","07_report/CpG_context_sampling_9960_738_trimmed_bismark_bt2.CpG",3339,2379,960,3339
"11739","07_report/CpG_context_sampling_9960_739_trimmed_bismark_bt2.CpG",3480,2514,966,3480
"11740","07_report/CpG_context_sampling_9960_740_trimmed_bismark_bt2.CpG",3478,2498,980,3478
"11741","07_report/CpG_context_sampling_9960_741_trimmed_bismark_bt2.CpG",3484,2470,1014,3484
"11742","07_report/CpG_context_sampling_9960_742_trimmed_bismark_bt2.CpG",3392,2379,1013,3392
"11743","07_report/CpG_context_sampling_9960_743_trimmed_bismark_bt2.CpG",3443,2492,951,3443
"11744","07_report/CpG_context_sampling_9960_744_trimmed_bismark_bt2.CpG",3478,2458,1020,3478
"11745","07_report/CpG_context_sampling_9960_745_trimmed_bismark_bt2.CpG",3452,2518,934,3452
"11746","07_report/CpG_context_sampling_9960_746_trimmed_bismark_bt2.CpG",3509,2486,1023,3509
"11747","07_report/CpG_context_sampling_9960_747_trimmed_bismark_bt2.CpG",3372,2397,975,3372
"11748","07_report/CpG_context_sampling_9960_748_trimmed_bismark_bt2.CpG",3446,2480,966,3446
"11749","07_report/CpG_context_sampling_9960_749_trimmed_bismark_bt2.CpG",3461,2464,997,3461
"11750","07_report/CpG_context_sampling_9960_750_trimmed_bismark_bt2.CpG",3445,2510,935,3445
"11751","07_report/CpG_context_sampling_9960_751_trimmed_bismark_bt2.CpG",3497,2490,1007,3497
"11752","07_report/CpG_context_sampling_9960_752_trimmed_bismark_bt2.CpG",3498,2505,993,3498
"11753","07_report/CpG_context_sampling_9960_753_trimmed_bismark_bt2.CpG",3438,2478,960,3438
"11754","07_report/CpG_context_sampling_9960_754_trimmed_bismark_bt2.CpG",3429,2444,985,3429
"11755","07_report/CpG_context_sampling_9960_755_trimmed_bismark_bt2.CpG",3386,2409,977,3386
"11756","07_report/CpG_context_sampling_9960_756_trimmed_bismark_bt2.CpG",3475,2479,996,3475
"11757","07_report/CpG_context_sampling_9960_757_trimmed_bismark_bt2.CpG",3481,2452,1029,3481
"11758","07_report/CpG_context_sampling_9960_758_trimmed_bismark_bt2.CpG",3438,2428,1010,3438
"11759","07_report/CpG_context_sampling_9960_759_trimmed_bismark_bt2.CpG",3541,2550,991,3541
"11760","07_report/CpG_context_sampling_9960_760_trimmed_bismark_bt2.CpG",3527,2587,940,3527
"11761","07_report/CpG_context_sampling_9960_761_trimmed_bismark_bt2.CpG",3402,2436,966,3402
"11762","07_report/CpG_context_sampling_9960_762_trimmed_bismark_bt2.CpG",3427,2452,975,3427
"11763","07_report/CpG_context_sampling_9960_763_trimmed_bismark_bt2.CpG",3370,2385,985,3370
"11764","07_report/CpG_context_sampling_9960_764_trimmed_bismark_bt2.CpG",3458,2454,1004,3458
"11765","07_report/CpG_context_sampling_9960_765_trimmed_bismark_bt2.CpG",3487,2497,990,3487
"11766","07_report/CpG_context_sampling_9960_766_trimmed_bismark_bt2.CpG",3426,2439,987,3426
"11767","07_report/CpG_context_sampling_9960_767_trimmed_bismark_bt2.CpG",3444,2468,976,3444
"11768","07_report/CpG_context_sampling_9960_768_trimmed_bismark_bt2.CpG",3464,2425,1039,3464
"11769","07_report/CpG_context_sampling_9960_769_trimmed_bismark_bt2.CpG",3513,2563,950,3513
"11770","07_report/CpG_context_sampling_9960_770_trimmed_bismark_bt2.CpG",3407,2419,988,3407
"11771","07_report/CpG_context_sampling_9960_771_trimmed_bismark_bt2.CpG",3439,2462,977,3439
"11772","07_report/CpG_context_sampling_9960_772_trimmed_bismark_bt2.CpG",3463,2488,975,3463
"11773","07_report/CpG_context_sampling_9960_773_trimmed_bismark_bt2.CpG",3485,2480,1005,3485
"11774","07_report/CpG_context_sampling_9960_774_trimmed_bismark_bt2.CpG",3492,2510,982,3492
"11775","07_report/CpG_context_sampling_9960_775_trimmed_bismark_bt2.CpG",3443,2456,987,3443
"11776","07_report/CpG_context_sampling_9960_776_trimmed_bismark_bt2.CpG",3429,2478,951,3429
"11777","07_report/CpG_context_sampling_9960_777_trimmed_bismark_bt2.CpG",3492,2482,1010,3492
"11778","07_report/CpG_context_sampling_9960_778_trimmed_bismark_bt2.CpG",3502,2484,1018,3502
"11779","07_report/CpG_context_sampling_9960_779_trimmed_bismark_bt2.CpG",3462,2490,972,3462
"11780","07_report/CpG_context_sampling_9960_780_trimmed_bismark_bt2.CpG",3501,2484,1017,3501
"11781","07_report/CpG_context_sampling_9960_781_trimmed_bismark_bt2.CpG",3561,2557,1004,3561
"11782","07_report/CpG_context_sampling_9960_782_trimmed_bismark_bt2.CpG",3336,2366,970,3336
"11783","07_report/CpG_context_sampling_9960_783_trimmed_bismark_bt2.CpG",3507,2528,979,3507
"11784","07_report/CpG_context_sampling_9960_784_trimmed_bismark_bt2.CpG",3444,2451,993,3444
"11785","07_report/CpG_context_sampling_9960_785_trimmed_bismark_bt2.CpG",3435,2417,1018,3435
"11786","07_report/CpG_context_sampling_9960_786_trimmed_bismark_bt2.CpG",3433,2461,972,3433
"11787","07_report/CpG_context_sampling_9960_787_trimmed_bismark_bt2.CpG",3458,2467,991,3458
"11788","07_report/CpG_context_sampling_9960_788_trimmed_bismark_bt2.CpG",3400,2378,1022,3400
"11789","07_report/CpG_context_sampling_9960_789_trimmed_bismark_bt2.CpG",3475,2468,1007,3475
"11790","07_report/CpG_context_sampling_9960_790_trimmed_bismark_bt2.CpG",3499,2481,1018,3499
"11791","07_report/CpG_context_sampling_9960_791_trimmed_bismark_bt2.CpG",3403,2446,957,3403
"11792","07_report/CpG_context_sampling_9960_792_trimmed_bismark_bt2.CpG",3419,2434,985,3419
"11793","07_report/CpG_context_sampling_9960_793_trimmed_bismark_bt2.CpG",3542,2487,1055,3542
"11794","07_report/CpG_context_sampling_9960_794_trimmed_bismark_bt2.CpG",3460,2479,981,3460
"11795","07_report/CpG_context_sampling_9960_795_trimmed_bismark_bt2.CpG",3494,2460,1034,3494
"11796","07_report/CpG_context_sampling_9960_796_trimmed_bismark_bt2.CpG",3397,2461,936,3397
"11797","07_report/CpG_context_sampling_9960_797_trimmed_bismark_bt2.CpG",3407,2433,974,3407
"11798","07_report/CpG_context_sampling_9960_798_trimmed_bismark_bt2.CpG",3442,2505,937,3442
"11799","07_report/CpG_context_sampling_9960_799_trimmed_bismark_bt2.CpG",3446,2460,986,3446
"11800","07_report/CpG_context_sampling_9960_800_trimmed_bismark_bt2.CpG",3533,2510,1023,3533
"11801","07_report/CpG_context_sampling_9960_801_trimmed_bismark_bt2.CpG",3352,2432,920,3352
"11802","07_report/CpG_context_sampling_9960_802_trimmed_bismark_bt2.CpG",3484,2453,1031,3484
"11803","07_report/CpG_context_sampling_9960_803_trimmed_bismark_bt2.CpG",3469,2514,955,3469
"11804","07_report/CpG_context_sampling_9960_804_trimmed_bismark_bt2.CpG",3465,2457,1008,3465
"11805","07_report/CpG_context_sampling_9960_805_trimmed_bismark_bt2.CpG",3443,2476,967,3443
"11806","07_report/CpG_context_sampling_9960_806_trimmed_bismark_bt2.CpG",3377,2425,952,3377
"11807","07_report/CpG_context_sampling_9960_807_trimmed_bismark_bt2.CpG",3486,2495,991,3486
"11808","07_report/CpG_context_sampling_9960_808_trimmed_bismark_bt2.CpG",3403,2460,943,3403
"11809","07_report/CpG_context_sampling_9960_809_trimmed_bismark_bt2.CpG",3471,2502,969,3471
"11810","07_report/CpG_context_sampling_9960_810_trimmed_bismark_bt2.CpG",3414,2437,977,3414
"11811","07_report/CpG_context_sampling_9960_811_trimmed_bismark_bt2.CpG",3462,2462,1000,3462
"11812","07_report/CpG_context_sampling_9960_812_trimmed_bismark_bt2.CpG",3413,2408,1005,3413
"11813","07_report/CpG_context_sampling_9960_813_trimmed_bismark_bt2.CpG",3449,2440,1009,3449
"11814","07_report/CpG_context_sampling_9960_814_trimmed_bismark_bt2.CpG",3357,2389,968,3357
"11815","07_report/CpG_context_sampling_9960_815_trimmed_bismark_bt2.CpG",3452,2451,1001,3452
"11816","07_report/CpG_context_sampling_9960_816_trimmed_bismark_bt2.CpG",3437,2436,1001,3437
"11817","07_report/CpG_context_sampling_9960_817_trimmed_bismark_bt2.CpG",3516,2449,1067,3516
"11818","07_report/CpG_context_sampling_9960_818_trimmed_bismark_bt2.CpG",3488,2488,1000,3488
"11819","07_report/CpG_context_sampling_9960_819_trimmed_bismark_bt2.CpG",3463,2450,1013,3463
"11820","07_report/CpG_context_sampling_9960_820_trimmed_bismark_bt2.CpG",3486,2469,1017,3486
"11821","07_report/CpG_context_sampling_9960_821_trimmed_bismark_bt2.CpG",3388,2422,966,3388
"11822","07_report/CpG_context_sampling_9960_822_trimmed_bismark_bt2.CpG",3384,2420,964,3384
"11823","07_report/CpG_context_sampling_9960_823_trimmed_bismark_bt2.CpG",3468,2525,943,3468
"11824","07_report/CpG_context_sampling_9960_824_trimmed_bismark_bt2.CpG",3470,2446,1024,3470
"11825","07_report/CpG_context_sampling_9960_825_trimmed_bismark_bt2.CpG",3444,2515,929,3444
"11826","07_report/CpG_context_sampling_9960_826_trimmed_bismark_bt2.CpG",3500,2492,1008,3500
"11827","07_report/CpG_context_sampling_9960_827_trimmed_bismark_bt2.CpG",3487,2523,964,3487
"11828","07_report/CpG_context_sampling_9960_828_trimmed_bismark_bt2.CpG",3512,2511,1001,3512
"11829","07_report/CpG_context_sampling_9960_829_trimmed_bismark_bt2.CpG",3497,2517,980,3497
"11830","07_report/CpG_context_sampling_9960_830_trimmed_bismark_bt2.CpG",3476,2457,1019,3476
"11831","07_report/CpG_context_sampling_9960_831_trimmed_bismark_bt2.CpG",3452,2441,1011,3452
"11832","07_report/CpG_context_sampling_9960_832_trimmed_bismark_bt2.CpG",3404,2404,1000,3404
"11833","07_report/CpG_context_sampling_9960_833_trimmed_bismark_bt2.CpG",3516,2462,1054,3516
"11834","07_report/CpG_context_sampling_9960_834_trimmed_bismark_bt2.CpG",3454,2467,987,3454
"11835","07_report/CpG_context_sampling_9960_835_trimmed_bismark_bt2.CpG",3475,2502,973,3475
"11836","07_report/CpG_context_sampling_9960_836_trimmed_bismark_bt2.CpG",3464,2459,1005,3464
"11837","07_report/CpG_context_sampling_9960_837_trimmed_bismark_bt2.CpG",3443,2456,987,3443
"11838","07_report/CpG_context_sampling_9960_838_trimmed_bismark_bt2.CpG",3382,2412,970,3382
"11839","07_report/CpG_context_sampling_9960_839_trimmed_bismark_bt2.CpG",3520,2526,994,3520
"11840","07_report/CpG_context_sampling_9960_840_trimmed_bismark_bt2.CpG",3490,2521,969,3490
"11841","07_report/CpG_context_sampling_9960_841_trimmed_bismark_bt2.CpG",3466,2480,986,3466
"11842","07_report/CpG_context_sampling_9960_842_trimmed_bismark_bt2.CpG",3516,2466,1050,3516
"11843","07_report/CpG_context_sampling_9960_843_trimmed_bismark_bt2.CpG",3512,2540,972,3512
"11844","07_report/CpG_context_sampling_9960_844_trimmed_bismark_bt2.CpG",3452,2450,1002,3452
"11845","07_report/CpG_context_sampling_9960_845_trimmed_bismark_bt2.CpG",3419,2447,972,3419
"11846","07_report/CpG_context_sampling_9960_846_trimmed_bismark_bt2.CpG",3506,2498,1008,3506
"11847","07_report/CpG_context_sampling_9960_847_trimmed_bismark_bt2.CpG",3477,2491,986,3477
"11848","07_report/CpG_context_sampling_9960_848_trimmed_bismark_bt2.CpG",3484,2479,1005,3484
"11849","07_report/CpG_context_sampling_9960_849_trimmed_bismark_bt2.CpG",3380,2395,985,3380
"11850","07_report/CpG_context_sampling_9960_850_trimmed_bismark_bt2.CpG",3523,2495,1028,3523
"11851","07_report/CpG_context_sampling_9960_851_trimmed_bismark_bt2.CpG",3405,2476,929,3405
"11852","07_report/CpG_context_sampling_9960_852_trimmed_bismark_bt2.CpG",3469,2489,980,3469
"11853","07_report/CpG_context_sampling_9960_853_trimmed_bismark_bt2.CpG",3528,2528,1000,3528
"11854","07_report/CpG_context_sampling_9960_854_trimmed_bismark_bt2.CpG",3489,2440,1049,3489
"11855","07_report/CpG_context_sampling_9960_855_trimmed_bismark_bt2.CpG",3472,2539,933,3472
"11856","07_report/CpG_context_sampling_9960_856_trimmed_bismark_bt2.CpG",3525,2529,996,3525
"11857","07_report/CpG_context_sampling_9960_857_trimmed_bismark_bt2.CpG",3344,2392,952,3344
"11858","07_report/CpG_context_sampling_9960_858_trimmed_bismark_bt2.CpG",3434,2457,977,3434
"11859","07_report/CpG_context_sampling_9960_859_trimmed_bismark_bt2.CpG",3479,2474,1005,3479
"11860","07_report/CpG_context_sampling_9960_860_trimmed_bismark_bt2.CpG",3393,2460,933,3393
"11861","07_report/CpG_context_sampling_9960_861_trimmed_bismark_bt2.CpG",3437,2483,954,3437
"11862","07_report/CpG_context_sampling_9960_862_trimmed_bismark_bt2.CpG",3483,2473,1010,3483
"11863","07_report/CpG_context_sampling_9960_863_trimmed_bismark_bt2.CpG",3490,2449,1041,3490
"11864","07_report/CpG_context_sampling_9960_864_trimmed_bismark_bt2.CpG",3395,2370,1025,3395
"11865","07_report/CpG_context_sampling_9960_865_trimmed_bismark_bt2.CpG",3500,2538,962,3500
"11866","07_report/CpG_context_sampling_9960_866_trimmed_bismark_bt2.CpG",3462,2470,992,3462
"11867","07_report/CpG_context_sampling_9960_867_trimmed_bismark_bt2.CpG",3520,2522,998,3520
"11868","07_report/CpG_context_sampling_9960_868_trimmed_bismark_bt2.CpG",3412,2449,963,3412
"11869","07_report/CpG_context_sampling_9960_869_trimmed_bismark_bt2.CpG",3481,2545,936,3481
"11870","07_report/CpG_context_sampling_9960_870_trimmed_bismark_bt2.CpG",3423,2457,966,3423
"11871","07_report/CpG_context_sampling_9960_871_trimmed_bismark_bt2.CpG",3438,2380,1058,3438
"11872","07_report/CpG_context_sampling_9960_872_trimmed_bismark_bt2.CpG",3444,2440,1004,3444
"11873","07_report/CpG_context_sampling_9960_873_trimmed_bismark_bt2.CpG",3453,2509,944,3453
"11874","07_report/CpG_context_sampling_9960_874_trimmed_bismark_bt2.CpG",3425,2427,998,3425
"11875","07_report/CpG_context_sampling_9960_875_trimmed_bismark_bt2.CpG",3328,2404,924,3328
"11876","07_report/CpG_context_sampling_9960_876_trimmed_bismark_bt2.CpG",3489,2472,1017,3489
"11877","07_report/CpG_context_sampling_9960_877_trimmed_bismark_bt2.CpG",3448,2473,975,3448
"11878","07_report/CpG_context_sampling_9960_878_trimmed_bismark_bt2.CpG",3419,2434,985,3419
"11879","07_report/CpG_context_sampling_9960_879_trimmed_bismark_bt2.CpG",3424,2427,997,3424
"11880","07_report/CpG_context_sampling_9960_880_trimmed_bismark_bt2.CpG",3412,2436,976,3412
"11881","07_report/CpG_context_sampling_9960_881_trimmed_bismark_bt2.CpG",3477,2461,1016,3477
"11882","07_report/CpG_context_sampling_9960_882_trimmed_bismark_bt2.CpG",3382,2412,970,3382
"11883","07_report/CpG_context_sampling_9960_883_trimmed_bismark_bt2.CpG",3489,2527,962,3489
"11884","07_report/CpG_context_sampling_9960_884_trimmed_bismark_bt2.CpG",3495,2549,946,3495
"11885","07_report/CpG_context_sampling_9960_885_trimmed_bismark_bt2.CpG",3421,2460,961,3421
"11886","07_report/CpG_context_sampling_9960_886_trimmed_bismark_bt2.CpG",3486,2495,991,3486
"11887","07_report/CpG_context_sampling_9960_887_trimmed_bismark_bt2.CpG",3512,2479,1033,3512
"11888","07_report/CpG_context_sampling_9960_888_trimmed_bismark_bt2.CpG",3336,2420,916,3336
"11889","07_report/CpG_context_sampling_9960_889_trimmed_bismark_bt2.CpG",3502,2479,1023,3502
"11890","07_report/CpG_context_sampling_9960_890_trimmed_bismark_bt2.CpG",3509,2525,984,3509
"11891","07_report/CpG_context_sampling_9960_891_trimmed_bismark_bt2.CpG",3370,2402,968,3370
"11892","07_report/CpG_context_sampling_9960_892_trimmed_bismark_bt2.CpG",3427,2428,999,3427
"11893","07_report/CpG_context_sampling_9960_893_trimmed_bismark_bt2.CpG",3453,2450,1003,3453
"11894","07_report/CpG_context_sampling_9960_894_trimmed_bismark_bt2.CpG",3476,2496,980,3476
"11895","07_report/CpG_context_sampling_9960_895_trimmed_bismark_bt2.CpG",3418,2436,982,3418
"11896","07_report/CpG_context_sampling_9960_896_trimmed_bismark_bt2.CpG",3402,2452,950,3402
"11897","07_report/CpG_context_sampling_9960_897_trimmed_bismark_bt2.CpG",3398,2389,1009,3398
"11898","07_report/CpG_context_sampling_9960_898_trimmed_bismark_bt2.CpG",3549,2544,1005,3549
"11899","07_report/CpG_context_sampling_9960_899_trimmed_bismark_bt2.CpG",3434,2424,1010,3434
"11900","07_report/CpG_context_sampling_9960_900_trimmed_bismark_bt2.CpG",3424,2476,948,3424
"11901","07_report/CpG_context_sampling_9960_901_trimmed_bismark_bt2.CpG",3351,2370,981,3351
"11902","07_report/CpG_context_sampling_9960_902_trimmed_bismark_bt2.CpG",3422,2458,964,3422
"11903","07_report/CpG_context_sampling_9960_903_trimmed_bismark_bt2.CpG",3455,2450,1005,3455
"11904","07_report/CpG_context_sampling_9960_904_trimmed_bismark_bt2.CpG",3417,2414,1003,3417
"11905","07_report/CpG_context_sampling_9960_905_trimmed_bismark_bt2.CpG",3486,2525,961,3486
"11906","07_report/CpG_context_sampling_9960_906_trimmed_bismark_bt2.CpG",3499,2505,994,3499
"11907","07_report/CpG_context_sampling_9960_907_trimmed_bismark_bt2.CpG",3380,2457,923,3380
"11908","07_report/CpG_context_sampling_9960_908_trimmed_bismark_bt2.CpG",3441,2466,975,3441
"11909","07_report/CpG_context_sampling_9960_909_trimmed_bismark_bt2.CpG",3507,2567,940,3507
"11910","07_report/CpG_context_sampling_9960_910_trimmed_bismark_bt2.CpG",3464,2506,958,3464
"11911","07_report/CpG_context_sampling_9960_911_trimmed_bismark_bt2.CpG",3446,2504,942,3446
"11912","07_report/CpG_context_sampling_9960_912_trimmed_bismark_bt2.CpG",3462,2496,966,3462
"11913","07_report/CpG_context_sampling_9960_913_trimmed_bismark_bt2.CpG",3451,2503,948,3451
"11914","07_report/CpG_context_sampling_9960_914_trimmed_bismark_bt2.CpG",3510,2525,985,3510
"11915","07_report/CpG_context_sampling_9960_915_trimmed_bismark_bt2.CpG",3464,2539,925,3464
"11916","07_report/CpG_context_sampling_9960_916_trimmed_bismark_bt2.CpG",3437,2413,1024,3437
"11917","07_report/CpG_context_sampling_9960_917_trimmed_bismark_bt2.CpG",3436,2453,983,3436
"11918","07_report/CpG_context_sampling_9960_918_trimmed_bismark_bt2.CpG",3487,2467,1020,3487
"11919","07_report/CpG_context_sampling_9960_919_trimmed_bismark_bt2.CpG",3496,2525,971,3496
"11920","07_report/CpG_context_sampling_9960_920_trimmed_bismark_bt2.CpG",3405,2438,967,3405
"11921","07_report/CpG_context_sampling_9960_921_trimmed_bismark_bt2.CpG",3400,2431,969,3400
"11922","07_report/CpG_context_sampling_9960_922_trimmed_bismark_bt2.CpG",3433,2471,962,3433
"11923","07_report/CpG_context_sampling_9960_923_trimmed_bismark_bt2.CpG",3431,2481,950,3431
"11924","07_report/CpG_context_sampling_9960_924_trimmed_bismark_bt2.CpG",3472,2506,966,3472
"11925","07_report/CpG_context_sampling_9960_925_trimmed_bismark_bt2.CpG",3416,2431,985,3416
"11926","07_report/CpG_context_sampling_9960_926_trimmed_bismark_bt2.CpG",3415,2476,939,3415
"11927","07_report/CpG_context_sampling_9960_927_trimmed_bismark_bt2.CpG",3460,2472,988,3460
"11928","07_report/CpG_context_sampling_9960_928_trimmed_bismark_bt2.CpG",3525,2525,1000,3525
"11929","07_report/CpG_context_sampling_9960_929_trimmed_bismark_bt2.CpG",3424,2451,973,3424
"11930","07_report/CpG_context_sampling_9960_930_trimmed_bismark_bt2.CpG",3416,2412,1004,3416
"11931","07_report/CpG_context_sampling_9960_931_trimmed_bismark_bt2.CpG",3445,2416,1029,3445
"11932","07_report/CpG_context_sampling_9960_932_trimmed_bismark_bt2.CpG",3447,2428,1019,3447
"11933","07_report/CpG_context_sampling_9960_933_trimmed_bismark_bt2.CpG",3494,2475,1019,3494
"11934","07_report/CpG_context_sampling_9960_934_trimmed_bismark_bt2.CpG",3476,2455,1021,3476
"11935","07_report/CpG_context_sampling_9960_935_trimmed_bismark_bt2.CpG",3411,2451,960,3411
"11936","07_report/CpG_context_sampling_9960_936_trimmed_bismark_bt2.CpG",3456,2467,989,3456
"11937","07_report/CpG_context_sampling_9960_937_trimmed_bismark_bt2.CpG",3463,2496,967,3463
"11938","07_report/CpG_context_sampling_9960_938_trimmed_bismark_bt2.CpG",3463,2471,992,3463
"11939","07_report/CpG_context_sampling_9960_939_trimmed_bismark_bt2.CpG",3453,2465,988,3453
"11940","07_report/CpG_context_sampling_9960_940_trimmed_bismark_bt2.CpG",3418,2395,1023,3418
"11941","07_report/CpG_context_sampling_9960_941_trimmed_bismark_bt2.CpG",3427,2421,1006,3427
"11942","07_report/CpG_context_sampling_9960_942_trimmed_bismark_bt2.CpG",3355,2399,956,3355
"11943","07_report/CpG_context_sampling_9960_943_trimmed_bismark_bt2.CpG",3497,2487,1010,3497
"11944","07_report/CpG_context_sampling_9960_944_trimmed_bismark_bt2.CpG",3516,2529,987,3516
"11945","07_report/CpG_context_sampling_9960_945_trimmed_bismark_bt2.CpG",3493,2514,979,3493
"11946","07_report/CpG_context_sampling_9960_946_trimmed_bismark_bt2.CpG",3532,2494,1038,3532
"11947","07_report/CpG_context_sampling_9960_947_trimmed_bismark_bt2.CpG",3459,2438,1021,3459
"11948","07_report/CpG_context_sampling_9960_948_trimmed_bismark_bt2.CpG",3464,2478,986,3464
"11949","07_report/CpG_context_sampling_9960_949_trimmed_bismark_bt2.CpG",3521,2496,1025,3521
"11950","07_report/CpG_context_sampling_9960_950_trimmed_bismark_bt2.CpG",3431,2448,983,3431
"11951","07_report/CpG_context_sampling_9960_951_trimmed_bismark_bt2.CpG",3408,2454,954,3408
"11952","07_report/CpG_context_sampling_9960_952_trimmed_bismark_bt2.CpG",3358,2458,900,3358
"11953","07_report/CpG_context_sampling_9960_953_trimmed_bismark_bt2.CpG",3452,2415,1037,3452
"11954","07_report/CpG_context_sampling_9960_954_trimmed_bismark_bt2.CpG",3464,2529,935,3464
"11955","07_report/CpG_context_sampling_9960_955_trimmed_bismark_bt2.CpG",3468,2460,1008,3468
"11956","07_report/CpG_context_sampling_9960_956_trimmed_bismark_bt2.CpG",3505,2501,1004,3505
"11957","07_report/CpG_context_sampling_9960_957_trimmed_bismark_bt2.CpG",3548,2561,987,3548
"11958","07_report/CpG_context_sampling_9960_958_trimmed_bismark_bt2.CpG",3474,2438,1036,3474
"11959","07_report/CpG_context_sampling_9960_959_trimmed_bismark_bt2.CpG",3472,2476,996,3472
"11960","07_report/CpG_context_sampling_9960_960_trimmed_bismark_bt2.CpG",3532,2510,1022,3532
"11961","07_report/CpG_context_sampling_9960_961_trimmed_bismark_bt2.CpG",3494,2481,1013,3494
"11962","07_report/CpG_context_sampling_9960_962_trimmed_bismark_bt2.CpG",3434,2478,956,3434
"11963","07_report/CpG_context_sampling_9960_963_trimmed_bismark_bt2.CpG",3482,2519,963,3482
"11964","07_report/CpG_context_sampling_9960_964_trimmed_bismark_bt2.CpG",3414,2423,991,3414
"11965","07_report/CpG_context_sampling_9960_965_trimmed_bismark_bt2.CpG",3462,2494,968,3462
"11966","07_report/CpG_context_sampling_9960_966_trimmed_bismark_bt2.CpG",3521,2542,979,3521
"11967","07_report/CpG_context_sampling_9960_967_trimmed_bismark_bt2.CpG",3482,2492,990,3482
"11968","07_report/CpG_context_sampling_9960_968_trimmed_bismark_bt2.CpG",3424,2429,995,3424
"11969","07_report/CpG_context_sampling_9960_969_trimmed_bismark_bt2.CpG",3394,2375,1019,3394
"11970","07_report/CpG_context_sampling_9960_970_trimmed_bismark_bt2.CpG",3458,2442,1016,3458
"11971","07_report/CpG_context_sampling_9960_971_trimmed_bismark_bt2.CpG",3375,2386,989,3375
"11972","07_report/CpG_context_sampling_9960_972_trimmed_bismark_bt2.CpG",3487,2442,1045,3487
"11973","07_report/CpG_context_sampling_9960_973_trimmed_bismark_bt2.CpG",3443,2442,1001,3443
"11974","07_report/CpG_context_sampling_9960_974_trimmed_bismark_bt2.CpG",3472,2471,1001,3472
"11975","07_report/CpG_context_sampling_9960_975_trimmed_bismark_bt2.CpG",3522,2526,996,3522
"11976","07_report/CpG_context_sampling_9960_976_trimmed_bismark_bt2.CpG",3401,2461,940,3401
"11977","07_report/CpG_context_sampling_9960_977_trimmed_bismark_bt2.CpG",3490,2490,1000,3490
"11978","07_report/CpG_context_sampling_9960_978_trimmed_bismark_bt2.CpG",3464,2491,973,3464
"11979","07_report/CpG_context_sampling_9960_979_trimmed_bismark_bt2.CpG",3475,2464,1011,3475
"11980","07_report/CpG_context_sampling_9960_980_trimmed_bismark_bt2.CpG",3532,2518,1014,3532
"11981","07_report/CpG_context_sampling_9960_981_trimmed_bismark_bt2.CpG",3462,2454,1008,3462
"11982","07_report/CpG_context_sampling_9960_982_trimmed_bismark_bt2.CpG",3428,2473,955,3428
"11983","07_report/CpG_context_sampling_9960_983_trimmed_bismark_bt2.CpG",3447,2488,959,3447
"11984","07_report/CpG_context_sampling_9960_984_trimmed_bismark_bt2.CpG",3429,2448,981,3429
"11985","07_report/CpG_context_sampling_9960_985_trimmed_bismark_bt2.CpG",3470,2519,951,3470
"11986","07_report/CpG_context_sampling_9960_986_trimmed_bismark_bt2.CpG",3541,2558,983,3541
"11987","07_report/CpG_context_sampling_9960_987_trimmed_bismark_bt2.CpG",3368,2375,993,3368
"11988","07_report/CpG_context_sampling_9960_988_trimmed_bismark_bt2.CpG",3446,2485,961,3446
"11989","07_report/CpG_context_sampling_9960_989_trimmed_bismark_bt2.CpG",3464,2491,973,3464
"11990","07_report/CpG_context_sampling_9960_990_trimmed_bismark_bt2.CpG",3432,2446,986,3432
"11991","07_report/CpG_context_sampling_9960_991_trimmed_bismark_bt2.CpG",3478,2458,1020,3478
"11992","07_report/CpG_context_sampling_9960_992_trimmed_bismark_bt2.CpG",3460,2462,998,3460
"11993","07_report/CpG_context_sampling_9960_993_trimmed_bismark_bt2.CpG",3418,2399,1019,3418
"11994","07_report/CpG_context_sampling_9960_994_trimmed_bismark_bt2.CpG",3517,2529,988,3517
"11995","07_report/CpG_context_sampling_9960_995_trimmed_bismark_bt2.CpG",3480,2487,993,3480
"11996","07_report/CpG_context_sampling_9960_996_trimmed_bismark_bt2.CpG",3472,2453,1019,3472
"11997","07_report/CpG_context_sampling_9960_997_trimmed_bismark_bt2.CpG",3442,2436,1006,3442
"11998","07_report/CpG_context_sampling_9960_998_trimmed_bismark_bt2.CpG",3530,2526,1004,3530
"11999","07_report/CpG_context_sampling_9960_999_trimmed_bismark_bt2.CpG",3427,2458,969,3427
"12000","07_report/CpG_context_sampling_9960_1000_trimmed_bismark_bt2.CpG",3458,2456,1002,3458
"12001","07_report/CpG_context_sampling_12451_1_trimmed_bismark_bt2.CpG",4303,3094,1209,4303
"12002","07_report/CpG_context_sampling_12451_2_trimmed_bismark_bt2.CpG",4388,3142,1246,4388
"12003","07_report/CpG_context_sampling_12451_3_trimmed_bismark_bt2.CpG",4379,3138,1241,4379
"12004","07_report/CpG_context_sampling_12451_4_trimmed_bismark_bt2.CpG",4358,3081,1277,4358
"12005","07_report/CpG_context_sampling_12451_5_trimmed_bismark_bt2.CpG",4301,3048,1253,4301
"12006","07_report/CpG_context_sampling_12451_6_trimmed_bismark_bt2.CpG",4333,3059,1274,4333
"12007","07_report/CpG_context_sampling_12451_7_trimmed_bismark_bt2.CpG",4271,3029,1242,4271
"12008","07_report/CpG_context_sampling_12451_8_trimmed_bismark_bt2.CpG",4393,3145,1248,4393
"12009","07_report/CpG_context_sampling_12451_9_trimmed_bismark_bt2.CpG",4367,3134,1233,4367
"12010","07_report/CpG_context_sampling_12451_10_trimmed_bismark_bt2.CpG",4338,3116,1222,4338
"12011","07_report/CpG_context_sampling_12451_11_trimmed_bismark_bt2.CpG",4328,3103,1225,4328
"12012","07_report/CpG_context_sampling_12451_12_trimmed_bismark_bt2.CpG",4288,3072,1216,4288
"12013","07_report/CpG_context_sampling_12451_13_trimmed_bismark_bt2.CpG",4309,3097,1212,4309
"12014","07_report/CpG_context_sampling_12451_14_trimmed_bismark_bt2.CpG",4285,3096,1189,4285
"12015","07_report/CpG_context_sampling_12451_15_trimmed_bismark_bt2.CpG",4423,3146,1277,4423
"12016","07_report/CpG_context_sampling_12451_16_trimmed_bismark_bt2.CpG",4251,2994,1257,4251
"12017","07_report/CpG_context_sampling_12451_17_trimmed_bismark_bt2.CpG",4296,3062,1234,4296
"12018","07_report/CpG_context_sampling_12451_18_trimmed_bismark_bt2.CpG",4251,3059,1192,4251
"12019","07_report/CpG_context_sampling_12451_19_trimmed_bismark_bt2.CpG",4277,3040,1237,4277
"12020","07_report/CpG_context_sampling_12451_20_trimmed_bismark_bt2.CpG",4364,3152,1212,4364
"12021","07_report/CpG_context_sampling_12451_21_trimmed_bismark_bt2.CpG",4342,3151,1191,4342
"12022","07_report/CpG_context_sampling_12451_22_trimmed_bismark_bt2.CpG",4394,3125,1269,4394
"12023","07_report/CpG_context_sampling_12451_23_trimmed_bismark_bt2.CpG",4378,3099,1279,4378
"12024","07_report/CpG_context_sampling_12451_24_trimmed_bismark_bt2.CpG",4260,2981,1279,4260
"12025","07_report/CpG_context_sampling_12451_25_trimmed_bismark_bt2.CpG",4395,3139,1256,4395
"12026","07_report/CpG_context_sampling_12451_26_trimmed_bismark_bt2.CpG",4362,3116,1246,4362
"12027","07_report/CpG_context_sampling_12451_27_trimmed_bismark_bt2.CpG",4329,3111,1218,4329
"12028","07_report/CpG_context_sampling_12451_28_trimmed_bismark_bt2.CpG",4307,3040,1267,4307
"12029","07_report/CpG_context_sampling_12451_29_trimmed_bismark_bt2.CpG",4258,3056,1202,4258
"12030","07_report/CpG_context_sampling_12451_30_trimmed_bismark_bt2.CpG",4353,3076,1277,4353
"12031","07_report/CpG_context_sampling_12451_31_trimmed_bismark_bt2.CpG",4288,3111,1177,4288
"12032","07_report/CpG_context_sampling_12451_32_trimmed_bismark_bt2.CpG",4413,3209,1204,4413
"12033","07_report/CpG_context_sampling_12451_33_trimmed_bismark_bt2.CpG",4340,3101,1239,4340
"12034","07_report/CpG_context_sampling_12451_34_trimmed_bismark_bt2.CpG",4328,3063,1265,4328
"12035","07_report/CpG_context_sampling_12451_35_trimmed_bismark_bt2.CpG",4240,3035,1205,4240
"12036","07_report/CpG_context_sampling_12451_36_trimmed_bismark_bt2.CpG",4441,3129,1312,4441
"12037","07_report/CpG_context_sampling_12451_37_trimmed_bismark_bt2.CpG",4285,3000,1285,4285
"12038","07_report/CpG_context_sampling_12451_38_trimmed_bismark_bt2.CpG",4282,3074,1208,4282
"12039","07_report/CpG_context_sampling_12451_39_trimmed_bismark_bt2.CpG",4317,3119,1198,4317
"12040","07_report/CpG_context_sampling_12451_40_trimmed_bismark_bt2.CpG",4298,3037,1261,4298
"12041","07_report/CpG_context_sampling_12451_41_trimmed_bismark_bt2.CpG",4333,3097,1236,4333
"12042","07_report/CpG_context_sampling_12451_42_trimmed_bismark_bt2.CpG",4362,3068,1294,4362
"12043","07_report/CpG_context_sampling_12451_43_trimmed_bismark_bt2.CpG",4349,3104,1245,4349
"12044","07_report/CpG_context_sampling_12451_44_trimmed_bismark_bt2.CpG",4276,3022,1254,4276
"12045","07_report/CpG_context_sampling_12451_45_trimmed_bismark_bt2.CpG",4362,3067,1295,4362
"12046","07_report/CpG_context_sampling_12451_46_trimmed_bismark_bt2.CpG",4346,3086,1260,4346
"12047","07_report/CpG_context_sampling_12451_47_trimmed_bismark_bt2.CpG",4263,3038,1225,4263
"12048","07_report/CpG_context_sampling_12451_48_trimmed_bismark_bt2.CpG",4297,3120,1177,4297
"12049","07_report/CpG_context_sampling_12451_49_trimmed_bismark_bt2.CpG",4301,3084,1217,4301
"12050","07_report/CpG_context_sampling_12451_50_trimmed_bismark_bt2.CpG",4320,3039,1281,4320
"12051","07_report/CpG_context_sampling_12451_51_trimmed_bismark_bt2.CpG",4290,3122,1168,4290
"12052","07_report/CpG_context_sampling_12451_52_trimmed_bismark_bt2.CpG",4308,3115,1193,4308
"12053","07_report/CpG_context_sampling_12451_53_trimmed_bismark_bt2.CpG",4358,3110,1248,4358
"12054","07_report/CpG_context_sampling_12451_54_trimmed_bismark_bt2.CpG",4306,3102,1204,4306
"12055","07_report/CpG_context_sampling_12451_55_trimmed_bismark_bt2.CpG",4307,3073,1234,4307
"12056","07_report/CpG_context_sampling_12451_56_trimmed_bismark_bt2.CpG",4382,3149,1233,4382
"12057","07_report/CpG_context_sampling_12451_57_trimmed_bismark_bt2.CpG",4263,3049,1214,4263
"12058","07_report/CpG_context_sampling_12451_58_trimmed_bismark_bt2.CpG",4293,3055,1238,4293
"12059","07_report/CpG_context_sampling_12451_59_trimmed_bismark_bt2.CpG",4354,3093,1261,4354
"12060","07_report/CpG_context_sampling_12451_60_trimmed_bismark_bt2.CpG",4303,3124,1179,4303
"12061","07_report/CpG_context_sampling_12451_61_trimmed_bismark_bt2.CpG",4327,3079,1248,4327
"12062","07_report/CpG_context_sampling_12451_62_trimmed_bismark_bt2.CpG",4328,3095,1233,4328
"12063","07_report/CpG_context_sampling_12451_63_trimmed_bismark_bt2.CpG",4297,3068,1229,4297
"12064","07_report/CpG_context_sampling_12451_64_trimmed_bismark_bt2.CpG",4299,3040,1259,4299
"12065","07_report/CpG_context_sampling_12451_65_trimmed_bismark_bt2.CpG",4297,3073,1224,4297
"12066","07_report/CpG_context_sampling_12451_66_trimmed_bismark_bt2.CpG",4376,3092,1284,4376
"12067","07_report/CpG_context_sampling_12451_67_trimmed_bismark_bt2.CpG",4287,3018,1269,4287
"12068","07_report/CpG_context_sampling_12451_68_trimmed_bismark_bt2.CpG",4295,3111,1184,4295
"12069","07_report/CpG_context_sampling_12451_69_trimmed_bismark_bt2.CpG",4303,3065,1238,4303
"12070","07_report/CpG_context_sampling_12451_70_trimmed_bismark_bt2.CpG",4268,3055,1213,4268
"12071","07_report/CpG_context_sampling_12451_71_trimmed_bismark_bt2.CpG",4329,3077,1252,4329
"12072","07_report/CpG_context_sampling_12451_72_trimmed_bismark_bt2.CpG",4291,3077,1214,4291
"12073","07_report/CpG_context_sampling_12451_73_trimmed_bismark_bt2.CpG",4382,3134,1248,4382
"12074","07_report/CpG_context_sampling_12451_74_trimmed_bismark_bt2.CpG",4346,3127,1219,4346
"12075","07_report/CpG_context_sampling_12451_75_trimmed_bismark_bt2.CpG",4316,3073,1243,4316
"12076","07_report/CpG_context_sampling_12451_76_trimmed_bismark_bt2.CpG",4350,3095,1255,4350
"12077","07_report/CpG_context_sampling_12451_77_trimmed_bismark_bt2.CpG",4377,3118,1259,4377
"12078","07_report/CpG_context_sampling_12451_78_trimmed_bismark_bt2.CpG",4312,3065,1247,4312
"12079","07_report/CpG_context_sampling_12451_79_trimmed_bismark_bt2.CpG",4299,3075,1224,4299
"12080","07_report/CpG_context_sampling_12451_80_trimmed_bismark_bt2.CpG",4287,3135,1152,4287
"12081","07_report/CpG_context_sampling_12451_81_trimmed_bismark_bt2.CpG",4296,3100,1196,4296
"12082","07_report/CpG_context_sampling_12451_82_trimmed_bismark_bt2.CpG",4360,3107,1253,4360
"12083","07_report/CpG_context_sampling_12451_83_trimmed_bismark_bt2.CpG",4243,3012,1231,4243
"12084","07_report/CpG_context_sampling_12451_84_trimmed_bismark_bt2.CpG",4290,3067,1223,4290
"12085","07_report/CpG_context_sampling_12451_85_trimmed_bismark_bt2.CpG",4429,3158,1271,4429
"12086","07_report/CpG_context_sampling_12451_86_trimmed_bismark_bt2.CpG",4226,3069,1157,4226
"12087","07_report/CpG_context_sampling_12451_87_trimmed_bismark_bt2.CpG",4281,3079,1202,4281
"12088","07_report/CpG_context_sampling_12451_88_trimmed_bismark_bt2.CpG",4242,3025,1217,4242
"12089","07_report/CpG_context_sampling_12451_89_trimmed_bismark_bt2.CpG",4304,3094,1210,4304
"12090","07_report/CpG_context_sampling_12451_90_trimmed_bismark_bt2.CpG",4340,3107,1233,4340
"12091","07_report/CpG_context_sampling_12451_91_trimmed_bismark_bt2.CpG",4325,3102,1223,4325
"12092","07_report/CpG_context_sampling_12451_92_trimmed_bismark_bt2.CpG",4274,3027,1247,4274
"12093","07_report/CpG_context_sampling_12451_93_trimmed_bismark_bt2.CpG",4338,3131,1207,4338
"12094","07_report/CpG_context_sampling_12451_94_trimmed_bismark_bt2.CpG",4323,3135,1188,4323
"12095","07_report/CpG_context_sampling_12451_95_trimmed_bismark_bt2.CpG",4333,3107,1226,4333
"12096","07_report/CpG_context_sampling_12451_96_trimmed_bismark_bt2.CpG",4344,3152,1192,4344
"12097","07_report/CpG_context_sampling_12451_97_trimmed_bismark_bt2.CpG",4330,3102,1228,4330
"12098","07_report/CpG_context_sampling_12451_98_trimmed_bismark_bt2.CpG",4328,3128,1200,4328
"12099","07_report/CpG_context_sampling_12451_99_trimmed_bismark_bt2.CpG",4343,3105,1238,4343
"12100","07_report/CpG_context_sampling_12451_100_trimmed_bismark_bt2.CpG",4255,3018,1237,4255
"12101","07_report/CpG_context_sampling_12451_101_trimmed_bismark_bt2.CpG",4262,3004,1258,4262
"12102","07_report/CpG_context_sampling_12451_102_trimmed_bismark_bt2.CpG",4355,3080,1275,4355
"12103","07_report/CpG_context_sampling_12451_103_trimmed_bismark_bt2.CpG",4252,2994,1258,4252
"12104","07_report/CpG_context_sampling_12451_104_trimmed_bismark_bt2.CpG",4288,3050,1238,4288
"12105","07_report/CpG_context_sampling_12451_105_trimmed_bismark_bt2.CpG",4418,3224,1194,4418
"12106","07_report/CpG_context_sampling_12451_106_trimmed_bismark_bt2.CpG",4303,3098,1205,4303
"12107","07_report/CpG_context_sampling_12451_107_trimmed_bismark_bt2.CpG",4389,3148,1241,4389
"12108","07_report/CpG_context_sampling_12451_108_trimmed_bismark_bt2.CpG",4316,3018,1298,4316
"12109","07_report/CpG_context_sampling_12451_109_trimmed_bismark_bt2.CpG",4310,3055,1255,4310
"12110","07_report/CpG_context_sampling_12451_110_trimmed_bismark_bt2.CpG",4408,3085,1323,4408
"12111","07_report/CpG_context_sampling_12451_111_trimmed_bismark_bt2.CpG",4315,3091,1224,4315
"12112","07_report/CpG_context_sampling_12451_112_trimmed_bismark_bt2.CpG",4334,3122,1212,4334
"12113","07_report/CpG_context_sampling_12451_113_trimmed_bismark_bt2.CpG",4210,3000,1210,4210
"12114","07_report/CpG_context_sampling_12451_114_trimmed_bismark_bt2.CpG",4297,3065,1232,4297
"12115","07_report/CpG_context_sampling_12451_115_trimmed_bismark_bt2.CpG",4368,3137,1231,4368
"12116","07_report/CpG_context_sampling_12451_116_trimmed_bismark_bt2.CpG",4290,3018,1272,4290
"12117","07_report/CpG_context_sampling_12451_117_trimmed_bismark_bt2.CpG",4274,3056,1218,4274
"12118","07_report/CpG_context_sampling_12451_118_trimmed_bismark_bt2.CpG",4289,3105,1184,4289
"12119","07_report/CpG_context_sampling_12451_119_trimmed_bismark_bt2.CpG",4356,3120,1236,4356
"12120","07_report/CpG_context_sampling_12451_120_trimmed_bismark_bt2.CpG",4325,3081,1244,4325
"12121","07_report/CpG_context_sampling_12451_121_trimmed_bismark_bt2.CpG",4315,3097,1218,4315
"12122","07_report/CpG_context_sampling_12451_122_trimmed_bismark_bt2.CpG",4340,3095,1245,4340
"12123","07_report/CpG_context_sampling_12451_123_trimmed_bismark_bt2.CpG",4371,3083,1288,4371
"12124","07_report/CpG_context_sampling_12451_124_trimmed_bismark_bt2.CpG",4321,3064,1257,4321
"12125","07_report/CpG_context_sampling_12451_125_trimmed_bismark_bt2.CpG",4314,3085,1229,4314
"12126","07_report/CpG_context_sampling_12451_126_trimmed_bismark_bt2.CpG",4264,3073,1191,4264
"12127","07_report/CpG_context_sampling_12451_127_trimmed_bismark_bt2.CpG",4367,3095,1272,4367
"12128","07_report/CpG_context_sampling_12451_128_trimmed_bismark_bt2.CpG",4375,3137,1238,4375
"12129","07_report/CpG_context_sampling_12451_129_trimmed_bismark_bt2.CpG",4220,3023,1197,4220
"12130","07_report/CpG_context_sampling_12451_130_trimmed_bismark_bt2.CpG",4376,3135,1241,4376
"12131","07_report/CpG_context_sampling_12451_131_trimmed_bismark_bt2.CpG",4337,3082,1255,4337
"12132","07_report/CpG_context_sampling_12451_132_trimmed_bismark_bt2.CpG",4316,3107,1209,4316
"12133","07_report/CpG_context_sampling_12451_133_trimmed_bismark_bt2.CpG",4193,3010,1183,4193
"12134","07_report/CpG_context_sampling_12451_134_trimmed_bismark_bt2.CpG",4328,3020,1308,4328
"12135","07_report/CpG_context_sampling_12451_135_trimmed_bismark_bt2.CpG",4292,3130,1162,4292
"12136","07_report/CpG_context_sampling_12451_136_trimmed_bismark_bt2.CpG",4376,3163,1213,4376
"12137","07_report/CpG_context_sampling_12451_137_trimmed_bismark_bt2.CpG",4218,3025,1193,4218
"12138","07_report/CpG_context_sampling_12451_138_trimmed_bismark_bt2.CpG",4385,3121,1264,4385
"12139","07_report/CpG_context_sampling_12451_139_trimmed_bismark_bt2.CpG",4339,3092,1247,4339
"12140","07_report/CpG_context_sampling_12451_140_trimmed_bismark_bt2.CpG",4368,3158,1210,4368
"12141","07_report/CpG_context_sampling_12451_141_trimmed_bismark_bt2.CpG",4298,3040,1258,4298
"12142","07_report/CpG_context_sampling_12451_142_trimmed_bismark_bt2.CpG",4337,3107,1230,4337
"12143","07_report/CpG_context_sampling_12451_143_trimmed_bismark_bt2.CpG",4355,3088,1267,4355
"12144","07_report/CpG_context_sampling_12451_144_trimmed_bismark_bt2.CpG",4351,3114,1237,4351
"12145","07_report/CpG_context_sampling_12451_145_trimmed_bismark_bt2.CpG",4357,3115,1242,4357
"12146","07_report/CpG_context_sampling_12451_146_trimmed_bismark_bt2.CpG",4284,3053,1231,4284
"12147","07_report/CpG_context_sampling_12451_147_trimmed_bismark_bt2.CpG",4310,3118,1192,4310
"12148","07_report/CpG_context_sampling_12451_148_trimmed_bismark_bt2.CpG",4256,3006,1250,4256
"12149","07_report/CpG_context_sampling_12451_149_trimmed_bismark_bt2.CpG",4249,3038,1211,4249
"12150","07_report/CpG_context_sampling_12451_150_trimmed_bismark_bt2.CpG",4302,3087,1215,4302
"12151","07_report/CpG_context_sampling_12451_151_trimmed_bismark_bt2.CpG",4297,3076,1221,4297
"12152","07_report/CpG_context_sampling_12451_152_trimmed_bismark_bt2.CpG",4309,3089,1220,4309
"12153","07_report/CpG_context_sampling_12451_153_trimmed_bismark_bt2.CpG",4407,3127,1280,4407
"12154","07_report/CpG_context_sampling_12451_154_trimmed_bismark_bt2.CpG",4351,3134,1217,4351
"12155","07_report/CpG_context_sampling_12451_155_trimmed_bismark_bt2.CpG",4268,3047,1221,4268
"12156","07_report/CpG_context_sampling_12451_156_trimmed_bismark_bt2.CpG",4309,3060,1249,4309
"12157","07_report/CpG_context_sampling_12451_157_trimmed_bismark_bt2.CpG",4343,3110,1233,4343
"12158","07_report/CpG_context_sampling_12451_158_trimmed_bismark_bt2.CpG",4274,3082,1192,4274
"12159","07_report/CpG_context_sampling_12451_159_trimmed_bismark_bt2.CpG",4316,3071,1245,4316
"12160","07_report/CpG_context_sampling_12451_160_trimmed_bismark_bt2.CpG",4280,3066,1214,4280
"12161","07_report/CpG_context_sampling_12451_161_trimmed_bismark_bt2.CpG",4408,3127,1281,4408
"12162","07_report/CpG_context_sampling_12451_162_trimmed_bismark_bt2.CpG",4371,3131,1240,4371
"12163","07_report/CpG_context_sampling_12451_163_trimmed_bismark_bt2.CpG",4301,3087,1214,4301
"12164","07_report/CpG_context_sampling_12451_164_trimmed_bismark_bt2.CpG",4219,3018,1201,4219
"12165","07_report/CpG_context_sampling_12451_165_trimmed_bismark_bt2.CpG",4309,3015,1294,4309
"12166","07_report/CpG_context_sampling_12451_166_trimmed_bismark_bt2.CpG",4245,3057,1188,4245
"12167","07_report/CpG_context_sampling_12451_167_trimmed_bismark_bt2.CpG",4277,3078,1199,4277
"12168","07_report/CpG_context_sampling_12451_168_trimmed_bismark_bt2.CpG",4360,3133,1227,4360
"12169","07_report/CpG_context_sampling_12451_169_trimmed_bismark_bt2.CpG",4338,3117,1221,4338
"12170","07_report/CpG_context_sampling_12451_170_trimmed_bismark_bt2.CpG",4351,3077,1274,4351
"12171","07_report/CpG_context_sampling_12451_171_trimmed_bismark_bt2.CpG",4333,3160,1173,4333
"12172","07_report/CpG_context_sampling_12451_172_trimmed_bismark_bt2.CpG",4293,3070,1223,4293
"12173","07_report/CpG_context_sampling_12451_173_trimmed_bismark_bt2.CpG",4296,3036,1260,4296
"12174","07_report/CpG_context_sampling_12451_174_trimmed_bismark_bt2.CpG",4386,3158,1228,4386
"12175","07_report/CpG_context_sampling_12451_175_trimmed_bismark_bt2.CpG",4290,3039,1251,4290
"12176","07_report/CpG_context_sampling_12451_176_trimmed_bismark_bt2.CpG",4224,3019,1205,4224
"12177","07_report/CpG_context_sampling_12451_177_trimmed_bismark_bt2.CpG",4328,3117,1211,4328
"12178","07_report/CpG_context_sampling_12451_178_trimmed_bismark_bt2.CpG",4287,3101,1186,4287
"12179","07_report/CpG_context_sampling_12451_179_trimmed_bismark_bt2.CpG",4409,3183,1226,4409
"12180","07_report/CpG_context_sampling_12451_180_trimmed_bismark_bt2.CpG",4339,3018,1321,4339
"12181","07_report/CpG_context_sampling_12451_181_trimmed_bismark_bt2.CpG",4285,3057,1228,4285
"12182","07_report/CpG_context_sampling_12451_182_trimmed_bismark_bt2.CpG",4319,3059,1260,4319
"12183","07_report/CpG_context_sampling_12451_183_trimmed_bismark_bt2.CpG",4255,2958,1297,4255
"12184","07_report/CpG_context_sampling_12451_184_trimmed_bismark_bt2.CpG",4267,3084,1183,4267
"12185","07_report/CpG_context_sampling_12451_185_trimmed_bismark_bt2.CpG",4333,3089,1244,4333
"12186","07_report/CpG_context_sampling_12451_186_trimmed_bismark_bt2.CpG",4391,3145,1246,4391
"12187","07_report/CpG_context_sampling_12451_187_trimmed_bismark_bt2.CpG",4459,3164,1295,4459
"12188","07_report/CpG_context_sampling_12451_188_trimmed_bismark_bt2.CpG",4306,3112,1194,4306
"12189","07_report/CpG_context_sampling_12451_189_trimmed_bismark_bt2.CpG",4345,3150,1195,4345
"12190","07_report/CpG_context_sampling_12451_190_trimmed_bismark_bt2.CpG",4276,3081,1195,4276
"12191","07_report/CpG_context_sampling_12451_191_trimmed_bismark_bt2.CpG",4367,3161,1206,4367
"12192","07_report/CpG_context_sampling_12451_192_trimmed_bismark_bt2.CpG",4283,3085,1198,4283
"12193","07_report/CpG_context_sampling_12451_193_trimmed_bismark_bt2.CpG",4421,3161,1260,4421
"12194","07_report/CpG_context_sampling_12451_194_trimmed_bismark_bt2.CpG",4299,3092,1207,4299
"12195","07_report/CpG_context_sampling_12451_195_trimmed_bismark_bt2.CpG",4274,3059,1215,4274
"12196","07_report/CpG_context_sampling_12451_196_trimmed_bismark_bt2.CpG",4383,3114,1269,4383
"12197","07_report/CpG_context_sampling_12451_197_trimmed_bismark_bt2.CpG",4305,3064,1241,4305
"12198","07_report/CpG_context_sampling_12451_198_trimmed_bismark_bt2.CpG",4370,3107,1263,4370
"12199","07_report/CpG_context_sampling_12451_199_trimmed_bismark_bt2.CpG",4305,3065,1240,4305
"12200","07_report/CpG_context_sampling_12451_200_trimmed_bismark_bt2.CpG",4313,3072,1241,4313
"12201","07_report/CpG_context_sampling_12451_201_trimmed_bismark_bt2.CpG",4322,3090,1232,4322
"12202","07_report/CpG_context_sampling_12451_202_trimmed_bismark_bt2.CpG",4380,3189,1191,4380
"12203","07_report/CpG_context_sampling_12451_203_trimmed_bismark_bt2.CpG",4385,3111,1274,4385
"12204","07_report/CpG_context_sampling_12451_204_trimmed_bismark_bt2.CpG",4368,3045,1323,4368
"12205","07_report/CpG_context_sampling_12451_205_trimmed_bismark_bt2.CpG",4374,3160,1214,4374
"12206","07_report/CpG_context_sampling_12451_206_trimmed_bismark_bt2.CpG",4326,3028,1298,4326
"12207","07_report/CpG_context_sampling_12451_207_trimmed_bismark_bt2.CpG",4338,3133,1205,4338
"12208","07_report/CpG_context_sampling_12451_208_trimmed_bismark_bt2.CpG",4298,3011,1287,4298
"12209","07_report/CpG_context_sampling_12451_209_trimmed_bismark_bt2.CpG",4257,3030,1227,4257
"12210","07_report/CpG_context_sampling_12451_210_trimmed_bismark_bt2.CpG",4318,3114,1204,4318
"12211","07_report/CpG_context_sampling_12451_211_trimmed_bismark_bt2.CpG",4303,3079,1224,4303
"12212","07_report/CpG_context_sampling_12451_212_trimmed_bismark_bt2.CpG",4274,3052,1222,4274
"12213","07_report/CpG_context_sampling_12451_213_trimmed_bismark_bt2.CpG",4280,3087,1193,4280
"12214","07_report/CpG_context_sampling_12451_214_trimmed_bismark_bt2.CpG",4375,3130,1245,4375
"12215","07_report/CpG_context_sampling_12451_215_trimmed_bismark_bt2.CpG",4167,3047,1120,4167
"12216","07_report/CpG_context_sampling_12451_216_trimmed_bismark_bt2.CpG",4297,3076,1221,4297
"12217","07_report/CpG_context_sampling_12451_217_trimmed_bismark_bt2.CpG",4278,3106,1172,4278
"12218","07_report/CpG_context_sampling_12451_218_trimmed_bismark_bt2.CpG",4407,3155,1252,4407
"12219","07_report/CpG_context_sampling_12451_219_trimmed_bismark_bt2.CpG",4239,2990,1249,4239
"12220","07_report/CpG_context_sampling_12451_220_trimmed_bismark_bt2.CpG",4297,3063,1234,4297
"12221","07_report/CpG_context_sampling_12451_221_trimmed_bismark_bt2.CpG",4294,3049,1245,4294
"12222","07_report/CpG_context_sampling_12451_222_trimmed_bismark_bt2.CpG",4389,3141,1248,4389
"12223","07_report/CpG_context_sampling_12451_223_trimmed_bismark_bt2.CpG",4363,3087,1276,4363
"12224","07_report/CpG_context_sampling_12451_224_trimmed_bismark_bt2.CpG",4419,3124,1295,4419
"12225","07_report/CpG_context_sampling_12451_225_trimmed_bismark_bt2.CpG",4320,3004,1316,4320
"12226","07_report/CpG_context_sampling_12451_226_trimmed_bismark_bt2.CpG",4305,3121,1184,4305
"12227","07_report/CpG_context_sampling_12451_227_trimmed_bismark_bt2.CpG",4192,2955,1237,4192
"12228","07_report/CpG_context_sampling_12451_228_trimmed_bismark_bt2.CpG",4273,3054,1219,4273
"12229","07_report/CpG_context_sampling_12451_229_trimmed_bismark_bt2.CpG",4289,3058,1231,4289
"12230","07_report/CpG_context_sampling_12451_230_trimmed_bismark_bt2.CpG",4327,3086,1241,4327
"12231","07_report/CpG_context_sampling_12451_231_trimmed_bismark_bt2.CpG",4423,3113,1310,4423
"12232","07_report/CpG_context_sampling_12451_232_trimmed_bismark_bt2.CpG",4296,3058,1238,4296
"12233","07_report/CpG_context_sampling_12451_233_trimmed_bismark_bt2.CpG",4247,3034,1213,4247
"12234","07_report/CpG_context_sampling_12451_234_trimmed_bismark_bt2.CpG",4292,3112,1180,4292
"12235","07_report/CpG_context_sampling_12451_235_trimmed_bismark_bt2.CpG",4316,3062,1254,4316
"12236","07_report/CpG_context_sampling_12451_236_trimmed_bismark_bt2.CpG",4239,3007,1232,4239
"12237","07_report/CpG_context_sampling_12451_237_trimmed_bismark_bt2.CpG",4314,3076,1238,4314
"12238","07_report/CpG_context_sampling_12451_238_trimmed_bismark_bt2.CpG",4296,3102,1194,4296
"12239","07_report/CpG_context_sampling_12451_239_trimmed_bismark_bt2.CpG",4354,3137,1217,4354
"12240","07_report/CpG_context_sampling_12451_240_trimmed_bismark_bt2.CpG",4281,3059,1222,4281
"12241","07_report/CpG_context_sampling_12451_241_trimmed_bismark_bt2.CpG",4349,3109,1240,4349
"12242","07_report/CpG_context_sampling_12451_242_trimmed_bismark_bt2.CpG",4280,3033,1247,4280
"12243","07_report/CpG_context_sampling_12451_243_trimmed_bismark_bt2.CpG",4343,3105,1238,4343
"12244","07_report/CpG_context_sampling_12451_244_trimmed_bismark_bt2.CpG",4243,3097,1146,4243
"12245","07_report/CpG_context_sampling_12451_245_trimmed_bismark_bt2.CpG",4347,3157,1190,4347
"12246","07_report/CpG_context_sampling_12451_246_trimmed_bismark_bt2.CpG",4335,3131,1204,4335
"12247","07_report/CpG_context_sampling_12451_247_trimmed_bismark_bt2.CpG",4320,3115,1205,4320
"12248","07_report/CpG_context_sampling_12451_248_trimmed_bismark_bt2.CpG",4319,3104,1215,4319
"12249","07_report/CpG_context_sampling_12451_249_trimmed_bismark_bt2.CpG",4284,3062,1222,4284
"12250","07_report/CpG_context_sampling_12451_250_trimmed_bismark_bt2.CpG",4337,3141,1196,4337
"12251","07_report/CpG_context_sampling_12451_251_trimmed_bismark_bt2.CpG",4222,3005,1217,4222
"12252","07_report/CpG_context_sampling_12451_252_trimmed_bismark_bt2.CpG",4296,3096,1200,4296
"12253","07_report/CpG_context_sampling_12451_253_trimmed_bismark_bt2.CpG",4306,3083,1223,4306
"12254","07_report/CpG_context_sampling_12451_254_trimmed_bismark_bt2.CpG",4373,3106,1267,4373
"12255","07_report/CpG_context_sampling_12451_255_trimmed_bismark_bt2.CpG",4310,3089,1221,4310
"12256","07_report/CpG_context_sampling_12451_256_trimmed_bismark_bt2.CpG",4383,3151,1232,4383
"12257","07_report/CpG_context_sampling_12451_257_trimmed_bismark_bt2.CpG",4296,3102,1194,4296
"12258","07_report/CpG_context_sampling_12451_258_trimmed_bismark_bt2.CpG",4411,3165,1246,4411
"12259","07_report/CpG_context_sampling_12451_259_trimmed_bismark_bt2.CpG",4340,3099,1241,4340
"12260","07_report/CpG_context_sampling_12451_260_trimmed_bismark_bt2.CpG",4319,3116,1203,4319
"12261","07_report/CpG_context_sampling_12451_261_trimmed_bismark_bt2.CpG",4280,3065,1215,4280
"12262","07_report/CpG_context_sampling_12451_262_trimmed_bismark_bt2.CpG",4288,3024,1264,4288
"12263","07_report/CpG_context_sampling_12451_263_trimmed_bismark_bt2.CpG",4293,3094,1199,4293
"12264","07_report/CpG_context_sampling_12451_264_trimmed_bismark_bt2.CpG",4274,3096,1178,4274
"12265","07_report/CpG_context_sampling_12451_265_trimmed_bismark_bt2.CpG",4364,3185,1179,4364
"12266","07_report/CpG_context_sampling_12451_266_trimmed_bismark_bt2.CpG",4344,3161,1183,4344
"12267","07_report/CpG_context_sampling_12451_267_trimmed_bismark_bt2.CpG",4292,3090,1202,4292
"12268","07_report/CpG_context_sampling_12451_268_trimmed_bismark_bt2.CpG",4367,3109,1258,4367
"12269","07_report/CpG_context_sampling_12451_269_trimmed_bismark_bt2.CpG",4347,3135,1212,4347
"12270","07_report/CpG_context_sampling_12451_270_trimmed_bismark_bt2.CpG",4351,3104,1247,4351
"12271","07_report/CpG_context_sampling_12451_271_trimmed_bismark_bt2.CpG",4374,3130,1244,4374
"12272","07_report/CpG_context_sampling_12451_272_trimmed_bismark_bt2.CpG",4435,3167,1268,4435
"12273","07_report/CpG_context_sampling_12451_273_trimmed_bismark_bt2.CpG",4297,3124,1173,4297
"12274","07_report/CpG_context_sampling_12451_274_trimmed_bismark_bt2.CpG",4300,3080,1220,4300
"12275","07_report/CpG_context_sampling_12451_275_trimmed_bismark_bt2.CpG",4349,3180,1169,4349
"12276","07_report/CpG_context_sampling_12451_276_trimmed_bismark_bt2.CpG",4207,2992,1215,4207
"12277","07_report/CpG_context_sampling_12451_277_trimmed_bismark_bt2.CpG",4264,3043,1221,4264
"12278","07_report/CpG_context_sampling_12451_278_trimmed_bismark_bt2.CpG",4351,3129,1222,4351
"12279","07_report/CpG_context_sampling_12451_279_trimmed_bismark_bt2.CpG",4332,3059,1273,4332
"12280","07_report/CpG_context_sampling_12451_280_trimmed_bismark_bt2.CpG",4363,3137,1226,4363
"12281","07_report/CpG_context_sampling_12451_281_trimmed_bismark_bt2.CpG",4277,3074,1203,4277
"12282","07_report/CpG_context_sampling_12451_282_trimmed_bismark_bt2.CpG",4440,3177,1263,4440
"12283","07_report/CpG_context_sampling_12451_283_trimmed_bismark_bt2.CpG",4272,3012,1260,4272
"12284","07_report/CpG_context_sampling_12451_284_trimmed_bismark_bt2.CpG",4342,3137,1205,4342
"12285","07_report/CpG_context_sampling_12451_285_trimmed_bismark_bt2.CpG",4163,2967,1196,4163
"12286","07_report/CpG_context_sampling_12451_286_trimmed_bismark_bt2.CpG",4342,3132,1210,4342
"12287","07_report/CpG_context_sampling_12451_287_trimmed_bismark_bt2.CpG",4247,3068,1179,4247
"12288","07_report/CpG_context_sampling_12451_288_trimmed_bismark_bt2.CpG",4309,3062,1247,4309
"12289","07_report/CpG_context_sampling_12451_289_trimmed_bismark_bt2.CpG",4379,3155,1224,4379
"12290","07_report/CpG_context_sampling_12451_290_trimmed_bismark_bt2.CpG",4307,3137,1170,4307
"12291","07_report/CpG_context_sampling_12451_291_trimmed_bismark_bt2.CpG",4352,3075,1277,4352
"12292","07_report/CpG_context_sampling_12451_292_trimmed_bismark_bt2.CpG",4262,3066,1196,4262
"12293","07_report/CpG_context_sampling_12451_293_trimmed_bismark_bt2.CpG",4298,3061,1237,4298
"12294","07_report/CpG_context_sampling_12451_294_trimmed_bismark_bt2.CpG",4364,3159,1205,4364
"12295","07_report/CpG_context_sampling_12451_295_trimmed_bismark_bt2.CpG",4368,3109,1259,4368
"12296","07_report/CpG_context_sampling_12451_296_trimmed_bismark_bt2.CpG",4298,3107,1191,4298
"12297","07_report/CpG_context_sampling_12451_297_trimmed_bismark_bt2.CpG",4316,3061,1255,4316
"12298","07_report/CpG_context_sampling_12451_298_trimmed_bismark_bt2.CpG",4329,3120,1209,4329
"12299","07_report/CpG_context_sampling_12451_299_trimmed_bismark_bt2.CpG",4361,3092,1269,4361
"12300","07_report/CpG_context_sampling_12451_300_trimmed_bismark_bt2.CpG",4330,3122,1208,4330
"12301","07_report/CpG_context_sampling_12451_301_trimmed_bismark_bt2.CpG",4374,3162,1212,4374
"12302","07_report/CpG_context_sampling_12451_302_trimmed_bismark_bt2.CpG",4358,3062,1296,4358
"12303","07_report/CpG_context_sampling_12451_303_trimmed_bismark_bt2.CpG",4359,3098,1261,4359
"12304","07_report/CpG_context_sampling_12451_304_trimmed_bismark_bt2.CpG",4298,3117,1181,4298
"12305","07_report/CpG_context_sampling_12451_305_trimmed_bismark_bt2.CpG",4345,3109,1236,4345
"12306","07_report/CpG_context_sampling_12451_306_trimmed_bismark_bt2.CpG",4340,3089,1251,4340
"12307","07_report/CpG_context_sampling_12451_307_trimmed_bismark_bt2.CpG",4352,3107,1245,4352
"12308","07_report/CpG_context_sampling_12451_308_trimmed_bismark_bt2.CpG",4311,3112,1199,4311
"12309","07_report/CpG_context_sampling_12451_309_trimmed_bismark_bt2.CpG",4307,3084,1223,4307
"12310","07_report/CpG_context_sampling_12451_310_trimmed_bismark_bt2.CpG",4251,3047,1204,4251
"12311","07_report/CpG_context_sampling_12451_311_trimmed_bismark_bt2.CpG",4387,3097,1290,4387
"12312","07_report/CpG_context_sampling_12451_312_trimmed_bismark_bt2.CpG",4382,3152,1230,4382
"12313","07_report/CpG_context_sampling_12451_313_trimmed_bismark_bt2.CpG",4288,3033,1255,4288
"12314","07_report/CpG_context_sampling_12451_314_trimmed_bismark_bt2.CpG",4302,3040,1262,4302
"12315","07_report/CpG_context_sampling_12451_315_trimmed_bismark_bt2.CpG",4332,3129,1203,4332
"12316","07_report/CpG_context_sampling_12451_316_trimmed_bismark_bt2.CpG",4366,3089,1277,4366
"12317","07_report/CpG_context_sampling_12451_317_trimmed_bismark_bt2.CpG",4328,3108,1220,4328
"12318","07_report/CpG_context_sampling_12451_318_trimmed_bismark_bt2.CpG",4358,3178,1180,4358
"12319","07_report/CpG_context_sampling_12451_319_trimmed_bismark_bt2.CpG",4257,3048,1209,4257
"12320","07_report/CpG_context_sampling_12451_320_trimmed_bismark_bt2.CpG",4400,3164,1236,4400
"12321","07_report/CpG_context_sampling_12451_321_trimmed_bismark_bt2.CpG",4295,3073,1222,4295
"12322","07_report/CpG_context_sampling_12451_322_trimmed_bismark_bt2.CpG",4371,3073,1298,4371
"12323","07_report/CpG_context_sampling_12451_323_trimmed_bismark_bt2.CpG",4278,3033,1245,4278
"12324","07_report/CpG_context_sampling_12451_324_trimmed_bismark_bt2.CpG",4430,3186,1244,4430
"12325","07_report/CpG_context_sampling_12451_325_trimmed_bismark_bt2.CpG",4350,3133,1217,4350
"12326","07_report/CpG_context_sampling_12451_326_trimmed_bismark_bt2.CpG",4282,3057,1225,4282
"12327","07_report/CpG_context_sampling_12451_327_trimmed_bismark_bt2.CpG",4317,3070,1247,4317
"12328","07_report/CpG_context_sampling_12451_328_trimmed_bismark_bt2.CpG",4290,3037,1253,4290
"12329","07_report/CpG_context_sampling_12451_329_trimmed_bismark_bt2.CpG",4253,3060,1193,4253
"12330","07_report/CpG_context_sampling_12451_330_trimmed_bismark_bt2.CpG",4317,3105,1212,4317
"12331","07_report/CpG_context_sampling_12451_331_trimmed_bismark_bt2.CpG",4360,3095,1265,4360
"12332","07_report/CpG_context_sampling_12451_332_trimmed_bismark_bt2.CpG",4295,3079,1216,4295
"12333","07_report/CpG_context_sampling_12451_333_trimmed_bismark_bt2.CpG",4320,3128,1192,4320
"12334","07_report/CpG_context_sampling_12451_334_trimmed_bismark_bt2.CpG",4272,3083,1189,4272
"12335","07_report/CpG_context_sampling_12451_335_trimmed_bismark_bt2.CpG",4331,3109,1222,4331
"12336","07_report/CpG_context_sampling_12451_336_trimmed_bismark_bt2.CpG",4317,3113,1204,4317
"12337","07_report/CpG_context_sampling_12451_337_trimmed_bismark_bt2.CpG",4329,3106,1223,4329
"12338","07_report/CpG_context_sampling_12451_338_trimmed_bismark_bt2.CpG",4267,3087,1180,4267
"12339","07_report/CpG_context_sampling_12451_339_trimmed_bismark_bt2.CpG",4327,3076,1251,4327
"12340","07_report/CpG_context_sampling_12451_340_trimmed_bismark_bt2.CpG",4395,3170,1225,4395
"12341","07_report/CpG_context_sampling_12451_341_trimmed_bismark_bt2.CpG",4292,3134,1158,4292
"12342","07_report/CpG_context_sampling_12451_342_trimmed_bismark_bt2.CpG",4243,3018,1225,4243
"12343","07_report/CpG_context_sampling_12451_343_trimmed_bismark_bt2.CpG",4267,3040,1227,4267
"12344","07_report/CpG_context_sampling_12451_344_trimmed_bismark_bt2.CpG",4352,3120,1232,4352
"12345","07_report/CpG_context_sampling_12451_345_trimmed_bismark_bt2.CpG",4407,3195,1212,4407
"12346","07_report/CpG_context_sampling_12451_346_trimmed_bismark_bt2.CpG",4317,3159,1158,4317
"12347","07_report/CpG_context_sampling_12451_347_trimmed_bismark_bt2.CpG",4222,3058,1164,4222
"12348","07_report/CpG_context_sampling_12451_348_trimmed_bismark_bt2.CpG",4310,3029,1281,4310
"12349","07_report/CpG_context_sampling_12451_349_trimmed_bismark_bt2.CpG",4319,3072,1247,4319
"12350","07_report/CpG_context_sampling_12451_350_trimmed_bismark_bt2.CpG",4340,3083,1257,4340
"12351","07_report/CpG_context_sampling_12451_351_trimmed_bismark_bt2.CpG",4351,3118,1233,4351
"12352","07_report/CpG_context_sampling_12451_352_trimmed_bismark_bt2.CpG",4307,3091,1216,4307
"12353","07_report/CpG_context_sampling_12451_353_trimmed_bismark_bt2.CpG",4314,3046,1268,4314
"12354","07_report/CpG_context_sampling_12451_354_trimmed_bismark_bt2.CpG",4339,3094,1245,4339
"12355","07_report/CpG_context_sampling_12451_355_trimmed_bismark_bt2.CpG",4311,3072,1239,4311
"12356","07_report/CpG_context_sampling_12451_356_trimmed_bismark_bt2.CpG",4298,3123,1175,4298
"12357","07_report/CpG_context_sampling_12451_357_trimmed_bismark_bt2.CpG",4295,3076,1219,4295
"12358","07_report/CpG_context_sampling_12451_358_trimmed_bismark_bt2.CpG",4302,3068,1234,4302
"12359","07_report/CpG_context_sampling_12451_359_trimmed_bismark_bt2.CpG",4383,3150,1233,4383
"12360","07_report/CpG_context_sampling_12451_360_trimmed_bismark_bt2.CpG",4350,3108,1242,4350
"12361","07_report/CpG_context_sampling_12451_361_trimmed_bismark_bt2.CpG",4300,3014,1286,4300
"12362","07_report/CpG_context_sampling_12451_362_trimmed_bismark_bt2.CpG",4349,3131,1218,4349
"12363","07_report/CpG_context_sampling_12451_363_trimmed_bismark_bt2.CpG",4404,3078,1326,4404
"12364","07_report/CpG_context_sampling_12451_364_trimmed_bismark_bt2.CpG",4331,3126,1205,4331
"12365","07_report/CpG_context_sampling_12451_365_trimmed_bismark_bt2.CpG",4406,3160,1246,4406
"12366","07_report/CpG_context_sampling_12451_366_trimmed_bismark_bt2.CpG",4317,3119,1198,4317
"12367","07_report/CpG_context_sampling_12451_367_trimmed_bismark_bt2.CpG",4425,3184,1241,4425
"12368","07_report/CpG_context_sampling_12451_368_trimmed_bismark_bt2.CpG",4307,3089,1218,4307
"12369","07_report/CpG_context_sampling_12451_369_trimmed_bismark_bt2.CpG",4330,3126,1204,4330
"12370","07_report/CpG_context_sampling_12451_370_trimmed_bismark_bt2.CpG",4340,3067,1273,4340
"12371","07_report/CpG_context_sampling_12451_371_trimmed_bismark_bt2.CpG",4297,3040,1257,4297
"12372","07_report/CpG_context_sampling_12451_372_trimmed_bismark_bt2.CpG",4264,3069,1195,4264
"12373","07_report/CpG_context_sampling_12451_373_trimmed_bismark_bt2.CpG",4302,3076,1226,4302
"12374","07_report/CpG_context_sampling_12451_374_trimmed_bismark_bt2.CpG",4307,3098,1209,4307
"12375","07_report/CpG_context_sampling_12451_375_trimmed_bismark_bt2.CpG",4287,3068,1219,4287
"12376","07_report/CpG_context_sampling_12451_376_trimmed_bismark_bt2.CpG",4321,3057,1264,4321
"12377","07_report/CpG_context_sampling_12451_377_trimmed_bismark_bt2.CpG",4297,3021,1276,4297
"12378","07_report/CpG_context_sampling_12451_378_trimmed_bismark_bt2.CpG",4329,3077,1252,4329
"12379","07_report/CpG_context_sampling_12451_379_trimmed_bismark_bt2.CpG",4246,3015,1231,4246
"12380","07_report/CpG_context_sampling_12451_380_trimmed_bismark_bt2.CpG",4216,3039,1177,4216
"12381","07_report/CpG_context_sampling_12451_381_trimmed_bismark_bt2.CpG",4387,3146,1241,4387
"12382","07_report/CpG_context_sampling_12451_382_trimmed_bismark_bt2.CpG",4346,3116,1230,4346
"12383","07_report/CpG_context_sampling_12451_383_trimmed_bismark_bt2.CpG",4337,3123,1214,4337
"12384","07_report/CpG_context_sampling_12451_384_trimmed_bismark_bt2.CpG",4336,3096,1240,4336
"12385","07_report/CpG_context_sampling_12451_385_trimmed_bismark_bt2.CpG",4384,3129,1255,4384
"12386","07_report/CpG_context_sampling_12451_386_trimmed_bismark_bt2.CpG",4270,3088,1182,4270
"12387","07_report/CpG_context_sampling_12451_387_trimmed_bismark_bt2.CpG",4333,3121,1212,4333
"12388","07_report/CpG_context_sampling_12451_388_trimmed_bismark_bt2.CpG",4349,3119,1230,4349
"12389","07_report/CpG_context_sampling_12451_389_trimmed_bismark_bt2.CpG",4338,3083,1255,4338
"12390","07_report/CpG_context_sampling_12451_390_trimmed_bismark_bt2.CpG",4401,3118,1283,4401
"12391","07_report/CpG_context_sampling_12451_391_trimmed_bismark_bt2.CpG",4243,2982,1261,4243
"12392","07_report/CpG_context_sampling_12451_392_trimmed_bismark_bt2.CpG",4297,3044,1253,4297
"12393","07_report/CpG_context_sampling_12451_393_trimmed_bismark_bt2.CpG",4158,2993,1165,4158
"12394","07_report/CpG_context_sampling_12451_394_trimmed_bismark_bt2.CpG",4298,3111,1187,4298
"12395","07_report/CpG_context_sampling_12451_395_trimmed_bismark_bt2.CpG",4346,3068,1278,4346
"12396","07_report/CpG_context_sampling_12451_396_trimmed_bismark_bt2.CpG",4369,3078,1291,4369
"12397","07_report/CpG_context_sampling_12451_397_trimmed_bismark_bt2.CpG",4401,3172,1229,4401
"12398","07_report/CpG_context_sampling_12451_398_trimmed_bismark_bt2.CpG",4370,3124,1246,4370
"12399","07_report/CpG_context_sampling_12451_399_trimmed_bismark_bt2.CpG",4238,3002,1236,4238
"12400","07_report/CpG_context_sampling_12451_400_trimmed_bismark_bt2.CpG",4334,3119,1215,4334
"12401","07_report/CpG_context_sampling_12451_401_trimmed_bismark_bt2.CpG",4331,3081,1250,4331
"12402","07_report/CpG_context_sampling_12451_402_trimmed_bismark_bt2.CpG",4348,3082,1266,4348
"12403","07_report/CpG_context_sampling_12451_403_trimmed_bismark_bt2.CpG",4411,3167,1244,4411
"12404","07_report/CpG_context_sampling_12451_404_trimmed_bismark_bt2.CpG",4247,3041,1206,4247
"12405","07_report/CpG_context_sampling_12451_405_trimmed_bismark_bt2.CpG",4377,3144,1233,4377
"12406","07_report/CpG_context_sampling_12451_406_trimmed_bismark_bt2.CpG",4271,3099,1172,4271
"12407","07_report/CpG_context_sampling_12451_407_trimmed_bismark_bt2.CpG",4390,3161,1229,4390
"12408","07_report/CpG_context_sampling_12451_408_trimmed_bismark_bt2.CpG",4345,3094,1251,4345
"12409","07_report/CpG_context_sampling_12451_409_trimmed_bismark_bt2.CpG",4349,3089,1260,4349
"12410","07_report/CpG_context_sampling_12451_410_trimmed_bismark_bt2.CpG",4212,3042,1170,4212
"12411","07_report/CpG_context_sampling_12451_411_trimmed_bismark_bt2.CpG",4352,3119,1233,4352
"12412","07_report/CpG_context_sampling_12451_412_trimmed_bismark_bt2.CpG",4292,3074,1218,4292
"12413","07_report/CpG_context_sampling_12451_413_trimmed_bismark_bt2.CpG",4365,3068,1297,4365
"12414","07_report/CpG_context_sampling_12451_414_trimmed_bismark_bt2.CpG",4243,3015,1228,4243
"12415","07_report/CpG_context_sampling_12451_415_trimmed_bismark_bt2.CpG",4312,3119,1193,4312
"12416","07_report/CpG_context_sampling_12451_416_trimmed_bismark_bt2.CpG",4292,3058,1234,4292
"12417","07_report/CpG_context_sampling_12451_417_trimmed_bismark_bt2.CpG",4327,3103,1224,4327
"12418","07_report/CpG_context_sampling_12451_418_trimmed_bismark_bt2.CpG",4251,3037,1214,4251
"12419","07_report/CpG_context_sampling_12451_419_trimmed_bismark_bt2.CpG",4403,3106,1297,4403
"12420","07_report/CpG_context_sampling_12451_420_trimmed_bismark_bt2.CpG",4264,3030,1234,4264
"12421","07_report/CpG_context_sampling_12451_421_trimmed_bismark_bt2.CpG",4280,3110,1170,4280
"12422","07_report/CpG_context_sampling_12451_422_trimmed_bismark_bt2.CpG",4315,3109,1206,4315
"12423","07_report/CpG_context_sampling_12451_423_trimmed_bismark_bt2.CpG",4408,3189,1219,4408
"12424","07_report/CpG_context_sampling_12451_424_trimmed_bismark_bt2.CpG",4332,3125,1207,4332
"12425","07_report/CpG_context_sampling_12451_425_trimmed_bismark_bt2.CpG",4271,3061,1210,4271
"12426","07_report/CpG_context_sampling_12451_426_trimmed_bismark_bt2.CpG",4270,3016,1254,4270
"12427","07_report/CpG_context_sampling_12451_427_trimmed_bismark_bt2.CpG",4253,3051,1202,4253
"12428","07_report/CpG_context_sampling_12451_428_trimmed_bismark_bt2.CpG",4396,3160,1236,4396
"12429","07_report/CpG_context_sampling_12451_429_trimmed_bismark_bt2.CpG",4394,3098,1296,4394
"12430","07_report/CpG_context_sampling_12451_430_trimmed_bismark_bt2.CpG",4310,3066,1244,4310
"12431","07_report/CpG_context_sampling_12451_431_trimmed_bismark_bt2.CpG",4242,3064,1178,4242
"12432","07_report/CpG_context_sampling_12451_432_trimmed_bismark_bt2.CpG",4296,3043,1253,4296
"12433","07_report/CpG_context_sampling_12451_433_trimmed_bismark_bt2.CpG",4384,3094,1290,4384
"12434","07_report/CpG_context_sampling_12451_434_trimmed_bismark_bt2.CpG",4211,2973,1238,4211
"12435","07_report/CpG_context_sampling_12451_435_trimmed_bismark_bt2.CpG",4279,3098,1181,4279
"12436","07_report/CpG_context_sampling_12451_436_trimmed_bismark_bt2.CpG",4258,3047,1211,4258
"12437","07_report/CpG_context_sampling_12451_437_trimmed_bismark_bt2.CpG",4308,3093,1215,4308
"12438","07_report/CpG_context_sampling_12451_438_trimmed_bismark_bt2.CpG",4335,3094,1241,4335
"12439","07_report/CpG_context_sampling_12451_439_trimmed_bismark_bt2.CpG",4328,3046,1282,4328
"12440","07_report/CpG_context_sampling_12451_440_trimmed_bismark_bt2.CpG",4443,3184,1259,4443
"12441","07_report/CpG_context_sampling_12451_441_trimmed_bismark_bt2.CpG",4402,3128,1274,4402
"12442","07_report/CpG_context_sampling_12451_442_trimmed_bismark_bt2.CpG",4281,3052,1229,4281
"12443","07_report/CpG_context_sampling_12451_443_trimmed_bismark_bt2.CpG",4356,3082,1274,4356
"12444","07_report/CpG_context_sampling_12451_444_trimmed_bismark_bt2.CpG",4198,3035,1163,4198
"12445","07_report/CpG_context_sampling_12451_445_trimmed_bismark_bt2.CpG",4364,3220,1144,4364
"12446","07_report/CpG_context_sampling_12451_446_trimmed_bismark_bt2.CpG",4319,3080,1239,4319
"12447","07_report/CpG_context_sampling_12451_447_trimmed_bismark_bt2.CpG",4359,3162,1197,4359
"12448","07_report/CpG_context_sampling_12451_448_trimmed_bismark_bt2.CpG",4258,3040,1218,4258
"12449","07_report/CpG_context_sampling_12451_449_trimmed_bismark_bt2.CpG",4375,3109,1266,4375
"12450","07_report/CpG_context_sampling_12451_450_trimmed_bismark_bt2.CpG",4311,3146,1165,4311
"12451","07_report/CpG_context_sampling_12451_451_trimmed_bismark_bt2.CpG",4416,3140,1276,4416
"12452","07_report/CpG_context_sampling_12451_452_trimmed_bismark_bt2.CpG",4301,3091,1210,4301
"12453","07_report/CpG_context_sampling_12451_453_trimmed_bismark_bt2.CpG",4255,3057,1198,4255
"12454","07_report/CpG_context_sampling_12451_454_trimmed_bismark_bt2.CpG",4294,3039,1255,4294
"12455","07_report/CpG_context_sampling_12451_455_trimmed_bismark_bt2.CpG",4270,3102,1168,4270
"12456","07_report/CpG_context_sampling_12451_456_trimmed_bismark_bt2.CpG",4260,2995,1265,4260
"12457","07_report/CpG_context_sampling_12451_457_trimmed_bismark_bt2.CpG",4362,3156,1206,4362
"12458","07_report/CpG_context_sampling_12451_458_trimmed_bismark_bt2.CpG",4293,3081,1212,4293
"12459","07_report/CpG_context_sampling_12451_459_trimmed_bismark_bt2.CpG",4269,3078,1191,4269
"12460","07_report/CpG_context_sampling_12451_460_trimmed_bismark_bt2.CpG",4376,3116,1260,4376
"12461","07_report/CpG_context_sampling_12451_461_trimmed_bismark_bt2.CpG",4328,3046,1282,4328
"12462","07_report/CpG_context_sampling_12451_462_trimmed_bismark_bt2.CpG",4356,3108,1248,4356
"12463","07_report/CpG_context_sampling_12451_463_trimmed_bismark_bt2.CpG",4302,3070,1232,4302
"12464","07_report/CpG_context_sampling_12451_464_trimmed_bismark_bt2.CpG",4290,3062,1228,4290
"12465","07_report/CpG_context_sampling_12451_465_trimmed_bismark_bt2.CpG",4307,3132,1175,4307
"12466","07_report/CpG_context_sampling_12451_466_trimmed_bismark_bt2.CpG",4411,3132,1279,4411
"12467","07_report/CpG_context_sampling_12451_467_trimmed_bismark_bt2.CpG",4214,2964,1250,4214
"12468","07_report/CpG_context_sampling_12451_468_trimmed_bismark_bt2.CpG",4336,3107,1229,4336
"12469","07_report/CpG_context_sampling_12451_469_trimmed_bismark_bt2.CpG",4282,3035,1247,4282
"12470","07_report/CpG_context_sampling_12451_470_trimmed_bismark_bt2.CpG",4324,3097,1227,4324
"12471","07_report/CpG_context_sampling_12451_471_trimmed_bismark_bt2.CpG",4327,3106,1221,4327
"12472","07_report/CpG_context_sampling_12451_472_trimmed_bismark_bt2.CpG",4391,3127,1264,4391
"12473","07_report/CpG_context_sampling_12451_473_trimmed_bismark_bt2.CpG",4394,3181,1213,4394
"12474","07_report/CpG_context_sampling_12451_474_trimmed_bismark_bt2.CpG",4240,3004,1236,4240
"12475","07_report/CpG_context_sampling_12451_475_trimmed_bismark_bt2.CpG",4342,3076,1266,4342
"12476","07_report/CpG_context_sampling_12451_476_trimmed_bismark_bt2.CpG",4351,3138,1213,4351
"12477","07_report/CpG_context_sampling_12451_477_trimmed_bismark_bt2.CpG",4370,3150,1220,4370
"12478","07_report/CpG_context_sampling_12451_478_trimmed_bismark_bt2.CpG",4277,3055,1222,4277
"12479","07_report/CpG_context_sampling_12451_479_trimmed_bismark_bt2.CpG",4305,3106,1199,4305
"12480","07_report/CpG_context_sampling_12451_480_trimmed_bismark_bt2.CpG",4321,3107,1214,4321
"12481","07_report/CpG_context_sampling_12451_481_trimmed_bismark_bt2.CpG",4261,3058,1203,4261
"12482","07_report/CpG_context_sampling_12451_482_trimmed_bismark_bt2.CpG",4250,3073,1177,4250
"12483","07_report/CpG_context_sampling_12451_483_trimmed_bismark_bt2.CpG",4302,3087,1215,4302
"12484","07_report/CpG_context_sampling_12451_484_trimmed_bismark_bt2.CpG",4408,3170,1238,4408
"12485","07_report/CpG_context_sampling_12451_485_trimmed_bismark_bt2.CpG",4383,3160,1223,4383
"12486","07_report/CpG_context_sampling_12451_486_trimmed_bismark_bt2.CpG",4279,3072,1207,4279
"12487","07_report/CpG_context_sampling_12451_487_trimmed_bismark_bt2.CpG",4261,3039,1222,4261
"12488","07_report/CpG_context_sampling_12451_488_trimmed_bismark_bt2.CpG",4272,3061,1211,4272
"12489","07_report/CpG_context_sampling_12451_489_trimmed_bismark_bt2.CpG",4207,2992,1215,4207
"12490","07_report/CpG_context_sampling_12451_490_trimmed_bismark_bt2.CpG",4420,3194,1226,4420
"12491","07_report/CpG_context_sampling_12451_491_trimmed_bismark_bt2.CpG",4396,3153,1243,4396
"12492","07_report/CpG_context_sampling_12451_492_trimmed_bismark_bt2.CpG",4229,3030,1199,4229
"12493","07_report/CpG_context_sampling_12451_493_trimmed_bismark_bt2.CpG",4273,3004,1269,4273
"12494","07_report/CpG_context_sampling_12451_494_trimmed_bismark_bt2.CpG",4320,3073,1247,4320
"12495","07_report/CpG_context_sampling_12451_495_trimmed_bismark_bt2.CpG",4345,3072,1273,4345
"12496","07_report/CpG_context_sampling_12451_496_trimmed_bismark_bt2.CpG",4362,3095,1267,4362
"12497","07_report/CpG_context_sampling_12451_497_trimmed_bismark_bt2.CpG",4242,3000,1242,4242
"12498","07_report/CpG_context_sampling_12451_498_trimmed_bismark_bt2.CpG",4308,3099,1209,4308
"12499","07_report/CpG_context_sampling_12451_499_trimmed_bismark_bt2.CpG",4344,3140,1204,4344
"12500","07_report/CpG_context_sampling_12451_500_trimmed_bismark_bt2.CpG",4397,3143,1254,4397
"12501","07_report/CpG_context_sampling_12451_501_trimmed_bismark_bt2.CpG",4286,3062,1224,4286
"12502","07_report/CpG_context_sampling_12451_502_trimmed_bismark_bt2.CpG",4282,3034,1248,4282
"12503","07_report/CpG_context_sampling_12451_503_trimmed_bismark_bt2.CpG",4358,3050,1308,4358
"12504","07_report/CpG_context_sampling_12451_504_trimmed_bismark_bt2.CpG",4325,3090,1235,4325
"12505","07_report/CpG_context_sampling_12451_505_trimmed_bismark_bt2.CpG",4281,3061,1220,4281
"12506","07_report/CpG_context_sampling_12451_506_trimmed_bismark_bt2.CpG",4339,3079,1260,4339
"12507","07_report/CpG_context_sampling_12451_507_trimmed_bismark_bt2.CpG",4351,3190,1161,4351
"12508","07_report/CpG_context_sampling_12451_508_trimmed_bismark_bt2.CpG",4380,3082,1298,4380
"12509","07_report/CpG_context_sampling_12451_509_trimmed_bismark_bt2.CpG",4339,3114,1225,4339
"12510","07_report/CpG_context_sampling_12451_510_trimmed_bismark_bt2.CpG",4378,3146,1232,4378
"12511","07_report/CpG_context_sampling_12451_511_trimmed_bismark_bt2.CpG",4389,3162,1227,4389
"12512","07_report/CpG_context_sampling_12451_512_trimmed_bismark_bt2.CpG",4323,3108,1215,4323
"12513","07_report/CpG_context_sampling_12451_513_trimmed_bismark_bt2.CpG",4305,3085,1220,4305
"12514","07_report/CpG_context_sampling_12451_514_trimmed_bismark_bt2.CpG",4456,3182,1274,4456
"12515","07_report/CpG_context_sampling_12451_515_trimmed_bismark_bt2.CpG",4341,3053,1288,4341
"12516","07_report/CpG_context_sampling_12451_516_trimmed_bismark_bt2.CpG",4403,3145,1258,4403
"12517","07_report/CpG_context_sampling_12451_517_trimmed_bismark_bt2.CpG",4382,3166,1216,4382
"12518","07_report/CpG_context_sampling_12451_518_trimmed_bismark_bt2.CpG",4383,3107,1276,4383
"12519","07_report/CpG_context_sampling_12451_519_trimmed_bismark_bt2.CpG",4288,3072,1216,4288
"12520","07_report/CpG_context_sampling_12451_520_trimmed_bismark_bt2.CpG",4250,3061,1189,4250
"12521","07_report/CpG_context_sampling_12451_521_trimmed_bismark_bt2.CpG",4316,3123,1193,4316
"12522","07_report/CpG_context_sampling_12451_522_trimmed_bismark_bt2.CpG",4337,3095,1242,4337
"12523","07_report/CpG_context_sampling_12451_523_trimmed_bismark_bt2.CpG",4326,3083,1243,4326
"12524","07_report/CpG_context_sampling_12451_524_trimmed_bismark_bt2.CpG",4270,3105,1165,4270
"12525","07_report/CpG_context_sampling_12451_525_trimmed_bismark_bt2.CpG",4371,3111,1260,4371
"12526","07_report/CpG_context_sampling_12451_526_trimmed_bismark_bt2.CpG",4271,3083,1188,4271
"12527","07_report/CpG_context_sampling_12451_527_trimmed_bismark_bt2.CpG",4294,3089,1205,4294
"12528","07_report/CpG_context_sampling_12451_528_trimmed_bismark_bt2.CpG",4487,3209,1278,4487
"12529","07_report/CpG_context_sampling_12451_529_trimmed_bismark_bt2.CpG",4282,3084,1198,4282
"12530","07_report/CpG_context_sampling_12451_530_trimmed_bismark_bt2.CpG",4288,3066,1222,4288
"12531","07_report/CpG_context_sampling_12451_531_trimmed_bismark_bt2.CpG",4305,3025,1280,4305
"12532","07_report/CpG_context_sampling_12451_532_trimmed_bismark_bt2.CpG",4342,3100,1242,4342
"12533","07_report/CpG_context_sampling_12451_533_trimmed_bismark_bt2.CpG",4305,3090,1215,4305
"12534","07_report/CpG_context_sampling_12451_534_trimmed_bismark_bt2.CpG",4244,3038,1206,4244
"12535","07_report/CpG_context_sampling_12451_535_trimmed_bismark_bt2.CpG",4231,3042,1189,4231
"12536","07_report/CpG_context_sampling_12451_536_trimmed_bismark_bt2.CpG",4355,3160,1195,4355
"12537","07_report/CpG_context_sampling_12451_537_trimmed_bismark_bt2.CpG",4340,3112,1228,4340
"12538","07_report/CpG_context_sampling_12451_538_trimmed_bismark_bt2.CpG",4295,3059,1236,4295
"12539","07_report/CpG_context_sampling_12451_539_trimmed_bismark_bt2.CpG",4286,3126,1160,4286
"12540","07_report/CpG_context_sampling_12451_540_trimmed_bismark_bt2.CpG",4358,3085,1273,4358
"12541","07_report/CpG_context_sampling_12451_541_trimmed_bismark_bt2.CpG",4355,3079,1276,4355
"12542","07_report/CpG_context_sampling_12451_542_trimmed_bismark_bt2.CpG",4328,3099,1229,4328
"12543","07_report/CpG_context_sampling_12451_543_trimmed_bismark_bt2.CpG",4309,3023,1286,4309
"12544","07_report/CpG_context_sampling_12451_544_trimmed_bismark_bt2.CpG",4320,3069,1251,4320
"12545","07_report/CpG_context_sampling_12451_545_trimmed_bismark_bt2.CpG",4302,3126,1176,4302
"12546","07_report/CpG_context_sampling_12451_546_trimmed_bismark_bt2.CpG",4300,3042,1258,4300
"12547","07_report/CpG_context_sampling_12451_547_trimmed_bismark_bt2.CpG",4318,3100,1218,4318
"12548","07_report/CpG_context_sampling_12451_548_trimmed_bismark_bt2.CpG",4284,3055,1229,4284
"12549","07_report/CpG_context_sampling_12451_549_trimmed_bismark_bt2.CpG",4333,3131,1202,4333
"12550","07_report/CpG_context_sampling_12451_550_trimmed_bismark_bt2.CpG",4255,3077,1178,4255
"12551","07_report/CpG_context_sampling_12451_551_trimmed_bismark_bt2.CpG",4235,2993,1242,4235
"12552","07_report/CpG_context_sampling_12451_552_trimmed_bismark_bt2.CpG",4419,3146,1273,4419
"12553","07_report/CpG_context_sampling_12451_553_trimmed_bismark_bt2.CpG",4329,3104,1225,4329
"12554","07_report/CpG_context_sampling_12451_554_trimmed_bismark_bt2.CpG",4347,3066,1281,4347
"12555","07_report/CpG_context_sampling_12451_555_trimmed_bismark_bt2.CpG",4367,3136,1231,4367
"12556","07_report/CpG_context_sampling_12451_556_trimmed_bismark_bt2.CpG",4229,3059,1170,4229
"12557","07_report/CpG_context_sampling_12451_557_trimmed_bismark_bt2.CpG",4316,3016,1300,4316
"12558","07_report/CpG_context_sampling_12451_558_trimmed_bismark_bt2.CpG",4276,3086,1190,4276
"12559","07_report/CpG_context_sampling_12451_559_trimmed_bismark_bt2.CpG",4303,3089,1214,4303
"12560","07_report/CpG_context_sampling_12451_560_trimmed_bismark_bt2.CpG",4311,3065,1246,4311
"12561","07_report/CpG_context_sampling_12451_561_trimmed_bismark_bt2.CpG",4348,3107,1241,4348
"12562","07_report/CpG_context_sampling_12451_562_trimmed_bismark_bt2.CpG",4299,3061,1238,4299
"12563","07_report/CpG_context_sampling_12451_563_trimmed_bismark_bt2.CpG",4271,3082,1189,4271
"12564","07_report/CpG_context_sampling_12451_564_trimmed_bismark_bt2.CpG",4288,3098,1190,4288
"12565","07_report/CpG_context_sampling_12451_565_trimmed_bismark_bt2.CpG",4307,3028,1279,4307
"12566","07_report/CpG_context_sampling_12451_566_trimmed_bismark_bt2.CpG",4250,3036,1214,4250
"12567","07_report/CpG_context_sampling_12451_567_trimmed_bismark_bt2.CpG",4330,3115,1215,4330
"12568","07_report/CpG_context_sampling_12451_568_trimmed_bismark_bt2.CpG",4310,3070,1240,4310
"12569","07_report/CpG_context_sampling_12451_569_trimmed_bismark_bt2.CpG",4297,3013,1284,4297
"12570","07_report/CpG_context_sampling_12451_570_trimmed_bismark_bt2.CpG",4364,3125,1239,4364
"12571","07_report/CpG_context_sampling_12451_571_trimmed_bismark_bt2.CpG",4382,3174,1208,4382
"12572","07_report/CpG_context_sampling_12451_572_trimmed_bismark_bt2.CpG",4322,3110,1212,4322
"12573","07_report/CpG_context_sampling_12451_573_trimmed_bismark_bt2.CpG",4363,3144,1219,4363
"12574","07_report/CpG_context_sampling_12451_574_trimmed_bismark_bt2.CpG",4353,3158,1195,4353
"12575","07_report/CpG_context_sampling_12451_575_trimmed_bismark_bt2.CpG",4277,3070,1207,4277
"12576","07_report/CpG_context_sampling_12451_576_trimmed_bismark_bt2.CpG",4367,3129,1238,4367
"12577","07_report/CpG_context_sampling_12451_577_trimmed_bismark_bt2.CpG",4296,3093,1203,4296
"12578","07_report/CpG_context_sampling_12451_578_trimmed_bismark_bt2.CpG",4372,3143,1229,4372
"12579","07_report/CpG_context_sampling_12451_579_trimmed_bismark_bt2.CpG",4351,3107,1244,4351
"12580","07_report/CpG_context_sampling_12451_580_trimmed_bismark_bt2.CpG",4346,3114,1232,4346
"12581","07_report/CpG_context_sampling_12451_581_trimmed_bismark_bt2.CpG",4288,3023,1265,4288
"12582","07_report/CpG_context_sampling_12451_582_trimmed_bismark_bt2.CpG",4309,3102,1207,4309
"12583","07_report/CpG_context_sampling_12451_583_trimmed_bismark_bt2.CpG",4306,3107,1199,4306
"12584","07_report/CpG_context_sampling_12451_584_trimmed_bismark_bt2.CpG",4240,3110,1130,4240
"12585","07_report/CpG_context_sampling_12451_585_trimmed_bismark_bt2.CpG",4310,3040,1270,4310
"12586","07_report/CpG_context_sampling_12451_586_trimmed_bismark_bt2.CpG",4348,3164,1184,4348
"12587","07_report/CpG_context_sampling_12451_587_trimmed_bismark_bt2.CpG",4298,3072,1226,4298
"12588","07_report/CpG_context_sampling_12451_588_trimmed_bismark_bt2.CpG",4256,3032,1224,4256
"12589","07_report/CpG_context_sampling_12451_589_trimmed_bismark_bt2.CpG",4285,3049,1236,4285
"12590","07_report/CpG_context_sampling_12451_590_trimmed_bismark_bt2.CpG",4295,3109,1186,4295
"12591","07_report/CpG_context_sampling_12451_591_trimmed_bismark_bt2.CpG",4288,3038,1250,4288
"12592","07_report/CpG_context_sampling_12451_592_trimmed_bismark_bt2.CpG",4334,3062,1272,4334
"12593","07_report/CpG_context_sampling_12451_593_trimmed_bismark_bt2.CpG",4280,3040,1240,4280
"12594","07_report/CpG_context_sampling_12451_594_trimmed_bismark_bt2.CpG",4234,3033,1201,4234
"12595","07_report/CpG_context_sampling_12451_595_trimmed_bismark_bt2.CpG",4340,3081,1259,4340
"12596","07_report/CpG_context_sampling_12451_596_trimmed_bismark_bt2.CpG",4298,3082,1216,4298
"12597","07_report/CpG_context_sampling_12451_597_trimmed_bismark_bt2.CpG",4329,3077,1252,4329
"12598","07_report/CpG_context_sampling_12451_598_trimmed_bismark_bt2.CpG",4262,3043,1219,4262
"12599","07_report/CpG_context_sampling_12451_599_trimmed_bismark_bt2.CpG",4328,3098,1230,4328
"12600","07_report/CpG_context_sampling_12451_600_trimmed_bismark_bt2.CpG",4316,3077,1239,4316
"12601","07_report/CpG_context_sampling_12451_601_trimmed_bismark_bt2.CpG",4340,3091,1249,4340
"12602","07_report/CpG_context_sampling_12451_602_trimmed_bismark_bt2.CpG",4281,3120,1161,4281
"12603","07_report/CpG_context_sampling_12451_603_trimmed_bismark_bt2.CpG",4376,3118,1258,4376
"12604","07_report/CpG_context_sampling_12451_604_trimmed_bismark_bt2.CpG",4353,3116,1237,4353
"12605","07_report/CpG_context_sampling_12451_605_trimmed_bismark_bt2.CpG",4300,3135,1165,4300
"12606","07_report/CpG_context_sampling_12451_606_trimmed_bismark_bt2.CpG",4229,3054,1175,4229
"12607","07_report/CpG_context_sampling_12451_607_trimmed_bismark_bt2.CpG",4295,3072,1223,4295
"12608","07_report/CpG_context_sampling_12451_608_trimmed_bismark_bt2.CpG",4276,3075,1201,4276
"12609","07_report/CpG_context_sampling_12451_609_trimmed_bismark_bt2.CpG",4286,3017,1269,4286
"12610","07_report/CpG_context_sampling_12451_610_trimmed_bismark_bt2.CpG",4296,3091,1205,4296
"12611","07_report/CpG_context_sampling_12451_611_trimmed_bismark_bt2.CpG",4248,3056,1192,4248
"12612","07_report/CpG_context_sampling_12451_612_trimmed_bismark_bt2.CpG",4379,3109,1270,4379
"12613","07_report/CpG_context_sampling_12451_613_trimmed_bismark_bt2.CpG",4333,3148,1185,4333
"12614","07_report/CpG_context_sampling_12451_614_trimmed_bismark_bt2.CpG",4362,3088,1274,4362
"12615","07_report/CpG_context_sampling_12451_615_trimmed_bismark_bt2.CpG",4322,3045,1277,4322
"12616","07_report/CpG_context_sampling_12451_616_trimmed_bismark_bt2.CpG",4330,3065,1265,4330
"12617","07_report/CpG_context_sampling_12451_617_trimmed_bismark_bt2.CpG",4405,3189,1216,4405
"12618","07_report/CpG_context_sampling_12451_618_trimmed_bismark_bt2.CpG",4302,3113,1189,4302
"12619","07_report/CpG_context_sampling_12451_619_trimmed_bismark_bt2.CpG",4355,3132,1223,4355
"12620","07_report/CpG_context_sampling_12451_620_trimmed_bismark_bt2.CpG",4327,3133,1194,4327
"12621","07_report/CpG_context_sampling_12451_621_trimmed_bismark_bt2.CpG",4270,3006,1264,4270
"12622","07_report/CpG_context_sampling_12451_622_trimmed_bismark_bt2.CpG",4389,3172,1217,4389
"12623","07_report/CpG_context_sampling_12451_623_trimmed_bismark_bt2.CpG",4366,3113,1253,4366
"12624","07_report/CpG_context_sampling_12451_624_trimmed_bismark_bt2.CpG",4382,3135,1247,4382
"12625","07_report/CpG_context_sampling_12451_625_trimmed_bismark_bt2.CpG",4325,3100,1225,4325
"12626","07_report/CpG_context_sampling_12451_626_trimmed_bismark_bt2.CpG",4228,2970,1258,4228
"12627","07_report/CpG_context_sampling_12451_627_trimmed_bismark_bt2.CpG",4212,3023,1189,4212
"12628","07_report/CpG_context_sampling_12451_628_trimmed_bismark_bt2.CpG",4293,3099,1194,4293
"12629","07_report/CpG_context_sampling_12451_629_trimmed_bismark_bt2.CpG",4201,2995,1206,4201
"12630","07_report/CpG_context_sampling_12451_630_trimmed_bismark_bt2.CpG",4330,3121,1209,4330
"12631","07_report/CpG_context_sampling_12451_631_trimmed_bismark_bt2.CpG",4359,3132,1227,4359
"12632","07_report/CpG_context_sampling_12451_632_trimmed_bismark_bt2.CpG",4317,3071,1246,4317
"12633","07_report/CpG_context_sampling_12451_633_trimmed_bismark_bt2.CpG",4236,3040,1196,4236
"12634","07_report/CpG_context_sampling_12451_634_trimmed_bismark_bt2.CpG",4355,3125,1230,4355
"12635","07_report/CpG_context_sampling_12451_635_trimmed_bismark_bt2.CpG",4275,3086,1189,4275
"12636","07_report/CpG_context_sampling_12451_636_trimmed_bismark_bt2.CpG",4346,3077,1269,4346
"12637","07_report/CpG_context_sampling_12451_637_trimmed_bismark_bt2.CpG",4423,3198,1225,4423
"12638","07_report/CpG_context_sampling_12451_638_trimmed_bismark_bt2.CpG",4255,3068,1187,4255
"12639","07_report/CpG_context_sampling_12451_639_trimmed_bismark_bt2.CpG",4356,3091,1265,4356
"12640","07_report/CpG_context_sampling_12451_640_trimmed_bismark_bt2.CpG",4322,3176,1146,4322
"12641","07_report/CpG_context_sampling_12451_641_trimmed_bismark_bt2.CpG",4343,3090,1253,4343
"12642","07_report/CpG_context_sampling_12451_642_trimmed_bismark_bt2.CpG",4236,3019,1217,4236
"12643","07_report/CpG_context_sampling_12451_643_trimmed_bismark_bt2.CpG",4416,3181,1235,4416
"12644","07_report/CpG_context_sampling_12451_644_trimmed_bismark_bt2.CpG",4369,3159,1210,4369
"12645","07_report/CpG_context_sampling_12451_645_trimmed_bismark_bt2.CpG",4321,3082,1239,4321
"12646","07_report/CpG_context_sampling_12451_646_trimmed_bismark_bt2.CpG",4323,3099,1224,4323
"12647","07_report/CpG_context_sampling_12451_647_trimmed_bismark_bt2.CpG",4338,3102,1236,4338
"12648","07_report/CpG_context_sampling_12451_648_trimmed_bismark_bt2.CpG",4285,3092,1193,4285
"12649","07_report/CpG_context_sampling_12451_649_trimmed_bismark_bt2.CpG",4406,3134,1272,4406
"12650","07_report/CpG_context_sampling_12451_650_trimmed_bismark_bt2.CpG",4229,3047,1182,4229
"12651","07_report/CpG_context_sampling_12451_651_trimmed_bismark_bt2.CpG",4312,3080,1232,4312
"12652","07_report/CpG_context_sampling_12451_652_trimmed_bismark_bt2.CpG",4359,3130,1229,4359
"12653","07_report/CpG_context_sampling_12451_653_trimmed_bismark_bt2.CpG",4241,3062,1179,4241
"12654","07_report/CpG_context_sampling_12451_654_trimmed_bismark_bt2.CpG",4323,3123,1200,4323
"12655","07_report/CpG_context_sampling_12451_655_trimmed_bismark_bt2.CpG",4245,3073,1172,4245
"12656","07_report/CpG_context_sampling_12451_656_trimmed_bismark_bt2.CpG",4339,3154,1185,4339
"12657","07_report/CpG_context_sampling_12451_657_trimmed_bismark_bt2.CpG",4250,3028,1222,4250
"12658","07_report/CpG_context_sampling_12451_658_trimmed_bismark_bt2.CpG",4335,3139,1196,4335
"12659","07_report/CpG_context_sampling_12451_659_trimmed_bismark_bt2.CpG",4256,3085,1171,4256
"12660","07_report/CpG_context_sampling_12451_660_trimmed_bismark_bt2.CpG",4333,3066,1267,4333
"12661","07_report/CpG_context_sampling_12451_661_trimmed_bismark_bt2.CpG",4277,3009,1268,4277
"12662","07_report/CpG_context_sampling_12451_662_trimmed_bismark_bt2.CpG",4326,3077,1249,4326
"12663","07_report/CpG_context_sampling_12451_663_trimmed_bismark_bt2.CpG",4271,3004,1267,4271
"12664","07_report/CpG_context_sampling_12451_664_trimmed_bismark_bt2.CpG",4222,3038,1184,4222
"12665","07_report/CpG_context_sampling_12451_665_trimmed_bismark_bt2.CpG",4252,3052,1200,4252
"12666","07_report/CpG_context_sampling_12451_666_trimmed_bismark_bt2.CpG",4149,2934,1215,4149
"12667","07_report/CpG_context_sampling_12451_667_trimmed_bismark_bt2.CpG",4351,3123,1228,4351
"12668","07_report/CpG_context_sampling_12451_668_trimmed_bismark_bt2.CpG",4394,3107,1287,4394
"12669","07_report/CpG_context_sampling_12451_669_trimmed_bismark_bt2.CpG",4316,3061,1255,4316
"12670","07_report/CpG_context_sampling_12451_670_trimmed_bismark_bt2.CpG",4301,3136,1165,4301
"12671","07_report/CpG_context_sampling_12451_671_trimmed_bismark_bt2.CpG",4325,3131,1194,4325
"12672","07_report/CpG_context_sampling_12451_672_trimmed_bismark_bt2.CpG",4332,3070,1262,4332
"12673","07_report/CpG_context_sampling_12451_673_trimmed_bismark_bt2.CpG",4365,3109,1256,4365
"12674","07_report/CpG_context_sampling_12451_674_trimmed_bismark_bt2.CpG",4302,3076,1226,4302
"12675","07_report/CpG_context_sampling_12451_675_trimmed_bismark_bt2.CpG",4266,3012,1254,4266
"12676","07_report/CpG_context_sampling_12451_676_trimmed_bismark_bt2.CpG",4411,3151,1260,4411
"12677","07_report/CpG_context_sampling_12451_677_trimmed_bismark_bt2.CpG",4253,3069,1184,4253
"12678","07_report/CpG_context_sampling_12451_678_trimmed_bismark_bt2.CpG",4252,3061,1191,4252
"12679","07_report/CpG_context_sampling_12451_679_trimmed_bismark_bt2.CpG",4303,3029,1274,4303
"12680","07_report/CpG_context_sampling_12451_680_trimmed_bismark_bt2.CpG",4330,3084,1246,4330
"12681","07_report/CpG_context_sampling_12451_681_trimmed_bismark_bt2.CpG",4243,3038,1205,4243
"12682","07_report/CpG_context_sampling_12451_682_trimmed_bismark_bt2.CpG",4275,3051,1224,4275
"12683","07_report/CpG_context_sampling_12451_683_trimmed_bismark_bt2.CpG",4294,3060,1234,4294
"12684","07_report/CpG_context_sampling_12451_684_trimmed_bismark_bt2.CpG",4288,3093,1195,4288
"12685","07_report/CpG_context_sampling_12451_685_trimmed_bismark_bt2.CpG",4292,3069,1223,4292
"12686","07_report/CpG_context_sampling_12451_686_trimmed_bismark_bt2.CpG",4351,3140,1211,4351
"12687","07_report/CpG_context_sampling_12451_687_trimmed_bismark_bt2.CpG",4412,3166,1246,4412
"12688","07_report/CpG_context_sampling_12451_688_trimmed_bismark_bt2.CpG",4236,3036,1200,4236
"12689","07_report/CpG_context_sampling_12451_689_trimmed_bismark_bt2.CpG",4357,3128,1229,4357
"12690","07_report/CpG_context_sampling_12451_690_trimmed_bismark_bt2.CpG",4287,3046,1241,4287
"12691","07_report/CpG_context_sampling_12451_691_trimmed_bismark_bt2.CpG",4210,2994,1216,4210
"12692","07_report/CpG_context_sampling_12451_692_trimmed_bismark_bt2.CpG",4296,3062,1234,4296
"12693","07_report/CpG_context_sampling_12451_693_trimmed_bismark_bt2.CpG",4334,3107,1227,4334
"12694","07_report/CpG_context_sampling_12451_694_trimmed_bismark_bt2.CpG",4338,3096,1242,4338
"12695","07_report/CpG_context_sampling_12451_695_trimmed_bismark_bt2.CpG",4284,3057,1227,4284
"12696","07_report/CpG_context_sampling_12451_696_trimmed_bismark_bt2.CpG",4305,3065,1240,4305
"12697","07_report/CpG_context_sampling_12451_697_trimmed_bismark_bt2.CpG",4358,3178,1180,4358
"12698","07_report/CpG_context_sampling_12451_698_trimmed_bismark_bt2.CpG",4351,3115,1236,4351
"12699","07_report/CpG_context_sampling_12451_699_trimmed_bismark_bt2.CpG",4386,3148,1238,4386
"12700","07_report/CpG_context_sampling_12451_700_trimmed_bismark_bt2.CpG",4388,3172,1216,4388
"12701","07_report/CpG_context_sampling_12451_701_trimmed_bismark_bt2.CpG",4313,3043,1270,4313
"12702","07_report/CpG_context_sampling_12451_702_trimmed_bismark_bt2.CpG",4337,3069,1268,4337
"12703","07_report/CpG_context_sampling_12451_703_trimmed_bismark_bt2.CpG",4280,3034,1246,4280
"12704","07_report/CpG_context_sampling_12451_704_trimmed_bismark_bt2.CpG",4313,3052,1261,4313
"12705","07_report/CpG_context_sampling_12451_705_trimmed_bismark_bt2.CpG",4227,3039,1188,4227
"12706","07_report/CpG_context_sampling_12451_706_trimmed_bismark_bt2.CpG",4241,3063,1178,4241
"12707","07_report/CpG_context_sampling_12451_707_trimmed_bismark_bt2.CpG",4290,3120,1170,4290
"12708","07_report/CpG_context_sampling_12451_708_trimmed_bismark_bt2.CpG",4390,3244,1146,4390
"12709","07_report/CpG_context_sampling_12451_709_trimmed_bismark_bt2.CpG",4302,3053,1249,4302
"12710","07_report/CpG_context_sampling_12451_710_trimmed_bismark_bt2.CpG",4303,3060,1243,4303
"12711","07_report/CpG_context_sampling_12451_711_trimmed_bismark_bt2.CpG",4314,3097,1217,4314
"12712","07_report/CpG_context_sampling_12451_712_trimmed_bismark_bt2.CpG",4304,3111,1193,4304
"12713","07_report/CpG_context_sampling_12451_713_trimmed_bismark_bt2.CpG",4286,3052,1234,4286
"12714","07_report/CpG_context_sampling_12451_714_trimmed_bismark_bt2.CpG",4361,3160,1201,4361
"12715","07_report/CpG_context_sampling_12451_715_trimmed_bismark_bt2.CpG",4327,3116,1211,4327
"12716","07_report/CpG_context_sampling_12451_716_trimmed_bismark_bt2.CpG",4316,3081,1235,4316
"12717","07_report/CpG_context_sampling_12451_717_trimmed_bismark_bt2.CpG",4273,3020,1253,4273
"12718","07_report/CpG_context_sampling_12451_718_trimmed_bismark_bt2.CpG",4355,3116,1239,4355
"12719","07_report/CpG_context_sampling_12451_719_trimmed_bismark_bt2.CpG",4233,3014,1219,4233
"12720","07_report/CpG_context_sampling_12451_720_trimmed_bismark_bt2.CpG",4288,3021,1267,4288
"12721","07_report/CpG_context_sampling_12451_721_trimmed_bismark_bt2.CpG",4357,3100,1257,4357
"12722","07_report/CpG_context_sampling_12451_722_trimmed_bismark_bt2.CpG",4377,3129,1248,4377
"12723","07_report/CpG_context_sampling_12451_723_trimmed_bismark_bt2.CpG",4419,3162,1257,4419
"12724","07_report/CpG_context_sampling_12451_724_trimmed_bismark_bt2.CpG",4340,3082,1258,4340
"12725","07_report/CpG_context_sampling_12451_725_trimmed_bismark_bt2.CpG",4336,3107,1229,4336
"12726","07_report/CpG_context_sampling_12451_726_trimmed_bismark_bt2.CpG",4306,3136,1170,4306
"12727","07_report/CpG_context_sampling_12451_727_trimmed_bismark_bt2.CpG",4322,3130,1192,4322
"12728","07_report/CpG_context_sampling_12451_728_trimmed_bismark_bt2.CpG",4299,3074,1225,4299
"12729","07_report/CpG_context_sampling_12451_729_trimmed_bismark_bt2.CpG",4317,3097,1220,4317
"12730","07_report/CpG_context_sampling_12451_730_trimmed_bismark_bt2.CpG",4383,3146,1237,4383
"12731","07_report/CpG_context_sampling_12451_731_trimmed_bismark_bt2.CpG",4359,3144,1215,4359
"12732","07_report/CpG_context_sampling_12451_732_trimmed_bismark_bt2.CpG",4267,3051,1216,4267
"12733","07_report/CpG_context_sampling_12451_733_trimmed_bismark_bt2.CpG",4251,3047,1204,4251
"12734","07_report/CpG_context_sampling_12451_734_trimmed_bismark_bt2.CpG",4202,2990,1212,4202
"12735","07_report/CpG_context_sampling_12451_735_trimmed_bismark_bt2.CpG",4286,3062,1224,4286
"12736","07_report/CpG_context_sampling_12451_736_trimmed_bismark_bt2.CpG",4395,3095,1300,4395
"12737","07_report/CpG_context_sampling_12451_737_trimmed_bismark_bt2.CpG",4299,3054,1245,4299
"12738","07_report/CpG_context_sampling_12451_738_trimmed_bismark_bt2.CpG",4347,3114,1233,4347
"12739","07_report/CpG_context_sampling_12451_739_trimmed_bismark_bt2.CpG",4293,3030,1263,4293
"12740","07_report/CpG_context_sampling_12451_740_trimmed_bismark_bt2.CpG",4379,3110,1269,4379
"12741","07_report/CpG_context_sampling_12451_741_trimmed_bismark_bt2.CpG",4337,3062,1275,4337
"12742","07_report/CpG_context_sampling_12451_742_trimmed_bismark_bt2.CpG",4335,3056,1279,4335
"12743","07_report/CpG_context_sampling_12451_743_trimmed_bismark_bt2.CpG",4321,3118,1203,4321
"12744","07_report/CpG_context_sampling_12451_744_trimmed_bismark_bt2.CpG",4359,3132,1227,4359
"12745","07_report/CpG_context_sampling_12451_745_trimmed_bismark_bt2.CpG",4286,3047,1239,4286
"12746","07_report/CpG_context_sampling_12451_746_trimmed_bismark_bt2.CpG",4291,3048,1243,4291
"12747","07_report/CpG_context_sampling_12451_747_trimmed_bismark_bt2.CpG",4346,3117,1229,4346
"12748","07_report/CpG_context_sampling_12451_748_trimmed_bismark_bt2.CpG",4360,3082,1278,4360
"12749","07_report/CpG_context_sampling_12451_749_trimmed_bismark_bt2.CpG",4378,3112,1266,4378
"12750","07_report/CpG_context_sampling_12451_750_trimmed_bismark_bt2.CpG",4365,3108,1257,4365
"12751","07_report/CpG_context_sampling_12451_751_trimmed_bismark_bt2.CpG",4378,3147,1231,4378
"12752","07_report/CpG_context_sampling_12451_752_trimmed_bismark_bt2.CpG",4356,3109,1247,4356
"12753","07_report/CpG_context_sampling_12451_753_trimmed_bismark_bt2.CpG",4357,3112,1245,4357
"12754","07_report/CpG_context_sampling_12451_754_trimmed_bismark_bt2.CpG",4371,3135,1236,4371
"12755","07_report/CpG_context_sampling_12451_755_trimmed_bismark_bt2.CpG",4394,3092,1302,4394
"12756","07_report/CpG_context_sampling_12451_756_trimmed_bismark_bt2.CpG",4258,3067,1191,4258
"12757","07_report/CpG_context_sampling_12451_757_trimmed_bismark_bt2.CpG",4338,3115,1223,4338
"12758","07_report/CpG_context_sampling_12451_758_trimmed_bismark_bt2.CpG",4255,3066,1189,4255
"12759","07_report/CpG_context_sampling_12451_759_trimmed_bismark_bt2.CpG",4332,3061,1271,4332
"12760","07_report/CpG_context_sampling_12451_760_trimmed_bismark_bt2.CpG",4349,3121,1228,4349
"12761","07_report/CpG_context_sampling_12451_761_trimmed_bismark_bt2.CpG",4426,3193,1233,4426
"12762","07_report/CpG_context_sampling_12451_762_trimmed_bismark_bt2.CpG",4305,3077,1228,4305
"12763","07_report/CpG_context_sampling_12451_763_trimmed_bismark_bt2.CpG",4351,3105,1246,4351
"12764","07_report/CpG_context_sampling_12451_764_trimmed_bismark_bt2.CpG",4302,3063,1239,4302
"12765","07_report/CpG_context_sampling_12451_765_trimmed_bismark_bt2.CpG",4277,3057,1220,4277
"12766","07_report/CpG_context_sampling_12451_766_trimmed_bismark_bt2.CpG",4335,3111,1224,4335
"12767","07_report/CpG_context_sampling_12451_767_trimmed_bismark_bt2.CpG",4350,3114,1236,4350
"12768","07_report/CpG_context_sampling_12451_768_trimmed_bismark_bt2.CpG",4327,3085,1242,4327
"12769","07_report/CpG_context_sampling_12451_769_trimmed_bismark_bt2.CpG",4327,3137,1190,4327
"12770","07_report/CpG_context_sampling_12451_770_trimmed_bismark_bt2.CpG",4286,3071,1215,4286
"12771","07_report/CpG_context_sampling_12451_771_trimmed_bismark_bt2.CpG",4308,3052,1256,4308
"12772","07_report/CpG_context_sampling_12451_772_trimmed_bismark_bt2.CpG",4292,3032,1260,4292
"12773","07_report/CpG_context_sampling_12451_773_trimmed_bismark_bt2.CpG",4340,3021,1319,4340
"12774","07_report/CpG_context_sampling_12451_774_trimmed_bismark_bt2.CpG",4227,3086,1141,4227
"12775","07_report/CpG_context_sampling_12451_775_trimmed_bismark_bt2.CpG",4310,3111,1199,4310
"12776","07_report/CpG_context_sampling_12451_776_trimmed_bismark_bt2.CpG",4336,3128,1208,4336
"12777","07_report/CpG_context_sampling_12451_777_trimmed_bismark_bt2.CpG",4287,3061,1226,4287
"12778","07_report/CpG_context_sampling_12451_778_trimmed_bismark_bt2.CpG",4327,3057,1270,4327
"12779","07_report/CpG_context_sampling_12451_779_trimmed_bismark_bt2.CpG",4333,3098,1235,4333
"12780","07_report/CpG_context_sampling_12451_780_trimmed_bismark_bt2.CpG",4316,3095,1221,4316
"12781","07_report/CpG_context_sampling_12451_781_trimmed_bismark_bt2.CpG",4391,3159,1232,4391
"12782","07_report/CpG_context_sampling_12451_782_trimmed_bismark_bt2.CpG",4323,3073,1250,4323
"12783","07_report/CpG_context_sampling_12451_783_trimmed_bismark_bt2.CpG",4340,3126,1214,4340
"12784","07_report/CpG_context_sampling_12451_784_trimmed_bismark_bt2.CpG",4340,3117,1223,4340
"12785","07_report/CpG_context_sampling_12451_785_trimmed_bismark_bt2.CpG",4364,3132,1232,4364
"12786","07_report/CpG_context_sampling_12451_786_trimmed_bismark_bt2.CpG",4328,3136,1192,4328
"12787","07_report/CpG_context_sampling_12451_787_trimmed_bismark_bt2.CpG",4373,3144,1229,4373
"12788","07_report/CpG_context_sampling_12451_788_trimmed_bismark_bt2.CpG",4307,3090,1217,4307
"12789","07_report/CpG_context_sampling_12451_789_trimmed_bismark_bt2.CpG",4225,3008,1217,4225
"12790","07_report/CpG_context_sampling_12451_790_trimmed_bismark_bt2.CpG",4251,3059,1192,4251
"12791","07_report/CpG_context_sampling_12451_791_trimmed_bismark_bt2.CpG",4273,3085,1188,4273
"12792","07_report/CpG_context_sampling_12451_792_trimmed_bismark_bt2.CpG",4272,3115,1157,4272
"12793","07_report/CpG_context_sampling_12451_793_trimmed_bismark_bt2.CpG",4341,3110,1231,4341
"12794","07_report/CpG_context_sampling_12451_794_trimmed_bismark_bt2.CpG",4257,3036,1221,4257
"12795","07_report/CpG_context_sampling_12451_795_trimmed_bismark_bt2.CpG",4374,3093,1281,4374
"12796","07_report/CpG_context_sampling_12451_796_trimmed_bismark_bt2.CpG",4323,3084,1239,4323
"12797","07_report/CpG_context_sampling_12451_797_trimmed_bismark_bt2.CpG",4321,3056,1265,4321
"12798","07_report/CpG_context_sampling_12451_798_trimmed_bismark_bt2.CpG",4380,3151,1229,4380
"12799","07_report/CpG_context_sampling_12451_799_trimmed_bismark_bt2.CpG",4335,3088,1247,4335
"12800","07_report/CpG_context_sampling_12451_800_trimmed_bismark_bt2.CpG",4351,3069,1282,4351
"12801","07_report/CpG_context_sampling_12451_801_trimmed_bismark_bt2.CpG",4328,3122,1206,4328
"12802","07_report/CpG_context_sampling_12451_802_trimmed_bismark_bt2.CpG",4416,3181,1235,4416
"12803","07_report/CpG_context_sampling_12451_803_trimmed_bismark_bt2.CpG",4232,3049,1183,4232
"12804","07_report/CpG_context_sampling_12451_804_trimmed_bismark_bt2.CpG",4251,3040,1211,4251
"12805","07_report/CpG_context_sampling_12451_805_trimmed_bismark_bt2.CpG",4270,3067,1203,4270
"12806","07_report/CpG_context_sampling_12451_806_trimmed_bismark_bt2.CpG",4308,3080,1228,4308
"12807","07_report/CpG_context_sampling_12451_807_trimmed_bismark_bt2.CpG",4342,3106,1236,4342
"12808","07_report/CpG_context_sampling_12451_808_trimmed_bismark_bt2.CpG",4321,3120,1201,4321
"12809","07_report/CpG_context_sampling_12451_809_trimmed_bismark_bt2.CpG",4307,3118,1189,4307
"12810","07_report/CpG_context_sampling_12451_810_trimmed_bismark_bt2.CpG",4336,3060,1276,4336
"12811","07_report/CpG_context_sampling_12451_811_trimmed_bismark_bt2.CpG",4388,3128,1260,4388
"12812","07_report/CpG_context_sampling_12451_812_trimmed_bismark_bt2.CpG",4388,3149,1239,4388
"12813","07_report/CpG_context_sampling_12451_813_trimmed_bismark_bt2.CpG",4354,3153,1201,4354
"12814","07_report/CpG_context_sampling_12451_814_trimmed_bismark_bt2.CpG",4343,3126,1217,4343
"12815","07_report/CpG_context_sampling_12451_815_trimmed_bismark_bt2.CpG",4288,3035,1253,4288
"12816","07_report/CpG_context_sampling_12451_816_trimmed_bismark_bt2.CpG",4344,3070,1274,4344
"12817","07_report/CpG_context_sampling_12451_817_trimmed_bismark_bt2.CpG",4294,3050,1244,4294
"12818","07_report/CpG_context_sampling_12451_818_trimmed_bismark_bt2.CpG",4355,3115,1240,4355
"12819","07_report/CpG_context_sampling_12451_819_trimmed_bismark_bt2.CpG",4332,3083,1249,4332
"12820","07_report/CpG_context_sampling_12451_820_trimmed_bismark_bt2.CpG",4326,3035,1291,4326
"12821","07_report/CpG_context_sampling_12451_821_trimmed_bismark_bt2.CpG",4300,3060,1240,4300
"12822","07_report/CpG_context_sampling_12451_822_trimmed_bismark_bt2.CpG",4315,3086,1229,4315
"12823","07_report/CpG_context_sampling_12451_823_trimmed_bismark_bt2.CpG",4397,3179,1218,4397
"12824","07_report/CpG_context_sampling_12451_824_trimmed_bismark_bt2.CpG",4372,3119,1253,4372
"12825","07_report/CpG_context_sampling_12451_825_trimmed_bismark_bt2.CpG",4403,3140,1263,4403
"12826","07_report/CpG_context_sampling_12451_826_trimmed_bismark_bt2.CpG",4302,3081,1221,4302
"12827","07_report/CpG_context_sampling_12451_827_trimmed_bismark_bt2.CpG",4348,3143,1205,4348
"12828","07_report/CpG_context_sampling_12451_828_trimmed_bismark_bt2.CpG",4329,3117,1212,4329
"12829","07_report/CpG_context_sampling_12451_829_trimmed_bismark_bt2.CpG",4308,3077,1231,4308
"12830","07_report/CpG_context_sampling_12451_830_trimmed_bismark_bt2.CpG",4402,3159,1243,4402
"12831","07_report/CpG_context_sampling_12451_831_trimmed_bismark_bt2.CpG",4341,3083,1258,4341
"12832","07_report/CpG_context_sampling_12451_832_trimmed_bismark_bt2.CpG",4335,3116,1219,4335
"12833","07_report/CpG_context_sampling_12451_833_trimmed_bismark_bt2.CpG",4306,3050,1256,4306
"12834","07_report/CpG_context_sampling_12451_834_trimmed_bismark_bt2.CpG",4313,3081,1232,4313
"12835","07_report/CpG_context_sampling_12451_835_trimmed_bismark_bt2.CpG",4354,3133,1221,4354
"12836","07_report/CpG_context_sampling_12451_836_trimmed_bismark_bt2.CpG",4399,3155,1244,4399
"12837","07_report/CpG_context_sampling_12451_837_trimmed_bismark_bt2.CpG",4354,3088,1266,4354
"12838","07_report/CpG_context_sampling_12451_838_trimmed_bismark_bt2.CpG",4273,3056,1217,4273
"12839","07_report/CpG_context_sampling_12451_839_trimmed_bismark_bt2.CpG",4296,3036,1260,4296
"12840","07_report/CpG_context_sampling_12451_840_trimmed_bismark_bt2.CpG",4233,3038,1195,4233
"12841","07_report/CpG_context_sampling_12451_841_trimmed_bismark_bt2.CpG",4287,3062,1225,4287
"12842","07_report/CpG_context_sampling_12451_842_trimmed_bismark_bt2.CpG",4308,3089,1219,4308
"12843","07_report/CpG_context_sampling_12451_843_trimmed_bismark_bt2.CpG",4261,3060,1201,4261
"12844","07_report/CpG_context_sampling_12451_844_trimmed_bismark_bt2.CpG",4358,3132,1226,4358
"12845","07_report/CpG_context_sampling_12451_845_trimmed_bismark_bt2.CpG",4295,3094,1201,4295
"12846","07_report/CpG_context_sampling_12451_846_trimmed_bismark_bt2.CpG",4250,3122,1128,4250
"12847","07_report/CpG_context_sampling_12451_847_trimmed_bismark_bt2.CpG",4290,3081,1209,4290
"12848","07_report/CpG_context_sampling_12451_848_trimmed_bismark_bt2.CpG",4349,3083,1266,4349
"12849","07_report/CpG_context_sampling_12451_849_trimmed_bismark_bt2.CpG",4324,3087,1237,4324
"12850","07_report/CpG_context_sampling_12451_850_trimmed_bismark_bt2.CpG",4328,3094,1234,4328
"12851","07_report/CpG_context_sampling_12451_851_trimmed_bismark_bt2.CpG",4312,3075,1237,4312
"12852","07_report/CpG_context_sampling_12451_852_trimmed_bismark_bt2.CpG",4308,3149,1159,4308
"12853","07_report/CpG_context_sampling_12451_853_trimmed_bismark_bt2.CpG",4297,3100,1197,4297
"12854","07_report/CpG_context_sampling_12451_854_trimmed_bismark_bt2.CpG",4317,3055,1262,4317
"12855","07_report/CpG_context_sampling_12451_855_trimmed_bismark_bt2.CpG",4346,3117,1229,4346
"12856","07_report/CpG_context_sampling_12451_856_trimmed_bismark_bt2.CpG",4265,3053,1212,4265
"12857","07_report/CpG_context_sampling_12451_857_trimmed_bismark_bt2.CpG",4303,3082,1221,4303
"12858","07_report/CpG_context_sampling_12451_858_trimmed_bismark_bt2.CpG",4304,3013,1291,4304
"12859","07_report/CpG_context_sampling_12451_859_trimmed_bismark_bt2.CpG",4379,3167,1212,4379
"12860","07_report/CpG_context_sampling_12451_860_trimmed_bismark_bt2.CpG",4299,3103,1196,4299
"12861","07_report/CpG_context_sampling_12451_861_trimmed_bismark_bt2.CpG",4384,3169,1215,4384
"12862","07_report/CpG_context_sampling_12451_862_trimmed_bismark_bt2.CpG",4312,3126,1186,4312
"12863","07_report/CpG_context_sampling_12451_863_trimmed_bismark_bt2.CpG",4360,3106,1254,4360
"12864","07_report/CpG_context_sampling_12451_864_trimmed_bismark_bt2.CpG",4289,3088,1201,4289
"12865","07_report/CpG_context_sampling_12451_865_trimmed_bismark_bt2.CpG",4337,3081,1256,4337
"12866","07_report/CpG_context_sampling_12451_866_trimmed_bismark_bt2.CpG",4256,3014,1242,4256
"12867","07_report/CpG_context_sampling_12451_867_trimmed_bismark_bt2.CpG",4363,3132,1231,4363
"12868","07_report/CpG_context_sampling_12451_868_trimmed_bismark_bt2.CpG",4335,3073,1262,4335
"12869","07_report/CpG_context_sampling_12451_869_trimmed_bismark_bt2.CpG",4316,3122,1194,4316
"12870","07_report/CpG_context_sampling_12451_870_trimmed_bismark_bt2.CpG",4282,3106,1176,4282
"12871","07_report/CpG_context_sampling_12451_871_trimmed_bismark_bt2.CpG",4401,3118,1283,4401
"12872","07_report/CpG_context_sampling_12451_872_trimmed_bismark_bt2.CpG",4289,3055,1234,4289
"12873","07_report/CpG_context_sampling_12451_873_trimmed_bismark_bt2.CpG",4341,3031,1310,4341
"12874","07_report/CpG_context_sampling_12451_874_trimmed_bismark_bt2.CpG",4303,3093,1210,4303
"12875","07_report/CpG_context_sampling_12451_875_trimmed_bismark_bt2.CpG",4409,3169,1240,4409
"12876","07_report/CpG_context_sampling_12451_876_trimmed_bismark_bt2.CpG",4402,3123,1279,4402
"12877","07_report/CpG_context_sampling_12451_877_trimmed_bismark_bt2.CpG",4315,3089,1226,4315
"12878","07_report/CpG_context_sampling_12451_878_trimmed_bismark_bt2.CpG",4346,3131,1215,4346
"12879","07_report/CpG_context_sampling_12451_879_trimmed_bismark_bt2.CpG",4336,3089,1247,4336
"12880","07_report/CpG_context_sampling_12451_880_trimmed_bismark_bt2.CpG",4314,3043,1271,4314
"12881","07_report/CpG_context_sampling_12451_881_trimmed_bismark_bt2.CpG",4363,3069,1294,4363
"12882","07_report/CpG_context_sampling_12451_882_trimmed_bismark_bt2.CpG",4311,3109,1202,4311
"12883","07_report/CpG_context_sampling_12451_883_trimmed_bismark_bt2.CpG",4403,3155,1248,4403
"12884","07_report/CpG_context_sampling_12451_884_trimmed_bismark_bt2.CpG",4304,3111,1193,4304
"12885","07_report/CpG_context_sampling_12451_885_trimmed_bismark_bt2.CpG",4369,3107,1262,4369
"12886","07_report/CpG_context_sampling_12451_886_trimmed_bismark_bt2.CpG",4230,3045,1185,4230
"12887","07_report/CpG_context_sampling_12451_887_trimmed_bismark_bt2.CpG",4293,3084,1209,4293
"12888","07_report/CpG_context_sampling_12451_888_trimmed_bismark_bt2.CpG",4384,3134,1250,4384
"12889","07_report/CpG_context_sampling_12451_889_trimmed_bismark_bt2.CpG",4393,3126,1267,4393
"12890","07_report/CpG_context_sampling_12451_890_trimmed_bismark_bt2.CpG",4253,3054,1199,4253
"12891","07_report/CpG_context_sampling_12451_891_trimmed_bismark_bt2.CpG",4329,3028,1301,4329
"12892","07_report/CpG_context_sampling_12451_892_trimmed_bismark_bt2.CpG",4328,3143,1185,4328
"12893","07_report/CpG_context_sampling_12451_893_trimmed_bismark_bt2.CpG",4422,3164,1258,4422
"12894","07_report/CpG_context_sampling_12451_894_trimmed_bismark_bt2.CpG",4221,2982,1239,4221
"12895","07_report/CpG_context_sampling_12451_895_trimmed_bismark_bt2.CpG",4429,3200,1229,4429
"12896","07_report/CpG_context_sampling_12451_896_trimmed_bismark_bt2.CpG",4277,3015,1262,4277
"12897","07_report/CpG_context_sampling_12451_897_trimmed_bismark_bt2.CpG",4337,3071,1266,4337
"12898","07_report/CpG_context_sampling_12451_898_trimmed_bismark_bt2.CpG",4279,3026,1253,4279
"12899","07_report/CpG_context_sampling_12451_899_trimmed_bismark_bt2.CpG",4340,3131,1209,4340
"12900","07_report/CpG_context_sampling_12451_900_trimmed_bismark_bt2.CpG",4321,3054,1267,4321
"12901","07_report/CpG_context_sampling_12451_901_trimmed_bismark_bt2.CpG",4321,3108,1213,4321
"12902","07_report/CpG_context_sampling_12451_902_trimmed_bismark_bt2.CpG",4397,3163,1234,4397
"12903","07_report/CpG_context_sampling_12451_903_trimmed_bismark_bt2.CpG",4371,3146,1225,4371
"12904","07_report/CpG_context_sampling_12451_904_trimmed_bismark_bt2.CpG",4332,3067,1265,4332
"12905","07_report/CpG_context_sampling_12451_905_trimmed_bismark_bt2.CpG",4438,3147,1291,4438
"12906","07_report/CpG_context_sampling_12451_906_trimmed_bismark_bt2.CpG",4340,3121,1219,4340
"12907","07_report/CpG_context_sampling_12451_907_trimmed_bismark_bt2.CpG",4223,2990,1233,4223
"12908","07_report/CpG_context_sampling_12451_908_trimmed_bismark_bt2.CpG",4183,2981,1202,4183
"12909","07_report/CpG_context_sampling_12451_909_trimmed_bismark_bt2.CpG",4327,3080,1247,4327
"12910","07_report/CpG_context_sampling_12451_910_trimmed_bismark_bt2.CpG",4339,3087,1252,4339
"12911","07_report/CpG_context_sampling_12451_911_trimmed_bismark_bt2.CpG",4323,3097,1226,4323
"12912","07_report/CpG_context_sampling_12451_912_trimmed_bismark_bt2.CpG",4239,2996,1243,4239
"12913","07_report/CpG_context_sampling_12451_913_trimmed_bismark_bt2.CpG",4302,3093,1209,4302
"12914","07_report/CpG_context_sampling_12451_914_trimmed_bismark_bt2.CpG",4316,3111,1205,4316
"12915","07_report/CpG_context_sampling_12451_915_trimmed_bismark_bt2.CpG",4291,3031,1260,4291
"12916","07_report/CpG_context_sampling_12451_916_trimmed_bismark_bt2.CpG",4331,3100,1231,4331
"12917","07_report/CpG_context_sampling_12451_917_trimmed_bismark_bt2.CpG",4360,3092,1268,4360
"12918","07_report/CpG_context_sampling_12451_918_trimmed_bismark_bt2.CpG",4271,3052,1219,4271
"12919","07_report/CpG_context_sampling_12451_919_trimmed_bismark_bt2.CpG",4315,3097,1218,4315
"12920","07_report/CpG_context_sampling_12451_920_trimmed_bismark_bt2.CpG",4340,3127,1213,4340
"12921","07_report/CpG_context_sampling_12451_921_trimmed_bismark_bt2.CpG",4285,3049,1236,4285
"12922","07_report/CpG_context_sampling_12451_922_trimmed_bismark_bt2.CpG",4304,3040,1264,4304
"12923","07_report/CpG_context_sampling_12451_923_trimmed_bismark_bt2.CpG",4280,3018,1262,4280
"12924","07_report/CpG_context_sampling_12451_924_trimmed_bismark_bt2.CpG",4258,3043,1215,4258
"12925","07_report/CpG_context_sampling_12451_925_trimmed_bismark_bt2.CpG",4291,3041,1250,4291
"12926","07_report/CpG_context_sampling_12451_926_trimmed_bismark_bt2.CpG",4295,3066,1229,4295
"12927","07_report/CpG_context_sampling_12451_927_trimmed_bismark_bt2.CpG",4332,3080,1252,4332
"12928","07_report/CpG_context_sampling_12451_928_trimmed_bismark_bt2.CpG",4297,3047,1250,4297
"12929","07_report/CpG_context_sampling_12451_929_trimmed_bismark_bt2.CpG",4346,3104,1242,4346
"12930","07_report/CpG_context_sampling_12451_930_trimmed_bismark_bt2.CpG",4358,3167,1191,4358
"12931","07_report/CpG_context_sampling_12451_931_trimmed_bismark_bt2.CpG",4332,3143,1189,4332
"12932","07_report/CpG_context_sampling_12451_932_trimmed_bismark_bt2.CpG",4288,3071,1217,4288
"12933","07_report/CpG_context_sampling_12451_933_trimmed_bismark_bt2.CpG",4330,3108,1222,4330
"12934","07_report/CpG_context_sampling_12451_934_trimmed_bismark_bt2.CpG",4219,2958,1261,4219
"12935","07_report/CpG_context_sampling_12451_935_trimmed_bismark_bt2.CpG",4410,3137,1273,4410
"12936","07_report/CpG_context_sampling_12451_936_trimmed_bismark_bt2.CpG",4330,3095,1235,4330
"12937","07_report/CpG_context_sampling_12451_937_trimmed_bismark_bt2.CpG",4406,3158,1248,4406
"12938","07_report/CpG_context_sampling_12451_938_trimmed_bismark_bt2.CpG",4240,3038,1202,4240
"12939","07_report/CpG_context_sampling_12451_939_trimmed_bismark_bt2.CpG",4345,3108,1237,4345
"12940","07_report/CpG_context_sampling_12451_940_trimmed_bismark_bt2.CpG",4222,2987,1235,4222
"12941","07_report/CpG_context_sampling_12451_941_trimmed_bismark_bt2.CpG",4314,3082,1232,4314
"12942","07_report/CpG_context_sampling_12451_942_trimmed_bismark_bt2.CpG",4341,3101,1240,4341
"12943","07_report/CpG_context_sampling_12451_943_trimmed_bismark_bt2.CpG",4353,3124,1229,4353
"12944","07_report/CpG_context_sampling_12451_944_trimmed_bismark_bt2.CpG",4369,3114,1255,4369
"12945","07_report/CpG_context_sampling_12451_945_trimmed_bismark_bt2.CpG",4256,3026,1230,4256
"12946","07_report/CpG_context_sampling_12451_946_trimmed_bismark_bt2.CpG",4249,3045,1204,4249
"12947","07_report/CpG_context_sampling_12451_947_trimmed_bismark_bt2.CpG",4235,3021,1214,4235
"12948","07_report/CpG_context_sampling_12451_948_trimmed_bismark_bt2.CpG",4362,3172,1190,4362
"12949","07_report/CpG_context_sampling_12451_949_trimmed_bismark_bt2.CpG",4296,3101,1195,4296
"12950","07_report/CpG_context_sampling_12451_950_trimmed_bismark_bt2.CpG",4363,3153,1210,4363
"12951","07_report/CpG_context_sampling_12451_951_trimmed_bismark_bt2.CpG",4306,3083,1223,4306
"12952","07_report/CpG_context_sampling_12451_952_trimmed_bismark_bt2.CpG",4364,3131,1233,4364
"12953","07_report/CpG_context_sampling_12451_953_trimmed_bismark_bt2.CpG",4314,3095,1219,4314
"12954","07_report/CpG_context_sampling_12451_954_trimmed_bismark_bt2.CpG",4326,3073,1253,4326
"12955","07_report/CpG_context_sampling_12451_955_trimmed_bismark_bt2.CpG",4252,3032,1220,4252
"12956","07_report/CpG_context_sampling_12451_956_trimmed_bismark_bt2.CpG",4260,3036,1224,4260
"12957","07_report/CpG_context_sampling_12451_957_trimmed_bismark_bt2.CpG",4403,3182,1221,4403
"12958","07_report/CpG_context_sampling_12451_958_trimmed_bismark_bt2.CpG",4193,3000,1193,4193
"12959","07_report/CpG_context_sampling_12451_959_trimmed_bismark_bt2.CpG",4370,3144,1226,4370
"12960","07_report/CpG_context_sampling_12451_960_trimmed_bismark_bt2.CpG",4259,3034,1225,4259
"12961","07_report/CpG_context_sampling_12451_961_trimmed_bismark_bt2.CpG",4381,3176,1205,4381
"12962","07_report/CpG_context_sampling_12451_962_trimmed_bismark_bt2.CpG",4372,3133,1239,4372
"12963","07_report/CpG_context_sampling_12451_963_trimmed_bismark_bt2.CpG",4302,3062,1240,4302
"12964","07_report/CpG_context_sampling_12451_964_trimmed_bismark_bt2.CpG",4331,3094,1237,4331
"12965","07_report/CpG_context_sampling_12451_965_trimmed_bismark_bt2.CpG",4385,3145,1240,4385
"12966","07_report/CpG_context_sampling_12451_966_trimmed_bismark_bt2.CpG",4261,3054,1207,4261
"12967","07_report/CpG_context_sampling_12451_967_trimmed_bismark_bt2.CpG",4352,3145,1207,4352
"12968","07_report/CpG_context_sampling_12451_968_trimmed_bismark_bt2.CpG",4427,3145,1282,4427
"12969","07_report/CpG_context_sampling_12451_969_trimmed_bismark_bt2.CpG",4374,3159,1215,4374
"12970","07_report/CpG_context_sampling_12451_970_trimmed_bismark_bt2.CpG",4338,3125,1213,4338
"12971","07_report/CpG_context_sampling_12451_971_trimmed_bismark_bt2.CpG",4279,3055,1224,4279
"12972","07_report/CpG_context_sampling_12451_972_trimmed_bismark_bt2.CpG",4343,3137,1206,4343
"12973","07_report/CpG_context_sampling_12451_973_trimmed_bismark_bt2.CpG",4377,3131,1246,4377
"12974","07_report/CpG_context_sampling_12451_974_trimmed_bismark_bt2.CpG",4247,3059,1188,4247
"12975","07_report/CpG_context_sampling_12451_975_trimmed_bismark_bt2.CpG",4362,3142,1220,4362
"12976","07_report/CpG_context_sampling_12451_976_trimmed_bismark_bt2.CpG",4303,3038,1265,4303
"12977","07_report/CpG_context_sampling_12451_977_trimmed_bismark_bt2.CpG",4349,3103,1246,4349
"12978","07_report/CpG_context_sampling_12451_978_trimmed_bismark_bt2.CpG",4281,3077,1204,4281
"12979","07_report/CpG_context_sampling_12451_979_trimmed_bismark_bt2.CpG",4334,3115,1219,4334
"12980","07_report/CpG_context_sampling_12451_980_trimmed_bismark_bt2.CpG",4310,3095,1215,4310
"12981","07_report/CpG_context_sampling_12451_981_trimmed_bismark_bt2.CpG",4355,3137,1218,4355
"12982","07_report/CpG_context_sampling_12451_982_trimmed_bismark_bt2.CpG",4278,3029,1249,4278
"12983","07_report/CpG_context_sampling_12451_983_trimmed_bismark_bt2.CpG",4326,3090,1236,4326
"12984","07_report/CpG_context_sampling_12451_984_trimmed_bismark_bt2.CpG",4293,3021,1272,4293
"12985","07_report/CpG_context_sampling_12451_985_trimmed_bismark_bt2.CpG",4242,2985,1257,4242
"12986","07_report/CpG_context_sampling_12451_986_trimmed_bismark_bt2.CpG",4344,3051,1293,4344
"12987","07_report/CpG_context_sampling_12451_987_trimmed_bismark_bt2.CpG",4301,3079,1222,4301
"12988","07_report/CpG_context_sampling_12451_988_trimmed_bismark_bt2.CpG",4373,3148,1225,4373
"12989","07_report/CpG_context_sampling_12451_989_trimmed_bismark_bt2.CpG",4266,3047,1219,4266
"12990","07_report/CpG_context_sampling_12451_990_trimmed_bismark_bt2.CpG",4406,3177,1229,4406
"12991","07_report/CpG_context_sampling_12451_991_trimmed_bismark_bt2.CpG",4268,3071,1197,4268
"12992","07_report/CpG_context_sampling_12451_992_trimmed_bismark_bt2.CpG",4260,3056,1204,4260
"12993","07_report/CpG_context_sampling_12451_993_trimmed_bismark_bt2.CpG",4319,3107,1212,4319
"12994","07_report/CpG_context_sampling_12451_994_trimmed_bismark_bt2.CpG",4332,3104,1228,4332
"12995","07_report/CpG_context_sampling_12451_995_trimmed_bismark_bt2.CpG",4335,3134,1201,4335
"12996","07_report/CpG_context_sampling_12451_996_trimmed_bismark_bt2.CpG",4316,3118,1198,4316
"12997","07_report/CpG_context_sampling_12451_997_trimmed_bismark_bt2.CpG",4262,3065,1197,4262
"12998","07_report/CpG_context_sampling_12451_998_trimmed_bismark_bt2.CpG",4358,3151,1207,4358
"12999","07_report/CpG_context_sampling_12451_999_trimmed_bismark_bt2.CpG",4323,3098,1225,4323
"13000","07_report/CpG_context_sampling_12451_1000_trimmed_bismark_bt2.CpG",4353,3108,1245,4353
"13001","07_report/CpG_context_sampling_15563_1_trimmed_bismark_bt2.CpG",5396,3834,1562,5396
"13002","07_report/CpG_context_sampling_15563_2_trimmed_bismark_bt2.CpG",5319,3781,1538,5319
"13003","07_report/CpG_context_sampling_15563_3_trimmed_bismark_bt2.CpG",5385,3843,1542,5385
"13004","07_report/CpG_context_sampling_15563_4_trimmed_bismark_bt2.CpG",5429,3789,1640,5429
"13005","07_report/CpG_context_sampling_15563_5_trimmed_bismark_bt2.CpG",5424,3828,1596,5424
"13006","07_report/CpG_context_sampling_15563_6_trimmed_bismark_bt2.CpG",5387,3900,1487,5387
"13007","07_report/CpG_context_sampling_15563_7_trimmed_bismark_bt2.CpG",5415,3924,1491,5415
"13008","07_report/CpG_context_sampling_15563_8_trimmed_bismark_bt2.CpG",5350,3815,1535,5350
"13009","07_report/CpG_context_sampling_15563_9_trimmed_bismark_bt2.CpG",5392,3881,1511,5392
"13010","07_report/CpG_context_sampling_15563_10_trimmed_bismark_bt2.CpG",5427,3887,1540,5427
"13011","07_report/CpG_context_sampling_15563_11_trimmed_bismark_bt2.CpG",5447,3887,1560,5447
"13012","07_report/CpG_context_sampling_15563_12_trimmed_bismark_bt2.CpG",5405,3867,1538,5405
"13013","07_report/CpG_context_sampling_15563_13_trimmed_bismark_bt2.CpG",5476,3915,1561,5476
"13014","07_report/CpG_context_sampling_15563_14_trimmed_bismark_bt2.CpG",5372,3880,1492,5372
"13015","07_report/CpG_context_sampling_15563_15_trimmed_bismark_bt2.CpG",5442,3838,1604,5442
"13016","07_report/CpG_context_sampling_15563_16_trimmed_bismark_bt2.CpG",5491,3919,1572,5491
"13017","07_report/CpG_context_sampling_15563_17_trimmed_bismark_bt2.CpG",5301,3774,1527,5301
"13018","07_report/CpG_context_sampling_15563_18_trimmed_bismark_bt2.CpG",5405,3850,1555,5405
"13019","07_report/CpG_context_sampling_15563_19_trimmed_bismark_bt2.CpG",5413,3860,1553,5413
"13020","07_report/CpG_context_sampling_15563_20_trimmed_bismark_bt2.CpG",5431,3889,1542,5431
"13021","07_report/CpG_context_sampling_15563_21_trimmed_bismark_bt2.CpG",5317,3826,1491,5317
"13022","07_report/CpG_context_sampling_15563_22_trimmed_bismark_bt2.CpG",5419,3891,1528,5419
"13023","07_report/CpG_context_sampling_15563_23_trimmed_bismark_bt2.CpG",5350,3877,1473,5350
"13024","07_report/CpG_context_sampling_15563_24_trimmed_bismark_bt2.CpG",5396,3902,1494,5396
"13025","07_report/CpG_context_sampling_15563_25_trimmed_bismark_bt2.CpG",5515,3904,1611,5515
"13026","07_report/CpG_context_sampling_15563_26_trimmed_bismark_bt2.CpG",5380,3835,1545,5380
"13027","07_report/CpG_context_sampling_15563_27_trimmed_bismark_bt2.CpG",5374,3824,1550,5374
"13028","07_report/CpG_context_sampling_15563_28_trimmed_bismark_bt2.CpG",5393,3873,1520,5393
"13029","07_report/CpG_context_sampling_15563_29_trimmed_bismark_bt2.CpG",5369,3817,1552,5369
"13030","07_report/CpG_context_sampling_15563_30_trimmed_bismark_bt2.CpG",5368,3846,1522,5368
"13031","07_report/CpG_context_sampling_15563_31_trimmed_bismark_bt2.CpG",5490,3901,1589,5490
"13032","07_report/CpG_context_sampling_15563_32_trimmed_bismark_bt2.CpG",5373,3867,1506,5373
"13033","07_report/CpG_context_sampling_15563_33_trimmed_bismark_bt2.CpG",5423,3854,1569,5423
"13034","07_report/CpG_context_sampling_15563_34_trimmed_bismark_bt2.CpG",5304,3790,1514,5304
"13035","07_report/CpG_context_sampling_15563_35_trimmed_bismark_bt2.CpG",5455,3922,1533,5455
"13036","07_report/CpG_context_sampling_15563_36_trimmed_bismark_bt2.CpG",5407,3854,1553,5407
"13037","07_report/CpG_context_sampling_15563_37_trimmed_bismark_bt2.CpG",5346,3777,1569,5346
"13038","07_report/CpG_context_sampling_15563_38_trimmed_bismark_bt2.CpG",5433,3897,1536,5433
"13039","07_report/CpG_context_sampling_15563_39_trimmed_bismark_bt2.CpG",5514,3967,1547,5514
"13040","07_report/CpG_context_sampling_15563_40_trimmed_bismark_bt2.CpG",5348,3815,1533,5348
"13041","07_report/CpG_context_sampling_15563_41_trimmed_bismark_bt2.CpG",5323,3794,1529,5323
"13042","07_report/CpG_context_sampling_15563_42_trimmed_bismark_bt2.CpG",5356,3853,1503,5356
"13043","07_report/CpG_context_sampling_15563_43_trimmed_bismark_bt2.CpG",5423,3828,1595,5423
"13044","07_report/CpG_context_sampling_15563_44_trimmed_bismark_bt2.CpG",5408,3884,1524,5408
"13045","07_report/CpG_context_sampling_15563_45_trimmed_bismark_bt2.CpG",5414,3846,1568,5414
"13046","07_report/CpG_context_sampling_15563_46_trimmed_bismark_bt2.CpG",5349,3821,1528,5349
"13047","07_report/CpG_context_sampling_15563_47_trimmed_bismark_bt2.CpG",5407,3898,1509,5407
"13048","07_report/CpG_context_sampling_15563_48_trimmed_bismark_bt2.CpG",5379,3790,1589,5379
"13049","07_report/CpG_context_sampling_15563_49_trimmed_bismark_bt2.CpG",5455,3868,1587,5455
"13050","07_report/CpG_context_sampling_15563_50_trimmed_bismark_bt2.CpG",5353,3854,1499,5353
"13051","07_report/CpG_context_sampling_15563_51_trimmed_bismark_bt2.CpG",5491,3959,1532,5491
"13052","07_report/CpG_context_sampling_15563_52_trimmed_bismark_bt2.CpG",5341,3786,1555,5341
"13053","07_report/CpG_context_sampling_15563_53_trimmed_bismark_bt2.CpG",5418,3852,1566,5418
"13054","07_report/CpG_context_sampling_15563_54_trimmed_bismark_bt2.CpG",5453,3882,1571,5453
"13055","07_report/CpG_context_sampling_15563_55_trimmed_bismark_bt2.CpG",5501,3979,1522,5501
"13056","07_report/CpG_context_sampling_15563_56_trimmed_bismark_bt2.CpG",5443,3906,1537,5443
"13057","07_report/CpG_context_sampling_15563_57_trimmed_bismark_bt2.CpG",5246,3767,1479,5246
"13058","07_report/CpG_context_sampling_15563_58_trimmed_bismark_bt2.CpG",5396,3829,1567,5396
"13059","07_report/CpG_context_sampling_15563_59_trimmed_bismark_bt2.CpG",5447,3927,1520,5447
"13060","07_report/CpG_context_sampling_15563_60_trimmed_bismark_bt2.CpG",5455,3874,1581,5455
"13061","07_report/CpG_context_sampling_15563_61_trimmed_bismark_bt2.CpG",5305,3812,1493,5305
"13062","07_report/CpG_context_sampling_15563_62_trimmed_bismark_bt2.CpG",5441,3888,1553,5441
"13063","07_report/CpG_context_sampling_15563_63_trimmed_bismark_bt2.CpG",5320,3873,1447,5320
"13064","07_report/CpG_context_sampling_15563_64_trimmed_bismark_bt2.CpG",5400,3855,1545,5400
"13065","07_report/CpG_context_sampling_15563_65_trimmed_bismark_bt2.CpG",5358,3785,1573,5358
"13066","07_report/CpG_context_sampling_15563_66_trimmed_bismark_bt2.CpG",5379,3817,1562,5379
"13067","07_report/CpG_context_sampling_15563_67_trimmed_bismark_bt2.CpG",5441,3928,1513,5441
"13068","07_report/CpG_context_sampling_15563_68_trimmed_bismark_bt2.CpG",5412,3910,1502,5412
"13069","07_report/CpG_context_sampling_15563_69_trimmed_bismark_bt2.CpG",5429,3884,1545,5429
"13070","07_report/CpG_context_sampling_15563_70_trimmed_bismark_bt2.CpG",5473,3937,1536,5473
"13071","07_report/CpG_context_sampling_15563_71_trimmed_bismark_bt2.CpG",5297,3816,1481,5297
"13072","07_report/CpG_context_sampling_15563_72_trimmed_bismark_bt2.CpG",5453,3925,1528,5453
"13073","07_report/CpG_context_sampling_15563_73_trimmed_bismark_bt2.CpG",5455,3940,1515,5455
"13074","07_report/CpG_context_sampling_15563_74_trimmed_bismark_bt2.CpG",5387,3855,1532,5387
"13075","07_report/CpG_context_sampling_15563_75_trimmed_bismark_bt2.CpG",5322,3790,1532,5322
"13076","07_report/CpG_context_sampling_15563_76_trimmed_bismark_bt2.CpG",5410,3885,1525,5410
"13077","07_report/CpG_context_sampling_15563_77_trimmed_bismark_bt2.CpG",5385,3869,1516,5385
"13078","07_report/CpG_context_sampling_15563_78_trimmed_bismark_bt2.CpG",5452,3907,1545,5452
"13079","07_report/CpG_context_sampling_15563_79_trimmed_bismark_bt2.CpG",5316,3796,1520,5316
"13080","07_report/CpG_context_sampling_15563_80_trimmed_bismark_bt2.CpG",5416,3869,1547,5416
"13081","07_report/CpG_context_sampling_15563_81_trimmed_bismark_bt2.CpG",5271,3693,1578,5271
"13082","07_report/CpG_context_sampling_15563_82_trimmed_bismark_bt2.CpG",5365,3895,1470,5365
"13083","07_report/CpG_context_sampling_15563_83_trimmed_bismark_bt2.CpG",5483,3938,1545,5483
"13084","07_report/CpG_context_sampling_15563_84_trimmed_bismark_bt2.CpG",5457,3909,1548,5457
"13085","07_report/CpG_context_sampling_15563_85_trimmed_bismark_bt2.CpG",5354,3769,1585,5354
"13086","07_report/CpG_context_sampling_15563_86_trimmed_bismark_bt2.CpG",5318,3811,1507,5318
"13087","07_report/CpG_context_sampling_15563_87_trimmed_bismark_bt2.CpG",5451,3895,1556,5451
"13088","07_report/CpG_context_sampling_15563_88_trimmed_bismark_bt2.CpG",5555,4006,1549,5555
"13089","07_report/CpG_context_sampling_15563_89_trimmed_bismark_bt2.CpG",5463,3879,1584,5463
"13090","07_report/CpG_context_sampling_15563_90_trimmed_bismark_bt2.CpG",5435,3894,1541,5435
"13091","07_report/CpG_context_sampling_15563_91_trimmed_bismark_bt2.CpG",5387,3859,1528,5387
"13092","07_report/CpG_context_sampling_15563_92_trimmed_bismark_bt2.CpG",5385,3881,1504,5385
"13093","07_report/CpG_context_sampling_15563_93_trimmed_bismark_bt2.CpG",5410,3826,1584,5410
"13094","07_report/CpG_context_sampling_15563_94_trimmed_bismark_bt2.CpG",5417,3896,1521,5417
"13095","07_report/CpG_context_sampling_15563_95_trimmed_bismark_bt2.CpG",5526,3985,1541,5526
"13096","07_report/CpG_context_sampling_15563_96_trimmed_bismark_bt2.CpG",5418,3903,1515,5418
"13097","07_report/CpG_context_sampling_15563_97_trimmed_bismark_bt2.CpG",5482,3879,1603,5482
"13098","07_report/CpG_context_sampling_15563_98_trimmed_bismark_bt2.CpG",5359,3826,1533,5359
"13099","07_report/CpG_context_sampling_15563_99_trimmed_bismark_bt2.CpG",5385,3871,1514,5385
"13100","07_report/CpG_context_sampling_15563_100_trimmed_bismark_bt2.CpG",5331,3833,1498,5331
"13101","07_report/CpG_context_sampling_15563_101_trimmed_bismark_bt2.CpG",5402,3880,1522,5402
"13102","07_report/CpG_context_sampling_15563_102_trimmed_bismark_bt2.CpG",5350,3890,1460,5350
"13103","07_report/CpG_context_sampling_15563_103_trimmed_bismark_bt2.CpG",5457,3918,1539,5457
"13104","07_report/CpG_context_sampling_15563_104_trimmed_bismark_bt2.CpG",5528,3994,1534,5528
"13105","07_report/CpG_context_sampling_15563_105_trimmed_bismark_bt2.CpG",5386,3876,1510,5386
"13106","07_report/CpG_context_sampling_15563_106_trimmed_bismark_bt2.CpG",5365,3822,1543,5365
"13107","07_report/CpG_context_sampling_15563_107_trimmed_bismark_bt2.CpG",5333,3795,1538,5333
"13108","07_report/CpG_context_sampling_15563_108_trimmed_bismark_bt2.CpG",5460,3941,1519,5460
"13109","07_report/CpG_context_sampling_15563_109_trimmed_bismark_bt2.CpG",5471,3916,1555,5471
"13110","07_report/CpG_context_sampling_15563_110_trimmed_bismark_bt2.CpG",5411,3854,1557,5411
"13111","07_report/CpG_context_sampling_15563_111_trimmed_bismark_bt2.CpG",5373,3840,1533,5373
"13112","07_report/CpG_context_sampling_15563_112_trimmed_bismark_bt2.CpG",5436,3892,1544,5436
"13113","07_report/CpG_context_sampling_15563_113_trimmed_bismark_bt2.CpG",5342,3819,1523,5342
"13114","07_report/CpG_context_sampling_15563_114_trimmed_bismark_bt2.CpG",5370,3847,1523,5370
"13115","07_report/CpG_context_sampling_15563_115_trimmed_bismark_bt2.CpG",5427,3927,1500,5427
"13116","07_report/CpG_context_sampling_15563_116_trimmed_bismark_bt2.CpG",5337,3872,1465,5337
"13117","07_report/CpG_context_sampling_15563_117_trimmed_bismark_bt2.CpG",5406,3882,1524,5406
"13118","07_report/CpG_context_sampling_15563_118_trimmed_bismark_bt2.CpG",5353,3756,1597,5353
"13119","07_report/CpG_context_sampling_15563_119_trimmed_bismark_bt2.CpG",5396,3851,1545,5396
"13120","07_report/CpG_context_sampling_15563_120_trimmed_bismark_bt2.CpG",5404,3810,1594,5404
"13121","07_report/CpG_context_sampling_15563_121_trimmed_bismark_bt2.CpG",5431,3854,1577,5431
"13122","07_report/CpG_context_sampling_15563_122_trimmed_bismark_bt2.CpG",5358,3831,1527,5358
"13123","07_report/CpG_context_sampling_15563_123_trimmed_bismark_bt2.CpG",5370,3866,1504,5370
"13124","07_report/CpG_context_sampling_15563_124_trimmed_bismark_bt2.CpG",5287,3796,1491,5287
"13125","07_report/CpG_context_sampling_15563_125_trimmed_bismark_bt2.CpG",5360,3817,1543,5360
"13126","07_report/CpG_context_sampling_15563_126_trimmed_bismark_bt2.CpG",5341,3865,1476,5341
"13127","07_report/CpG_context_sampling_15563_127_trimmed_bismark_bt2.CpG",5262,3745,1517,5262
"13128","07_report/CpG_context_sampling_15563_128_trimmed_bismark_bt2.CpG",5377,3849,1528,5377
"13129","07_report/CpG_context_sampling_15563_129_trimmed_bismark_bt2.CpG",5454,3899,1555,5454
"13130","07_report/CpG_context_sampling_15563_130_trimmed_bismark_bt2.CpG",5362,3816,1546,5362
"13131","07_report/CpG_context_sampling_15563_131_trimmed_bismark_bt2.CpG",5360,3884,1476,5360
"13132","07_report/CpG_context_sampling_15563_132_trimmed_bismark_bt2.CpG",5355,3797,1558,5355
"13133","07_report/CpG_context_sampling_15563_133_trimmed_bismark_bt2.CpG",5296,3800,1496,5296
"13134","07_report/CpG_context_sampling_15563_134_trimmed_bismark_bt2.CpG",5371,3778,1593,5371
"13135","07_report/CpG_context_sampling_15563_135_trimmed_bismark_bt2.CpG",5404,3888,1516,5404
"13136","07_report/CpG_context_sampling_15563_136_trimmed_bismark_bt2.CpG",5447,3894,1553,5447
"13137","07_report/CpG_context_sampling_15563_137_trimmed_bismark_bt2.CpG",5383,3887,1496,5383
"13138","07_report/CpG_context_sampling_15563_138_trimmed_bismark_bt2.CpG",5514,3927,1587,5514
"13139","07_report/CpG_context_sampling_15563_139_trimmed_bismark_bt2.CpG",5394,3851,1543,5394
"13140","07_report/CpG_context_sampling_15563_140_trimmed_bismark_bt2.CpG",5577,3988,1589,5577
"13141","07_report/CpG_context_sampling_15563_141_trimmed_bismark_bt2.CpG",5336,3808,1528,5336
"13142","07_report/CpG_context_sampling_15563_142_trimmed_bismark_bt2.CpG",5453,3936,1517,5453
"13143","07_report/CpG_context_sampling_15563_143_trimmed_bismark_bt2.CpG",5356,3808,1548,5356
"13144","07_report/CpG_context_sampling_15563_144_trimmed_bismark_bt2.CpG",5404,3901,1503,5404
"13145","07_report/CpG_context_sampling_15563_145_trimmed_bismark_bt2.CpG",5375,3852,1523,5375
"13146","07_report/CpG_context_sampling_15563_146_trimmed_bismark_bt2.CpG",5385,3823,1562,5385
"13147","07_report/CpG_context_sampling_15563_147_trimmed_bismark_bt2.CpG",5378,3832,1546,5378
"13148","07_report/CpG_context_sampling_15563_148_trimmed_bismark_bt2.CpG",5409,3918,1491,5409
"13149","07_report/CpG_context_sampling_15563_149_trimmed_bismark_bt2.CpG",5365,3826,1539,5365
"13150","07_report/CpG_context_sampling_15563_150_trimmed_bismark_bt2.CpG",5395,3906,1489,5395
"13151","07_report/CpG_context_sampling_15563_151_trimmed_bismark_bt2.CpG",5279,3788,1491,5279
"13152","07_report/CpG_context_sampling_15563_152_trimmed_bismark_bt2.CpG",5285,3779,1506,5285
"13153","07_report/CpG_context_sampling_15563_153_trimmed_bismark_bt2.CpG",5403,3829,1574,5403
"13154","07_report/CpG_context_sampling_15563_154_trimmed_bismark_bt2.CpG",5416,3849,1567,5416
"13155","07_report/CpG_context_sampling_15563_155_trimmed_bismark_bt2.CpG",5442,3874,1568,5442
"13156","07_report/CpG_context_sampling_15563_156_trimmed_bismark_bt2.CpG",5396,3851,1545,5396
"13157","07_report/CpG_context_sampling_15563_157_trimmed_bismark_bt2.CpG",5377,3824,1553,5377
"13158","07_report/CpG_context_sampling_15563_158_trimmed_bismark_bt2.CpG",5261,3726,1535,5261
"13159","07_report/CpG_context_sampling_15563_159_trimmed_bismark_bt2.CpG",5421,3895,1526,5421
"13160","07_report/CpG_context_sampling_15563_160_trimmed_bismark_bt2.CpG",5346,3830,1516,5346
"13161","07_report/CpG_context_sampling_15563_161_trimmed_bismark_bt2.CpG",5451,3898,1553,5451
"13162","07_report/CpG_context_sampling_15563_162_trimmed_bismark_bt2.CpG",5366,3811,1555,5366
"13163","07_report/CpG_context_sampling_15563_163_trimmed_bismark_bt2.CpG",5401,3891,1510,5401
"13164","07_report/CpG_context_sampling_15563_164_trimmed_bismark_bt2.CpG",5258,3772,1486,5258
"13165","07_report/CpG_context_sampling_15563_165_trimmed_bismark_bt2.CpG",5340,3883,1457,5340
"13166","07_report/CpG_context_sampling_15563_166_trimmed_bismark_bt2.CpG",5411,3854,1557,5411
"13167","07_report/CpG_context_sampling_15563_167_trimmed_bismark_bt2.CpG",5422,3815,1607,5422
"13168","07_report/CpG_context_sampling_15563_168_trimmed_bismark_bt2.CpG",5411,3838,1573,5411
"13169","07_report/CpG_context_sampling_15563_169_trimmed_bismark_bt2.CpG",5463,3911,1552,5463
"13170","07_report/CpG_context_sampling_15563_170_trimmed_bismark_bt2.CpG",5420,3891,1529,5420
"13171","07_report/CpG_context_sampling_15563_171_trimmed_bismark_bt2.CpG",5376,3792,1584,5376
"13172","07_report/CpG_context_sampling_15563_172_trimmed_bismark_bt2.CpG",5345,3877,1468,5345
"13173","07_report/CpG_context_sampling_15563_173_trimmed_bismark_bt2.CpG",5427,3898,1529,5427
"13174","07_report/CpG_context_sampling_15563_174_trimmed_bismark_bt2.CpG",5326,3811,1515,5326
"13175","07_report/CpG_context_sampling_15563_175_trimmed_bismark_bt2.CpG",5442,3868,1574,5442
"13176","07_report/CpG_context_sampling_15563_176_trimmed_bismark_bt2.CpG",5427,3879,1548,5427
"13177","07_report/CpG_context_sampling_15563_177_trimmed_bismark_bt2.CpG",5404,3849,1555,5404
"13178","07_report/CpG_context_sampling_15563_178_trimmed_bismark_bt2.CpG",5423,3851,1572,5423
"13179","07_report/CpG_context_sampling_15563_179_trimmed_bismark_bt2.CpG",5382,3819,1563,5382
"13180","07_report/CpG_context_sampling_15563_180_trimmed_bismark_bt2.CpG",5323,3825,1498,5323
"13181","07_report/CpG_context_sampling_15563_181_trimmed_bismark_bt2.CpG",5397,3833,1564,5397
"13182","07_report/CpG_context_sampling_15563_182_trimmed_bismark_bt2.CpG",5350,3825,1525,5350
"13183","07_report/CpG_context_sampling_15563_183_trimmed_bismark_bt2.CpG",5349,3856,1493,5349
"13184","07_report/CpG_context_sampling_15563_184_trimmed_bismark_bt2.CpG",5379,3828,1551,5379
"13185","07_report/CpG_context_sampling_15563_185_trimmed_bismark_bt2.CpG",5347,3835,1512,5347
"13186","07_report/CpG_context_sampling_15563_186_trimmed_bismark_bt2.CpG",5376,3836,1540,5376
"13187","07_report/CpG_context_sampling_15563_187_trimmed_bismark_bt2.CpG",5337,3846,1491,5337
"13188","07_report/CpG_context_sampling_15563_188_trimmed_bismark_bt2.CpG",5475,3914,1561,5475
"13189","07_report/CpG_context_sampling_15563_189_trimmed_bismark_bt2.CpG",5412,3810,1602,5412
"13190","07_report/CpG_context_sampling_15563_190_trimmed_bismark_bt2.CpG",5414,3859,1555,5414
"13191","07_report/CpG_context_sampling_15563_191_trimmed_bismark_bt2.CpG",5328,3810,1518,5328
"13192","07_report/CpG_context_sampling_15563_192_trimmed_bismark_bt2.CpG",5407,3866,1541,5407
"13193","07_report/CpG_context_sampling_15563_193_trimmed_bismark_bt2.CpG",5395,3902,1493,5395
"13194","07_report/CpG_context_sampling_15563_194_trimmed_bismark_bt2.CpG",5409,3862,1547,5409
"13195","07_report/CpG_context_sampling_15563_195_trimmed_bismark_bt2.CpG",5395,3847,1548,5395
"13196","07_report/CpG_context_sampling_15563_196_trimmed_bismark_bt2.CpG",5407,3908,1499,5407
"13197","07_report/CpG_context_sampling_15563_197_trimmed_bismark_bt2.CpG",5357,3804,1553,5357
"13198","07_report/CpG_context_sampling_15563_198_trimmed_bismark_bt2.CpG",5426,3908,1518,5426
"13199","07_report/CpG_context_sampling_15563_199_trimmed_bismark_bt2.CpG",5408,3891,1517,5408
"13200","07_report/CpG_context_sampling_15563_200_trimmed_bismark_bt2.CpG",5365,3851,1514,5365
"13201","07_report/CpG_context_sampling_15563_201_trimmed_bismark_bt2.CpG",5360,3841,1519,5360
"13202","07_report/CpG_context_sampling_15563_202_trimmed_bismark_bt2.CpG",5446,3953,1493,5446
"13203","07_report/CpG_context_sampling_15563_203_trimmed_bismark_bt2.CpG",5423,3932,1491,5423
"13204","07_report/CpG_context_sampling_15563_204_trimmed_bismark_bt2.CpG",5268,3768,1500,5268
"13205","07_report/CpG_context_sampling_15563_205_trimmed_bismark_bt2.CpG",5367,3834,1533,5367
"13206","07_report/CpG_context_sampling_15563_206_trimmed_bismark_bt2.CpG",5337,3795,1542,5337
"13207","07_report/CpG_context_sampling_15563_207_trimmed_bismark_bt2.CpG",5438,3894,1544,5438
"13208","07_report/CpG_context_sampling_15563_208_trimmed_bismark_bt2.CpG",5518,3957,1561,5518
"13209","07_report/CpG_context_sampling_15563_209_trimmed_bismark_bt2.CpG",5421,3876,1545,5421
"13210","07_report/CpG_context_sampling_15563_210_trimmed_bismark_bt2.CpG",5393,3880,1513,5393
"13211","07_report/CpG_context_sampling_15563_211_trimmed_bismark_bt2.CpG",5462,3951,1511,5462
"13212","07_report/CpG_context_sampling_15563_212_trimmed_bismark_bt2.CpG",5425,3915,1510,5425
"13213","07_report/CpG_context_sampling_15563_213_trimmed_bismark_bt2.CpG",5404,3852,1552,5404
"13214","07_report/CpG_context_sampling_15563_214_trimmed_bismark_bt2.CpG",5450,3894,1556,5450
"13215","07_report/CpG_context_sampling_15563_215_trimmed_bismark_bt2.CpG",5476,3919,1557,5476
"13216","07_report/CpG_context_sampling_15563_216_trimmed_bismark_bt2.CpG",5367,3802,1565,5367
"13217","07_report/CpG_context_sampling_15563_217_trimmed_bismark_bt2.CpG",5374,3869,1505,5374
"13218","07_report/CpG_context_sampling_15563_218_trimmed_bismark_bt2.CpG",5342,3830,1512,5342
"13219","07_report/CpG_context_sampling_15563_219_trimmed_bismark_bt2.CpG",5434,3913,1521,5434
"13220","07_report/CpG_context_sampling_15563_220_trimmed_bismark_bt2.CpG",5440,3903,1537,5440
"13221","07_report/CpG_context_sampling_15563_221_trimmed_bismark_bt2.CpG",5344,3840,1504,5344
"13222","07_report/CpG_context_sampling_15563_222_trimmed_bismark_bt2.CpG",5292,3759,1533,5292
"13223","07_report/CpG_context_sampling_15563_223_trimmed_bismark_bt2.CpG",5316,3842,1474,5316
"13224","07_report/CpG_context_sampling_15563_224_trimmed_bismark_bt2.CpG",5505,3992,1513,5505
"13225","07_report/CpG_context_sampling_15563_225_trimmed_bismark_bt2.CpG",5347,3917,1430,5347
"13226","07_report/CpG_context_sampling_15563_226_trimmed_bismark_bt2.CpG",5406,3869,1537,5406
"13227","07_report/CpG_context_sampling_15563_227_trimmed_bismark_bt2.CpG",5282,3776,1506,5282
"13228","07_report/CpG_context_sampling_15563_228_trimmed_bismark_bt2.CpG",5440,3891,1549,5440
"13229","07_report/CpG_context_sampling_15563_229_trimmed_bismark_bt2.CpG",5382,3906,1476,5382
"13230","07_report/CpG_context_sampling_15563_230_trimmed_bismark_bt2.CpG",5456,3941,1515,5456
"13231","07_report/CpG_context_sampling_15563_231_trimmed_bismark_bt2.CpG",5507,3930,1577,5507
"13232","07_report/CpG_context_sampling_15563_232_trimmed_bismark_bt2.CpG",5359,3776,1583,5359
"13233","07_report/CpG_context_sampling_15563_233_trimmed_bismark_bt2.CpG",5406,3837,1569,5406
"13234","07_report/CpG_context_sampling_15563_234_trimmed_bismark_bt2.CpG",5381,3857,1524,5381
"13235","07_report/CpG_context_sampling_15563_235_trimmed_bismark_bt2.CpG",5367,3863,1504,5367
"13236","07_report/CpG_context_sampling_15563_236_trimmed_bismark_bt2.CpG",5432,3857,1575,5432
"13237","07_report/CpG_context_sampling_15563_237_trimmed_bismark_bt2.CpG",5528,3939,1589,5528
"13238","07_report/CpG_context_sampling_15563_238_trimmed_bismark_bt2.CpG",5425,3903,1522,5425
"13239","07_report/CpG_context_sampling_15563_239_trimmed_bismark_bt2.CpG",5326,3826,1500,5326
"13240","07_report/CpG_context_sampling_15563_240_trimmed_bismark_bt2.CpG",5401,3904,1497,5401
"13241","07_report/CpG_context_sampling_15563_241_trimmed_bismark_bt2.CpG",5308,3786,1522,5308
"13242","07_report/CpG_context_sampling_15563_242_trimmed_bismark_bt2.CpG",5434,3840,1594,5434
"13243","07_report/CpG_context_sampling_15563_243_trimmed_bismark_bt2.CpG",5439,3971,1468,5439
"13244","07_report/CpG_context_sampling_15563_244_trimmed_bismark_bt2.CpG",5388,3831,1557,5388
"13245","07_report/CpG_context_sampling_15563_245_trimmed_bismark_bt2.CpG",5412,3896,1516,5412
"13246","07_report/CpG_context_sampling_15563_246_trimmed_bismark_bt2.CpG",5376,3792,1584,5376
"13247","07_report/CpG_context_sampling_15563_247_trimmed_bismark_bt2.CpG",5512,3925,1587,5512
"13248","07_report/CpG_context_sampling_15563_248_trimmed_bismark_bt2.CpG",5329,3809,1520,5329
"13249","07_report/CpG_context_sampling_15563_249_trimmed_bismark_bt2.CpG",5310,3849,1461,5310
"13250","07_report/CpG_context_sampling_15563_250_trimmed_bismark_bt2.CpG",5415,3885,1530,5415
"13251","07_report/CpG_context_sampling_15563_251_trimmed_bismark_bt2.CpG",5466,3965,1501,5466
"13252","07_report/CpG_context_sampling_15563_252_trimmed_bismark_bt2.CpG",5395,3860,1535,5395
"13253","07_report/CpG_context_sampling_15563_253_trimmed_bismark_bt2.CpG",5365,3817,1548,5365
"13254","07_report/CpG_context_sampling_15563_254_trimmed_bismark_bt2.CpG",5381,3817,1564,5381
"13255","07_report/CpG_context_sampling_15563_255_trimmed_bismark_bt2.CpG",5469,3876,1593,5469
"13256","07_report/CpG_context_sampling_15563_256_trimmed_bismark_bt2.CpG",5331,3797,1534,5331
"13257","07_report/CpG_context_sampling_15563_257_trimmed_bismark_bt2.CpG",5387,3875,1512,5387
"13258","07_report/CpG_context_sampling_15563_258_trimmed_bismark_bt2.CpG",5376,3886,1490,5376
"13259","07_report/CpG_context_sampling_15563_259_trimmed_bismark_bt2.CpG",5395,3862,1533,5395
"13260","07_report/CpG_context_sampling_15563_260_trimmed_bismark_bt2.CpG",5371,3772,1599,5371
"13261","07_report/CpG_context_sampling_15563_261_trimmed_bismark_bt2.CpG",5587,4013,1574,5587
"13262","07_report/CpG_context_sampling_15563_262_trimmed_bismark_bt2.CpG",5405,3838,1567,5405
"13263","07_report/CpG_context_sampling_15563_263_trimmed_bismark_bt2.CpG",5402,3858,1544,5402
"13264","07_report/CpG_context_sampling_15563_264_trimmed_bismark_bt2.CpG",5322,3790,1532,5322
"13265","07_report/CpG_context_sampling_15563_265_trimmed_bismark_bt2.CpG",5336,3798,1538,5336
"13266","07_report/CpG_context_sampling_15563_266_trimmed_bismark_bt2.CpG",5375,3874,1501,5375
"13267","07_report/CpG_context_sampling_15563_267_trimmed_bismark_bt2.CpG",5395,3817,1578,5395
"13268","07_report/CpG_context_sampling_15563_268_trimmed_bismark_bt2.CpG",5382,3840,1542,5382
"13269","07_report/CpG_context_sampling_15563_269_trimmed_bismark_bt2.CpG",5375,3821,1554,5375
"13270","07_report/CpG_context_sampling_15563_270_trimmed_bismark_bt2.CpG",5426,3877,1549,5426
"13271","07_report/CpG_context_sampling_15563_271_trimmed_bismark_bt2.CpG",5414,3922,1492,5414
"13272","07_report/CpG_context_sampling_15563_272_trimmed_bismark_bt2.CpG",5488,3933,1555,5488
"13273","07_report/CpG_context_sampling_15563_273_trimmed_bismark_bt2.CpG",5360,3819,1541,5360
"13274","07_report/CpG_context_sampling_15563_274_trimmed_bismark_bt2.CpG",5349,3828,1521,5349
"13275","07_report/CpG_context_sampling_15563_275_trimmed_bismark_bt2.CpG",5326,3833,1493,5326
"13276","07_report/CpG_context_sampling_15563_276_trimmed_bismark_bt2.CpG",5422,3884,1538,5422
"13277","07_report/CpG_context_sampling_15563_277_trimmed_bismark_bt2.CpG",5391,3840,1551,5391
"13278","07_report/CpG_context_sampling_15563_278_trimmed_bismark_bt2.CpG",5447,3914,1533,5447
"13279","07_report/CpG_context_sampling_15563_279_trimmed_bismark_bt2.CpG",5377,3827,1550,5377
"13280","07_report/CpG_context_sampling_15563_280_trimmed_bismark_bt2.CpG",5377,3873,1504,5377
"13281","07_report/CpG_context_sampling_15563_281_trimmed_bismark_bt2.CpG",5384,3823,1561,5384
"13282","07_report/CpG_context_sampling_15563_282_trimmed_bismark_bt2.CpG",5497,3872,1625,5497
"13283","07_report/CpG_context_sampling_15563_283_trimmed_bismark_bt2.CpG",5308,3808,1500,5308
"13284","07_report/CpG_context_sampling_15563_284_trimmed_bismark_bt2.CpG",5335,3837,1498,5335
"13285","07_report/CpG_context_sampling_15563_285_trimmed_bismark_bt2.CpG",5369,3863,1506,5369
"13286","07_report/CpG_context_sampling_15563_286_trimmed_bismark_bt2.CpG",5363,3857,1506,5363
"13287","07_report/CpG_context_sampling_15563_287_trimmed_bismark_bt2.CpG",5380,3834,1546,5380
"13288","07_report/CpG_context_sampling_15563_288_trimmed_bismark_bt2.CpG",5453,3903,1550,5453
"13289","07_report/CpG_context_sampling_15563_289_trimmed_bismark_bt2.CpG",5390,3820,1570,5390
"13290","07_report/CpG_context_sampling_15563_290_trimmed_bismark_bt2.CpG",5338,3847,1491,5338
"13291","07_report/CpG_context_sampling_15563_291_trimmed_bismark_bt2.CpG",5311,3744,1567,5311
"13292","07_report/CpG_context_sampling_15563_292_trimmed_bismark_bt2.CpG",5279,3739,1540,5279
"13293","07_report/CpG_context_sampling_15563_293_trimmed_bismark_bt2.CpG",5434,3856,1578,5434
"13294","07_report/CpG_context_sampling_15563_294_trimmed_bismark_bt2.CpG",5353,3799,1554,5353
"13295","07_report/CpG_context_sampling_15563_295_trimmed_bismark_bt2.CpG",5448,3883,1565,5448
"13296","07_report/CpG_context_sampling_15563_296_trimmed_bismark_bt2.CpG",5504,3951,1553,5504
"13297","07_report/CpG_context_sampling_15563_297_trimmed_bismark_bt2.CpG",5391,3845,1546,5391
"13298","07_report/CpG_context_sampling_15563_298_trimmed_bismark_bt2.CpG",5337,3766,1571,5337
"13299","07_report/CpG_context_sampling_15563_299_trimmed_bismark_bt2.CpG",5400,3827,1573,5400
"13300","07_report/CpG_context_sampling_15563_300_trimmed_bismark_bt2.CpG",5430,3906,1524,5430
"13301","07_report/CpG_context_sampling_15563_301_trimmed_bismark_bt2.CpG",5336,3823,1513,5336
"13302","07_report/CpG_context_sampling_15563_302_trimmed_bismark_bt2.CpG",5296,3774,1522,5296
"13303","07_report/CpG_context_sampling_15563_303_trimmed_bismark_bt2.CpG",5452,3892,1560,5452
"13304","07_report/CpG_context_sampling_15563_304_trimmed_bismark_bt2.CpG",5352,3828,1524,5352
"13305","07_report/CpG_context_sampling_15563_305_trimmed_bismark_bt2.CpG",5442,3835,1607,5442
"13306","07_report/CpG_context_sampling_15563_306_trimmed_bismark_bt2.CpG",5303,3776,1527,5303
"13307","07_report/CpG_context_sampling_15563_307_trimmed_bismark_bt2.CpG",5332,3777,1555,5332
"13308","07_report/CpG_context_sampling_15563_308_trimmed_bismark_bt2.CpG",5403,3815,1588,5403
"13309","07_report/CpG_context_sampling_15563_309_trimmed_bismark_bt2.CpG",5447,3901,1546,5447
"13310","07_report/CpG_context_sampling_15563_310_trimmed_bismark_bt2.CpG",5494,3908,1586,5494
"13311","07_report/CpG_context_sampling_15563_311_trimmed_bismark_bt2.CpG",5355,3699,1656,5355
"13312","07_report/CpG_context_sampling_15563_312_trimmed_bismark_bt2.CpG",5435,3951,1484,5435
"13313","07_report/CpG_context_sampling_15563_313_trimmed_bismark_bt2.CpG",5245,3707,1538,5245
"13314","07_report/CpG_context_sampling_15563_314_trimmed_bismark_bt2.CpG",5342,3853,1489,5342
"13315","07_report/CpG_context_sampling_15563_315_trimmed_bismark_bt2.CpG",5468,3926,1542,5468
"13316","07_report/CpG_context_sampling_15563_316_trimmed_bismark_bt2.CpG",5332,3846,1486,5332
"13317","07_report/CpG_context_sampling_15563_317_trimmed_bismark_bt2.CpG",5333,3803,1530,5333
"13318","07_report/CpG_context_sampling_15563_318_trimmed_bismark_bt2.CpG",5416,3941,1475,5416
"13319","07_report/CpG_context_sampling_15563_319_trimmed_bismark_bt2.CpG",5558,3977,1581,5558
"13320","07_report/CpG_context_sampling_15563_320_trimmed_bismark_bt2.CpG",5366,3826,1540,5366
"13321","07_report/CpG_context_sampling_15563_321_trimmed_bismark_bt2.CpG",5415,3893,1522,5415
"13322","07_report/CpG_context_sampling_15563_322_trimmed_bismark_bt2.CpG",5423,3869,1554,5423
"13323","07_report/CpG_context_sampling_15563_323_trimmed_bismark_bt2.CpG",5480,3922,1558,5480
"13324","07_report/CpG_context_sampling_15563_324_trimmed_bismark_bt2.CpG",5505,3962,1543,5505
"13325","07_report/CpG_context_sampling_15563_325_trimmed_bismark_bt2.CpG",5299,3780,1519,5299
"13326","07_report/CpG_context_sampling_15563_326_trimmed_bismark_bt2.CpG",5408,3869,1539,5408
"13327","07_report/CpG_context_sampling_15563_327_trimmed_bismark_bt2.CpG",5435,3908,1527,5435
"13328","07_report/CpG_context_sampling_15563_328_trimmed_bismark_bt2.CpG",5432,3890,1542,5432
"13329","07_report/CpG_context_sampling_15563_329_trimmed_bismark_bt2.CpG",5372,3870,1502,5372
"13330","07_report/CpG_context_sampling_15563_330_trimmed_bismark_bt2.CpG",5415,3924,1491,5415
"13331","07_report/CpG_context_sampling_15563_331_trimmed_bismark_bt2.CpG",5324,3812,1512,5324
"13332","07_report/CpG_context_sampling_15563_332_trimmed_bismark_bt2.CpG",5493,3943,1550,5493
"13333","07_report/CpG_context_sampling_15563_333_trimmed_bismark_bt2.CpG",5478,3967,1511,5478
"13334","07_report/CpG_context_sampling_15563_334_trimmed_bismark_bt2.CpG",5322,3786,1536,5322
"13335","07_report/CpG_context_sampling_15563_335_trimmed_bismark_bt2.CpG",5302,3798,1504,5302
"13336","07_report/CpG_context_sampling_15563_336_trimmed_bismark_bt2.CpG",5347,3834,1513,5347
"13337","07_report/CpG_context_sampling_15563_337_trimmed_bismark_bt2.CpG",5363,3861,1502,5363
"13338","07_report/CpG_context_sampling_15563_338_trimmed_bismark_bt2.CpG",5329,3839,1490,5329
"13339","07_report/CpG_context_sampling_15563_339_trimmed_bismark_bt2.CpG",5390,3836,1554,5390
"13340","07_report/CpG_context_sampling_15563_340_trimmed_bismark_bt2.CpG",5464,3883,1581,5464
"13341","07_report/CpG_context_sampling_15563_341_trimmed_bismark_bt2.CpG",5384,3850,1534,5384
"13342","07_report/CpG_context_sampling_15563_342_trimmed_bismark_bt2.CpG",5422,3902,1520,5422
"13343","07_report/CpG_context_sampling_15563_343_trimmed_bismark_bt2.CpG",5413,3883,1530,5413
"13344","07_report/CpG_context_sampling_15563_344_trimmed_bismark_bt2.CpG",5354,3816,1538,5354
"13345","07_report/CpG_context_sampling_15563_345_trimmed_bismark_bt2.CpG",5281,3791,1490,5281
"13346","07_report/CpG_context_sampling_15563_346_trimmed_bismark_bt2.CpG",5490,3988,1502,5490
"13347","07_report/CpG_context_sampling_15563_347_trimmed_bismark_bt2.CpG",5527,3971,1556,5527
"13348","07_report/CpG_context_sampling_15563_348_trimmed_bismark_bt2.CpG",5411,3833,1578,5411
"13349","07_report/CpG_context_sampling_15563_349_trimmed_bismark_bt2.CpG",5382,3873,1509,5382
"13350","07_report/CpG_context_sampling_15563_350_trimmed_bismark_bt2.CpG",5364,3905,1459,5364
"13351","07_report/CpG_context_sampling_15563_351_trimmed_bismark_bt2.CpG",5375,3840,1535,5375
"13352","07_report/CpG_context_sampling_15563_352_trimmed_bismark_bt2.CpG",5476,3968,1508,5476
"13353","07_report/CpG_context_sampling_15563_353_trimmed_bismark_bt2.CpG",5416,3845,1571,5416
"13354","07_report/CpG_context_sampling_15563_354_trimmed_bismark_bt2.CpG",5359,3893,1466,5359
"13355","07_report/CpG_context_sampling_15563_355_trimmed_bismark_bt2.CpG",5422,3890,1532,5422
"13356","07_report/CpG_context_sampling_15563_356_trimmed_bismark_bt2.CpG",5430,3888,1542,5430
"13357","07_report/CpG_context_sampling_15563_357_trimmed_bismark_bt2.CpG",5428,3936,1492,5428
"13358","07_report/CpG_context_sampling_15563_358_trimmed_bismark_bt2.CpG",5339,3872,1467,5339
"13359","07_report/CpG_context_sampling_15563_359_trimmed_bismark_bt2.CpG",5322,3819,1503,5322
"13360","07_report/CpG_context_sampling_15563_360_trimmed_bismark_bt2.CpG",5441,3896,1545,5441
"13361","07_report/CpG_context_sampling_15563_361_trimmed_bismark_bt2.CpG",5333,3786,1547,5333
"13362","07_report/CpG_context_sampling_15563_362_trimmed_bismark_bt2.CpG",5333,3827,1506,5333
"13363","07_report/CpG_context_sampling_15563_363_trimmed_bismark_bt2.CpG",5427,3908,1519,5427
"13364","07_report/CpG_context_sampling_15563_364_trimmed_bismark_bt2.CpG",5442,3873,1569,5442
"13365","07_report/CpG_context_sampling_15563_365_trimmed_bismark_bt2.CpG",5378,3870,1508,5378
"13366","07_report/CpG_context_sampling_15563_366_trimmed_bismark_bt2.CpG",5361,3883,1478,5361
"13367","07_report/CpG_context_sampling_15563_367_trimmed_bismark_bt2.CpG",5309,3810,1499,5309
"13368","07_report/CpG_context_sampling_15563_368_trimmed_bismark_bt2.CpG",5410,3867,1543,5410
"13369","07_report/CpG_context_sampling_15563_369_trimmed_bismark_bt2.CpG",5437,3873,1564,5437
"13370","07_report/CpG_context_sampling_15563_370_trimmed_bismark_bt2.CpG",5368,3799,1569,5368
"13371","07_report/CpG_context_sampling_15563_371_trimmed_bismark_bt2.CpG",5476,3921,1555,5476
"13372","07_report/CpG_context_sampling_15563_372_trimmed_bismark_bt2.CpG",5367,3799,1568,5367
"13373","07_report/CpG_context_sampling_15563_373_trimmed_bismark_bt2.CpG",5385,3893,1492,5385
"13374","07_report/CpG_context_sampling_15563_374_trimmed_bismark_bt2.CpG",5328,3802,1526,5328
"13375","07_report/CpG_context_sampling_15563_375_trimmed_bismark_bt2.CpG",5454,3882,1572,5454
"13376","07_report/CpG_context_sampling_15563_376_trimmed_bismark_bt2.CpG",5454,3963,1491,5454
"13377","07_report/CpG_context_sampling_15563_377_trimmed_bismark_bt2.CpG",5300,3794,1506,5300
"13378","07_report/CpG_context_sampling_15563_378_trimmed_bismark_bt2.CpG",5402,3852,1550,5402
"13379","07_report/CpG_context_sampling_15563_379_trimmed_bismark_bt2.CpG",5369,3804,1565,5369
"13380","07_report/CpG_context_sampling_15563_380_trimmed_bismark_bt2.CpG",5393,3832,1561,5393
"13381","07_report/CpG_context_sampling_15563_381_trimmed_bismark_bt2.CpG",5426,3920,1506,5426
"13382","07_report/CpG_context_sampling_15563_382_trimmed_bismark_bt2.CpG",5399,3885,1514,5399
"13383","07_report/CpG_context_sampling_15563_383_trimmed_bismark_bt2.CpG",5430,3927,1503,5430
"13384","07_report/CpG_context_sampling_15563_384_trimmed_bismark_bt2.CpG",5377,3899,1478,5377
"13385","07_report/CpG_context_sampling_15563_385_trimmed_bismark_bt2.CpG",5402,3826,1576,5402
"13386","07_report/CpG_context_sampling_15563_386_trimmed_bismark_bt2.CpG",5376,3865,1511,5376
"13387","07_report/CpG_context_sampling_15563_387_trimmed_bismark_bt2.CpG",5322,3828,1494,5322
"13388","07_report/CpG_context_sampling_15563_388_trimmed_bismark_bt2.CpG",5408,3882,1526,5408
"13389","07_report/CpG_context_sampling_15563_389_trimmed_bismark_bt2.CpG",5439,3895,1544,5439
"13390","07_report/CpG_context_sampling_15563_390_trimmed_bismark_bt2.CpG",5408,3828,1580,5408
"13391","07_report/CpG_context_sampling_15563_391_trimmed_bismark_bt2.CpG",5435,3928,1507,5435
"13392","07_report/CpG_context_sampling_15563_392_trimmed_bismark_bt2.CpG",5473,3948,1525,5473
"13393","07_report/CpG_context_sampling_15563_393_trimmed_bismark_bt2.CpG",5370,3824,1546,5370
"13394","07_report/CpG_context_sampling_15563_394_trimmed_bismark_bt2.CpG",5443,3952,1491,5443
"13395","07_report/CpG_context_sampling_15563_395_trimmed_bismark_bt2.CpG",5381,3796,1585,5381
"13396","07_report/CpG_context_sampling_15563_396_trimmed_bismark_bt2.CpG",5426,3824,1602,5426
"13397","07_report/CpG_context_sampling_15563_397_trimmed_bismark_bt2.CpG",5329,3884,1445,5329
"13398","07_report/CpG_context_sampling_15563_398_trimmed_bismark_bt2.CpG",5335,3786,1549,5335
"13399","07_report/CpG_context_sampling_15563_399_trimmed_bismark_bt2.CpG",5415,3899,1516,5415
"13400","07_report/CpG_context_sampling_15563_400_trimmed_bismark_bt2.CpG",5467,3871,1596,5467
"13401","07_report/CpG_context_sampling_15563_401_trimmed_bismark_bt2.CpG",5305,3824,1481,5305
"13402","07_report/CpG_context_sampling_15563_402_trimmed_bismark_bt2.CpG",5285,3776,1509,5285
"13403","07_report/CpG_context_sampling_15563_403_trimmed_bismark_bt2.CpG",5406,3880,1526,5406
"13404","07_report/CpG_context_sampling_15563_404_trimmed_bismark_bt2.CpG",5396,3885,1511,5396
"13405","07_report/CpG_context_sampling_15563_405_trimmed_bismark_bt2.CpG",5412,3881,1531,5412
"13406","07_report/CpG_context_sampling_15563_406_trimmed_bismark_bt2.CpG",5427,3930,1497,5427
"13407","07_report/CpG_context_sampling_15563_407_trimmed_bismark_bt2.CpG",5275,3788,1487,5275
"13408","07_report/CpG_context_sampling_15563_408_trimmed_bismark_bt2.CpG",5338,3770,1568,5338
"13409","07_report/CpG_context_sampling_15563_409_trimmed_bismark_bt2.CpG",5409,3859,1550,5409
"13410","07_report/CpG_context_sampling_15563_410_trimmed_bismark_bt2.CpG",5361,3741,1620,5361
"13411","07_report/CpG_context_sampling_15563_411_trimmed_bismark_bt2.CpG",5545,4024,1521,5545
"13412","07_report/CpG_context_sampling_15563_412_trimmed_bismark_bt2.CpG",5448,3854,1594,5448
"13413","07_report/CpG_context_sampling_15563_413_trimmed_bismark_bt2.CpG",5347,3821,1526,5347
"13414","07_report/CpG_context_sampling_15563_414_trimmed_bismark_bt2.CpG",5413,3907,1506,5413
"13415","07_report/CpG_context_sampling_15563_415_trimmed_bismark_bt2.CpG",5252,3758,1494,5252
"13416","07_report/CpG_context_sampling_15563_416_trimmed_bismark_bt2.CpG",5407,3828,1579,5407
"13417","07_report/CpG_context_sampling_15563_417_trimmed_bismark_bt2.CpG",5423,3916,1507,5423
"13418","07_report/CpG_context_sampling_15563_418_trimmed_bismark_bt2.CpG",5384,3904,1480,5384
"13419","07_report/CpG_context_sampling_15563_419_trimmed_bismark_bt2.CpG",5347,3813,1534,5347
"13420","07_report/CpG_context_sampling_15563_420_trimmed_bismark_bt2.CpG",5330,3805,1525,5330
"13421","07_report/CpG_context_sampling_15563_421_trimmed_bismark_bt2.CpG",5256,3767,1489,5256
"13422","07_report/CpG_context_sampling_15563_422_trimmed_bismark_bt2.CpG",5360,3825,1535,5360
"13423","07_report/CpG_context_sampling_15563_423_trimmed_bismark_bt2.CpG",5385,3861,1524,5385
"13424","07_report/CpG_context_sampling_15563_424_trimmed_bismark_bt2.CpG",5401,3870,1531,5401
"13425","07_report/CpG_context_sampling_15563_425_trimmed_bismark_bt2.CpG",5416,3862,1554,5416
"13426","07_report/CpG_context_sampling_15563_426_trimmed_bismark_bt2.CpG",5348,3778,1570,5348
"13427","07_report/CpG_context_sampling_15563_427_trimmed_bismark_bt2.CpG",5437,3889,1548,5437
"13428","07_report/CpG_context_sampling_15563_428_trimmed_bismark_bt2.CpG",5472,3923,1549,5472
"13429","07_report/CpG_context_sampling_15563_429_trimmed_bismark_bt2.CpG",5340,3802,1538,5340
"13430","07_report/CpG_context_sampling_15563_430_trimmed_bismark_bt2.CpG",5366,3837,1529,5366
"13431","07_report/CpG_context_sampling_15563_431_trimmed_bismark_bt2.CpG",5372,3891,1481,5372
"13432","07_report/CpG_context_sampling_15563_432_trimmed_bismark_bt2.CpG",5349,3840,1509,5349
"13433","07_report/CpG_context_sampling_15563_433_trimmed_bismark_bt2.CpG",5354,3824,1530,5354
"13434","07_report/CpG_context_sampling_15563_434_trimmed_bismark_bt2.CpG",5275,3806,1469,5275
"13435","07_report/CpG_context_sampling_15563_435_trimmed_bismark_bt2.CpG",5418,3870,1548,5418
"13436","07_report/CpG_context_sampling_15563_436_trimmed_bismark_bt2.CpG",5527,3956,1571,5527
"13437","07_report/CpG_context_sampling_15563_437_trimmed_bismark_bt2.CpG",5398,3857,1541,5398
"13438","07_report/CpG_context_sampling_15563_438_trimmed_bismark_bt2.CpG",5436,3874,1562,5436
"13439","07_report/CpG_context_sampling_15563_439_trimmed_bismark_bt2.CpG",5397,3885,1512,5397
"13440","07_report/CpG_context_sampling_15563_440_trimmed_bismark_bt2.CpG",5373,3767,1606,5373
"13441","07_report/CpG_context_sampling_15563_441_trimmed_bismark_bt2.CpG",5374,3853,1521,5374
"13442","07_report/CpG_context_sampling_15563_442_trimmed_bismark_bt2.CpG",5469,3880,1589,5469
"13443","07_report/CpG_context_sampling_15563_443_trimmed_bismark_bt2.CpG",5352,3796,1556,5352
"13444","07_report/CpG_context_sampling_15563_444_trimmed_bismark_bt2.CpG",5375,3842,1533,5375
"13445","07_report/CpG_context_sampling_15563_445_trimmed_bismark_bt2.CpG",5397,3877,1520,5397
"13446","07_report/CpG_context_sampling_15563_446_trimmed_bismark_bt2.CpG",5302,3763,1539,5302
"13447","07_report/CpG_context_sampling_15563_447_trimmed_bismark_bt2.CpG",5377,3862,1515,5377
"13448","07_report/CpG_context_sampling_15563_448_trimmed_bismark_bt2.CpG",5392,3868,1524,5392
"13449","07_report/CpG_context_sampling_15563_449_trimmed_bismark_bt2.CpG",5487,3898,1589,5487
"13450","07_report/CpG_context_sampling_15563_450_trimmed_bismark_bt2.CpG",5354,3840,1514,5354
"13451","07_report/CpG_context_sampling_15563_451_trimmed_bismark_bt2.CpG",5445,3905,1540,5445
"13452","07_report/CpG_context_sampling_15563_452_trimmed_bismark_bt2.CpG",5493,3918,1575,5493
"13453","07_report/CpG_context_sampling_15563_453_trimmed_bismark_bt2.CpG",5375,3853,1522,5375
"13454","07_report/CpG_context_sampling_15563_454_trimmed_bismark_bt2.CpG",5447,3908,1539,5447
"13455","07_report/CpG_context_sampling_15563_455_trimmed_bismark_bt2.CpG",5345,3849,1496,5345
"13456","07_report/CpG_context_sampling_15563_456_trimmed_bismark_bt2.CpG",5410,3854,1556,5410
"13457","07_report/CpG_context_sampling_15563_457_trimmed_bismark_bt2.CpG",5367,3833,1534,5367
"13458","07_report/CpG_context_sampling_15563_458_trimmed_bismark_bt2.CpG",5378,3812,1566,5378
"13459","07_report/CpG_context_sampling_15563_459_trimmed_bismark_bt2.CpG",5449,3911,1538,5449
"13460","07_report/CpG_context_sampling_15563_460_trimmed_bismark_bt2.CpG",5385,3885,1500,5385
"13461","07_report/CpG_context_sampling_15563_461_trimmed_bismark_bt2.CpG",5322,3786,1536,5322
"13462","07_report/CpG_context_sampling_15563_462_trimmed_bismark_bt2.CpG",5182,3758,1424,5182
"13463","07_report/CpG_context_sampling_15563_463_trimmed_bismark_bt2.CpG",5329,3833,1496,5329
"13464","07_report/CpG_context_sampling_15563_464_trimmed_bismark_bt2.CpG",5387,3863,1524,5387
"13465","07_report/CpG_context_sampling_15563_465_trimmed_bismark_bt2.CpG",5407,3836,1571,5407
"13466","07_report/CpG_context_sampling_15563_466_trimmed_bismark_bt2.CpG",5437,3893,1544,5437
"13467","07_report/CpG_context_sampling_15563_467_trimmed_bismark_bt2.CpG",5426,3870,1556,5426
"13468","07_report/CpG_context_sampling_15563_468_trimmed_bismark_bt2.CpG",5451,3869,1582,5451
"13469","07_report/CpG_context_sampling_15563_469_trimmed_bismark_bt2.CpG",5330,3779,1551,5330
"13470","07_report/CpG_context_sampling_15563_470_trimmed_bismark_bt2.CpG",5422,3900,1522,5422
"13471","07_report/CpG_context_sampling_15563_471_trimmed_bismark_bt2.CpG",5392,3920,1472,5392
"13472","07_report/CpG_context_sampling_15563_472_trimmed_bismark_bt2.CpG",5350,3880,1470,5350
"13473","07_report/CpG_context_sampling_15563_473_trimmed_bismark_bt2.CpG",5265,3781,1484,5265
"13474","07_report/CpG_context_sampling_15563_474_trimmed_bismark_bt2.CpG",5355,3841,1514,5355
"13475","07_report/CpG_context_sampling_15563_475_trimmed_bismark_bt2.CpG",5374,3859,1515,5374
"13476","07_report/CpG_context_sampling_15563_476_trimmed_bismark_bt2.CpG",5382,3851,1531,5382
"13477","07_report/CpG_context_sampling_15563_477_trimmed_bismark_bt2.CpG",5450,3923,1527,5450
"13478","07_report/CpG_context_sampling_15563_478_trimmed_bismark_bt2.CpG",5433,3887,1546,5433
"13479","07_report/CpG_context_sampling_15563_479_trimmed_bismark_bt2.CpG",5431,3887,1544,5431
"13480","07_report/CpG_context_sampling_15563_480_trimmed_bismark_bt2.CpG",5410,3834,1576,5410
"13481","07_report/CpG_context_sampling_15563_481_trimmed_bismark_bt2.CpG",5350,3781,1569,5350
"13482","07_report/CpG_context_sampling_15563_482_trimmed_bismark_bt2.CpG",5416,3863,1553,5416
"13483","07_report/CpG_context_sampling_15563_483_trimmed_bismark_bt2.CpG",5360,3824,1536,5360
"13484","07_report/CpG_context_sampling_15563_484_trimmed_bismark_bt2.CpG",5311,3771,1540,5311
"13485","07_report/CpG_context_sampling_15563_485_trimmed_bismark_bt2.CpG",5323,3836,1487,5323
"13486","07_report/CpG_context_sampling_15563_486_trimmed_bismark_bt2.CpG",5466,3921,1545,5466
"13487","07_report/CpG_context_sampling_15563_487_trimmed_bismark_bt2.CpG",5421,3900,1521,5421
"13488","07_report/CpG_context_sampling_15563_488_trimmed_bismark_bt2.CpG",5364,3835,1529,5364
"13489","07_report/CpG_context_sampling_15563_489_trimmed_bismark_bt2.CpG",5445,3868,1577,5445
"13490","07_report/CpG_context_sampling_15563_490_trimmed_bismark_bt2.CpG",5388,3851,1537,5388
"13491","07_report/CpG_context_sampling_15563_491_trimmed_bismark_bt2.CpG",5353,3851,1502,5353
"13492","07_report/CpG_context_sampling_15563_492_trimmed_bismark_bt2.CpG",5235,3747,1488,5235
"13493","07_report/CpG_context_sampling_15563_493_trimmed_bismark_bt2.CpG",5363,3789,1574,5363
"13494","07_report/CpG_context_sampling_15563_494_trimmed_bismark_bt2.CpG",5323,3782,1541,5323
"13495","07_report/CpG_context_sampling_15563_495_trimmed_bismark_bt2.CpG",5362,3799,1563,5362
"13496","07_report/CpG_context_sampling_15563_496_trimmed_bismark_bt2.CpG",5500,3961,1539,5500
"13497","07_report/CpG_context_sampling_15563_497_trimmed_bismark_bt2.CpG",5352,3830,1522,5352
"13498","07_report/CpG_context_sampling_15563_498_trimmed_bismark_bt2.CpG",5324,3789,1535,5324
"13499","07_report/CpG_context_sampling_15563_499_trimmed_bismark_bt2.CpG",5501,3925,1576,5501
"13500","07_report/CpG_context_sampling_15563_500_trimmed_bismark_bt2.CpG",5206,3735,1471,5206
"13501","07_report/CpG_context_sampling_15563_501_trimmed_bismark_bt2.CpG",5364,3832,1532,5364
"13502","07_report/CpG_context_sampling_15563_502_trimmed_bismark_bt2.CpG",5395,3843,1552,5395
"13503","07_report/CpG_context_sampling_15563_503_trimmed_bismark_bt2.CpG",5409,3888,1521,5409
"13504","07_report/CpG_context_sampling_15563_504_trimmed_bismark_bt2.CpG",5378,3791,1587,5378
"13505","07_report/CpG_context_sampling_15563_505_trimmed_bismark_bt2.CpG",5388,3881,1507,5388
"13506","07_report/CpG_context_sampling_15563_506_trimmed_bismark_bt2.CpG",5407,3797,1610,5407
"13507","07_report/CpG_context_sampling_15563_507_trimmed_bismark_bt2.CpG",5430,3839,1591,5430
"13508","07_report/CpG_context_sampling_15563_508_trimmed_bismark_bt2.CpG",5462,3929,1533,5462
"13509","07_report/CpG_context_sampling_15563_509_trimmed_bismark_bt2.CpG",5349,3847,1502,5349
"13510","07_report/CpG_context_sampling_15563_510_trimmed_bismark_bt2.CpG",5350,3804,1546,5350
"13511","07_report/CpG_context_sampling_15563_511_trimmed_bismark_bt2.CpG",5426,3865,1561,5426
"13512","07_report/CpG_context_sampling_15563_512_trimmed_bismark_bt2.CpG",5389,3851,1538,5389
"13513","07_report/CpG_context_sampling_15563_513_trimmed_bismark_bt2.CpG",5294,3809,1485,5294
"13514","07_report/CpG_context_sampling_15563_514_trimmed_bismark_bt2.CpG",5442,3799,1643,5442
"13515","07_report/CpG_context_sampling_15563_515_trimmed_bismark_bt2.CpG",5357,3811,1546,5357
"13516","07_report/CpG_context_sampling_15563_516_trimmed_bismark_bt2.CpG",5370,3845,1525,5370
"13517","07_report/CpG_context_sampling_15563_517_trimmed_bismark_bt2.CpG",5453,3937,1516,5453
"13518","07_report/CpG_context_sampling_15563_518_trimmed_bismark_bt2.CpG",5345,3777,1568,5345
"13519","07_report/CpG_context_sampling_15563_519_trimmed_bismark_bt2.CpG",5317,3744,1573,5317
"13520","07_report/CpG_context_sampling_15563_520_trimmed_bismark_bt2.CpG",5487,3939,1548,5487
"13521","07_report/CpG_context_sampling_15563_521_trimmed_bismark_bt2.CpG",5440,3894,1546,5440
"13522","07_report/CpG_context_sampling_15563_522_trimmed_bismark_bt2.CpG",5358,3889,1469,5358
"13523","07_report/CpG_context_sampling_15563_523_trimmed_bismark_bt2.CpG",5416,3850,1566,5416
"13524","07_report/CpG_context_sampling_15563_524_trimmed_bismark_bt2.CpG",5472,3977,1495,5472
"13525","07_report/CpG_context_sampling_15563_525_trimmed_bismark_bt2.CpG",5353,3823,1530,5353
"13526","07_report/CpG_context_sampling_15563_526_trimmed_bismark_bt2.CpG",5371,3822,1549,5371
"13527","07_report/CpG_context_sampling_15563_527_trimmed_bismark_bt2.CpG",5370,3821,1549,5370
"13528","07_report/CpG_context_sampling_15563_528_trimmed_bismark_bt2.CpG",5378,3875,1503,5378
"13529","07_report/CpG_context_sampling_15563_529_trimmed_bismark_bt2.CpG",5438,3836,1602,5438
"13530","07_report/CpG_context_sampling_15563_530_trimmed_bismark_bt2.CpG",5409,3846,1563,5409
"13531","07_report/CpG_context_sampling_15563_531_trimmed_bismark_bt2.CpG",5406,3869,1537,5406
"13532","07_report/CpG_context_sampling_15563_532_trimmed_bismark_bt2.CpG",5287,3776,1511,5287
"13533","07_report/CpG_context_sampling_15563_533_trimmed_bismark_bt2.CpG",5373,3846,1527,5373
"13534","07_report/CpG_context_sampling_15563_534_trimmed_bismark_bt2.CpG",5414,3906,1508,5414
"13535","07_report/CpG_context_sampling_15563_535_trimmed_bismark_bt2.CpG",5395,3876,1519,5395
"13536","07_report/CpG_context_sampling_15563_536_trimmed_bismark_bt2.CpG",5392,3822,1570,5392
"13537","07_report/CpG_context_sampling_15563_537_trimmed_bismark_bt2.CpG",5358,3886,1472,5358
"13538","07_report/CpG_context_sampling_15563_538_trimmed_bismark_bt2.CpG",5387,3799,1588,5387
"13539","07_report/CpG_context_sampling_15563_539_trimmed_bismark_bt2.CpG",5417,3932,1485,5417
"13540","07_report/CpG_context_sampling_15563_540_trimmed_bismark_bt2.CpG",5318,3818,1500,5318
"13541","07_report/CpG_context_sampling_15563_541_trimmed_bismark_bt2.CpG",5332,3762,1570,5332
"13542","07_report/CpG_context_sampling_15563_542_trimmed_bismark_bt2.CpG",5454,3906,1548,5454
"13543","07_report/CpG_context_sampling_15563_543_trimmed_bismark_bt2.CpG",5339,3844,1495,5339
"13544","07_report/CpG_context_sampling_15563_544_trimmed_bismark_bt2.CpG",5422,3870,1552,5422
"13545","07_report/CpG_context_sampling_15563_545_trimmed_bismark_bt2.CpG",5257,3691,1566,5257
"13546","07_report/CpG_context_sampling_15563_546_trimmed_bismark_bt2.CpG",5440,3916,1524,5440
"13547","07_report/CpG_context_sampling_15563_547_trimmed_bismark_bt2.CpG",5498,3942,1556,5498
"13548","07_report/CpG_context_sampling_15563_548_trimmed_bismark_bt2.CpG",5427,3936,1491,5427
"13549","07_report/CpG_context_sampling_15563_549_trimmed_bismark_bt2.CpG",5470,3897,1573,5470
"13550","07_report/CpG_context_sampling_15563_550_trimmed_bismark_bt2.CpG",5467,3946,1521,5467
"13551","07_report/CpG_context_sampling_15563_551_trimmed_bismark_bt2.CpG",5294,3765,1529,5294
"13552","07_report/CpG_context_sampling_15563_552_trimmed_bismark_bt2.CpG",5387,3895,1492,5387
"13553","07_report/CpG_context_sampling_15563_553_trimmed_bismark_bt2.CpG",5461,3960,1501,5461
"13554","07_report/CpG_context_sampling_15563_554_trimmed_bismark_bt2.CpG",5369,3805,1564,5369
"13555","07_report/CpG_context_sampling_15563_555_trimmed_bismark_bt2.CpG",5391,3819,1572,5391
"13556","07_report/CpG_context_sampling_15563_556_trimmed_bismark_bt2.CpG",5412,3874,1538,5412
"13557","07_report/CpG_context_sampling_15563_557_trimmed_bismark_bt2.CpG",5347,3797,1550,5347
"13558","07_report/CpG_context_sampling_15563_558_trimmed_bismark_bt2.CpG",5406,3853,1553,5406
"13559","07_report/CpG_context_sampling_15563_559_trimmed_bismark_bt2.CpG",5445,3851,1594,5445
"13560","07_report/CpG_context_sampling_15563_560_trimmed_bismark_bt2.CpG",5432,3856,1576,5432
"13561","07_report/CpG_context_sampling_15563_561_trimmed_bismark_bt2.CpG",5397,3840,1557,5397
"13562","07_report/CpG_context_sampling_15563_562_trimmed_bismark_bt2.CpG",5362,3842,1520,5362
"13563","07_report/CpG_context_sampling_15563_563_trimmed_bismark_bt2.CpG",5429,3917,1512,5429
"13564","07_report/CpG_context_sampling_15563_564_trimmed_bismark_bt2.CpG",5413,3880,1533,5413
"13565","07_report/CpG_context_sampling_15563_565_trimmed_bismark_bt2.CpG",5399,3909,1490,5399
"13566","07_report/CpG_context_sampling_15563_566_trimmed_bismark_bt2.CpG",5412,3917,1495,5412
"13567","07_report/CpG_context_sampling_15563_567_trimmed_bismark_bt2.CpG",5355,3807,1548,5355
"13568","07_report/CpG_context_sampling_15563_568_trimmed_bismark_bt2.CpG",5410,3916,1494,5410
"13569","07_report/CpG_context_sampling_15563_569_trimmed_bismark_bt2.CpG",5425,3891,1534,5425
"13570","07_report/CpG_context_sampling_15563_570_trimmed_bismark_bt2.CpG",5356,3852,1504,5356
"13571","07_report/CpG_context_sampling_15563_571_trimmed_bismark_bt2.CpG",5482,3892,1590,5482
"13572","07_report/CpG_context_sampling_15563_572_trimmed_bismark_bt2.CpG",5394,3922,1472,5394
"13573","07_report/CpG_context_sampling_15563_573_trimmed_bismark_bt2.CpG",5407,3881,1526,5407
"13574","07_report/CpG_context_sampling_15563_574_trimmed_bismark_bt2.CpG",5451,3935,1516,5451
"13575","07_report/CpG_context_sampling_15563_575_trimmed_bismark_bt2.CpG",5365,3904,1461,5365
"13576","07_report/CpG_context_sampling_15563_576_trimmed_bismark_bt2.CpG",5394,3863,1531,5394
"13577","07_report/CpG_context_sampling_15563_577_trimmed_bismark_bt2.CpG",5324,3760,1564,5324
"13578","07_report/CpG_context_sampling_15563_578_trimmed_bismark_bt2.CpG",5386,3839,1547,5386
"13579","07_report/CpG_context_sampling_15563_579_trimmed_bismark_bt2.CpG",5314,3805,1509,5314
"13580","07_report/CpG_context_sampling_15563_580_trimmed_bismark_bt2.CpG",5410,3846,1564,5410
"13581","07_report/CpG_context_sampling_15563_581_trimmed_bismark_bt2.CpG",5450,3897,1553,5450
"13582","07_report/CpG_context_sampling_15563_582_trimmed_bismark_bt2.CpG",5476,3871,1605,5476
"13583","07_report/CpG_context_sampling_15563_583_trimmed_bismark_bt2.CpG",5450,3934,1516,5450
"13584","07_report/CpG_context_sampling_15563_584_trimmed_bismark_bt2.CpG",5390,3877,1513,5390
"13585","07_report/CpG_context_sampling_15563_585_trimmed_bismark_bt2.CpG",5399,3871,1528,5399
"13586","07_report/CpG_context_sampling_15563_586_trimmed_bismark_bt2.CpG",5450,3922,1528,5450
"13587","07_report/CpG_context_sampling_15563_587_trimmed_bismark_bt2.CpG",5392,3817,1575,5392
"13588","07_report/CpG_context_sampling_15563_588_trimmed_bismark_bt2.CpG",5341,3850,1491,5341
"13589","07_report/CpG_context_sampling_15563_589_trimmed_bismark_bt2.CpG",5525,3921,1604,5525
"13590","07_report/CpG_context_sampling_15563_590_trimmed_bismark_bt2.CpG",5484,3921,1563,5484
"13591","07_report/CpG_context_sampling_15563_591_trimmed_bismark_bt2.CpG",5399,3900,1499,5399
"13592","07_report/CpG_context_sampling_15563_592_trimmed_bismark_bt2.CpG",5531,3902,1629,5531
"13593","07_report/CpG_context_sampling_15563_593_trimmed_bismark_bt2.CpG",5493,3881,1612,5493
"13594","07_report/CpG_context_sampling_15563_594_trimmed_bismark_bt2.CpG",5452,3924,1528,5452
"13595","07_report/CpG_context_sampling_15563_595_trimmed_bismark_bt2.CpG",5393,3906,1487,5393
"13596","07_report/CpG_context_sampling_15563_596_trimmed_bismark_bt2.CpG",5434,3854,1580,5434
"13597","07_report/CpG_context_sampling_15563_597_trimmed_bismark_bt2.CpG",5321,3792,1529,5321
"13598","07_report/CpG_context_sampling_15563_598_trimmed_bismark_bt2.CpG",5462,3915,1547,5462
"13599","07_report/CpG_context_sampling_15563_599_trimmed_bismark_bt2.CpG",5337,3797,1540,5337
"13600","07_report/CpG_context_sampling_15563_600_trimmed_bismark_bt2.CpG",5450,3982,1468,5450
"13601","07_report/CpG_context_sampling_15563_601_trimmed_bismark_bt2.CpG",5415,3893,1522,5415
"13602","07_report/CpG_context_sampling_15563_602_trimmed_bismark_bt2.CpG",5375,3840,1535,5375
"13603","07_report/CpG_context_sampling_15563_603_trimmed_bismark_bt2.CpG",5345,3824,1521,5345
"13604","07_report/CpG_context_sampling_15563_604_trimmed_bismark_bt2.CpG",5427,3864,1563,5427
"13605","07_report/CpG_context_sampling_15563_605_trimmed_bismark_bt2.CpG",5362,3846,1516,5362
"13606","07_report/CpG_context_sampling_15563_606_trimmed_bismark_bt2.CpG",5393,3824,1569,5393
"13607","07_report/CpG_context_sampling_15563_607_trimmed_bismark_bt2.CpG",5477,3958,1519,5477
"13608","07_report/CpG_context_sampling_15563_608_trimmed_bismark_bt2.CpG",5348,3749,1599,5348
"13609","07_report/CpG_context_sampling_15563_609_trimmed_bismark_bt2.CpG",5402,3928,1474,5402
"13610","07_report/CpG_context_sampling_15563_610_trimmed_bismark_bt2.CpG",5456,3866,1590,5456
"13611","07_report/CpG_context_sampling_15563_611_trimmed_bismark_bt2.CpG",5503,3944,1559,5503
"13612","07_report/CpG_context_sampling_15563_612_trimmed_bismark_bt2.CpG",5412,3903,1509,5412
"13613","07_report/CpG_context_sampling_15563_613_trimmed_bismark_bt2.CpG",5435,3889,1546,5435
"13614","07_report/CpG_context_sampling_15563_614_trimmed_bismark_bt2.CpG",5420,3851,1569,5420
"13615","07_report/CpG_context_sampling_15563_615_trimmed_bismark_bt2.CpG",5440,3858,1582,5440
"13616","07_report/CpG_context_sampling_15563_616_trimmed_bismark_bt2.CpG",5343,3860,1483,5343
"13617","07_report/CpG_context_sampling_15563_617_trimmed_bismark_bt2.CpG",5369,3899,1470,5369
"13618","07_report/CpG_context_sampling_15563_618_trimmed_bismark_bt2.CpG",5324,3828,1496,5324
"13619","07_report/CpG_context_sampling_15563_619_trimmed_bismark_bt2.CpG",5432,3888,1544,5432
"13620","07_report/CpG_context_sampling_15563_620_trimmed_bismark_bt2.CpG",5459,3910,1549,5459
"13621","07_report/CpG_context_sampling_15563_621_trimmed_bismark_bt2.CpG",5347,3866,1481,5347
"13622","07_report/CpG_context_sampling_15563_622_trimmed_bismark_bt2.CpG",5430,3871,1559,5430
"13623","07_report/CpG_context_sampling_15563_623_trimmed_bismark_bt2.CpG",5418,3895,1523,5418
"13624","07_report/CpG_context_sampling_15563_624_trimmed_bismark_bt2.CpG",5511,3941,1570,5511
"13625","07_report/CpG_context_sampling_15563_625_trimmed_bismark_bt2.CpG",5439,3830,1609,5439
"13626","07_report/CpG_context_sampling_15563_626_trimmed_bismark_bt2.CpG",5360,3827,1533,5360
"13627","07_report/CpG_context_sampling_15563_627_trimmed_bismark_bt2.CpG",5346,3865,1481,5346
"13628","07_report/CpG_context_sampling_15563_628_trimmed_bismark_bt2.CpG",5478,3926,1552,5478
"13629","07_report/CpG_context_sampling_15563_629_trimmed_bismark_bt2.CpG",5421,3888,1533,5421
"13630","07_report/CpG_context_sampling_15563_630_trimmed_bismark_bt2.CpG",5401,3866,1535,5401
"13631","07_report/CpG_context_sampling_15563_631_trimmed_bismark_bt2.CpG",5475,3920,1555,5475
"13632","07_report/CpG_context_sampling_15563_632_trimmed_bismark_bt2.CpG",5309,3836,1473,5309
"13633","07_report/CpG_context_sampling_15563_633_trimmed_bismark_bt2.CpG",5465,3944,1521,5465
"13634","07_report/CpG_context_sampling_15563_634_trimmed_bismark_bt2.CpG",5410,3799,1611,5410
"13635","07_report/CpG_context_sampling_15563_635_trimmed_bismark_bt2.CpG",5369,3903,1466,5369
"13636","07_report/CpG_context_sampling_15563_636_trimmed_bismark_bt2.CpG",5216,3721,1495,5216
"13637","07_report/CpG_context_sampling_15563_637_trimmed_bismark_bt2.CpG",5373,3873,1500,5373
"13638","07_report/CpG_context_sampling_15563_638_trimmed_bismark_bt2.CpG",5424,3900,1524,5424
"13639","07_report/CpG_context_sampling_15563_639_trimmed_bismark_bt2.CpG",5402,3895,1507,5402
"13640","07_report/CpG_context_sampling_15563_640_trimmed_bismark_bt2.CpG",5457,3934,1523,5457
"13641","07_report/CpG_context_sampling_15563_641_trimmed_bismark_bt2.CpG",5406,3827,1579,5406
"13642","07_report/CpG_context_sampling_15563_642_trimmed_bismark_bt2.CpG",5389,3842,1547,5389
"13643","07_report/CpG_context_sampling_15563_643_trimmed_bismark_bt2.CpG",5347,3852,1495,5347
"13644","07_report/CpG_context_sampling_15563_644_trimmed_bismark_bt2.CpG",5340,3798,1542,5340
"13645","07_report/CpG_context_sampling_15563_645_trimmed_bismark_bt2.CpG",5362,3854,1508,5362
"13646","07_report/CpG_context_sampling_15563_646_trimmed_bismark_bt2.CpG",5496,3987,1509,5496
"13647","07_report/CpG_context_sampling_15563_647_trimmed_bismark_bt2.CpG",5465,3917,1548,5465
"13648","07_report/CpG_context_sampling_15563_648_trimmed_bismark_bt2.CpG",5334,3791,1543,5334
"13649","07_report/CpG_context_sampling_15563_649_trimmed_bismark_bt2.CpG",5424,3921,1503,5424
"13650","07_report/CpG_context_sampling_15563_650_trimmed_bismark_bt2.CpG",5472,3943,1529,5472
"13651","07_report/CpG_context_sampling_15563_651_trimmed_bismark_bt2.CpG",5416,3889,1527,5416
"13652","07_report/CpG_context_sampling_15563_652_trimmed_bismark_bt2.CpG",5435,3869,1566,5435
"13653","07_report/CpG_context_sampling_15563_653_trimmed_bismark_bt2.CpG",5405,3858,1547,5405
"13654","07_report/CpG_context_sampling_15563_654_trimmed_bismark_bt2.CpG",5406,3854,1552,5406
"13655","07_report/CpG_context_sampling_15563_655_trimmed_bismark_bt2.CpG",5411,3836,1575,5411
"13656","07_report/CpG_context_sampling_15563_656_trimmed_bismark_bt2.CpG",5439,3876,1563,5439
"13657","07_report/CpG_context_sampling_15563_657_trimmed_bismark_bt2.CpG",5390,3840,1550,5390
"13658","07_report/CpG_context_sampling_15563_658_trimmed_bismark_bt2.CpG",5338,3900,1438,5338
"13659","07_report/CpG_context_sampling_15563_659_trimmed_bismark_bt2.CpG",5473,3932,1541,5473
"13660","07_report/CpG_context_sampling_15563_660_trimmed_bismark_bt2.CpG",5381,3886,1495,5381
"13661","07_report/CpG_context_sampling_15563_661_trimmed_bismark_bt2.CpG",5336,3806,1530,5336
"13662","07_report/CpG_context_sampling_15563_662_trimmed_bismark_bt2.CpG",5358,3817,1541,5358
"13663","07_report/CpG_context_sampling_15563_663_trimmed_bismark_bt2.CpG",5383,3835,1548,5383
"13664","07_report/CpG_context_sampling_15563_664_trimmed_bismark_bt2.CpG",5392,3914,1478,5392
"13665","07_report/CpG_context_sampling_15563_665_trimmed_bismark_bt2.CpG",5434,3910,1524,5434
"13666","07_report/CpG_context_sampling_15563_666_trimmed_bismark_bt2.CpG",5284,3786,1498,5284
"13667","07_report/CpG_context_sampling_15563_667_trimmed_bismark_bt2.CpG",5465,3861,1604,5465
"13668","07_report/CpG_context_sampling_15563_668_trimmed_bismark_bt2.CpG",5419,3938,1481,5419
"13669","07_report/CpG_context_sampling_15563_669_trimmed_bismark_bt2.CpG",5393,3829,1564,5393
"13670","07_report/CpG_context_sampling_15563_670_trimmed_bismark_bt2.CpG",5379,3878,1501,5379
"13671","07_report/CpG_context_sampling_15563_671_trimmed_bismark_bt2.CpG",5492,3935,1557,5492
"13672","07_report/CpG_context_sampling_15563_672_trimmed_bismark_bt2.CpG",5328,3784,1544,5328
"13673","07_report/CpG_context_sampling_15563_673_trimmed_bismark_bt2.CpG",5480,3959,1521,5480
"13674","07_report/CpG_context_sampling_15563_674_trimmed_bismark_bt2.CpG",5436,3876,1560,5436
"13675","07_report/CpG_context_sampling_15563_675_trimmed_bismark_bt2.CpG",5351,3803,1548,5351
"13676","07_report/CpG_context_sampling_15563_676_trimmed_bismark_bt2.CpG",5392,3818,1574,5392
"13677","07_report/CpG_context_sampling_15563_677_trimmed_bismark_bt2.CpG",5348,3807,1541,5348
"13678","07_report/CpG_context_sampling_15563_678_trimmed_bismark_bt2.CpG",5416,3859,1557,5416
"13679","07_report/CpG_context_sampling_15563_679_trimmed_bismark_bt2.CpG",5407,3836,1571,5407
"13680","07_report/CpG_context_sampling_15563_680_trimmed_bismark_bt2.CpG",5280,3752,1528,5280
"13681","07_report/CpG_context_sampling_15563_681_trimmed_bismark_bt2.CpG",5429,3901,1528,5429
"13682","07_report/CpG_context_sampling_15563_682_trimmed_bismark_bt2.CpG",5417,3845,1572,5417
"13683","07_report/CpG_context_sampling_15563_683_trimmed_bismark_bt2.CpG",5371,3834,1537,5371
"13684","07_report/CpG_context_sampling_15563_684_trimmed_bismark_bt2.CpG",5482,3903,1579,5482
"13685","07_report/CpG_context_sampling_15563_685_trimmed_bismark_bt2.CpG",5358,3834,1524,5358
"13686","07_report/CpG_context_sampling_15563_686_trimmed_bismark_bt2.CpG",5420,3887,1533,5420
"13687","07_report/CpG_context_sampling_15563_687_trimmed_bismark_bt2.CpG",5461,3856,1605,5461
"13688","07_report/CpG_context_sampling_15563_688_trimmed_bismark_bt2.CpG",5428,3855,1573,5428
"13689","07_report/CpG_context_sampling_15563_689_trimmed_bismark_bt2.CpG",5383,3910,1473,5383
"13690","07_report/CpG_context_sampling_15563_690_trimmed_bismark_bt2.CpG",5397,3796,1601,5397
"13691","07_report/CpG_context_sampling_15563_691_trimmed_bismark_bt2.CpG",5429,3852,1577,5429
"13692","07_report/CpG_context_sampling_15563_692_trimmed_bismark_bt2.CpG",5366,3861,1505,5366
"13693","07_report/CpG_context_sampling_15563_693_trimmed_bismark_bt2.CpG",5484,3950,1534,5484
"13694","07_report/CpG_context_sampling_15563_694_trimmed_bismark_bt2.CpG",5387,3862,1525,5387
"13695","07_report/CpG_context_sampling_15563_695_trimmed_bismark_bt2.CpG",5386,3871,1515,5386
"13696","07_report/CpG_context_sampling_15563_696_trimmed_bismark_bt2.CpG",5431,3879,1552,5431
"13697","07_report/CpG_context_sampling_15563_697_trimmed_bismark_bt2.CpG",5467,3932,1535,5467
"13698","07_report/CpG_context_sampling_15563_698_trimmed_bismark_bt2.CpG",5378,3846,1532,5378
"13699","07_report/CpG_context_sampling_15563_699_trimmed_bismark_bt2.CpG",5397,3840,1557,5397
"13700","07_report/CpG_context_sampling_15563_700_trimmed_bismark_bt2.CpG",5441,3876,1565,5441
"13701","07_report/CpG_context_sampling_15563_701_trimmed_bismark_bt2.CpG",5479,3893,1586,5479
"13702","07_report/CpG_context_sampling_15563_702_trimmed_bismark_bt2.CpG",5390,3849,1541,5390
"13703","07_report/CpG_context_sampling_15563_703_trimmed_bismark_bt2.CpG",5426,3917,1509,5426
"13704","07_report/CpG_context_sampling_15563_704_trimmed_bismark_bt2.CpG",5290,3843,1447,5290
"13705","07_report/CpG_context_sampling_15563_705_trimmed_bismark_bt2.CpG",5497,3957,1540,5497
"13706","07_report/CpG_context_sampling_15563_706_trimmed_bismark_bt2.CpG",5343,3764,1579,5343
"13707","07_report/CpG_context_sampling_15563_707_trimmed_bismark_bt2.CpG",5350,3762,1588,5350
"13708","07_report/CpG_context_sampling_15563_708_trimmed_bismark_bt2.CpG",5386,3867,1519,5386
"13709","07_report/CpG_context_sampling_15563_709_trimmed_bismark_bt2.CpG",5445,3925,1520,5445
"13710","07_report/CpG_context_sampling_15563_710_trimmed_bismark_bt2.CpG",5514,3949,1565,5514
"13711","07_report/CpG_context_sampling_15563_711_trimmed_bismark_bt2.CpG",5434,3844,1590,5434
"13712","07_report/CpG_context_sampling_15563_712_trimmed_bismark_bt2.CpG",5367,3826,1541,5367
"13713","07_report/CpG_context_sampling_15563_713_trimmed_bismark_bt2.CpG",5373,3867,1506,5373
"13714","07_report/CpG_context_sampling_15563_714_trimmed_bismark_bt2.CpG",5459,3934,1525,5459
"13715","07_report/CpG_context_sampling_15563_715_trimmed_bismark_bt2.CpG",5493,3970,1523,5493
"13716","07_report/CpG_context_sampling_15563_716_trimmed_bismark_bt2.CpG",5519,3906,1613,5519
"13717","07_report/CpG_context_sampling_15563_717_trimmed_bismark_bt2.CpG",5329,3805,1524,5329
"13718","07_report/CpG_context_sampling_15563_718_trimmed_bismark_bt2.CpG",5350,3855,1495,5350
"13719","07_report/CpG_context_sampling_15563_719_trimmed_bismark_bt2.CpG",5401,3871,1530,5401
"13720","07_report/CpG_context_sampling_15563_720_trimmed_bismark_bt2.CpG",5399,3877,1522,5399
"13721","07_report/CpG_context_sampling_15563_721_trimmed_bismark_bt2.CpG",5376,3819,1557,5376
"13722","07_report/CpG_context_sampling_15563_722_trimmed_bismark_bt2.CpG",5315,3787,1528,5315
"13723","07_report/CpG_context_sampling_15563_723_trimmed_bismark_bt2.CpG",5444,3881,1563,5444
"13724","07_report/CpG_context_sampling_15563_724_trimmed_bismark_bt2.CpG",5411,3892,1519,5411
"13725","07_report/CpG_context_sampling_15563_725_trimmed_bismark_bt2.CpG",5306,3807,1499,5306
"13726","07_report/CpG_context_sampling_15563_726_trimmed_bismark_bt2.CpG",5427,3844,1583,5427
"13727","07_report/CpG_context_sampling_15563_727_trimmed_bismark_bt2.CpG",5500,3938,1562,5500
"13728","07_report/CpG_context_sampling_15563_728_trimmed_bismark_bt2.CpG",5379,3779,1600,5379
"13729","07_report/CpG_context_sampling_15563_729_trimmed_bismark_bt2.CpG",5395,3891,1504,5395
"13730","07_report/CpG_context_sampling_15563_730_trimmed_bismark_bt2.CpG",5344,3841,1503,5344
"13731","07_report/CpG_context_sampling_15563_731_trimmed_bismark_bt2.CpG",5385,3870,1515,5385
"13732","07_report/CpG_context_sampling_15563_732_trimmed_bismark_bt2.CpG",5403,3915,1488,5403
"13733","07_report/CpG_context_sampling_15563_733_trimmed_bismark_bt2.CpG",5410,3909,1501,5410
"13734","07_report/CpG_context_sampling_15563_734_trimmed_bismark_bt2.CpG",5485,3911,1574,5485
"13735","07_report/CpG_context_sampling_15563_735_trimmed_bismark_bt2.CpG",5406,3898,1508,5406
"13736","07_report/CpG_context_sampling_15563_736_trimmed_bismark_bt2.CpG",5417,3884,1533,5417
"13737","07_report/CpG_context_sampling_15563_737_trimmed_bismark_bt2.CpG",5414,3883,1531,5414
"13738","07_report/CpG_context_sampling_15563_738_trimmed_bismark_bt2.CpG",5351,3852,1499,5351
"13739","07_report/CpG_context_sampling_15563_739_trimmed_bismark_bt2.CpG",5433,3839,1594,5433
"13740","07_report/CpG_context_sampling_15563_740_trimmed_bismark_bt2.CpG",5385,3869,1516,5385
"13741","07_report/CpG_context_sampling_15563_741_trimmed_bismark_bt2.CpG",5336,3815,1521,5336
"13742","07_report/CpG_context_sampling_15563_742_trimmed_bismark_bt2.CpG",5343,3764,1579,5343
"13743","07_report/CpG_context_sampling_15563_743_trimmed_bismark_bt2.CpG",5351,3855,1496,5351
"13744","07_report/CpG_context_sampling_15563_744_trimmed_bismark_bt2.CpG",5381,3851,1530,5381
"13745","07_report/CpG_context_sampling_15563_745_trimmed_bismark_bt2.CpG",5440,3896,1544,5440
"13746","07_report/CpG_context_sampling_15563_746_trimmed_bismark_bt2.CpG",5395,3855,1540,5395
"13747","07_report/CpG_context_sampling_15563_747_trimmed_bismark_bt2.CpG",5504,3915,1589,5504
"13748","07_report/CpG_context_sampling_15563_748_trimmed_bismark_bt2.CpG",5452,3896,1556,5452
"13749","07_report/CpG_context_sampling_15563_749_trimmed_bismark_bt2.CpG",5421,3896,1525,5421
"13750","07_report/CpG_context_sampling_15563_750_trimmed_bismark_bt2.CpG",5350,3853,1497,5350
"13751","07_report/CpG_context_sampling_15563_751_trimmed_bismark_bt2.CpG",5550,3967,1583,5550
"13752","07_report/CpG_context_sampling_15563_752_trimmed_bismark_bt2.CpG",5322,3806,1516,5322
"13753","07_report/CpG_context_sampling_15563_753_trimmed_bismark_bt2.CpG",5400,3836,1564,5400
"13754","07_report/CpG_context_sampling_15563_754_trimmed_bismark_bt2.CpG",5381,3868,1513,5381
"13755","07_report/CpG_context_sampling_15563_755_trimmed_bismark_bt2.CpG",5250,3723,1527,5250
"13756","07_report/CpG_context_sampling_15563_756_trimmed_bismark_bt2.CpG",5441,3832,1609,5441
"13757","07_report/CpG_context_sampling_15563_757_trimmed_bismark_bt2.CpG",5418,3855,1563,5418
"13758","07_report/CpG_context_sampling_15563_758_trimmed_bismark_bt2.CpG",5421,3890,1531,5421
"13759","07_report/CpG_context_sampling_15563_759_trimmed_bismark_bt2.CpG",5365,3824,1541,5365
"13760","07_report/CpG_context_sampling_15563_760_trimmed_bismark_bt2.CpG",5247,3719,1528,5247
"13761","07_report/CpG_context_sampling_15563_761_trimmed_bismark_bt2.CpG",5453,3893,1560,5453
"13762","07_report/CpG_context_sampling_15563_762_trimmed_bismark_bt2.CpG",5409,3851,1558,5409
"13763","07_report/CpG_context_sampling_15563_763_trimmed_bismark_bt2.CpG",5367,3816,1551,5367
"13764","07_report/CpG_context_sampling_15563_764_trimmed_bismark_bt2.CpG",5336,3796,1540,5336
"13765","07_report/CpG_context_sampling_15563_765_trimmed_bismark_bt2.CpG",5277,3740,1537,5277
"13766","07_report/CpG_context_sampling_15563_766_trimmed_bismark_bt2.CpG",5367,3853,1514,5367
"13767","07_report/CpG_context_sampling_15563_767_trimmed_bismark_bt2.CpG",5436,3922,1514,5436
"13768","07_report/CpG_context_sampling_15563_768_trimmed_bismark_bt2.CpG",5298,3767,1531,5298
"13769","07_report/CpG_context_sampling_15563_769_trimmed_bismark_bt2.CpG",5455,3904,1551,5455
"13770","07_report/CpG_context_sampling_15563_770_trimmed_bismark_bt2.CpG",5443,3899,1544,5443
"13771","07_report/CpG_context_sampling_15563_771_trimmed_bismark_bt2.CpG",5390,3872,1518,5390
"13772","07_report/CpG_context_sampling_15563_772_trimmed_bismark_bt2.CpG",5424,3877,1547,5424
"13773","07_report/CpG_context_sampling_15563_773_trimmed_bismark_bt2.CpG",5490,3946,1544,5490
"13774","07_report/CpG_context_sampling_15563_774_trimmed_bismark_bt2.CpG",5351,3771,1580,5351
"13775","07_report/CpG_context_sampling_15563_775_trimmed_bismark_bt2.CpG",5349,3813,1536,5349
"13776","07_report/CpG_context_sampling_15563_776_trimmed_bismark_bt2.CpG",5417,3925,1492,5417
"13777","07_report/CpG_context_sampling_15563_777_trimmed_bismark_bt2.CpG",5445,3886,1559,5445
"13778","07_report/CpG_context_sampling_15563_778_trimmed_bismark_bt2.CpG",5355,3842,1513,5355
"13779","07_report/CpG_context_sampling_15563_779_trimmed_bismark_bt2.CpG",5422,3865,1557,5422
"13780","07_report/CpG_context_sampling_15563_780_trimmed_bismark_bt2.CpG",5367,3888,1479,5367
"13781","07_report/CpG_context_sampling_15563_781_trimmed_bismark_bt2.CpG",5369,3798,1571,5369
"13782","07_report/CpG_context_sampling_15563_782_trimmed_bismark_bt2.CpG",5397,3843,1554,5397
"13783","07_report/CpG_context_sampling_15563_783_trimmed_bismark_bt2.CpG",5347,3832,1515,5347
"13784","07_report/CpG_context_sampling_15563_784_trimmed_bismark_bt2.CpG",5390,3786,1604,5390
"13785","07_report/CpG_context_sampling_15563_785_trimmed_bismark_bt2.CpG",5444,3895,1549,5444
"13786","07_report/CpG_context_sampling_15563_786_trimmed_bismark_bt2.CpG",5296,3741,1555,5296
"13787","07_report/CpG_context_sampling_15563_787_trimmed_bismark_bt2.CpG",5461,3925,1536,5461
"13788","07_report/CpG_context_sampling_15563_788_trimmed_bismark_bt2.CpG",5413,3800,1613,5413
"13789","07_report/CpG_context_sampling_15563_789_trimmed_bismark_bt2.CpG",5413,3864,1549,5413
"13790","07_report/CpG_context_sampling_15563_790_trimmed_bismark_bt2.CpG",5339,3801,1538,5339
"13791","07_report/CpG_context_sampling_15563_791_trimmed_bismark_bt2.CpG",5528,3935,1593,5528
"13792","07_report/CpG_context_sampling_15563_792_trimmed_bismark_bt2.CpG",5432,3827,1605,5432
"13793","07_report/CpG_context_sampling_15563_793_trimmed_bismark_bt2.CpG",5480,3847,1633,5480
"13794","07_report/CpG_context_sampling_15563_794_trimmed_bismark_bt2.CpG",5383,3860,1523,5383
"13795","07_report/CpG_context_sampling_15563_795_trimmed_bismark_bt2.CpG",5383,3823,1560,5383
"13796","07_report/CpG_context_sampling_15563_796_trimmed_bismark_bt2.CpG",5371,3873,1498,5371
"13797","07_report/CpG_context_sampling_15563_797_trimmed_bismark_bt2.CpG",5395,3855,1540,5395
"13798","07_report/CpG_context_sampling_15563_798_trimmed_bismark_bt2.CpG",5511,3918,1593,5511
"13799","07_report/CpG_context_sampling_15563_799_trimmed_bismark_bt2.CpG",5386,3803,1583,5386
"13800","07_report/CpG_context_sampling_15563_800_trimmed_bismark_bt2.CpG",5501,3957,1544,5501
"13801","07_report/CpG_context_sampling_15563_801_trimmed_bismark_bt2.CpG",5335,3781,1554,5335
"13802","07_report/CpG_context_sampling_15563_802_trimmed_bismark_bt2.CpG",5357,3800,1557,5357
"13803","07_report/CpG_context_sampling_15563_803_trimmed_bismark_bt2.CpG",5346,3806,1540,5346
"13804","07_report/CpG_context_sampling_15563_804_trimmed_bismark_bt2.CpG",5414,3799,1615,5414
"13805","07_report/CpG_context_sampling_15563_805_trimmed_bismark_bt2.CpG",5361,3831,1530,5361
"13806","07_report/CpG_context_sampling_15563_806_trimmed_bismark_bt2.CpG",5414,3849,1565,5414
"13807","07_report/CpG_context_sampling_15563_807_trimmed_bismark_bt2.CpG",5450,3930,1520,5450
"13808","07_report/CpG_context_sampling_15563_808_trimmed_bismark_bt2.CpG",5396,3847,1549,5396
"13809","07_report/CpG_context_sampling_15563_809_trimmed_bismark_bt2.CpG",5325,3797,1528,5325
"13810","07_report/CpG_context_sampling_15563_810_trimmed_bismark_bt2.CpG",5440,3919,1521,5440
"13811","07_report/CpG_context_sampling_15563_811_trimmed_bismark_bt2.CpG",5387,3825,1562,5387
"13812","07_report/CpG_context_sampling_15563_812_trimmed_bismark_bt2.CpG",5438,3885,1553,5438
"13813","07_report/CpG_context_sampling_15563_813_trimmed_bismark_bt2.CpG",5387,3919,1468,5387
"13814","07_report/CpG_context_sampling_15563_814_trimmed_bismark_bt2.CpG",5328,3859,1469,5328
"13815","07_report/CpG_context_sampling_15563_815_trimmed_bismark_bt2.CpG",5346,3808,1538,5346
"13816","07_report/CpG_context_sampling_15563_816_trimmed_bismark_bt2.CpG",5294,3772,1522,5294
"13817","07_report/CpG_context_sampling_15563_817_trimmed_bismark_bt2.CpG",5431,3894,1537,5431
"13818","07_report/CpG_context_sampling_15563_818_trimmed_bismark_bt2.CpG",5364,3807,1557,5364
"13819","07_report/CpG_context_sampling_15563_819_trimmed_bismark_bt2.CpG",5371,3879,1492,5371
"13820","07_report/CpG_context_sampling_15563_820_trimmed_bismark_bt2.CpG",5326,3883,1443,5326
"13821","07_report/CpG_context_sampling_15563_821_trimmed_bismark_bt2.CpG",5445,3907,1538,5445
"13822","07_report/CpG_context_sampling_15563_822_trimmed_bismark_bt2.CpG",5402,3851,1551,5402
"13823","07_report/CpG_context_sampling_15563_823_trimmed_bismark_bt2.CpG",5301,3743,1558,5301
"13824","07_report/CpG_context_sampling_15563_824_trimmed_bismark_bt2.CpG",5345,3841,1504,5345
"13825","07_report/CpG_context_sampling_15563_825_trimmed_bismark_bt2.CpG",5400,3904,1496,5400
"13826","07_report/CpG_context_sampling_15563_826_trimmed_bismark_bt2.CpG",5496,3943,1553,5496
"13827","07_report/CpG_context_sampling_15563_827_trimmed_bismark_bt2.CpG",5365,3855,1510,5365
"13828","07_report/CpG_context_sampling_15563_828_trimmed_bismark_bt2.CpG",5381,3851,1530,5381
"13829","07_report/CpG_context_sampling_15563_829_trimmed_bismark_bt2.CpG",5395,3947,1448,5395
"13830","07_report/CpG_context_sampling_15563_830_trimmed_bismark_bt2.CpG",5384,3785,1599,5384
"13831","07_report/CpG_context_sampling_15563_831_trimmed_bismark_bt2.CpG",5468,3897,1571,5468
"13832","07_report/CpG_context_sampling_15563_832_trimmed_bismark_bt2.CpG",5438,3834,1604,5438
"13833","07_report/CpG_context_sampling_15563_833_trimmed_bismark_bt2.CpG",5442,3882,1560,5442
"13834","07_report/CpG_context_sampling_15563_834_trimmed_bismark_bt2.CpG",5382,3865,1517,5382
"13835","07_report/CpG_context_sampling_15563_835_trimmed_bismark_bt2.CpG",5527,3977,1550,5527
"13836","07_report/CpG_context_sampling_15563_836_trimmed_bismark_bt2.CpG",5434,3897,1537,5434
"13837","07_report/CpG_context_sampling_15563_837_trimmed_bismark_bt2.CpG",5362,3839,1523,5362
"13838","07_report/CpG_context_sampling_15563_838_trimmed_bismark_bt2.CpG",5432,3867,1565,5432
"13839","07_report/CpG_context_sampling_15563_839_trimmed_bismark_bt2.CpG",5365,3848,1517,5365
"13840","07_report/CpG_context_sampling_15563_840_trimmed_bismark_bt2.CpG",5504,3936,1568,5504
"13841","07_report/CpG_context_sampling_15563_841_trimmed_bismark_bt2.CpG",5294,3795,1499,5294
"13842","07_report/CpG_context_sampling_15563_842_trimmed_bismark_bt2.CpG",5308,3807,1501,5308
"13843","07_report/CpG_context_sampling_15563_843_trimmed_bismark_bt2.CpG",5537,3946,1591,5537
"13844","07_report/CpG_context_sampling_15563_844_trimmed_bismark_bt2.CpG",5439,3923,1516,5439
"13845","07_report/CpG_context_sampling_15563_845_trimmed_bismark_bt2.CpG",5380,3858,1522,5380
"13846","07_report/CpG_context_sampling_15563_846_trimmed_bismark_bt2.CpG",5417,3857,1560,5417
"13847","07_report/CpG_context_sampling_15563_847_trimmed_bismark_bt2.CpG",5500,3962,1538,5500
"13848","07_report/CpG_context_sampling_15563_848_trimmed_bismark_bt2.CpG",5323,3887,1436,5323
"13849","07_report/CpG_context_sampling_15563_849_trimmed_bismark_bt2.CpG",5424,3884,1540,5424
"13850","07_report/CpG_context_sampling_15563_850_trimmed_bismark_bt2.CpG",5359,3817,1542,5359
"13851","07_report/CpG_context_sampling_15563_851_trimmed_bismark_bt2.CpG",5485,3948,1537,5485
"13852","07_report/CpG_context_sampling_15563_852_trimmed_bismark_bt2.CpG",5343,3838,1505,5343
"13853","07_report/CpG_context_sampling_15563_853_trimmed_bismark_bt2.CpG",5394,3838,1556,5394
"13854","07_report/CpG_context_sampling_15563_854_trimmed_bismark_bt2.CpG",5392,3851,1541,5392
"13855","07_report/CpG_context_sampling_15563_855_trimmed_bismark_bt2.CpG",5339,3798,1541,5339
"13856","07_report/CpG_context_sampling_15563_856_trimmed_bismark_bt2.CpG",5432,3888,1544,5432
"13857","07_report/CpG_context_sampling_15563_857_trimmed_bismark_bt2.CpG",5427,3929,1498,5427
"13858","07_report/CpG_context_sampling_15563_858_trimmed_bismark_bt2.CpG",5380,3879,1501,5380
"13859","07_report/CpG_context_sampling_15563_859_trimmed_bismark_bt2.CpG",5453,3942,1511,5453
"13860","07_report/CpG_context_sampling_15563_860_trimmed_bismark_bt2.CpG",5381,3856,1525,5381
"13861","07_report/CpG_context_sampling_15563_861_trimmed_bismark_bt2.CpG",5428,3839,1589,5428
"13862","07_report/CpG_context_sampling_15563_862_trimmed_bismark_bt2.CpG",5470,3929,1541,5470
"13863","07_report/CpG_context_sampling_15563_863_trimmed_bismark_bt2.CpG",5361,3837,1524,5361
"13864","07_report/CpG_context_sampling_15563_864_trimmed_bismark_bt2.CpG",5413,3831,1582,5413
"13865","07_report/CpG_context_sampling_15563_865_trimmed_bismark_bt2.CpG",5363,3839,1524,5363
"13866","07_report/CpG_context_sampling_15563_866_trimmed_bismark_bt2.CpG",5463,3933,1530,5463
"13867","07_report/CpG_context_sampling_15563_867_trimmed_bismark_bt2.CpG",5476,3849,1627,5476
"13868","07_report/CpG_context_sampling_15563_868_trimmed_bismark_bt2.CpG",5369,3858,1511,5369
"13869","07_report/CpG_context_sampling_15563_869_trimmed_bismark_bt2.CpG",5366,3821,1545,5366
"13870","07_report/CpG_context_sampling_15563_870_trimmed_bismark_bt2.CpG",5349,3797,1552,5349
"13871","07_report/CpG_context_sampling_15563_871_trimmed_bismark_bt2.CpG",5387,3855,1532,5387
"13872","07_report/CpG_context_sampling_15563_872_trimmed_bismark_bt2.CpG",5395,3826,1569,5395
"13873","07_report/CpG_context_sampling_15563_873_trimmed_bismark_bt2.CpG",5440,3883,1557,5440
"13874","07_report/CpG_context_sampling_15563_874_trimmed_bismark_bt2.CpG",5555,3963,1592,5555
"13875","07_report/CpG_context_sampling_15563_875_trimmed_bismark_bt2.CpG",5304,3793,1511,5304
"13876","07_report/CpG_context_sampling_15563_876_trimmed_bismark_bt2.CpG",5377,3888,1489,5377
"13877","07_report/CpG_context_sampling_15563_877_trimmed_bismark_bt2.CpG",5399,3794,1605,5399
"13878","07_report/CpG_context_sampling_15563_878_trimmed_bismark_bt2.CpG",5405,3868,1537,5405
"13879","07_report/CpG_context_sampling_15563_879_trimmed_bismark_bt2.CpG",5415,3893,1522,5415
"13880","07_report/CpG_context_sampling_15563_880_trimmed_bismark_bt2.CpG",5369,3818,1551,5369
"13881","07_report/CpG_context_sampling_15563_881_trimmed_bismark_bt2.CpG",5376,3799,1577,5376
"13882","07_report/CpG_context_sampling_15563_882_trimmed_bismark_bt2.CpG",5454,3895,1559,5454
"13883","07_report/CpG_context_sampling_15563_883_trimmed_bismark_bt2.CpG",5338,3759,1579,5338
"13884","07_report/CpG_context_sampling_15563_884_trimmed_bismark_bt2.CpG",5350,3785,1565,5350
"13885","07_report/CpG_context_sampling_15563_885_trimmed_bismark_bt2.CpG",5364,3813,1551,5364
"13886","07_report/CpG_context_sampling_15563_886_trimmed_bismark_bt2.CpG",5364,3764,1600,5364
"13887","07_report/CpG_context_sampling_15563_887_trimmed_bismark_bt2.CpG",5451,3875,1576,5451
"13888","07_report/CpG_context_sampling_15563_888_trimmed_bismark_bt2.CpG",5494,3927,1567,5494
"13889","07_report/CpG_context_sampling_15563_889_trimmed_bismark_bt2.CpG",5411,3878,1533,5411
"13890","07_report/CpG_context_sampling_15563_890_trimmed_bismark_bt2.CpG",5407,3899,1508,5407
"13891","07_report/CpG_context_sampling_15563_891_trimmed_bismark_bt2.CpG",5417,3887,1530,5417
"13892","07_report/CpG_context_sampling_15563_892_trimmed_bismark_bt2.CpG",5478,3900,1578,5478
"13893","07_report/CpG_context_sampling_15563_893_trimmed_bismark_bt2.CpG",5472,3926,1546,5472
"13894","07_report/CpG_context_sampling_15563_894_trimmed_bismark_bt2.CpG",5342,3787,1555,5342
"13895","07_report/CpG_context_sampling_15563_895_trimmed_bismark_bt2.CpG",5372,3855,1517,5372
"13896","07_report/CpG_context_sampling_15563_896_trimmed_bismark_bt2.CpG",5395,3824,1571,5395
"13897","07_report/CpG_context_sampling_15563_897_trimmed_bismark_bt2.CpG",5391,3847,1544,5391
"13898","07_report/CpG_context_sampling_15563_898_trimmed_bismark_bt2.CpG",5380,3820,1560,5380
"13899","07_report/CpG_context_sampling_15563_899_trimmed_bismark_bt2.CpG",5390,3849,1541,5390
"13900","07_report/CpG_context_sampling_15563_900_trimmed_bismark_bt2.CpG",5300,3774,1526,5300
"13901","07_report/CpG_context_sampling_15563_901_trimmed_bismark_bt2.CpG",5340,3796,1544,5340
"13902","07_report/CpG_context_sampling_15563_902_trimmed_bismark_bt2.CpG",5374,3924,1450,5374
"13903","07_report/CpG_context_sampling_15563_903_trimmed_bismark_bt2.CpG",5403,3889,1514,5403
"13904","07_report/CpG_context_sampling_15563_904_trimmed_bismark_bt2.CpG",5411,3907,1504,5411
"13905","07_report/CpG_context_sampling_15563_905_trimmed_bismark_bt2.CpG",5396,3889,1507,5396
"13906","07_report/CpG_context_sampling_15563_906_trimmed_bismark_bt2.CpG",5366,3834,1532,5366
"13907","07_report/CpG_context_sampling_15563_907_trimmed_bismark_bt2.CpG",5392,3857,1535,5392
"13908","07_report/CpG_context_sampling_15563_908_trimmed_bismark_bt2.CpG",5360,3856,1504,5360
"13909","07_report/CpG_context_sampling_15563_909_trimmed_bismark_bt2.CpG",5364,3819,1545,5364
"13910","07_report/CpG_context_sampling_15563_910_trimmed_bismark_bt2.CpG",5405,3819,1586,5405
"13911","07_report/CpG_context_sampling_15563_911_trimmed_bismark_bt2.CpG",5376,3816,1560,5376
"13912","07_report/CpG_context_sampling_15563_912_trimmed_bismark_bt2.CpG",5302,3706,1596,5302
"13913","07_report/CpG_context_sampling_15563_913_trimmed_bismark_bt2.CpG",5433,3904,1529,5433
"13914","07_report/CpG_context_sampling_15563_914_trimmed_bismark_bt2.CpG",5485,3924,1561,5485
"13915","07_report/CpG_context_sampling_15563_915_trimmed_bismark_bt2.CpG",5460,3891,1569,5460
"13916","07_report/CpG_context_sampling_15563_916_trimmed_bismark_bt2.CpG",5430,3902,1528,5430
"13917","07_report/CpG_context_sampling_15563_917_trimmed_bismark_bt2.CpG",5394,3854,1540,5394
"13918","07_report/CpG_context_sampling_15563_918_trimmed_bismark_bt2.CpG",5451,3947,1504,5451
"13919","07_report/CpG_context_sampling_15563_919_trimmed_bismark_bt2.CpG",5464,3828,1636,5464
"13920","07_report/CpG_context_sampling_15563_920_trimmed_bismark_bt2.CpG",5379,3814,1565,5379
"13921","07_report/CpG_context_sampling_15563_921_trimmed_bismark_bt2.CpG",5449,3848,1601,5449
"13922","07_report/CpG_context_sampling_15563_922_trimmed_bismark_bt2.CpG",5454,3949,1505,5454
"13923","07_report/CpG_context_sampling_15563_923_trimmed_bismark_bt2.CpG",5404,3911,1493,5404
"13924","07_report/CpG_context_sampling_15563_924_trimmed_bismark_bt2.CpG",5341,3783,1558,5341
"13925","07_report/CpG_context_sampling_15563_925_trimmed_bismark_bt2.CpG",5459,3895,1564,5459
"13926","07_report/CpG_context_sampling_15563_926_trimmed_bismark_bt2.CpG",5478,3952,1526,5478
"13927","07_report/CpG_context_sampling_15563_927_trimmed_bismark_bt2.CpG",5429,3853,1576,5429
"13928","07_report/CpG_context_sampling_15563_928_trimmed_bismark_bt2.CpG",5411,3886,1525,5411
"13929","07_report/CpG_context_sampling_15563_929_trimmed_bismark_bt2.CpG",5374,3890,1484,5374
"13930","07_report/CpG_context_sampling_15563_930_trimmed_bismark_bt2.CpG",5428,3914,1514,5428
"13931","07_report/CpG_context_sampling_15563_931_trimmed_bismark_bt2.CpG",5353,3842,1511,5353
"13932","07_report/CpG_context_sampling_15563_932_trimmed_bismark_bt2.CpG",5390,3849,1541,5390
"13933","07_report/CpG_context_sampling_15563_933_trimmed_bismark_bt2.CpG",5340,3823,1517,5340
"13934","07_report/CpG_context_sampling_15563_934_trimmed_bismark_bt2.CpG",5417,3868,1549,5417
"13935","07_report/CpG_context_sampling_15563_935_trimmed_bismark_bt2.CpG",5415,3888,1527,5415
"13936","07_report/CpG_context_sampling_15563_936_trimmed_bismark_bt2.CpG",5326,3813,1513,5326
"13937","07_report/CpG_context_sampling_15563_937_trimmed_bismark_bt2.CpG",5357,3897,1460,5357
"13938","07_report/CpG_context_sampling_15563_938_trimmed_bismark_bt2.CpG",5355,3844,1511,5355
"13939","07_report/CpG_context_sampling_15563_939_trimmed_bismark_bt2.CpG",5327,3806,1521,5327
"13940","07_report/CpG_context_sampling_15563_940_trimmed_bismark_bt2.CpG",5349,3851,1498,5349
"13941","07_report/CpG_context_sampling_15563_941_trimmed_bismark_bt2.CpG",5452,3907,1545,5452
"13942","07_report/CpG_context_sampling_15563_942_trimmed_bismark_bt2.CpG",5514,3956,1558,5514
"13943","07_report/CpG_context_sampling_15563_943_trimmed_bismark_bt2.CpG",5381,3886,1495,5381
"13944","07_report/CpG_context_sampling_15563_944_trimmed_bismark_bt2.CpG",5410,3843,1567,5410
"13945","07_report/CpG_context_sampling_15563_945_trimmed_bismark_bt2.CpG",5420,3904,1516,5420
"13946","07_report/CpG_context_sampling_15563_946_trimmed_bismark_bt2.CpG",5331,3811,1520,5331
"13947","07_report/CpG_context_sampling_15563_947_trimmed_bismark_bt2.CpG",5354,3827,1527,5354
"13948","07_report/CpG_context_sampling_15563_948_trimmed_bismark_bt2.CpG",5486,3895,1591,5486
"13949","07_report/CpG_context_sampling_15563_949_trimmed_bismark_bt2.CpG",5383,3872,1511,5383
"13950","07_report/CpG_context_sampling_15563_950_trimmed_bismark_bt2.CpG",5333,3791,1542,5333
"13951","07_report/CpG_context_sampling_15563_951_trimmed_bismark_bt2.CpG",5354,3848,1506,5354
"13952","07_report/CpG_context_sampling_15563_952_trimmed_bismark_bt2.CpG",5376,3854,1522,5376
"13953","07_report/CpG_context_sampling_15563_953_trimmed_bismark_bt2.CpG",5327,3822,1505,5327
"13954","07_report/CpG_context_sampling_15563_954_trimmed_bismark_bt2.CpG",5392,3873,1519,5392
"13955","07_report/CpG_context_sampling_15563_955_trimmed_bismark_bt2.CpG",5389,3808,1581,5389
"13956","07_report/CpG_context_sampling_15563_956_trimmed_bismark_bt2.CpG",5495,3914,1581,5495
"13957","07_report/CpG_context_sampling_15563_957_trimmed_bismark_bt2.CpG",5412,3906,1506,5412
"13958","07_report/CpG_context_sampling_15563_958_trimmed_bismark_bt2.CpG",5322,3819,1503,5322
"13959","07_report/CpG_context_sampling_15563_959_trimmed_bismark_bt2.CpG",5384,3851,1533,5384
"13960","07_report/CpG_context_sampling_15563_960_trimmed_bismark_bt2.CpG",5451,3952,1499,5451
"13961","07_report/CpG_context_sampling_15563_961_trimmed_bismark_bt2.CpG",5360,3794,1566,5360
"13962","07_report/CpG_context_sampling_15563_962_trimmed_bismark_bt2.CpG",5499,3930,1569,5499
"13963","07_report/CpG_context_sampling_15563_963_trimmed_bismark_bt2.CpG",5328,3796,1532,5328
"13964","07_report/CpG_context_sampling_15563_964_trimmed_bismark_bt2.CpG",5318,3816,1502,5318
"13965","07_report/CpG_context_sampling_15563_965_trimmed_bismark_bt2.CpG",5428,3917,1511,5428
"13966","07_report/CpG_context_sampling_15563_966_trimmed_bismark_bt2.CpG",5376,3876,1500,5376
"13967","07_report/CpG_context_sampling_15563_967_trimmed_bismark_bt2.CpG",5340,3865,1475,5340
"13968","07_report/CpG_context_sampling_15563_968_trimmed_bismark_bt2.CpG",5356,3788,1568,5356
"13969","07_report/CpG_context_sampling_15563_969_trimmed_bismark_bt2.CpG",5438,3900,1538,5438
"13970","07_report/CpG_context_sampling_15563_970_trimmed_bismark_bt2.CpG",5355,3874,1481,5355
"13971","07_report/CpG_context_sampling_15563_971_trimmed_bismark_bt2.CpG",5338,3806,1532,5338
"13972","07_report/CpG_context_sampling_15563_972_trimmed_bismark_bt2.CpG",5388,3851,1537,5388
"13973","07_report/CpG_context_sampling_15563_973_trimmed_bismark_bt2.CpG",5373,3814,1559,5373
"13974","07_report/CpG_context_sampling_15563_974_trimmed_bismark_bt2.CpG",5337,3823,1514,5337
"13975","07_report/CpG_context_sampling_15563_975_trimmed_bismark_bt2.CpG",5479,3991,1488,5479
"13976","07_report/CpG_context_sampling_15563_976_trimmed_bismark_bt2.CpG",5379,3812,1567,5379
"13977","07_report/CpG_context_sampling_15563_977_trimmed_bismark_bt2.CpG",5418,3879,1539,5418
"13978","07_report/CpG_context_sampling_15563_978_trimmed_bismark_bt2.CpG",5410,3846,1564,5410
"13979","07_report/CpG_context_sampling_15563_979_trimmed_bismark_bt2.CpG",5461,3918,1543,5461
"13980","07_report/CpG_context_sampling_15563_980_trimmed_bismark_bt2.CpG",5338,3777,1561,5338
"13981","07_report/CpG_context_sampling_15563_981_trimmed_bismark_bt2.CpG",5292,3748,1544,5292
"13982","07_report/CpG_context_sampling_15563_982_trimmed_bismark_bt2.CpG",5412,3837,1575,5412
"13983","07_report/CpG_context_sampling_15563_983_trimmed_bismark_bt2.CpG",5435,3873,1562,5435
"13984","07_report/CpG_context_sampling_15563_984_trimmed_bismark_bt2.CpG",5515,3939,1576,5515
"13985","07_report/CpG_context_sampling_15563_985_trimmed_bismark_bt2.CpG",5400,3897,1503,5400
"13986","07_report/CpG_context_sampling_15563_986_trimmed_bismark_bt2.CpG",5467,3885,1582,5467
"13987","07_report/CpG_context_sampling_15563_987_trimmed_bismark_bt2.CpG",5437,3851,1586,5437
"13988","07_report/CpG_context_sampling_15563_988_trimmed_bismark_bt2.CpG",5254,3766,1488,5254
"13989","07_report/CpG_context_sampling_15563_989_trimmed_bismark_bt2.CpG",5402,3877,1525,5402
"13990","07_report/CpG_context_sampling_15563_990_trimmed_bismark_bt2.CpG",5337,3806,1531,5337
"13991","07_report/CpG_context_sampling_15563_991_trimmed_bismark_bt2.CpG",5461,3904,1557,5461
"13992","07_report/CpG_context_sampling_15563_992_trimmed_bismark_bt2.CpG",5411,3858,1553,5411
"13993","07_report/CpG_context_sampling_15563_993_trimmed_bismark_bt2.CpG",5505,3958,1547,5505
"13994","07_report/CpG_context_sampling_15563_994_trimmed_bismark_bt2.CpG",5464,3882,1582,5464
"13995","07_report/CpG_context_sampling_15563_995_trimmed_bismark_bt2.CpG",5487,4007,1480,5487
"13996","07_report/CpG_context_sampling_15563_996_trimmed_bismark_bt2.CpG",5424,3893,1531,5424
"13997","07_report/CpG_context_sampling_15563_997_trimmed_bismark_bt2.CpG",5366,3825,1541,5366
"13998","07_report/CpG_context_sampling_15563_998_trimmed_bismark_bt2.CpG",5545,3975,1570,5545
"13999","07_report/CpG_context_sampling_15563_999_trimmed_bismark_bt2.CpG",5376,3864,1512,5376
"14000","07_report/CpG_context_sampling_15563_1000_trimmed_bismark_bt2.CpG",5343,3827,1516,5343
"14001","07_report/CpG_context_sampling_18676_1_trimmed_bismark_bt2.CpG",6378,4592,1786,6378
"14002","07_report/CpG_context_sampling_18676_2_trimmed_bismark_bt2.CpG",6402,4646,1756,6402
"14003","07_report/CpG_context_sampling_18676_3_trimmed_bismark_bt2.CpG",6434,4613,1821,6434
"14004","07_report/CpG_context_sampling_18676_4_trimmed_bismark_bt2.CpG",6433,4637,1796,6433
"14005","07_report/CpG_context_sampling_18676_5_trimmed_bismark_bt2.CpG",6453,4568,1885,6453
"14006","07_report/CpG_context_sampling_18676_6_trimmed_bismark_bt2.CpG",6586,4711,1875,6586
"14007","07_report/CpG_context_sampling_18676_7_trimmed_bismark_bt2.CpG",6529,4597,1932,6529
"14008","07_report/CpG_context_sampling_18676_8_trimmed_bismark_bt2.CpG",6514,4624,1890,6514
"14009","07_report/CpG_context_sampling_18676_9_trimmed_bismark_bt2.CpG",6477,4633,1844,6477
"14010","07_report/CpG_context_sampling_18676_10_trimmed_bismark_bt2.CpG",6507,4616,1891,6507
"14011","07_report/CpG_context_sampling_18676_11_trimmed_bismark_bt2.CpG",6584,4737,1847,6584
"14012","07_report/CpG_context_sampling_18676_12_trimmed_bismark_bt2.CpG",6508,4623,1885,6508
"14013","07_report/CpG_context_sampling_18676_13_trimmed_bismark_bt2.CpG",6439,4660,1779,6439
"14014","07_report/CpG_context_sampling_18676_14_trimmed_bismark_bt2.CpG",6432,4557,1875,6432
"14015","07_report/CpG_context_sampling_18676_15_trimmed_bismark_bt2.CpG",6420,4594,1826,6420
"14016","07_report/CpG_context_sampling_18676_16_trimmed_bismark_bt2.CpG",6520,4628,1892,6520
"14017","07_report/CpG_context_sampling_18676_17_trimmed_bismark_bt2.CpG",6509,4669,1840,6509
"14018","07_report/CpG_context_sampling_18676_18_trimmed_bismark_bt2.CpG",6415,4574,1841,6415
"14019","07_report/CpG_context_sampling_18676_19_trimmed_bismark_bt2.CpG",6418,4608,1810,6418
"14020","07_report/CpG_context_sampling_18676_20_trimmed_bismark_bt2.CpG",6608,4699,1909,6608
"14021","07_report/CpG_context_sampling_18676_21_trimmed_bismark_bt2.CpG",6348,4611,1737,6348
"14022","07_report/CpG_context_sampling_18676_22_trimmed_bismark_bt2.CpG",6463,4613,1850,6463
"14023","07_report/CpG_context_sampling_18676_23_trimmed_bismark_bt2.CpG",6396,4605,1791,6396
"14024","07_report/CpG_context_sampling_18676_24_trimmed_bismark_bt2.CpG",6342,4516,1826,6342
"14025","07_report/CpG_context_sampling_18676_25_trimmed_bismark_bt2.CpG",6562,4718,1844,6562
"14026","07_report/CpG_context_sampling_18676_26_trimmed_bismark_bt2.CpG",6476,4618,1858,6476
"14027","07_report/CpG_context_sampling_18676_27_trimmed_bismark_bt2.CpG",6546,4702,1844,6546
"14028","07_report/CpG_context_sampling_18676_28_trimmed_bismark_bt2.CpG",6526,4683,1843,6526
"14029","07_report/CpG_context_sampling_18676_29_trimmed_bismark_bt2.CpG",6451,4580,1871,6451
"14030","07_report/CpG_context_sampling_18676_30_trimmed_bismark_bt2.CpG",6566,4708,1858,6566
"14031","07_report/CpG_context_sampling_18676_31_trimmed_bismark_bt2.CpG",6520,4696,1824,6520
"14032","07_report/CpG_context_sampling_18676_32_trimmed_bismark_bt2.CpG",6385,4580,1805,6385
"14033","07_report/CpG_context_sampling_18676_33_trimmed_bismark_bt2.CpG",6464,4582,1882,6464
"14034","07_report/CpG_context_sampling_18676_34_trimmed_bismark_bt2.CpG",6486,4633,1853,6486
"14035","07_report/CpG_context_sampling_18676_35_trimmed_bismark_bt2.CpG",6437,4624,1813,6437
"14036","07_report/CpG_context_sampling_18676_36_trimmed_bismark_bt2.CpG",6482,4580,1902,6482
"14037","07_report/CpG_context_sampling_18676_37_trimmed_bismark_bt2.CpG",6392,4534,1858,6392
"14038","07_report/CpG_context_sampling_18676_38_trimmed_bismark_bt2.CpG",6481,4648,1833,6481
"14039","07_report/CpG_context_sampling_18676_39_trimmed_bismark_bt2.CpG",6314,4481,1833,6314
"14040","07_report/CpG_context_sampling_18676_40_trimmed_bismark_bt2.CpG",6355,4494,1861,6355
"14041","07_report/CpG_context_sampling_18676_41_trimmed_bismark_bt2.CpG",6461,4573,1888,6461
"14042","07_report/CpG_context_sampling_18676_42_trimmed_bismark_bt2.CpG",6349,4593,1756,6349
"14043","07_report/CpG_context_sampling_18676_43_trimmed_bismark_bt2.CpG",6522,4657,1865,6522
"14044","07_report/CpG_context_sampling_18676_44_trimmed_bismark_bt2.CpG",6442,4627,1815,6442
"14045","07_report/CpG_context_sampling_18676_45_trimmed_bismark_bt2.CpG",6538,4628,1910,6538
"14046","07_report/CpG_context_sampling_18676_46_trimmed_bismark_bt2.CpG",6527,4648,1879,6527
"14047","07_report/CpG_context_sampling_18676_47_trimmed_bismark_bt2.CpG",6490,4631,1859,6490
"14048","07_report/CpG_context_sampling_18676_48_trimmed_bismark_bt2.CpG",6496,4638,1858,6496
"14049","07_report/CpG_context_sampling_18676_49_trimmed_bismark_bt2.CpG",6348,4517,1831,6348
"14050","07_report/CpG_context_sampling_18676_50_trimmed_bismark_bt2.CpG",6450,4626,1824,6450
"14051","07_report/CpG_context_sampling_18676_51_trimmed_bismark_bt2.CpG",6457,4528,1929,6457
"14052","07_report/CpG_context_sampling_18676_52_trimmed_bismark_bt2.CpG",6482,4657,1825,6482
"14053","07_report/CpG_context_sampling_18676_53_trimmed_bismark_bt2.CpG",6491,4640,1851,6491
"14054","07_report/CpG_context_sampling_18676_54_trimmed_bismark_bt2.CpG",6514,4668,1846,6514
"14055","07_report/CpG_context_sampling_18676_55_trimmed_bismark_bt2.CpG",6504,4659,1845,6504
"14056","07_report/CpG_context_sampling_18676_56_trimmed_bismark_bt2.CpG",6481,4596,1885,6481
"14057","07_report/CpG_context_sampling_18676_57_trimmed_bismark_bt2.CpG",6512,4673,1839,6512
"14058","07_report/CpG_context_sampling_18676_58_trimmed_bismark_bt2.CpG",6485,4588,1897,6485
"14059","07_report/CpG_context_sampling_18676_59_trimmed_bismark_bt2.CpG",6459,4596,1863,6459
"14060","07_report/CpG_context_sampling_18676_60_trimmed_bismark_bt2.CpG",6448,4640,1808,6448
"14061","07_report/CpG_context_sampling_18676_61_trimmed_bismark_bt2.CpG",6564,4660,1904,6564
"14062","07_report/CpG_context_sampling_18676_62_trimmed_bismark_bt2.CpG",6412,4584,1828,6412
"14063","07_report/CpG_context_sampling_18676_63_trimmed_bismark_bt2.CpG",6427,4583,1844,6427
"14064","07_report/CpG_context_sampling_18676_64_trimmed_bismark_bt2.CpG",6443,4614,1829,6443
"14065","07_report/CpG_context_sampling_18676_65_trimmed_bismark_bt2.CpG",6417,4627,1790,6417
"14066","07_report/CpG_context_sampling_18676_66_trimmed_bismark_bt2.CpG",6447,4595,1852,6447
"14067","07_report/CpG_context_sampling_18676_67_trimmed_bismark_bt2.CpG",6442,4629,1813,6442
"14068","07_report/CpG_context_sampling_18676_68_trimmed_bismark_bt2.CpG",6485,4658,1827,6485
"14069","07_report/CpG_context_sampling_18676_69_trimmed_bismark_bt2.CpG",6395,4540,1855,6395
"14070","07_report/CpG_context_sampling_18676_70_trimmed_bismark_bt2.CpG",6411,4562,1849,6411
"14071","07_report/CpG_context_sampling_18676_71_trimmed_bismark_bt2.CpG",6521,4621,1900,6521
"14072","07_report/CpG_context_sampling_18676_72_trimmed_bismark_bt2.CpG",6606,4726,1880,6606
"14073","07_report/CpG_context_sampling_18676_73_trimmed_bismark_bt2.CpG",6512,4637,1875,6512
"14074","07_report/CpG_context_sampling_18676_74_trimmed_bismark_bt2.CpG",6420,4605,1815,6420
"14075","07_report/CpG_context_sampling_18676_75_trimmed_bismark_bt2.CpG",6465,4608,1857,6465
"14076","07_report/CpG_context_sampling_18676_76_trimmed_bismark_bt2.CpG",6378,4515,1863,6378
"14077","07_report/CpG_context_sampling_18676_77_trimmed_bismark_bt2.CpG",6359,4602,1757,6359
"14078","07_report/CpG_context_sampling_18676_78_trimmed_bismark_bt2.CpG",6484,4649,1835,6484
"14079","07_report/CpG_context_sampling_18676_79_trimmed_bismark_bt2.CpG",6539,4673,1866,6539
"14080","07_report/CpG_context_sampling_18676_80_trimmed_bismark_bt2.CpG",6474,4587,1887,6474
"14081","07_report/CpG_context_sampling_18676_81_trimmed_bismark_bt2.CpG",6385,4602,1783,6385
"14082","07_report/CpG_context_sampling_18676_82_trimmed_bismark_bt2.CpG",6454,4627,1827,6454
"14083","07_report/CpG_context_sampling_18676_83_trimmed_bismark_bt2.CpG",6509,4701,1808,6509
"14084","07_report/CpG_context_sampling_18676_84_trimmed_bismark_bt2.CpG",6499,4587,1912,6499
"14085","07_report/CpG_context_sampling_18676_85_trimmed_bismark_bt2.CpG",6547,4660,1887,6547
"14086","07_report/CpG_context_sampling_18676_86_trimmed_bismark_bt2.CpG",6516,4672,1844,6516
"14087","07_report/CpG_context_sampling_18676_87_trimmed_bismark_bt2.CpG",6503,4643,1860,6503
"14088","07_report/CpG_context_sampling_18676_88_trimmed_bismark_bt2.CpG",6529,4637,1892,6529
"14089","07_report/CpG_context_sampling_18676_89_trimmed_bismark_bt2.CpG",6439,4585,1854,6439
"14090","07_report/CpG_context_sampling_18676_90_trimmed_bismark_bt2.CpG",6365,4506,1859,6365
"14091","07_report/CpG_context_sampling_18676_91_trimmed_bismark_bt2.CpG",6477,4693,1784,6477
"14092","07_report/CpG_context_sampling_18676_92_trimmed_bismark_bt2.CpG",6407,4590,1817,6407
"14093","07_report/CpG_context_sampling_18676_93_trimmed_bismark_bt2.CpG",6526,4731,1795,6526
"14094","07_report/CpG_context_sampling_18676_94_trimmed_bismark_bt2.CpG",6380,4506,1874,6380
"14095","07_report/CpG_context_sampling_18676_95_trimmed_bismark_bt2.CpG",6443,4605,1838,6443
"14096","07_report/CpG_context_sampling_18676_96_trimmed_bismark_bt2.CpG",6540,4691,1849,6540
"14097","07_report/CpG_context_sampling_18676_97_trimmed_bismark_bt2.CpG",6351,4567,1784,6351
"14098","07_report/CpG_context_sampling_18676_98_trimmed_bismark_bt2.CpG",6531,4653,1878,6531
"14099","07_report/CpG_context_sampling_18676_99_trimmed_bismark_bt2.CpG",6448,4555,1893,6448
"14100","07_report/CpG_context_sampling_18676_100_trimmed_bismark_bt2.CpG",6451,4667,1784,6451
"14101","07_report/CpG_context_sampling_18676_101_trimmed_bismark_bt2.CpG",6387,4597,1790,6387
"14102","07_report/CpG_context_sampling_18676_102_trimmed_bismark_bt2.CpG",6480,4591,1889,6480
"14103","07_report/CpG_context_sampling_18676_103_trimmed_bismark_bt2.CpG",6510,4655,1855,6510
"14104","07_report/CpG_context_sampling_18676_104_trimmed_bismark_bt2.CpG",6482,4654,1828,6482
"14105","07_report/CpG_context_sampling_18676_105_trimmed_bismark_bt2.CpG",6406,4560,1846,6406
"14106","07_report/CpG_context_sampling_18676_106_trimmed_bismark_bt2.CpG",6352,4564,1788,6352
"14107","07_report/CpG_context_sampling_18676_107_trimmed_bismark_bt2.CpG",6572,4686,1886,6572
"14108","07_report/CpG_context_sampling_18676_108_trimmed_bismark_bt2.CpG",6471,4628,1843,6471
"14109","07_report/CpG_context_sampling_18676_109_trimmed_bismark_bt2.CpG",6417,4579,1838,6417
"14110","07_report/CpG_context_sampling_18676_110_trimmed_bismark_bt2.CpG",6559,4753,1806,6559
"14111","07_report/CpG_context_sampling_18676_111_trimmed_bismark_bt2.CpG",6461,4610,1851,6461
"14112","07_report/CpG_context_sampling_18676_112_trimmed_bismark_bt2.CpG",6350,4506,1844,6350
"14113","07_report/CpG_context_sampling_18676_113_trimmed_bismark_bt2.CpG",6433,4557,1876,6433
"14114","07_report/CpG_context_sampling_18676_114_trimmed_bismark_bt2.CpG",6523,4626,1897,6523
"14115","07_report/CpG_context_sampling_18676_115_trimmed_bismark_bt2.CpG",6567,4705,1862,6567
"14116","07_report/CpG_context_sampling_18676_116_trimmed_bismark_bt2.CpG",6433,4606,1827,6433
"14117","07_report/CpG_context_sampling_18676_117_trimmed_bismark_bt2.CpG",6397,4636,1761,6397
"14118","07_report/CpG_context_sampling_18676_118_trimmed_bismark_bt2.CpG",6479,4698,1781,6479
"14119","07_report/CpG_context_sampling_18676_119_trimmed_bismark_bt2.CpG",6561,4706,1855,6561
"14120","07_report/CpG_context_sampling_18676_120_trimmed_bismark_bt2.CpG",6499,4664,1835,6499
"14121","07_report/CpG_context_sampling_18676_121_trimmed_bismark_bt2.CpG",6537,4692,1845,6537
"14122","07_report/CpG_context_sampling_18676_122_trimmed_bismark_bt2.CpG",6598,4797,1801,6598
"14123","07_report/CpG_context_sampling_18676_123_trimmed_bismark_bt2.CpG",6534,4674,1860,6534
"14124","07_report/CpG_context_sampling_18676_124_trimmed_bismark_bt2.CpG",6486,4652,1834,6486
"14125","07_report/CpG_context_sampling_18676_125_trimmed_bismark_bt2.CpG",6495,4592,1903,6495
"14126","07_report/CpG_context_sampling_18676_126_trimmed_bismark_bt2.CpG",6441,4564,1877,6441
"14127","07_report/CpG_context_sampling_18676_127_trimmed_bismark_bt2.CpG",6445,4643,1802,6445
"14128","07_report/CpG_context_sampling_18676_128_trimmed_bismark_bt2.CpG",6343,4510,1833,6343
"14129","07_report/CpG_context_sampling_18676_129_trimmed_bismark_bt2.CpG",6559,4684,1875,6559
"14130","07_report/CpG_context_sampling_18676_130_trimmed_bismark_bt2.CpG",6461,4646,1815,6461
"14131","07_report/CpG_context_sampling_18676_131_trimmed_bismark_bt2.CpG",6454,4693,1761,6454
"14132","07_report/CpG_context_sampling_18676_132_trimmed_bismark_bt2.CpG",6347,4529,1818,6347
"14133","07_report/CpG_context_sampling_18676_133_trimmed_bismark_bt2.CpG",6521,4587,1934,6521
"14134","07_report/CpG_context_sampling_18676_134_trimmed_bismark_bt2.CpG",6430,4611,1819,6430
"14135","07_report/CpG_context_sampling_18676_135_trimmed_bismark_bt2.CpG",6506,4658,1848,6506
"14136","07_report/CpG_context_sampling_18676_136_trimmed_bismark_bt2.CpG",6377,4623,1754,6377
"14137","07_report/CpG_context_sampling_18676_137_trimmed_bismark_bt2.CpG",6545,4667,1878,6545
"14138","07_report/CpG_context_sampling_18676_138_trimmed_bismark_bt2.CpG",6484,4602,1882,6484
"14139","07_report/CpG_context_sampling_18676_139_trimmed_bismark_bt2.CpG",6553,4738,1815,6553
"14140","07_report/CpG_context_sampling_18676_140_trimmed_bismark_bt2.CpG",6480,4611,1869,6480
"14141","07_report/CpG_context_sampling_18676_141_trimmed_bismark_bt2.CpG",6511,4680,1831,6511
"14142","07_report/CpG_context_sampling_18676_142_trimmed_bismark_bt2.CpG",6499,4660,1839,6499
"14143","07_report/CpG_context_sampling_18676_143_trimmed_bismark_bt2.CpG",6466,4652,1814,6466
"14144","07_report/CpG_context_sampling_18676_144_trimmed_bismark_bt2.CpG",6440,4606,1834,6440
"14145","07_report/CpG_context_sampling_18676_145_trimmed_bismark_bt2.CpG",6528,4719,1809,6528
"14146","07_report/CpG_context_sampling_18676_146_trimmed_bismark_bt2.CpG",6505,4611,1894,6505
"14147","07_report/CpG_context_sampling_18676_147_trimmed_bismark_bt2.CpG",6432,4584,1848,6432
"14148","07_report/CpG_context_sampling_18676_148_trimmed_bismark_bt2.CpG",6473,4670,1803,6473
"14149","07_report/CpG_context_sampling_18676_149_trimmed_bismark_bt2.CpG",6592,4714,1878,6592
"14150","07_report/CpG_context_sampling_18676_150_trimmed_bismark_bt2.CpG",6456,4654,1802,6456
"14151","07_report/CpG_context_sampling_18676_151_trimmed_bismark_bt2.CpG",6433,4595,1838,6433
"14152","07_report/CpG_context_sampling_18676_152_trimmed_bismark_bt2.CpG",6466,4573,1893,6466
"14153","07_report/CpG_context_sampling_18676_153_trimmed_bismark_bt2.CpG",6632,4771,1861,6632
"14154","07_report/CpG_context_sampling_18676_154_trimmed_bismark_bt2.CpG",6527,4653,1874,6527
"14155","07_report/CpG_context_sampling_18676_155_trimmed_bismark_bt2.CpG",6469,4600,1869,6469
"14156","07_report/CpG_context_sampling_18676_156_trimmed_bismark_bt2.CpG",6458,4628,1830,6458
"14157","07_report/CpG_context_sampling_18676_157_trimmed_bismark_bt2.CpG",6476,4663,1813,6476
"14158","07_report/CpG_context_sampling_18676_158_trimmed_bismark_bt2.CpG",6515,4677,1838,6515
"14159","07_report/CpG_context_sampling_18676_159_trimmed_bismark_bt2.CpG",6581,4699,1882,6581
"14160","07_report/CpG_context_sampling_18676_160_trimmed_bismark_bt2.CpG",6412,4621,1791,6412
"14161","07_report/CpG_context_sampling_18676_161_trimmed_bismark_bt2.CpG",6436,4617,1819,6436
"14162","07_report/CpG_context_sampling_18676_162_trimmed_bismark_bt2.CpG",6506,4668,1838,6506
"14163","07_report/CpG_context_sampling_18676_163_trimmed_bismark_bt2.CpG",6432,4550,1882,6432
"14164","07_report/CpG_context_sampling_18676_164_trimmed_bismark_bt2.CpG",6532,4622,1910,6532
"14165","07_report/CpG_context_sampling_18676_165_trimmed_bismark_bt2.CpG",6350,4512,1838,6350
"14166","07_report/CpG_context_sampling_18676_166_trimmed_bismark_bt2.CpG",6414,4575,1839,6414
"14167","07_report/CpG_context_sampling_18676_167_trimmed_bismark_bt2.CpG",6528,4657,1871,6528
"14168","07_report/CpG_context_sampling_18676_168_trimmed_bismark_bt2.CpG",6537,4732,1805,6537
"14169","07_report/CpG_context_sampling_18676_169_trimmed_bismark_bt2.CpG",6509,4631,1878,6509
"14170","07_report/CpG_context_sampling_18676_170_trimmed_bismark_bt2.CpG",6499,4601,1898,6499
"14171","07_report/CpG_context_sampling_18676_171_trimmed_bismark_bt2.CpG",6446,4595,1851,6446
"14172","07_report/CpG_context_sampling_18676_172_trimmed_bismark_bt2.CpG",6331,4520,1811,6331
"14173","07_report/CpG_context_sampling_18676_173_trimmed_bismark_bt2.CpG",6520,4721,1799,6520
"14174","07_report/CpG_context_sampling_18676_174_trimmed_bismark_bt2.CpG",6402,4550,1852,6402
"14175","07_report/CpG_context_sampling_18676_175_trimmed_bismark_bt2.CpG",6451,4530,1921,6451
"14176","07_report/CpG_context_sampling_18676_176_trimmed_bismark_bt2.CpG",6476,4666,1810,6476
"14177","07_report/CpG_context_sampling_18676_177_trimmed_bismark_bt2.CpG",6648,4692,1956,6648
"14178","07_report/CpG_context_sampling_18676_178_trimmed_bismark_bt2.CpG",6495,4670,1825,6495
"14179","07_report/CpG_context_sampling_18676_179_trimmed_bismark_bt2.CpG",6518,4697,1821,6518
"14180","07_report/CpG_context_sampling_18676_180_trimmed_bismark_bt2.CpG",6589,4733,1856,6589
"14181","07_report/CpG_context_sampling_18676_181_trimmed_bismark_bt2.CpG",6568,4661,1907,6568
"14182","07_report/CpG_context_sampling_18676_182_trimmed_bismark_bt2.CpG",6622,4695,1927,6622
"14183","07_report/CpG_context_sampling_18676_183_trimmed_bismark_bt2.CpG",6531,4682,1849,6531
"14184","07_report/CpG_context_sampling_18676_184_trimmed_bismark_bt2.CpG",6406,4641,1765,6406
"14185","07_report/CpG_context_sampling_18676_185_trimmed_bismark_bt2.CpG",6471,4613,1858,6471
"14186","07_report/CpG_context_sampling_18676_186_trimmed_bismark_bt2.CpG",6407,4575,1832,6407
"14187","07_report/CpG_context_sampling_18676_187_trimmed_bismark_bt2.CpG",6516,4690,1826,6516
"14188","07_report/CpG_context_sampling_18676_188_trimmed_bismark_bt2.CpG",6427,4631,1796,6427
"14189","07_report/CpG_context_sampling_18676_189_trimmed_bismark_bt2.CpG",6519,4665,1854,6519
"14190","07_report/CpG_context_sampling_18676_190_trimmed_bismark_bt2.CpG",6483,4616,1867,6483
"14191","07_report/CpG_context_sampling_18676_191_trimmed_bismark_bt2.CpG",6461,4646,1815,6461
"14192","07_report/CpG_context_sampling_18676_192_trimmed_bismark_bt2.CpG",6474,4588,1886,6474
"14193","07_report/CpG_context_sampling_18676_193_trimmed_bismark_bt2.CpG",6550,4678,1872,6550
"14194","07_report/CpG_context_sampling_18676_194_trimmed_bismark_bt2.CpG",6450,4625,1825,6450
"14195","07_report/CpG_context_sampling_18676_195_trimmed_bismark_bt2.CpG",6434,4645,1789,6434
"14196","07_report/CpG_context_sampling_18676_196_trimmed_bismark_bt2.CpG",6544,4692,1852,6544
"14197","07_report/CpG_context_sampling_18676_197_trimmed_bismark_bt2.CpG",6378,4552,1826,6378
"14198","07_report/CpG_context_sampling_18676_198_trimmed_bismark_bt2.CpG",6512,4647,1865,6512
"14199","07_report/CpG_context_sampling_18676_199_trimmed_bismark_bt2.CpG",6524,4657,1867,6524
"14200","07_report/CpG_context_sampling_18676_200_trimmed_bismark_bt2.CpG",6493,4673,1820,6493
"14201","07_report/CpG_context_sampling_18676_201_trimmed_bismark_bt2.CpG",6433,4582,1851,6433
"14202","07_report/CpG_context_sampling_18676_202_trimmed_bismark_bt2.CpG",6452,4659,1793,6452
"14203","07_report/CpG_context_sampling_18676_203_trimmed_bismark_bt2.CpG",6541,4739,1802,6541
"14204","07_report/CpG_context_sampling_18676_204_trimmed_bismark_bt2.CpG",6548,4659,1889,6548
"14205","07_report/CpG_context_sampling_18676_205_trimmed_bismark_bt2.CpG",6465,4596,1869,6465
"14206","07_report/CpG_context_sampling_18676_206_trimmed_bismark_bt2.CpG",6437,4600,1837,6437
"14207","07_report/CpG_context_sampling_18676_207_trimmed_bismark_bt2.CpG",6494,4597,1897,6494
"14208","07_report/CpG_context_sampling_18676_208_trimmed_bismark_bt2.CpG",6473,4684,1789,6473
"14209","07_report/CpG_context_sampling_18676_209_trimmed_bismark_bt2.CpG",6472,4612,1860,6472
"14210","07_report/CpG_context_sampling_18676_210_trimmed_bismark_bt2.CpG",6494,4652,1842,6494
"14211","07_report/CpG_context_sampling_18676_211_trimmed_bismark_bt2.CpG",6565,4640,1925,6565
"14212","07_report/CpG_context_sampling_18676_212_trimmed_bismark_bt2.CpG",6462,4578,1884,6462
"14213","07_report/CpG_context_sampling_18676_213_trimmed_bismark_bt2.CpG",6363,4505,1858,6363
"14214","07_report/CpG_context_sampling_18676_214_trimmed_bismark_bt2.CpG",6457,4632,1825,6457
"14215","07_report/CpG_context_sampling_18676_215_trimmed_bismark_bt2.CpG",6457,4585,1872,6457
"14216","07_report/CpG_context_sampling_18676_216_trimmed_bismark_bt2.CpG",6569,4712,1857,6569
"14217","07_report/CpG_context_sampling_18676_217_trimmed_bismark_bt2.CpG",6430,4629,1801,6430
"14218","07_report/CpG_context_sampling_18676_218_trimmed_bismark_bt2.CpG",6434,4487,1947,6434
"14219","07_report/CpG_context_sampling_18676_219_trimmed_bismark_bt2.CpG",6478,4545,1933,6478
"14220","07_report/CpG_context_sampling_18676_220_trimmed_bismark_bt2.CpG",6556,4733,1823,6556
"14221","07_report/CpG_context_sampling_18676_221_trimmed_bismark_bt2.CpG",6617,4780,1837,6617
"14222","07_report/CpG_context_sampling_18676_222_trimmed_bismark_bt2.CpG",6598,4720,1878,6598
"14223","07_report/CpG_context_sampling_18676_223_trimmed_bismark_bt2.CpG",6482,4634,1848,6482
"14224","07_report/CpG_context_sampling_18676_224_trimmed_bismark_bt2.CpG",6469,4605,1864,6469
"14225","07_report/CpG_context_sampling_18676_225_trimmed_bismark_bt2.CpG",6426,4525,1901,6426
"14226","07_report/CpG_context_sampling_18676_226_trimmed_bismark_bt2.CpG",6438,4599,1839,6438
"14227","07_report/CpG_context_sampling_18676_227_trimmed_bismark_bt2.CpG",6439,4593,1846,6439
"14228","07_report/CpG_context_sampling_18676_228_trimmed_bismark_bt2.CpG",6428,4671,1757,6428
"14229","07_report/CpG_context_sampling_18676_229_trimmed_bismark_bt2.CpG",6639,4725,1914,6639
"14230","07_report/CpG_context_sampling_18676_230_trimmed_bismark_bt2.CpG",6398,4537,1861,6398
"14231","07_report/CpG_context_sampling_18676_231_trimmed_bismark_bt2.CpG",6436,4542,1894,6436
"14232","07_report/CpG_context_sampling_18676_232_trimmed_bismark_bt2.CpG",6551,4654,1897,6551
"14233","07_report/CpG_context_sampling_18676_233_trimmed_bismark_bt2.CpG",6509,4680,1829,6509
"14234","07_report/CpG_context_sampling_18676_234_trimmed_bismark_bt2.CpG",6444,4643,1801,6444
"14235","07_report/CpG_context_sampling_18676_235_trimmed_bismark_bt2.CpG",6520,4635,1885,6520
"14236","07_report/CpG_context_sampling_18676_236_trimmed_bismark_bt2.CpG",6533,4658,1875,6533
"14237","07_report/CpG_context_sampling_18676_237_trimmed_bismark_bt2.CpG",6489,4680,1809,6489
"14238","07_report/CpG_context_sampling_18676_238_trimmed_bismark_bt2.CpG",6465,4626,1839,6465
"14239","07_report/CpG_context_sampling_18676_239_trimmed_bismark_bt2.CpG",6519,4695,1824,6519
"14240","07_report/CpG_context_sampling_18676_240_trimmed_bismark_bt2.CpG",6478,4664,1814,6478
"14241","07_report/CpG_context_sampling_18676_241_trimmed_bismark_bt2.CpG",6471,4671,1800,6471
"14242","07_report/CpG_context_sampling_18676_242_trimmed_bismark_bt2.CpG",6499,4619,1880,6499
"14243","07_report/CpG_context_sampling_18676_243_trimmed_bismark_bt2.CpG",6398,4582,1816,6398
"14244","07_report/CpG_context_sampling_18676_244_trimmed_bismark_bt2.CpG",6478,4582,1896,6478
"14245","07_report/CpG_context_sampling_18676_245_trimmed_bismark_bt2.CpG",6444,4560,1884,6444
"14246","07_report/CpG_context_sampling_18676_246_trimmed_bismark_bt2.CpG",6465,4647,1818,6465
"14247","07_report/CpG_context_sampling_18676_247_trimmed_bismark_bt2.CpG",6435,4605,1830,6435
"14248","07_report/CpG_context_sampling_18676_248_trimmed_bismark_bt2.CpG",6464,4553,1911,6464
"14249","07_report/CpG_context_sampling_18676_249_trimmed_bismark_bt2.CpG",6449,4668,1781,6449
"14250","07_report/CpG_context_sampling_18676_250_trimmed_bismark_bt2.CpG",6463,4654,1809,6463
"14251","07_report/CpG_context_sampling_18676_251_trimmed_bismark_bt2.CpG",6452,4602,1850,6452
"14252","07_report/CpG_context_sampling_18676_252_trimmed_bismark_bt2.CpG",6573,4703,1870,6573
"14253","07_report/CpG_context_sampling_18676_253_trimmed_bismark_bt2.CpG",6496,4564,1932,6496
"14254","07_report/CpG_context_sampling_18676_254_trimmed_bismark_bt2.CpG",6477,4622,1855,6477
"14255","07_report/CpG_context_sampling_18676_255_trimmed_bismark_bt2.CpG",6327,4529,1798,6327
"14256","07_report/CpG_context_sampling_18676_256_trimmed_bismark_bt2.CpG",6580,4684,1896,6580
"14257","07_report/CpG_context_sampling_18676_257_trimmed_bismark_bt2.CpG",6483,4587,1896,6483
"14258","07_report/CpG_context_sampling_18676_258_trimmed_bismark_bt2.CpG",6556,4672,1884,6556
"14259","07_report/CpG_context_sampling_18676_259_trimmed_bismark_bt2.CpG",6438,4647,1791,6438
"14260","07_report/CpG_context_sampling_18676_260_trimmed_bismark_bt2.CpG",6395,4570,1825,6395
"14261","07_report/CpG_context_sampling_18676_261_trimmed_bismark_bt2.CpG",6409,4614,1795,6409
"14262","07_report/CpG_context_sampling_18676_262_trimmed_bismark_bt2.CpG",6472,4638,1834,6472
"14263","07_report/CpG_context_sampling_18676_263_trimmed_bismark_bt2.CpG",6409,4584,1825,6409
"14264","07_report/CpG_context_sampling_18676_264_trimmed_bismark_bt2.CpG",6467,4580,1887,6467
"14265","07_report/CpG_context_sampling_18676_265_trimmed_bismark_bt2.CpG",6342,4541,1801,6342
"14266","07_report/CpG_context_sampling_18676_266_trimmed_bismark_bt2.CpG",6633,4766,1867,6633
"14267","07_report/CpG_context_sampling_18676_267_trimmed_bismark_bt2.CpG",6515,4637,1878,6515
"14268","07_report/CpG_context_sampling_18676_268_trimmed_bismark_bt2.CpG",6529,4683,1846,6529
"14269","07_report/CpG_context_sampling_18676_269_trimmed_bismark_bt2.CpG",6484,4673,1811,6484
"14270","07_report/CpG_context_sampling_18676_270_trimmed_bismark_bt2.CpG",6499,4615,1884,6499
"14271","07_report/CpG_context_sampling_18676_271_trimmed_bismark_bt2.CpG",6576,4690,1886,6576
"14272","07_report/CpG_context_sampling_18676_272_trimmed_bismark_bt2.CpG",6556,4678,1878,6556
"14273","07_report/CpG_context_sampling_18676_273_trimmed_bismark_bt2.CpG",6412,4577,1835,6412
"14274","07_report/CpG_context_sampling_18676_274_trimmed_bismark_bt2.CpG",6441,4568,1873,6441
"14275","07_report/CpG_context_sampling_18676_275_trimmed_bismark_bt2.CpG",6500,4598,1902,6500
"14276","07_report/CpG_context_sampling_18676_276_trimmed_bismark_bt2.CpG",6470,4601,1869,6470
"14277","07_report/CpG_context_sampling_18676_277_trimmed_bismark_bt2.CpG",6443,4603,1840,6443
"14278","07_report/CpG_context_sampling_18676_278_trimmed_bismark_bt2.CpG",6407,4570,1837,6407
"14279","07_report/CpG_context_sampling_18676_279_trimmed_bismark_bt2.CpG",6432,4618,1814,6432
"14280","07_report/CpG_context_sampling_18676_280_trimmed_bismark_bt2.CpG",6408,4576,1832,6408
"14281","07_report/CpG_context_sampling_18676_281_trimmed_bismark_bt2.CpG",6519,4609,1910,6519
"14282","07_report/CpG_context_sampling_18676_282_trimmed_bismark_bt2.CpG",6393,4611,1782,6393
"14283","07_report/CpG_context_sampling_18676_283_trimmed_bismark_bt2.CpG",6400,4622,1778,6400
"14284","07_report/CpG_context_sampling_18676_284_trimmed_bismark_bt2.CpG",6541,4709,1832,6541
"14285","07_report/CpG_context_sampling_18676_285_trimmed_bismark_bt2.CpG",6417,4658,1759,6417
"14286","07_report/CpG_context_sampling_18676_286_trimmed_bismark_bt2.CpG",6449,4629,1820,6449
"14287","07_report/CpG_context_sampling_18676_287_trimmed_bismark_bt2.CpG",6450,4598,1852,6450
"14288","07_report/CpG_context_sampling_18676_288_trimmed_bismark_bt2.CpG",6496,4645,1851,6496
"14289","07_report/CpG_context_sampling_18676_289_trimmed_bismark_bt2.CpG",6455,4624,1831,6455
"14290","07_report/CpG_context_sampling_18676_290_trimmed_bismark_bt2.CpG",6529,4616,1913,6529
"14291","07_report/CpG_context_sampling_18676_291_trimmed_bismark_bt2.CpG",6503,4618,1885,6503
"14292","07_report/CpG_context_sampling_18676_292_trimmed_bismark_bt2.CpG",6418,4577,1841,6418
"14293","07_report/CpG_context_sampling_18676_293_trimmed_bismark_bt2.CpG",6464,4612,1852,6464
"14294","07_report/CpG_context_sampling_18676_294_trimmed_bismark_bt2.CpG",6551,4651,1900,6551
"14295","07_report/CpG_context_sampling_18676_295_trimmed_bismark_bt2.CpG",6503,4682,1821,6503
"14296","07_report/CpG_context_sampling_18676_296_trimmed_bismark_bt2.CpG",6385,4564,1821,6385
"14297","07_report/CpG_context_sampling_18676_297_trimmed_bismark_bt2.CpG",6527,4699,1828,6527
"14298","07_report/CpG_context_sampling_18676_298_trimmed_bismark_bt2.CpG",6519,4722,1797,6519
"14299","07_report/CpG_context_sampling_18676_299_trimmed_bismark_bt2.CpG",6434,4509,1925,6434
"14300","07_report/CpG_context_sampling_18676_300_trimmed_bismark_bt2.CpG",6418,4611,1807,6418
"14301","07_report/CpG_context_sampling_18676_301_trimmed_bismark_bt2.CpG",6512,4739,1773,6512
"14302","07_report/CpG_context_sampling_18676_302_trimmed_bismark_bt2.CpG",6487,4661,1826,6487
"14303","07_report/CpG_context_sampling_18676_303_trimmed_bismark_bt2.CpG",6540,4682,1858,6540
"14304","07_report/CpG_context_sampling_18676_304_trimmed_bismark_bt2.CpG",6367,4564,1803,6367
"14305","07_report/CpG_context_sampling_18676_305_trimmed_bismark_bt2.CpG",6388,4590,1798,6388
"14306","07_report/CpG_context_sampling_18676_306_trimmed_bismark_bt2.CpG",6463,4621,1842,6463
"14307","07_report/CpG_context_sampling_18676_307_trimmed_bismark_bt2.CpG",6516,4670,1846,6516
"14308","07_report/CpG_context_sampling_18676_308_trimmed_bismark_bt2.CpG",6399,4557,1842,6399
"14309","07_report/CpG_context_sampling_18676_309_trimmed_bismark_bt2.CpG",6426,4615,1811,6426
"14310","07_report/CpG_context_sampling_18676_310_trimmed_bismark_bt2.CpG",6434,4627,1807,6434
"14311","07_report/CpG_context_sampling_18676_311_trimmed_bismark_bt2.CpG",6416,4601,1815,6416
"14312","07_report/CpG_context_sampling_18676_312_trimmed_bismark_bt2.CpG",6530,4749,1781,6530
"14313","07_report/CpG_context_sampling_18676_313_trimmed_bismark_bt2.CpG",6538,4713,1825,6538
"14314","07_report/CpG_context_sampling_18676_314_trimmed_bismark_bt2.CpG",6357,4501,1856,6357
"14315","07_report/CpG_context_sampling_18676_315_trimmed_bismark_bt2.CpG",6545,4648,1897,6545
"14316","07_report/CpG_context_sampling_18676_316_trimmed_bismark_bt2.CpG",6430,4509,1921,6430
"14317","07_report/CpG_context_sampling_18676_317_trimmed_bismark_bt2.CpG",6509,4657,1852,6509
"14318","07_report/CpG_context_sampling_18676_318_trimmed_bismark_bt2.CpG",6451,4571,1880,6451
"14319","07_report/CpG_context_sampling_18676_319_trimmed_bismark_bt2.CpG",6417,4578,1839,6417
"14320","07_report/CpG_context_sampling_18676_320_trimmed_bismark_bt2.CpG",6414,4564,1850,6414
"14321","07_report/CpG_context_sampling_18676_321_trimmed_bismark_bt2.CpG",6543,4682,1861,6543
"14322","07_report/CpG_context_sampling_18676_322_trimmed_bismark_bt2.CpG",6455,4623,1832,6455
"14323","07_report/CpG_context_sampling_18676_323_trimmed_bismark_bt2.CpG",6454,4564,1890,6454
"14324","07_report/CpG_context_sampling_18676_324_trimmed_bismark_bt2.CpG",6390,4541,1849,6390
"14325","07_report/CpG_context_sampling_18676_325_trimmed_bismark_bt2.CpG",6488,4575,1913,6488
"14326","07_report/CpG_context_sampling_18676_326_trimmed_bismark_bt2.CpG",6597,4733,1864,6597
"14327","07_report/CpG_context_sampling_18676_327_trimmed_bismark_bt2.CpG",6396,4590,1806,6396
"14328","07_report/CpG_context_sampling_18676_328_trimmed_bismark_bt2.CpG",6453,4606,1847,6453
"14329","07_report/CpG_context_sampling_18676_329_trimmed_bismark_bt2.CpG",6497,4585,1912,6497
"14330","07_report/CpG_context_sampling_18676_330_trimmed_bismark_bt2.CpG",6467,4636,1831,6467
"14331","07_report/CpG_context_sampling_18676_331_trimmed_bismark_bt2.CpG",6514,4647,1867,6514
"14332","07_report/CpG_context_sampling_18676_332_trimmed_bismark_bt2.CpG",6453,4592,1861,6453
"14333","07_report/CpG_context_sampling_18676_333_trimmed_bismark_bt2.CpG",6560,4631,1929,6560
"14334","07_report/CpG_context_sampling_18676_334_trimmed_bismark_bt2.CpG",6466,4654,1812,6466
"14335","07_report/CpG_context_sampling_18676_335_trimmed_bismark_bt2.CpG",6526,4637,1889,6526
"14336","07_report/CpG_context_sampling_18676_336_trimmed_bismark_bt2.CpG",6499,4677,1822,6499
"14337","07_report/CpG_context_sampling_18676_337_trimmed_bismark_bt2.CpG",6427,4626,1801,6427
"14338","07_report/CpG_context_sampling_18676_338_trimmed_bismark_bt2.CpG",6474,4643,1831,6474
"14339","07_report/CpG_context_sampling_18676_339_trimmed_bismark_bt2.CpG",6546,4664,1882,6546
"14340","07_report/CpG_context_sampling_18676_340_trimmed_bismark_bt2.CpG",6512,4628,1884,6512
"14341","07_report/CpG_context_sampling_18676_341_trimmed_bismark_bt2.CpG",6481,4631,1850,6481
"14342","07_report/CpG_context_sampling_18676_342_trimmed_bismark_bt2.CpG",6451,4616,1835,6451
"14343","07_report/CpG_context_sampling_18676_343_trimmed_bismark_bt2.CpG",6528,4676,1852,6528
"14344","07_report/CpG_context_sampling_18676_344_trimmed_bismark_bt2.CpG",6398,4569,1829,6398
"14345","07_report/CpG_context_sampling_18676_345_trimmed_bismark_bt2.CpG",6476,4656,1820,6476
"14346","07_report/CpG_context_sampling_18676_346_trimmed_bismark_bt2.CpG",6416,4586,1830,6416
"14347","07_report/CpG_context_sampling_18676_347_trimmed_bismark_bt2.CpG",6457,4624,1833,6457
"14348","07_report/CpG_context_sampling_18676_348_trimmed_bismark_bt2.CpG",6487,4624,1863,6487
"14349","07_report/CpG_context_sampling_18676_349_trimmed_bismark_bt2.CpG",6515,4637,1878,6515
"14350","07_report/CpG_context_sampling_18676_350_trimmed_bismark_bt2.CpG",6468,4648,1820,6468
"14351","07_report/CpG_context_sampling_18676_351_trimmed_bismark_bt2.CpG",6516,4645,1871,6516
"14352","07_report/CpG_context_sampling_18676_352_trimmed_bismark_bt2.CpG",6413,4595,1818,6413
"14353","07_report/CpG_context_sampling_18676_353_trimmed_bismark_bt2.CpG",6582,4674,1908,6582
"14354","07_report/CpG_context_sampling_18676_354_trimmed_bismark_bt2.CpG",6490,4697,1793,6490
"14355","07_report/CpG_context_sampling_18676_355_trimmed_bismark_bt2.CpG",6473,4696,1777,6473
"14356","07_report/CpG_context_sampling_18676_356_trimmed_bismark_bt2.CpG",6395,4542,1853,6395
"14357","07_report/CpG_context_sampling_18676_357_trimmed_bismark_bt2.CpG",6534,4659,1875,6534
"14358","07_report/CpG_context_sampling_18676_358_trimmed_bismark_bt2.CpG",6566,4593,1973,6566
"14359","07_report/CpG_context_sampling_18676_359_trimmed_bismark_bt2.CpG",6436,4579,1857,6436
"14360","07_report/CpG_context_sampling_18676_360_trimmed_bismark_bt2.CpG",6535,4643,1892,6535
"14361","07_report/CpG_context_sampling_18676_361_trimmed_bismark_bt2.CpG",6484,4629,1855,6484
"14362","07_report/CpG_context_sampling_18676_362_trimmed_bismark_bt2.CpG",6449,4588,1861,6449
"14363","07_report/CpG_context_sampling_18676_363_trimmed_bismark_bt2.CpG",6549,4729,1820,6549
"14364","07_report/CpG_context_sampling_18676_364_trimmed_bismark_bt2.CpG",6411,4624,1787,6411
"14365","07_report/CpG_context_sampling_18676_365_trimmed_bismark_bt2.CpG",6480,4693,1787,6480
"14366","07_report/CpG_context_sampling_18676_366_trimmed_bismark_bt2.CpG",6401,4610,1791,6401
"14367","07_report/CpG_context_sampling_18676_367_trimmed_bismark_bt2.CpG",6403,4567,1836,6403
"14368","07_report/CpG_context_sampling_18676_368_trimmed_bismark_bt2.CpG",6472,4636,1836,6472
"14369","07_report/CpG_context_sampling_18676_369_trimmed_bismark_bt2.CpG",6480,4654,1826,6480
"14370","07_report/CpG_context_sampling_18676_370_trimmed_bismark_bt2.CpG",6525,4693,1832,6525
"14371","07_report/CpG_context_sampling_18676_371_trimmed_bismark_bt2.CpG",6377,4592,1785,6377
"14372","07_report/CpG_context_sampling_18676_372_trimmed_bismark_bt2.CpG",6469,4595,1874,6469
"14373","07_report/CpG_context_sampling_18676_373_trimmed_bismark_bt2.CpG",6485,4633,1852,6485
"14374","07_report/CpG_context_sampling_18676_374_trimmed_bismark_bt2.CpG",6360,4521,1839,6360
"14375","07_report/CpG_context_sampling_18676_375_trimmed_bismark_bt2.CpG",6476,4700,1776,6476
"14376","07_report/CpG_context_sampling_18676_376_trimmed_bismark_bt2.CpG",6555,4691,1864,6555
"14377","07_report/CpG_context_sampling_18676_377_trimmed_bismark_bt2.CpG",6480,4606,1874,6480
"14378","07_report/CpG_context_sampling_18676_378_trimmed_bismark_bt2.CpG",6522,4702,1820,6522
"14379","07_report/CpG_context_sampling_18676_379_trimmed_bismark_bt2.CpG",6513,4644,1869,6513
"14380","07_report/CpG_context_sampling_18676_380_trimmed_bismark_bt2.CpG",6513,4651,1862,6513
"14381","07_report/CpG_context_sampling_18676_381_trimmed_bismark_bt2.CpG",6317,4530,1787,6317
"14382","07_report/CpG_context_sampling_18676_382_trimmed_bismark_bt2.CpG",6437,4637,1800,6437
"14383","07_report/CpG_context_sampling_18676_383_trimmed_bismark_bt2.CpG",6402,4588,1814,6402
"14384","07_report/CpG_context_sampling_18676_384_trimmed_bismark_bt2.CpG",6560,4703,1857,6560
"14385","07_report/CpG_context_sampling_18676_385_trimmed_bismark_bt2.CpG",6614,4723,1891,6614
"14386","07_report/CpG_context_sampling_18676_386_trimmed_bismark_bt2.CpG",6514,4672,1842,6514
"14387","07_report/CpG_context_sampling_18676_387_trimmed_bismark_bt2.CpG",6474,4618,1856,6474
"14388","07_report/CpG_context_sampling_18676_388_trimmed_bismark_bt2.CpG",6402,4514,1888,6402
"14389","07_report/CpG_context_sampling_18676_389_trimmed_bismark_bt2.CpG",6550,4644,1906,6550
"14390","07_report/CpG_context_sampling_18676_390_trimmed_bismark_bt2.CpG",6524,4683,1841,6524
"14391","07_report/CpG_context_sampling_18676_391_trimmed_bismark_bt2.CpG",6485,4658,1827,6485
"14392","07_report/CpG_context_sampling_18676_392_trimmed_bismark_bt2.CpG",6521,4638,1883,6521
"14393","07_report/CpG_context_sampling_18676_393_trimmed_bismark_bt2.CpG",6479,4626,1853,6479
"14394","07_report/CpG_context_sampling_18676_394_trimmed_bismark_bt2.CpG",6270,4482,1788,6270
"14395","07_report/CpG_context_sampling_18676_395_trimmed_bismark_bt2.CpG",6529,4712,1817,6529
"14396","07_report/CpG_context_sampling_18676_396_trimmed_bismark_bt2.CpG",6580,4701,1879,6580
"14397","07_report/CpG_context_sampling_18676_397_trimmed_bismark_bt2.CpG",6569,4733,1836,6569
"14398","07_report/CpG_context_sampling_18676_398_trimmed_bismark_bt2.CpG",6440,4618,1822,6440
"14399","07_report/CpG_context_sampling_18676_399_trimmed_bismark_bt2.CpG",6411,4571,1840,6411
"14400","07_report/CpG_context_sampling_18676_400_trimmed_bismark_bt2.CpG",6561,4702,1859,6561
"14401","07_report/CpG_context_sampling_18676_401_trimmed_bismark_bt2.CpG",6417,4627,1790,6417
"14402","07_report/CpG_context_sampling_18676_402_trimmed_bismark_bt2.CpG",6489,4604,1885,6489
"14403","07_report/CpG_context_sampling_18676_403_trimmed_bismark_bt2.CpG",6504,4604,1900,6504
"14404","07_report/CpG_context_sampling_18676_404_trimmed_bismark_bt2.CpG",6440,4591,1849,6440
"14405","07_report/CpG_context_sampling_18676_405_trimmed_bismark_bt2.CpG",6554,4653,1901,6554
"14406","07_report/CpG_context_sampling_18676_406_trimmed_bismark_bt2.CpG",6466,4624,1842,6466
"14407","07_report/CpG_context_sampling_18676_407_trimmed_bismark_bt2.CpG",6275,4488,1787,6275
"14408","07_report/CpG_context_sampling_18676_408_trimmed_bismark_bt2.CpG",6436,4547,1889,6436
"14409","07_report/CpG_context_sampling_18676_409_trimmed_bismark_bt2.CpG",6518,4647,1871,6518
"14410","07_report/CpG_context_sampling_18676_410_trimmed_bismark_bt2.CpG",6479,4636,1843,6479
"14411","07_report/CpG_context_sampling_18676_411_trimmed_bismark_bt2.CpG",6512,4619,1893,6512
"14412","07_report/CpG_context_sampling_18676_412_trimmed_bismark_bt2.CpG",6360,4572,1788,6360
"14413","07_report/CpG_context_sampling_18676_413_trimmed_bismark_bt2.CpG",6523,4679,1844,6523
"14414","07_report/CpG_context_sampling_18676_414_trimmed_bismark_bt2.CpG",6347,4529,1818,6347
"14415","07_report/CpG_context_sampling_18676_415_trimmed_bismark_bt2.CpG",6505,4718,1787,6505
"14416","07_report/CpG_context_sampling_18676_416_trimmed_bismark_bt2.CpG",6507,4668,1839,6507
"14417","07_report/CpG_context_sampling_18676_417_trimmed_bismark_bt2.CpG",6434,4648,1786,6434
"14418","07_report/CpG_context_sampling_18676_418_trimmed_bismark_bt2.CpG",6527,4685,1842,6527
"14419","07_report/CpG_context_sampling_18676_419_trimmed_bismark_bt2.CpG",6466,4613,1853,6466
"14420","07_report/CpG_context_sampling_18676_420_trimmed_bismark_bt2.CpG",6439,4574,1865,6439
"14421","07_report/CpG_context_sampling_18676_421_trimmed_bismark_bt2.CpG",6447,4618,1829,6447
"14422","07_report/CpG_context_sampling_18676_422_trimmed_bismark_bt2.CpG",6545,4660,1885,6545
"14423","07_report/CpG_context_sampling_18676_423_trimmed_bismark_bt2.CpG",6437,4618,1819,6437
"14424","07_report/CpG_context_sampling_18676_424_trimmed_bismark_bt2.CpG",6588,4711,1877,6588
"14425","07_report/CpG_context_sampling_18676_425_trimmed_bismark_bt2.CpG",6535,4706,1829,6535
"14426","07_report/CpG_context_sampling_18676_426_trimmed_bismark_bt2.CpG",6383,4592,1791,6383
"14427","07_report/CpG_context_sampling_18676_427_trimmed_bismark_bt2.CpG",6472,4609,1863,6472
"14428","07_report/CpG_context_sampling_18676_428_trimmed_bismark_bt2.CpG",6498,4600,1898,6498
"14429","07_report/CpG_context_sampling_18676_429_trimmed_bismark_bt2.CpG",6407,4574,1833,6407
"14430","07_report/CpG_context_sampling_18676_430_trimmed_bismark_bt2.CpG",6421,4492,1929,6421
"14431","07_report/CpG_context_sampling_18676_431_trimmed_bismark_bt2.CpG",6436,4530,1906,6436
"14432","07_report/CpG_context_sampling_18676_432_trimmed_bismark_bt2.CpG",6517,4642,1875,6517
"14433","07_report/CpG_context_sampling_18676_433_trimmed_bismark_bt2.CpG",6503,4733,1770,6503
"14434","07_report/CpG_context_sampling_18676_434_trimmed_bismark_bt2.CpG",6406,4587,1819,6406
"14435","07_report/CpG_context_sampling_18676_435_trimmed_bismark_bt2.CpG",6424,4661,1763,6424
"14436","07_report/CpG_context_sampling_18676_436_trimmed_bismark_bt2.CpG",6433,4627,1806,6433
"14437","07_report/CpG_context_sampling_18676_437_trimmed_bismark_bt2.CpG",6467,4596,1871,6467
"14438","07_report/CpG_context_sampling_18676_438_trimmed_bismark_bt2.CpG",6447,4565,1882,6447
"14439","07_report/CpG_context_sampling_18676_439_trimmed_bismark_bt2.CpG",6562,4686,1876,6562
"14440","07_report/CpG_context_sampling_18676_440_trimmed_bismark_bt2.CpG",6346,4544,1802,6346
"14441","07_report/CpG_context_sampling_18676_441_trimmed_bismark_bt2.CpG",6474,4601,1873,6474
"14442","07_report/CpG_context_sampling_18676_442_trimmed_bismark_bt2.CpG",6422,4644,1778,6422
"14443","07_report/CpG_context_sampling_18676_443_trimmed_bismark_bt2.CpG",6525,4688,1837,6525
"14444","07_report/CpG_context_sampling_18676_444_trimmed_bismark_bt2.CpG",6509,4658,1851,6509
"14445","07_report/CpG_context_sampling_18676_445_trimmed_bismark_bt2.CpG",6532,4695,1837,6532
"14446","07_report/CpG_context_sampling_18676_446_trimmed_bismark_bt2.CpG",6509,4639,1870,6509
"14447","07_report/CpG_context_sampling_18676_447_trimmed_bismark_bt2.CpG",6501,4667,1834,6501
"14448","07_report/CpG_context_sampling_18676_448_trimmed_bismark_bt2.CpG",6501,4679,1822,6501
"14449","07_report/CpG_context_sampling_18676_449_trimmed_bismark_bt2.CpG",6520,4663,1857,6520
"14450","07_report/CpG_context_sampling_18676_450_trimmed_bismark_bt2.CpG",6457,4558,1899,6457
"14451","07_report/CpG_context_sampling_18676_451_trimmed_bismark_bt2.CpG",6488,4666,1822,6488
"14452","07_report/CpG_context_sampling_18676_452_trimmed_bismark_bt2.CpG",6490,4625,1865,6490
"14453","07_report/CpG_context_sampling_18676_453_trimmed_bismark_bt2.CpG",6428,4552,1876,6428
"14454","07_report/CpG_context_sampling_18676_454_trimmed_bismark_bt2.CpG",6482,4602,1880,6482
"14455","07_report/CpG_context_sampling_18676_455_trimmed_bismark_bt2.CpG",6468,4659,1809,6468
"14456","07_report/CpG_context_sampling_18676_456_trimmed_bismark_bt2.CpG",6454,4578,1876,6454
"14457","07_report/CpG_context_sampling_18676_457_trimmed_bismark_bt2.CpG",6574,4736,1838,6574
"14458","07_report/CpG_context_sampling_18676_458_trimmed_bismark_bt2.CpG",6544,4652,1892,6544
"14459","07_report/CpG_context_sampling_18676_459_trimmed_bismark_bt2.CpG",6586,4739,1847,6586
"14460","07_report/CpG_context_sampling_18676_460_trimmed_bismark_bt2.CpG",6500,4699,1801,6500
"14461","07_report/CpG_context_sampling_18676_461_trimmed_bismark_bt2.CpG",6495,4654,1841,6495
"14462","07_report/CpG_context_sampling_18676_462_trimmed_bismark_bt2.CpG",6450,4602,1848,6450
"14463","07_report/CpG_context_sampling_18676_463_trimmed_bismark_bt2.CpG",6576,4687,1889,6576
"14464","07_report/CpG_context_sampling_18676_464_trimmed_bismark_bt2.CpG",6444,4626,1818,6444
"14465","07_report/CpG_context_sampling_18676_465_trimmed_bismark_bt2.CpG",6416,4594,1822,6416
"14466","07_report/CpG_context_sampling_18676_466_trimmed_bismark_bt2.CpG",6547,4750,1797,6547
"14467","07_report/CpG_context_sampling_18676_467_trimmed_bismark_bt2.CpG",6474,4614,1860,6474
"14468","07_report/CpG_context_sampling_18676_468_trimmed_bismark_bt2.CpG",6474,4592,1882,6474
"14469","07_report/CpG_context_sampling_18676_469_trimmed_bismark_bt2.CpG",6569,4670,1899,6569
"14470","07_report/CpG_context_sampling_18676_470_trimmed_bismark_bt2.CpG",6518,4609,1909,6518
"14471","07_report/CpG_context_sampling_18676_471_trimmed_bismark_bt2.CpG",6381,4565,1816,6381
"14472","07_report/CpG_context_sampling_18676_472_trimmed_bismark_bt2.CpG",6423,4626,1797,6423
"14473","07_report/CpG_context_sampling_18676_473_trimmed_bismark_bt2.CpG",6508,4702,1806,6508
"14474","07_report/CpG_context_sampling_18676_474_trimmed_bismark_bt2.CpG",6543,4692,1851,6543
"14475","07_report/CpG_context_sampling_18676_475_trimmed_bismark_bt2.CpG",6433,4625,1808,6433
"14476","07_report/CpG_context_sampling_18676_476_trimmed_bismark_bt2.CpG",6452,4575,1877,6452
"14477","07_report/CpG_context_sampling_18676_477_trimmed_bismark_bt2.CpG",6432,4608,1824,6432
"14478","07_report/CpG_context_sampling_18676_478_trimmed_bismark_bt2.CpG",6421,4577,1844,6421
"14479","07_report/CpG_context_sampling_18676_479_trimmed_bismark_bt2.CpG",6420,4618,1802,6420
"14480","07_report/CpG_context_sampling_18676_480_trimmed_bismark_bt2.CpG",6488,4620,1868,6488
"14481","07_report/CpG_context_sampling_18676_481_trimmed_bismark_bt2.CpG",6523,4636,1887,6523
"14482","07_report/CpG_context_sampling_18676_482_trimmed_bismark_bt2.CpG",6425,4642,1783,6425
"14483","07_report/CpG_context_sampling_18676_483_trimmed_bismark_bt2.CpG",6561,4739,1822,6561
"14484","07_report/CpG_context_sampling_18676_484_trimmed_bismark_bt2.CpG",6389,4540,1849,6389
"14485","07_report/CpG_context_sampling_18676_485_trimmed_bismark_bt2.CpG",6466,4619,1847,6466
"14486","07_report/CpG_context_sampling_18676_486_trimmed_bismark_bt2.CpG",6500,4671,1829,6500
"14487","07_report/CpG_context_sampling_18676_487_trimmed_bismark_bt2.CpG",6465,4680,1785,6465
"14488","07_report/CpG_context_sampling_18676_488_trimmed_bismark_bt2.CpG",6491,4626,1865,6491
"14489","07_report/CpG_context_sampling_18676_489_trimmed_bismark_bt2.CpG",6489,4679,1810,6489
"14490","07_report/CpG_context_sampling_18676_490_trimmed_bismark_bt2.CpG",6481,4641,1840,6481
"14491","07_report/CpG_context_sampling_18676_491_trimmed_bismark_bt2.CpG",6451,4633,1818,6451
"14492","07_report/CpG_context_sampling_18676_492_trimmed_bismark_bt2.CpG",6489,4692,1797,6489
"14493","07_report/CpG_context_sampling_18676_493_trimmed_bismark_bt2.CpG",6533,4659,1874,6533
"14494","07_report/CpG_context_sampling_18676_494_trimmed_bismark_bt2.CpG",6387,4593,1794,6387
"14495","07_report/CpG_context_sampling_18676_495_trimmed_bismark_bt2.CpG",6477,4678,1799,6477
"14496","07_report/CpG_context_sampling_18676_496_trimmed_bismark_bt2.CpG",6520,4674,1846,6520
"14497","07_report/CpG_context_sampling_18676_497_trimmed_bismark_bt2.CpG",6431,4600,1831,6431
"14498","07_report/CpG_context_sampling_18676_498_trimmed_bismark_bt2.CpG",6503,4639,1864,6503
"14499","07_report/CpG_context_sampling_18676_499_trimmed_bismark_bt2.CpG",6445,4630,1815,6445
"14500","07_report/CpG_context_sampling_18676_500_trimmed_bismark_bt2.CpG",6328,4523,1805,6328
"14501","07_report/CpG_context_sampling_18676_501_trimmed_bismark_bt2.CpG",6516,4692,1824,6516
"14502","07_report/CpG_context_sampling_18676_502_trimmed_bismark_bt2.CpG",6520,4703,1817,6520
"14503","07_report/CpG_context_sampling_18676_503_trimmed_bismark_bt2.CpG",6495,4664,1831,6495
"14504","07_report/CpG_context_sampling_18676_504_trimmed_bismark_bt2.CpG",6483,4675,1808,6483
"14505","07_report/CpG_context_sampling_18676_505_trimmed_bismark_bt2.CpG",6459,4611,1848,6459
"14506","07_report/CpG_context_sampling_18676_506_trimmed_bismark_bt2.CpG",6540,4670,1870,6540
"14507","07_report/CpG_context_sampling_18676_507_trimmed_bismark_bt2.CpG",6630,4722,1908,6630
"14508","07_report/CpG_context_sampling_18676_508_trimmed_bismark_bt2.CpG",6431,4594,1837,6431
"14509","07_report/CpG_context_sampling_18676_509_trimmed_bismark_bt2.CpG",6551,4577,1974,6551
"14510","07_report/CpG_context_sampling_18676_510_trimmed_bismark_bt2.CpG",6445,4630,1815,6445
"14511","07_report/CpG_context_sampling_18676_511_trimmed_bismark_bt2.CpG",6468,4591,1877,6468
"14512","07_report/CpG_context_sampling_18676_512_trimmed_bismark_bt2.CpG",6474,4589,1885,6474
"14513","07_report/CpG_context_sampling_18676_513_trimmed_bismark_bt2.CpG",6415,4583,1832,6415
"14514","07_report/CpG_context_sampling_18676_514_trimmed_bismark_bt2.CpG",6378,4586,1792,6378
"14515","07_report/CpG_context_sampling_18676_515_trimmed_bismark_bt2.CpG",6387,4556,1831,6387
"14516","07_report/CpG_context_sampling_18676_516_trimmed_bismark_bt2.CpG",6572,4693,1879,6572
"14517","07_report/CpG_context_sampling_18676_517_trimmed_bismark_bt2.CpG",6423,4558,1865,6423
"14518","07_report/CpG_context_sampling_18676_518_trimmed_bismark_bt2.CpG",6516,4650,1866,6516
"14519","07_report/CpG_context_sampling_18676_519_trimmed_bismark_bt2.CpG",6422,4558,1864,6422
"14520","07_report/CpG_context_sampling_18676_520_trimmed_bismark_bt2.CpG",6457,4649,1808,6457
"14521","07_report/CpG_context_sampling_18676_521_trimmed_bismark_bt2.CpG",6486,4653,1833,6486
"14522","07_report/CpG_context_sampling_18676_522_trimmed_bismark_bt2.CpG",6516,4749,1767,6516
"14523","07_report/CpG_context_sampling_18676_523_trimmed_bismark_bt2.CpG",6490,4665,1825,6490
"14524","07_report/CpG_context_sampling_18676_524_trimmed_bismark_bt2.CpG",6415,4554,1861,6415
"14525","07_report/CpG_context_sampling_18676_525_trimmed_bismark_bt2.CpG",6503,4690,1813,6503
"14526","07_report/CpG_context_sampling_18676_526_trimmed_bismark_bt2.CpG",6330,4483,1847,6330
"14527","07_report/CpG_context_sampling_18676_527_trimmed_bismark_bt2.CpG",6390,4535,1855,6390
"14528","07_report/CpG_context_sampling_18676_528_trimmed_bismark_bt2.CpG",6405,4574,1831,6405
"14529","07_report/CpG_context_sampling_18676_529_trimmed_bismark_bt2.CpG",6487,4689,1798,6487
"14530","07_report/CpG_context_sampling_18676_530_trimmed_bismark_bt2.CpG",6396,4522,1874,6396
"14531","07_report/CpG_context_sampling_18676_531_trimmed_bismark_bt2.CpG",6429,4648,1781,6429
"14532","07_report/CpG_context_sampling_18676_532_trimmed_bismark_bt2.CpG",6479,4640,1839,6479
"14533","07_report/CpG_context_sampling_18676_533_trimmed_bismark_bt2.CpG",6494,4661,1833,6494
"14534","07_report/CpG_context_sampling_18676_534_trimmed_bismark_bt2.CpG",6376,4563,1813,6376
"14535","07_report/CpG_context_sampling_18676_535_trimmed_bismark_bt2.CpG",6408,4617,1791,6408
"14536","07_report/CpG_context_sampling_18676_536_trimmed_bismark_bt2.CpG",6562,4643,1919,6562
"14537","07_report/CpG_context_sampling_18676_537_trimmed_bismark_bt2.CpG",6477,4610,1867,6477
"14538","07_report/CpG_context_sampling_18676_538_trimmed_bismark_bt2.CpG",6444,4607,1837,6444
"14539","07_report/CpG_context_sampling_18676_539_trimmed_bismark_bt2.CpG",6416,4634,1782,6416
"14540","07_report/CpG_context_sampling_18676_540_trimmed_bismark_bt2.CpG",6514,4661,1853,6514
"14541","07_report/CpG_context_sampling_18676_541_trimmed_bismark_bt2.CpG",6441,4581,1860,6441
"14542","07_report/CpG_context_sampling_18676_542_trimmed_bismark_bt2.CpG",6499,4641,1858,6499
"14543","07_report/CpG_context_sampling_18676_543_trimmed_bismark_bt2.CpG",6467,4588,1879,6467
"14544","07_report/CpG_context_sampling_18676_544_trimmed_bismark_bt2.CpG",6328,4536,1792,6328
"14545","07_report/CpG_context_sampling_18676_545_trimmed_bismark_bt2.CpG",6644,4784,1860,6644
"14546","07_report/CpG_context_sampling_18676_546_trimmed_bismark_bt2.CpG",6513,4711,1802,6513
"14547","07_report/CpG_context_sampling_18676_547_trimmed_bismark_bt2.CpG",6454,4626,1828,6454
"14548","07_report/CpG_context_sampling_18676_548_trimmed_bismark_bt2.CpG",6427,4607,1820,6427
"14549","07_report/CpG_context_sampling_18676_549_trimmed_bismark_bt2.CpG",6587,4765,1822,6587
"14550","07_report/CpG_context_sampling_18676_550_trimmed_bismark_bt2.CpG",6490,4565,1925,6490
"14551","07_report/CpG_context_sampling_18676_551_trimmed_bismark_bt2.CpG",6445,4619,1826,6445
"14552","07_report/CpG_context_sampling_18676_552_trimmed_bismark_bt2.CpG",6477,4688,1789,6477
"14553","07_report/CpG_context_sampling_18676_553_trimmed_bismark_bt2.CpG",6487,4669,1818,6487
"14554","07_report/CpG_context_sampling_18676_554_trimmed_bismark_bt2.CpG",6556,4793,1763,6556
"14555","07_report/CpG_context_sampling_18676_555_trimmed_bismark_bt2.CpG",6442,4668,1774,6442
"14556","07_report/CpG_context_sampling_18676_556_trimmed_bismark_bt2.CpG",6560,4648,1912,6560
"14557","07_report/CpG_context_sampling_18676_557_trimmed_bismark_bt2.CpG",6491,4670,1821,6491
"14558","07_report/CpG_context_sampling_18676_558_trimmed_bismark_bt2.CpG",6400,4549,1851,6400
"14559","07_report/CpG_context_sampling_18676_559_trimmed_bismark_bt2.CpG",6505,4710,1795,6505
"14560","07_report/CpG_context_sampling_18676_560_trimmed_bismark_bt2.CpG",6435,4593,1842,6435
"14561","07_report/CpG_context_sampling_18676_561_trimmed_bismark_bt2.CpG",6448,4645,1803,6448
"14562","07_report/CpG_context_sampling_18676_562_trimmed_bismark_bt2.CpG",6424,4553,1871,6424
"14563","07_report/CpG_context_sampling_18676_563_trimmed_bismark_bt2.CpG",6462,4648,1814,6462
"14564","07_report/CpG_context_sampling_18676_564_trimmed_bismark_bt2.CpG",6504,4636,1868,6504
"14565","07_report/CpG_context_sampling_18676_565_trimmed_bismark_bt2.CpG",6614,4673,1941,6614
"14566","07_report/CpG_context_sampling_18676_566_trimmed_bismark_bt2.CpG",6381,4587,1794,6381
"14567","07_report/CpG_context_sampling_18676_567_trimmed_bismark_bt2.CpG",6429,4575,1854,6429
"14568","07_report/CpG_context_sampling_18676_568_trimmed_bismark_bt2.CpG",6572,4704,1868,6572
"14569","07_report/CpG_context_sampling_18676_569_trimmed_bismark_bt2.CpG",6445,4593,1852,6445
"14570","07_report/CpG_context_sampling_18676_570_trimmed_bismark_bt2.CpG",6310,4519,1791,6310
"14571","07_report/CpG_context_sampling_18676_571_trimmed_bismark_bt2.CpG",6573,4699,1874,6573
"14572","07_report/CpG_context_sampling_18676_572_trimmed_bismark_bt2.CpG",6360,4555,1805,6360
"14573","07_report/CpG_context_sampling_18676_573_trimmed_bismark_bt2.CpG",6442,4579,1863,6442
"14574","07_report/CpG_context_sampling_18676_574_trimmed_bismark_bt2.CpG",6421,4561,1860,6421
"14575","07_report/CpG_context_sampling_18676_575_trimmed_bismark_bt2.CpG",6527,4716,1811,6527
"14576","07_report/CpG_context_sampling_18676_576_trimmed_bismark_bt2.CpG",6497,4610,1887,6497
"14577","07_report/CpG_context_sampling_18676_577_trimmed_bismark_bt2.CpG",6411,4586,1825,6411
"14578","07_report/CpG_context_sampling_18676_578_trimmed_bismark_bt2.CpG",6495,4649,1846,6495
"14579","07_report/CpG_context_sampling_18676_579_trimmed_bismark_bt2.CpG",6620,4694,1926,6620
"14580","07_report/CpG_context_sampling_18676_580_trimmed_bismark_bt2.CpG",6487,4604,1883,6487
"14581","07_report/CpG_context_sampling_18676_581_trimmed_bismark_bt2.CpG",6457,4588,1869,6457
"14582","07_report/CpG_context_sampling_18676_582_trimmed_bismark_bt2.CpG",6480,4726,1754,6480
"14583","07_report/CpG_context_sampling_18676_583_trimmed_bismark_bt2.CpG",6574,4684,1890,6574
"14584","07_report/CpG_context_sampling_18676_584_trimmed_bismark_bt2.CpG",6494,4633,1861,6494
"14585","07_report/CpG_context_sampling_18676_585_trimmed_bismark_bt2.CpG",6467,4625,1842,6467
"14586","07_report/CpG_context_sampling_18676_586_trimmed_bismark_bt2.CpG",6515,4637,1878,6515
"14587","07_report/CpG_context_sampling_18676_587_trimmed_bismark_bt2.CpG",6504,4569,1935,6504
"14588","07_report/CpG_context_sampling_18676_588_trimmed_bismark_bt2.CpG",6465,4635,1830,6465
"14589","07_report/CpG_context_sampling_18676_589_trimmed_bismark_bt2.CpG",6493,4610,1883,6493
"14590","07_report/CpG_context_sampling_18676_590_trimmed_bismark_bt2.CpG",6506,4667,1839,6506
"14591","07_report/CpG_context_sampling_18676_591_trimmed_bismark_bt2.CpG",6399,4558,1841,6399
"14592","07_report/CpG_context_sampling_18676_592_trimmed_bismark_bt2.CpG",6557,4723,1834,6557
"14593","07_report/CpG_context_sampling_18676_593_trimmed_bismark_bt2.CpG",6420,4603,1817,6420
"14594","07_report/CpG_context_sampling_18676_594_trimmed_bismark_bt2.CpG",6634,4705,1929,6634
"14595","07_report/CpG_context_sampling_18676_595_trimmed_bismark_bt2.CpG",6535,4654,1881,6535
"14596","07_report/CpG_context_sampling_18676_596_trimmed_bismark_bt2.CpG",6453,4645,1808,6453
"14597","07_report/CpG_context_sampling_18676_597_trimmed_bismark_bt2.CpG",6348,4528,1820,6348
"14598","07_report/CpG_context_sampling_18676_598_trimmed_bismark_bt2.CpG",6548,4756,1792,6548
"14599","07_report/CpG_context_sampling_18676_599_trimmed_bismark_bt2.CpG",6567,4740,1827,6567
"14600","07_report/CpG_context_sampling_18676_600_trimmed_bismark_bt2.CpG",6455,4619,1836,6455
"14601","07_report/CpG_context_sampling_18676_601_trimmed_bismark_bt2.CpG",6517,4679,1838,6517
"14602","07_report/CpG_context_sampling_18676_602_trimmed_bismark_bt2.CpG",6515,4708,1807,6515
"14603","07_report/CpG_context_sampling_18676_603_trimmed_bismark_bt2.CpG",6592,4701,1891,6592
"14604","07_report/CpG_context_sampling_18676_604_trimmed_bismark_bt2.CpG",6526,4651,1875,6526
"14605","07_report/CpG_context_sampling_18676_605_trimmed_bismark_bt2.CpG",6504,4659,1845,6504
"14606","07_report/CpG_context_sampling_18676_606_trimmed_bismark_bt2.CpG",6469,4657,1812,6469
"14607","07_report/CpG_context_sampling_18676_607_trimmed_bismark_bt2.CpG",6545,4678,1867,6545
"14608","07_report/CpG_context_sampling_18676_608_trimmed_bismark_bt2.CpG",6496,4728,1768,6496
"14609","07_report/CpG_context_sampling_18676_609_trimmed_bismark_bt2.CpG",6484,4666,1818,6484
"14610","07_report/CpG_context_sampling_18676_610_trimmed_bismark_bt2.CpG",6556,4655,1901,6556
"14611","07_report/CpG_context_sampling_18676_611_trimmed_bismark_bt2.CpG",6401,4570,1831,6401
"14612","07_report/CpG_context_sampling_18676_612_trimmed_bismark_bt2.CpG",6444,4582,1862,6444
"14613","07_report/CpG_context_sampling_18676_613_trimmed_bismark_bt2.CpG",6489,4693,1796,6489
"14614","07_report/CpG_context_sampling_18676_614_trimmed_bismark_bt2.CpG",6521,4663,1858,6521
"14615","07_report/CpG_context_sampling_18676_615_trimmed_bismark_bt2.CpG",6555,4643,1912,6555
"14616","07_report/CpG_context_sampling_18676_616_trimmed_bismark_bt2.CpG",6560,4673,1887,6560
"14617","07_report/CpG_context_sampling_18676_617_trimmed_bismark_bt2.CpG",6563,4663,1900,6563
"14618","07_report/CpG_context_sampling_18676_618_trimmed_bismark_bt2.CpG",6517,4707,1810,6517
"14619","07_report/CpG_context_sampling_18676_619_trimmed_bismark_bt2.CpG",6487,4607,1880,6487
"14620","07_report/CpG_context_sampling_18676_620_trimmed_bismark_bt2.CpG",6521,4634,1887,6521
"14621","07_report/CpG_context_sampling_18676_621_trimmed_bismark_bt2.CpG",6360,4574,1786,6360
"14622","07_report/CpG_context_sampling_18676_622_trimmed_bismark_bt2.CpG",6508,4727,1781,6508
"14623","07_report/CpG_context_sampling_18676_623_trimmed_bismark_bt2.CpG",6453,4636,1817,6453
"14624","07_report/CpG_context_sampling_18676_624_trimmed_bismark_bt2.CpG",6531,4666,1865,6531
"14625","07_report/CpG_context_sampling_18676_625_trimmed_bismark_bt2.CpG",6479,4656,1823,6479
"14626","07_report/CpG_context_sampling_18676_626_trimmed_bismark_bt2.CpG",6470,4553,1917,6470
"14627","07_report/CpG_context_sampling_18676_627_trimmed_bismark_bt2.CpG",6511,4621,1890,6511
"14628","07_report/CpG_context_sampling_18676_628_trimmed_bismark_bt2.CpG",6434,4605,1829,6434
"14629","07_report/CpG_context_sampling_18676_629_trimmed_bismark_bt2.CpG",6461,4635,1826,6461
"14630","07_report/CpG_context_sampling_18676_630_trimmed_bismark_bt2.CpG",6542,4660,1882,6542
"14631","07_report/CpG_context_sampling_18676_631_trimmed_bismark_bt2.CpG",6467,4646,1821,6467
"14632","07_report/CpG_context_sampling_18676_632_trimmed_bismark_bt2.CpG",6416,4583,1833,6416
"14633","07_report/CpG_context_sampling_18676_633_trimmed_bismark_bt2.CpG",6429,4588,1841,6429
"14634","07_report/CpG_context_sampling_18676_634_trimmed_bismark_bt2.CpG",6449,4555,1894,6449
"14635","07_report/CpG_context_sampling_18676_635_trimmed_bismark_bt2.CpG",6477,4669,1808,6477
"14636","07_report/CpG_context_sampling_18676_636_trimmed_bismark_bt2.CpG",6514,4652,1862,6514
"14637","07_report/CpG_context_sampling_18676_637_trimmed_bismark_bt2.CpG",6512,4682,1830,6512
"14638","07_report/CpG_context_sampling_18676_638_trimmed_bismark_bt2.CpG",6574,4688,1886,6574
"14639","07_report/CpG_context_sampling_18676_639_trimmed_bismark_bt2.CpG",6334,4480,1854,6334
"14640","07_report/CpG_context_sampling_18676_640_trimmed_bismark_bt2.CpG",6561,4699,1862,6561
"14641","07_report/CpG_context_sampling_18676_641_trimmed_bismark_bt2.CpG",6495,4664,1831,6495
"14642","07_report/CpG_context_sampling_18676_642_trimmed_bismark_bt2.CpG",6425,4677,1748,6425
"14643","07_report/CpG_context_sampling_18676_643_trimmed_bismark_bt2.CpG",6468,4665,1803,6468
"14644","07_report/CpG_context_sampling_18676_644_trimmed_bismark_bt2.CpG",6455,4597,1858,6455
"14645","07_report/CpG_context_sampling_18676_645_trimmed_bismark_bt2.CpG",6528,4669,1859,6528
"14646","07_report/CpG_context_sampling_18676_646_trimmed_bismark_bt2.CpG",6499,4614,1885,6499
"14647","07_report/CpG_context_sampling_18676_647_trimmed_bismark_bt2.CpG",6352,4498,1854,6352
"14648","07_report/CpG_context_sampling_18676_648_trimmed_bismark_bt2.CpG",6495,4627,1868,6495
"14649","07_report/CpG_context_sampling_18676_649_trimmed_bismark_bt2.CpG",6437,4596,1841,6437
"14650","07_report/CpG_context_sampling_18676_650_trimmed_bismark_bt2.CpG",6460,4688,1772,6460
"14651","07_report/CpG_context_sampling_18676_651_trimmed_bismark_bt2.CpG",6501,4651,1850,6501
"14652","07_report/CpG_context_sampling_18676_652_trimmed_bismark_bt2.CpG",6555,4731,1824,6555
"14653","07_report/CpG_context_sampling_18676_653_trimmed_bismark_bt2.CpG",6539,4642,1897,6539
"14654","07_report/CpG_context_sampling_18676_654_trimmed_bismark_bt2.CpG",6474,4616,1858,6474
"14655","07_report/CpG_context_sampling_18676_655_trimmed_bismark_bt2.CpG",6459,4559,1900,6459
"14656","07_report/CpG_context_sampling_18676_656_trimmed_bismark_bt2.CpG",6449,4618,1831,6449
"14657","07_report/CpG_context_sampling_18676_657_trimmed_bismark_bt2.CpG",6378,4540,1838,6378
"14658","07_report/CpG_context_sampling_18676_658_trimmed_bismark_bt2.CpG",6423,4623,1800,6423
"14659","07_report/CpG_context_sampling_18676_659_trimmed_bismark_bt2.CpG",6432,4576,1856,6432
"14660","07_report/CpG_context_sampling_18676_660_trimmed_bismark_bt2.CpG",6510,4644,1866,6510
"14661","07_report/CpG_context_sampling_18676_661_trimmed_bismark_bt2.CpG",6497,4614,1883,6497
"14662","07_report/CpG_context_sampling_18676_662_trimmed_bismark_bt2.CpG",6446,4591,1855,6446
"14663","07_report/CpG_context_sampling_18676_663_trimmed_bismark_bt2.CpG",6481,4650,1831,6481
"14664","07_report/CpG_context_sampling_18676_664_trimmed_bismark_bt2.CpG",6339,4550,1789,6339
"14665","07_report/CpG_context_sampling_18676_665_trimmed_bismark_bt2.CpG",6559,4658,1901,6559
"14666","07_report/CpG_context_sampling_18676_666_trimmed_bismark_bt2.CpG",6498,4640,1858,6498
"14667","07_report/CpG_context_sampling_18676_667_trimmed_bismark_bt2.CpG",6540,4681,1859,6540
"14668","07_report/CpG_context_sampling_18676_668_trimmed_bismark_bt2.CpG",6360,4590,1770,6360
"14669","07_report/CpG_context_sampling_18676_669_trimmed_bismark_bt2.CpG",6535,4696,1839,6535
"14670","07_report/CpG_context_sampling_18676_670_trimmed_bismark_bt2.CpG",6573,4726,1847,6573
"14671","07_report/CpG_context_sampling_18676_671_trimmed_bismark_bt2.CpG",6530,4669,1861,6530
"14672","07_report/CpG_context_sampling_18676_672_trimmed_bismark_bt2.CpG",6545,4639,1906,6545
"14673","07_report/CpG_context_sampling_18676_673_trimmed_bismark_bt2.CpG",6353,4565,1788,6353
"14674","07_report/CpG_context_sampling_18676_674_trimmed_bismark_bt2.CpG",6461,4627,1834,6461
"14675","07_report/CpG_context_sampling_18676_675_trimmed_bismark_bt2.CpG",6471,4593,1878,6471
"14676","07_report/CpG_context_sampling_18676_676_trimmed_bismark_bt2.CpG",6524,4620,1904,6524
"14677","07_report/CpG_context_sampling_18676_677_trimmed_bismark_bt2.CpG",6539,4698,1841,6539
"14678","07_report/CpG_context_sampling_18676_678_trimmed_bismark_bt2.CpG",6490,4608,1882,6490
"14679","07_report/CpG_context_sampling_18676_679_trimmed_bismark_bt2.CpG",6464,4640,1824,6464
"14680","07_report/CpG_context_sampling_18676_680_trimmed_bismark_bt2.CpG",6408,4616,1792,6408
"14681","07_report/CpG_context_sampling_18676_681_trimmed_bismark_bt2.CpG",6564,4677,1887,6564
"14682","07_report/CpG_context_sampling_18676_682_trimmed_bismark_bt2.CpG",6418,4586,1832,6418
"14683","07_report/CpG_context_sampling_18676_683_trimmed_bismark_bt2.CpG",6656,4784,1872,6656
"14684","07_report/CpG_context_sampling_18676_684_trimmed_bismark_bt2.CpG",6479,4642,1837,6479
"14685","07_report/CpG_context_sampling_18676_685_trimmed_bismark_bt2.CpG",6578,4746,1832,6578
"14686","07_report/CpG_context_sampling_18676_686_trimmed_bismark_bt2.CpG",6452,4720,1732,6452
"14687","07_report/CpG_context_sampling_18676_687_trimmed_bismark_bt2.CpG",6464,4677,1787,6464
"14688","07_report/CpG_context_sampling_18676_688_trimmed_bismark_bt2.CpG",6397,4577,1820,6397
"14689","07_report/CpG_context_sampling_18676_689_trimmed_bismark_bt2.CpG",6476,4632,1844,6476
"14690","07_report/CpG_context_sampling_18676_690_trimmed_bismark_bt2.CpG",6492,4609,1883,6492
"14691","07_report/CpG_context_sampling_18676_691_trimmed_bismark_bt2.CpG",6536,4718,1818,6536
"14692","07_report/CpG_context_sampling_18676_692_trimmed_bismark_bt2.CpG",6418,4565,1853,6418
"14693","07_report/CpG_context_sampling_18676_693_trimmed_bismark_bt2.CpG",6431,4567,1864,6431
"14694","07_report/CpG_context_sampling_18676_694_trimmed_bismark_bt2.CpG",6490,4637,1853,6490
"14695","07_report/CpG_context_sampling_18676_695_trimmed_bismark_bt2.CpG",6501,4655,1846,6501
"14696","07_report/CpG_context_sampling_18676_696_trimmed_bismark_bt2.CpG",6452,4643,1809,6452
"14697","07_report/CpG_context_sampling_18676_697_trimmed_bismark_bt2.CpG",6375,4539,1836,6375
"14698","07_report/CpG_context_sampling_18676_698_trimmed_bismark_bt2.CpG",6510,4658,1852,6510
"14699","07_report/CpG_context_sampling_18676_699_trimmed_bismark_bt2.CpG",6429,4561,1868,6429
"14700","07_report/CpG_context_sampling_18676_700_trimmed_bismark_bt2.CpG",6473,4572,1901,6473
"14701","07_report/CpG_context_sampling_18676_701_trimmed_bismark_bt2.CpG",6494,4695,1799,6494
"14702","07_report/CpG_context_sampling_18676_702_trimmed_bismark_bt2.CpG",6450,4656,1794,6450
"14703","07_report/CpG_context_sampling_18676_703_trimmed_bismark_bt2.CpG",6281,4465,1816,6281
"14704","07_report/CpG_context_sampling_18676_704_trimmed_bismark_bt2.CpG",6390,4548,1842,6390
"14705","07_report/CpG_context_sampling_18676_705_trimmed_bismark_bt2.CpG",6414,4617,1797,6414
"14706","07_report/CpG_context_sampling_18676_706_trimmed_bismark_bt2.CpG",6414,4589,1825,6414
"14707","07_report/CpG_context_sampling_18676_707_trimmed_bismark_bt2.CpG",6363,4466,1897,6363
"14708","07_report/CpG_context_sampling_18676_708_trimmed_bismark_bt2.CpG",6483,4662,1821,6483
"14709","07_report/CpG_context_sampling_18676_709_trimmed_bismark_bt2.CpG",6422,4580,1842,6422
"14710","07_report/CpG_context_sampling_18676_710_trimmed_bismark_bt2.CpG",6596,4699,1897,6596
"14711","07_report/CpG_context_sampling_18676_711_trimmed_bismark_bt2.CpG",6348,4556,1792,6348
"14712","07_report/CpG_context_sampling_18676_712_trimmed_bismark_bt2.CpG",6517,4712,1805,6517
"14713","07_report/CpG_context_sampling_18676_713_trimmed_bismark_bt2.CpG",6569,4737,1832,6569
"14714","07_report/CpG_context_sampling_18676_714_trimmed_bismark_bt2.CpG",6525,4663,1862,6525
"14715","07_report/CpG_context_sampling_18676_715_trimmed_bismark_bt2.CpG",6426,4630,1796,6426
"14716","07_report/CpG_context_sampling_18676_716_trimmed_bismark_bt2.CpG",6496,4678,1818,6496
"14717","07_report/CpG_context_sampling_18676_717_trimmed_bismark_bt2.CpG",6507,4589,1918,6507
"14718","07_report/CpG_context_sampling_18676_718_trimmed_bismark_bt2.CpG",6490,4623,1867,6490
"14719","07_report/CpG_context_sampling_18676_719_trimmed_bismark_bt2.CpG",6441,4625,1816,6441
"14720","07_report/CpG_context_sampling_18676_720_trimmed_bismark_bt2.CpG",6503,4656,1847,6503
"14721","07_report/CpG_context_sampling_18676_721_trimmed_bismark_bt2.CpG",6589,4730,1859,6589
"14722","07_report/CpG_context_sampling_18676_722_trimmed_bismark_bt2.CpG",6537,4688,1849,6537
"14723","07_report/CpG_context_sampling_18676_723_trimmed_bismark_bt2.CpG",6472,4617,1855,6472
"14724","07_report/CpG_context_sampling_18676_724_trimmed_bismark_bt2.CpG",6542,4689,1853,6542
"14725","07_report/CpG_context_sampling_18676_725_trimmed_bismark_bt2.CpG",6542,4649,1893,6542
"14726","07_report/CpG_context_sampling_18676_726_trimmed_bismark_bt2.CpG",6462,4642,1820,6462
"14727","07_report/CpG_context_sampling_18676_727_trimmed_bismark_bt2.CpG",6499,4673,1826,6499
"14728","07_report/CpG_context_sampling_18676_728_trimmed_bismark_bt2.CpG",6553,4665,1888,6553
"14729","07_report/CpG_context_sampling_18676_729_trimmed_bismark_bt2.CpG",6395,4536,1859,6395
"14730","07_report/CpG_context_sampling_18676_730_trimmed_bismark_bt2.CpG",6444,4606,1838,6444
"14731","07_report/CpG_context_sampling_18676_731_trimmed_bismark_bt2.CpG",6510,4645,1865,6510
"14732","07_report/CpG_context_sampling_18676_732_trimmed_bismark_bt2.CpG",6379,4511,1868,6379
"14733","07_report/CpG_context_sampling_18676_733_trimmed_bismark_bt2.CpG",6625,4691,1934,6625
"14734","07_report/CpG_context_sampling_18676_734_trimmed_bismark_bt2.CpG",6627,4753,1874,6627
"14735","07_report/CpG_context_sampling_18676_735_trimmed_bismark_bt2.CpG",6430,4607,1823,6430
"14736","07_report/CpG_context_sampling_18676_736_trimmed_bismark_bt2.CpG",6420,4594,1826,6420
"14737","07_report/CpG_context_sampling_18676_737_trimmed_bismark_bt2.CpG",6570,4668,1902,6570
"14738","07_report/CpG_context_sampling_18676_738_trimmed_bismark_bt2.CpG",6514,4654,1860,6514
"14739","07_report/CpG_context_sampling_18676_739_trimmed_bismark_bt2.CpG",6558,4676,1882,6558
"14740","07_report/CpG_context_sampling_18676_740_trimmed_bismark_bt2.CpG",6490,4706,1784,6490
"14741","07_report/CpG_context_sampling_18676_741_trimmed_bismark_bt2.CpG",6593,4743,1850,6593
"14742","07_report/CpG_context_sampling_18676_742_trimmed_bismark_bt2.CpG",6491,4673,1818,6491
"14743","07_report/CpG_context_sampling_18676_743_trimmed_bismark_bt2.CpG",6563,4632,1931,6563
"14744","07_report/CpG_context_sampling_18676_744_trimmed_bismark_bt2.CpG",6485,4617,1868,6485
"14745","07_report/CpG_context_sampling_18676_745_trimmed_bismark_bt2.CpG",6456,4643,1813,6456
"14746","07_report/CpG_context_sampling_18676_746_trimmed_bismark_bt2.CpG",6550,4670,1880,6550
"14747","07_report/CpG_context_sampling_18676_747_trimmed_bismark_bt2.CpG",6523,4729,1794,6523
"14748","07_report/CpG_context_sampling_18676_748_trimmed_bismark_bt2.CpG",6491,4646,1845,6491
"14749","07_report/CpG_context_sampling_18676_749_trimmed_bismark_bt2.CpG",6602,4782,1820,6602
"14750","07_report/CpG_context_sampling_18676_750_trimmed_bismark_bt2.CpG",6503,4682,1821,6503
"14751","07_report/CpG_context_sampling_18676_751_trimmed_bismark_bt2.CpG",6461,4622,1839,6461
"14752","07_report/CpG_context_sampling_18676_752_trimmed_bismark_bt2.CpG",6456,4611,1845,6456
"14753","07_report/CpG_context_sampling_18676_753_trimmed_bismark_bt2.CpG",6383,4602,1781,6383
"14754","07_report/CpG_context_sampling_18676_754_trimmed_bismark_bt2.CpG",6422,4572,1850,6422
"14755","07_report/CpG_context_sampling_18676_755_trimmed_bismark_bt2.CpG",6391,4557,1834,6391
"14756","07_report/CpG_context_sampling_18676_756_trimmed_bismark_bt2.CpG",6389,4615,1774,6389
"14757","07_report/CpG_context_sampling_18676_757_trimmed_bismark_bt2.CpG",6492,4641,1851,6492
"14758","07_report/CpG_context_sampling_18676_758_trimmed_bismark_bt2.CpG",6413,4554,1859,6413
"14759","07_report/CpG_context_sampling_18676_759_trimmed_bismark_bt2.CpG",6493,4597,1896,6493
"14760","07_report/CpG_context_sampling_18676_760_trimmed_bismark_bt2.CpG",6427,4623,1804,6427
"14761","07_report/CpG_context_sampling_18676_761_trimmed_bismark_bt2.CpG",6591,4723,1868,6591
"14762","07_report/CpG_context_sampling_18676_762_trimmed_bismark_bt2.CpG",6490,4628,1862,6490
"14763","07_report/CpG_context_sampling_18676_763_trimmed_bismark_bt2.CpG",6336,4526,1810,6336
"14764","07_report/CpG_context_sampling_18676_764_trimmed_bismark_bt2.CpG",6358,4530,1828,6358
"14765","07_report/CpG_context_sampling_18676_765_trimmed_bismark_bt2.CpG",6521,4681,1840,6521
"14766","07_report/CpG_context_sampling_18676_766_trimmed_bismark_bt2.CpG",6596,4699,1897,6596
"14767","07_report/CpG_context_sampling_18676_767_trimmed_bismark_bt2.CpG",6473,4592,1881,6473
"14768","07_report/CpG_context_sampling_18676_768_trimmed_bismark_bt2.CpG",6493,4625,1868,6493
"14769","07_report/CpG_context_sampling_18676_769_trimmed_bismark_bt2.CpG",6578,4610,1968,6578
"14770","07_report/CpG_context_sampling_18676_770_trimmed_bismark_bt2.CpG",6426,4543,1883,6426
"14771","07_report/CpG_context_sampling_18676_771_trimmed_bismark_bt2.CpG",6373,4499,1874,6373
"14772","07_report/CpG_context_sampling_18676_772_trimmed_bismark_bt2.CpG",6419,4559,1860,6419
"14773","07_report/CpG_context_sampling_18676_773_trimmed_bismark_bt2.CpG",6423,4589,1834,6423
"14774","07_report/CpG_context_sampling_18676_774_trimmed_bismark_bt2.CpG",6359,4590,1769,6359
"14775","07_report/CpG_context_sampling_18676_775_trimmed_bismark_bt2.CpG",6425,4554,1871,6425
"14776","07_report/CpG_context_sampling_18676_776_trimmed_bismark_bt2.CpG",6530,4680,1850,6530
"14777","07_report/CpG_context_sampling_18676_777_trimmed_bismark_bt2.CpG",6493,4656,1837,6493
"14778","07_report/CpG_context_sampling_18676_778_trimmed_bismark_bt2.CpG",6512,4660,1852,6512
"14779","07_report/CpG_context_sampling_18676_779_trimmed_bismark_bt2.CpG",6390,4456,1934,6390
"14780","07_report/CpG_context_sampling_18676_780_trimmed_bismark_bt2.CpG",6532,4620,1912,6532
"14781","07_report/CpG_context_sampling_18676_781_trimmed_bismark_bt2.CpG",6547,4693,1854,6547
"14782","07_report/CpG_context_sampling_18676_782_trimmed_bismark_bt2.CpG",6399,4507,1892,6399
"14783","07_report/CpG_context_sampling_18676_783_trimmed_bismark_bt2.CpG",6469,4609,1860,6469
"14784","07_report/CpG_context_sampling_18676_784_trimmed_bismark_bt2.CpG",6488,4646,1842,6488
"14785","07_report/CpG_context_sampling_18676_785_trimmed_bismark_bt2.CpG",6496,4637,1859,6496
"14786","07_report/CpG_context_sampling_18676_786_trimmed_bismark_bt2.CpG",6446,4605,1841,6446
"14787","07_report/CpG_context_sampling_18676_787_trimmed_bismark_bt2.CpG",6363,4523,1840,6363
"14788","07_report/CpG_context_sampling_18676_788_trimmed_bismark_bt2.CpG",6454,4617,1837,6454
"14789","07_report/CpG_context_sampling_18676_789_trimmed_bismark_bt2.CpG",6504,4622,1882,6504
"14790","07_report/CpG_context_sampling_18676_790_trimmed_bismark_bt2.CpG",6514,4647,1867,6514
"14791","07_report/CpG_context_sampling_18676_791_trimmed_bismark_bt2.CpG",6388,4573,1815,6388
"14792","07_report/CpG_context_sampling_18676_792_trimmed_bismark_bt2.CpG",6458,4593,1865,6458
"14793","07_report/CpG_context_sampling_18676_793_trimmed_bismark_bt2.CpG",6496,4628,1868,6496
"14794","07_report/CpG_context_sampling_18676_794_trimmed_bismark_bt2.CpG",6453,4599,1854,6453
"14795","07_report/CpG_context_sampling_18676_795_trimmed_bismark_bt2.CpG",6466,4626,1840,6466
"14796","07_report/CpG_context_sampling_18676_796_trimmed_bismark_bt2.CpG",6521,4649,1872,6521
"14797","07_report/CpG_context_sampling_18676_797_trimmed_bismark_bt2.CpG",6498,4610,1888,6498
"14798","07_report/CpG_context_sampling_18676_798_trimmed_bismark_bt2.CpG",6435,4621,1814,6435
"14799","07_report/CpG_context_sampling_18676_799_trimmed_bismark_bt2.CpG",6448,4546,1902,6448
"14800","07_report/CpG_context_sampling_18676_800_trimmed_bismark_bt2.CpG",6498,4628,1870,6498
"14801","07_report/CpG_context_sampling_18676_801_trimmed_bismark_bt2.CpG",6372,4561,1811,6372
"14802","07_report/CpG_context_sampling_18676_802_trimmed_bismark_bt2.CpG",6381,4549,1832,6381
"14803","07_report/CpG_context_sampling_18676_803_trimmed_bismark_bt2.CpG",6538,4650,1888,6538
"14804","07_report/CpG_context_sampling_18676_804_trimmed_bismark_bt2.CpG",6550,4683,1867,6550
"14805","07_report/CpG_context_sampling_18676_805_trimmed_bismark_bt2.CpG",6446,4635,1811,6446
"14806","07_report/CpG_context_sampling_18676_806_trimmed_bismark_bt2.CpG",6543,4664,1879,6543
"14807","07_report/CpG_context_sampling_18676_807_trimmed_bismark_bt2.CpG",6444,4584,1860,6444
"14808","07_report/CpG_context_sampling_18676_808_trimmed_bismark_bt2.CpG",6470,4665,1805,6470
"14809","07_report/CpG_context_sampling_18676_809_trimmed_bismark_bt2.CpG",6471,4614,1857,6471
"14810","07_report/CpG_context_sampling_18676_810_trimmed_bismark_bt2.CpG",6447,4627,1820,6447
"14811","07_report/CpG_context_sampling_18676_811_trimmed_bismark_bt2.CpG",6484,4630,1854,6484
"14812","07_report/CpG_context_sampling_18676_812_trimmed_bismark_bt2.CpG",6405,4615,1790,6405
"14813","07_report/CpG_context_sampling_18676_813_trimmed_bismark_bt2.CpG",6524,4667,1857,6524
"14814","07_report/CpG_context_sampling_18676_814_trimmed_bismark_bt2.CpG",6545,4664,1881,6545
"14815","07_report/CpG_context_sampling_18676_815_trimmed_bismark_bt2.CpG",6450,4588,1862,6450
"14816","07_report/CpG_context_sampling_18676_816_trimmed_bismark_bt2.CpG",6449,4603,1846,6449
"14817","07_report/CpG_context_sampling_18676_817_trimmed_bismark_bt2.CpG",6531,4642,1889,6531
"14818","07_report/CpG_context_sampling_18676_818_trimmed_bismark_bt2.CpG",6402,4515,1887,6402
"14819","07_report/CpG_context_sampling_18676_819_trimmed_bismark_bt2.CpG",6550,4646,1904,6550
"14820","07_report/CpG_context_sampling_18676_820_trimmed_bismark_bt2.CpG",6390,4592,1798,6390
"14821","07_report/CpG_context_sampling_18676_821_trimmed_bismark_bt2.CpG",6442,4550,1892,6442
"14822","07_report/CpG_context_sampling_18676_822_trimmed_bismark_bt2.CpG",6433,4641,1792,6433
"14823","07_report/CpG_context_sampling_18676_823_trimmed_bismark_bt2.CpG",6351,4505,1846,6351
"14824","07_report/CpG_context_sampling_18676_824_trimmed_bismark_bt2.CpG",6382,4522,1860,6382
"14825","07_report/CpG_context_sampling_18676_825_trimmed_bismark_bt2.CpG",6505,4655,1850,6505
"14826","07_report/CpG_context_sampling_18676_826_trimmed_bismark_bt2.CpG",6506,4599,1907,6506
"14827","07_report/CpG_context_sampling_18676_827_trimmed_bismark_bt2.CpG",6431,4645,1786,6431
"14828","07_report/CpG_context_sampling_18676_828_trimmed_bismark_bt2.CpG",6425,4581,1844,6425
"14829","07_report/CpG_context_sampling_18676_829_trimmed_bismark_bt2.CpG",6510,4732,1778,6510
"14830","07_report/CpG_context_sampling_18676_830_trimmed_bismark_bt2.CpG",6418,4551,1867,6418
"14831","07_report/CpG_context_sampling_18676_831_trimmed_bismark_bt2.CpG",6549,4765,1784,6549
"14832","07_report/CpG_context_sampling_18676_832_trimmed_bismark_bt2.CpG",6576,4668,1908,6576
"14833","07_report/CpG_context_sampling_18676_833_trimmed_bismark_bt2.CpG",6426,4646,1780,6426
"14834","07_report/CpG_context_sampling_18676_834_trimmed_bismark_bt2.CpG",6505,4619,1886,6505
"14835","07_report/CpG_context_sampling_18676_835_trimmed_bismark_bt2.CpG",6491,4587,1904,6491
"14836","07_report/CpG_context_sampling_18676_836_trimmed_bismark_bt2.CpG",6456,4645,1811,6456
"14837","07_report/CpG_context_sampling_18676_837_trimmed_bismark_bt2.CpG",6434,4586,1848,6434
"14838","07_report/CpG_context_sampling_18676_838_trimmed_bismark_bt2.CpG",6577,4642,1935,6577
"14839","07_report/CpG_context_sampling_18676_839_trimmed_bismark_bt2.CpG",6432,4583,1849,6432
"14840","07_report/CpG_context_sampling_18676_840_trimmed_bismark_bt2.CpG",6503,4604,1899,6503
"14841","07_report/CpG_context_sampling_18676_841_trimmed_bismark_bt2.CpG",6503,4619,1884,6503
"14842","07_report/CpG_context_sampling_18676_842_trimmed_bismark_bt2.CpG",6463,4671,1792,6463
"14843","07_report/CpG_context_sampling_18676_843_trimmed_bismark_bt2.CpG",6463,4623,1840,6463
"14844","07_report/CpG_context_sampling_18676_844_trimmed_bismark_bt2.CpG",6543,4753,1790,6543
"14845","07_report/CpG_context_sampling_18676_845_trimmed_bismark_bt2.CpG",6353,4468,1885,6353
"14846","07_report/CpG_context_sampling_18676_846_trimmed_bismark_bt2.CpG",6443,4679,1764,6443
"14847","07_report/CpG_context_sampling_18676_847_trimmed_bismark_bt2.CpG",6430,4599,1831,6430
"14848","07_report/CpG_context_sampling_18676_848_trimmed_bismark_bt2.CpG",6502,4638,1864,6502
"14849","07_report/CpG_context_sampling_18676_849_trimmed_bismark_bt2.CpG",6472,4634,1838,6472
"14850","07_report/CpG_context_sampling_18676_850_trimmed_bismark_bt2.CpG",6445,4651,1794,6445
"14851","07_report/CpG_context_sampling_18676_851_trimmed_bismark_bt2.CpG",6452,4636,1816,6452
"14852","07_report/CpG_context_sampling_18676_852_trimmed_bismark_bt2.CpG",6504,4627,1877,6504
"14853","07_report/CpG_context_sampling_18676_853_trimmed_bismark_bt2.CpG",6537,4700,1837,6537
"14854","07_report/CpG_context_sampling_18676_854_trimmed_bismark_bt2.CpG",6516,4646,1870,6516
"14855","07_report/CpG_context_sampling_18676_855_trimmed_bismark_bt2.CpG",6480,4607,1873,6480
"14856","07_report/CpG_context_sampling_18676_856_trimmed_bismark_bt2.CpG",6511,4664,1847,6511
"14857","07_report/CpG_context_sampling_18676_857_trimmed_bismark_bt2.CpG",6490,4673,1817,6490
"14858","07_report/CpG_context_sampling_18676_858_trimmed_bismark_bt2.CpG",6371,4545,1826,6371
"14859","07_report/CpG_context_sampling_18676_859_trimmed_bismark_bt2.CpG",6458,4682,1776,6458
"14860","07_report/CpG_context_sampling_18676_860_trimmed_bismark_bt2.CpG",6431,4607,1824,6431
"14861","07_report/CpG_context_sampling_18676_861_trimmed_bismark_bt2.CpG",6381,4449,1932,6381
"14862","07_report/CpG_context_sampling_18676_862_trimmed_bismark_bt2.CpG",6509,4681,1828,6509
"14863","07_report/CpG_context_sampling_18676_863_trimmed_bismark_bt2.CpG",6463,4599,1864,6463
"14864","07_report/CpG_context_sampling_18676_864_trimmed_bismark_bt2.CpG",6471,4651,1820,6471
"14865","07_report/CpG_context_sampling_18676_865_trimmed_bismark_bt2.CpG",6481,4622,1859,6481
"14866","07_report/CpG_context_sampling_18676_866_trimmed_bismark_bt2.CpG",6601,4741,1860,6601
"14867","07_report/CpG_context_sampling_18676_867_trimmed_bismark_bt2.CpG",6476,4630,1846,6476
"14868","07_report/CpG_context_sampling_18676_868_trimmed_bismark_bt2.CpG",6509,4650,1859,6509
"14869","07_report/CpG_context_sampling_18676_869_trimmed_bismark_bt2.CpG",6451,4570,1881,6451
"14870","07_report/CpG_context_sampling_18676_870_trimmed_bismark_bt2.CpG",6426,4587,1839,6426
"14871","07_report/CpG_context_sampling_18676_871_trimmed_bismark_bt2.CpG",6552,4706,1846,6552
"14872","07_report/CpG_context_sampling_18676_872_trimmed_bismark_bt2.CpG",6623,4697,1926,6623
"14873","07_report/CpG_context_sampling_18676_873_trimmed_bismark_bt2.CpG",6552,4595,1957,6552
"14874","07_report/CpG_context_sampling_18676_874_trimmed_bismark_bt2.CpG",6500,4689,1811,6500
"14875","07_report/CpG_context_sampling_18676_875_trimmed_bismark_bt2.CpG",6479,4636,1843,6479
"14876","07_report/CpG_context_sampling_18676_876_trimmed_bismark_bt2.CpG",6439,4542,1897,6439
"14877","07_report/CpG_context_sampling_18676_877_trimmed_bismark_bt2.CpG",6689,4768,1921,6689
"14878","07_report/CpG_context_sampling_18676_878_trimmed_bismark_bt2.CpG",6331,4549,1782,6331
"14879","07_report/CpG_context_sampling_18676_879_trimmed_bismark_bt2.CpG",6503,4639,1864,6503
"14880","07_report/CpG_context_sampling_18676_880_trimmed_bismark_bt2.CpG",6541,4677,1864,6541
"14881","07_report/CpG_context_sampling_18676_881_trimmed_bismark_bt2.CpG",6545,4679,1866,6545
"14882","07_report/CpG_context_sampling_18676_882_trimmed_bismark_bt2.CpG",6464,4636,1828,6464
"14883","07_report/CpG_context_sampling_18676_883_trimmed_bismark_bt2.CpG",6431,4608,1823,6431
"14884","07_report/CpG_context_sampling_18676_884_trimmed_bismark_bt2.CpG",6316,4453,1863,6316
"14885","07_report/CpG_context_sampling_18676_885_trimmed_bismark_bt2.CpG",6510,4617,1893,6510
"14886","07_report/CpG_context_sampling_18676_886_trimmed_bismark_bt2.CpG",6526,4629,1897,6526
"14887","07_report/CpG_context_sampling_18676_887_trimmed_bismark_bt2.CpG",6436,4694,1742,6436
"14888","07_report/CpG_context_sampling_18676_888_trimmed_bismark_bt2.CpG",6500,4633,1867,6500
"14889","07_report/CpG_context_sampling_18676_889_trimmed_bismark_bt2.CpG",6395,4533,1862,6395
"14890","07_report/CpG_context_sampling_18676_890_trimmed_bismark_bt2.CpG",6488,4663,1825,6488
"14891","07_report/CpG_context_sampling_18676_891_trimmed_bismark_bt2.CpG",6487,4658,1829,6487
"14892","07_report/CpG_context_sampling_18676_892_trimmed_bismark_bt2.CpG",6496,4637,1859,6496
"14893","07_report/CpG_context_sampling_18676_893_trimmed_bismark_bt2.CpG",6525,4680,1845,6525
"14894","07_report/CpG_context_sampling_18676_894_trimmed_bismark_bt2.CpG",6430,4586,1844,6430
"14895","07_report/CpG_context_sampling_18676_895_trimmed_bismark_bt2.CpG",6459,4591,1868,6459
"14896","07_report/CpG_context_sampling_18676_896_trimmed_bismark_bt2.CpG",6432,4642,1790,6432
"14897","07_report/CpG_context_sampling_18676_897_trimmed_bismark_bt2.CpG",6485,4654,1831,6485
"14898","07_report/CpG_context_sampling_18676_898_trimmed_bismark_bt2.CpG",6357,4467,1890,6357
"14899","07_report/CpG_context_sampling_18676_899_trimmed_bismark_bt2.CpG",6577,4687,1890,6577
"14900","07_report/CpG_context_sampling_18676_900_trimmed_bismark_bt2.CpG",6526,4674,1852,6526
"14901","07_report/CpG_context_sampling_18676_901_trimmed_bismark_bt2.CpG",6418,4560,1858,6418
"14902","07_report/CpG_context_sampling_18676_902_trimmed_bismark_bt2.CpG",6447,4616,1831,6447
"14903","07_report/CpG_context_sampling_18676_903_trimmed_bismark_bt2.CpG",6503,4664,1839,6503
"14904","07_report/CpG_context_sampling_18676_904_trimmed_bismark_bt2.CpG",6499,4559,1940,6499
"14905","07_report/CpG_context_sampling_18676_905_trimmed_bismark_bt2.CpG",6383,4531,1852,6383
"14906","07_report/CpG_context_sampling_18676_906_trimmed_bismark_bt2.CpG",6454,4655,1799,6454
"14907","07_report/CpG_context_sampling_18676_907_trimmed_bismark_bt2.CpG",6514,4649,1865,6514
"14908","07_report/CpG_context_sampling_18676_908_trimmed_bismark_bt2.CpG",6609,4696,1913,6609
"14909","07_report/CpG_context_sampling_18676_909_trimmed_bismark_bt2.CpG",6508,4708,1800,6508
"14910","07_report/CpG_context_sampling_18676_910_trimmed_bismark_bt2.CpG",6416,4575,1841,6416
"14911","07_report/CpG_context_sampling_18676_911_trimmed_bismark_bt2.CpG",6541,4660,1881,6541
"14912","07_report/CpG_context_sampling_18676_912_trimmed_bismark_bt2.CpG",6430,4545,1885,6430
"14913","07_report/CpG_context_sampling_18676_913_trimmed_bismark_bt2.CpG",6585,4720,1865,6585
"14914","07_report/CpG_context_sampling_18676_914_trimmed_bismark_bt2.CpG",6397,4573,1824,6397
"14915","07_report/CpG_context_sampling_18676_915_trimmed_bismark_bt2.CpG",6490,4653,1837,6490
"14916","07_report/CpG_context_sampling_18676_916_trimmed_bismark_bt2.CpG",6509,4667,1842,6509
"14917","07_report/CpG_context_sampling_18676_917_trimmed_bismark_bt2.CpG",6490,4679,1811,6490
"14918","07_report/CpG_context_sampling_18676_918_trimmed_bismark_bt2.CpG",6496,4642,1854,6496
"14919","07_report/CpG_context_sampling_18676_919_trimmed_bismark_bt2.CpG",6620,4753,1867,6620
"14920","07_report/CpG_context_sampling_18676_920_trimmed_bismark_bt2.CpG",6427,4545,1882,6427
"14921","07_report/CpG_context_sampling_18676_921_trimmed_bismark_bt2.CpG",6531,4688,1843,6531
"14922","07_report/CpG_context_sampling_18676_922_trimmed_bismark_bt2.CpG",6405,4559,1846,6405
"14923","07_report/CpG_context_sampling_18676_923_trimmed_bismark_bt2.CpG",6426,4585,1841,6426
"14924","07_report/CpG_context_sampling_18676_924_trimmed_bismark_bt2.CpG",6438,4580,1858,6438
"14925","07_report/CpG_context_sampling_18676_925_trimmed_bismark_bt2.CpG",6388,4506,1882,6388
"14926","07_report/CpG_context_sampling_18676_926_trimmed_bismark_bt2.CpG",6487,4559,1928,6487
"14927","07_report/CpG_context_sampling_18676_927_trimmed_bismark_bt2.CpG",6360,4506,1854,6360
"14928","07_report/CpG_context_sampling_18676_928_trimmed_bismark_bt2.CpG",6512,4667,1845,6512
"14929","07_report/CpG_context_sampling_18676_929_trimmed_bismark_bt2.CpG",6495,4690,1805,6495
"14930","07_report/CpG_context_sampling_18676_930_trimmed_bismark_bt2.CpG",6456,4574,1882,6456
"14931","07_report/CpG_context_sampling_18676_931_trimmed_bismark_bt2.CpG",6530,4735,1795,6530
"14932","07_report/CpG_context_sampling_18676_932_trimmed_bismark_bt2.CpG",6468,4632,1836,6468
"14933","07_report/CpG_context_sampling_18676_933_trimmed_bismark_bt2.CpG",6503,4655,1848,6503
"14934","07_report/CpG_context_sampling_18676_934_trimmed_bismark_bt2.CpG",6438,4661,1777,6438
"14935","07_report/CpG_context_sampling_18676_935_trimmed_bismark_bt2.CpG",6485,4652,1833,6485
"14936","07_report/CpG_context_sampling_18676_936_trimmed_bismark_bt2.CpG",6531,4649,1882,6531
"14937","07_report/CpG_context_sampling_18676_937_trimmed_bismark_bt2.CpG",6549,4737,1812,6549
"14938","07_report/CpG_context_sampling_18676_938_trimmed_bismark_bt2.CpG",6478,4617,1861,6478
"14939","07_report/CpG_context_sampling_18676_939_trimmed_bismark_bt2.CpG",6496,4690,1806,6496
"14940","07_report/CpG_context_sampling_18676_940_trimmed_bismark_bt2.CpG",6512,4640,1872,6512
"14941","07_report/CpG_context_sampling_18676_941_trimmed_bismark_bt2.CpG",6477,4611,1866,6477
"14942","07_report/CpG_context_sampling_18676_942_trimmed_bismark_bt2.CpG",6343,4582,1761,6343
"14943","07_report/CpG_context_sampling_18676_943_trimmed_bismark_bt2.CpG",6395,4613,1782,6395
"14944","07_report/CpG_context_sampling_18676_944_trimmed_bismark_bt2.CpG",6557,4661,1896,6557
"14945","07_report/CpG_context_sampling_18676_945_trimmed_bismark_bt2.CpG",6322,4540,1782,6322
"14946","07_report/CpG_context_sampling_18676_946_trimmed_bismark_bt2.CpG",6486,4587,1899,6486
"14947","07_report/CpG_context_sampling_18676_947_trimmed_bismark_bt2.CpG",6471,4597,1874,6471
"14948","07_report/CpG_context_sampling_18676_948_trimmed_bismark_bt2.CpG",6493,4640,1853,6493
"14949","07_report/CpG_context_sampling_18676_949_trimmed_bismark_bt2.CpG",6535,4729,1806,6535
"14950","07_report/CpG_context_sampling_18676_950_trimmed_bismark_bt2.CpG",6540,4658,1882,6540
"14951","07_report/CpG_context_sampling_18676_951_trimmed_bismark_bt2.CpG",6527,4697,1830,6527
"14952","07_report/CpG_context_sampling_18676_952_trimmed_bismark_bt2.CpG",6442,4592,1850,6442
"14953","07_report/CpG_context_sampling_18676_953_trimmed_bismark_bt2.CpG",6482,4549,1933,6482
"14954","07_report/CpG_context_sampling_18676_954_trimmed_bismark_bt2.CpG",6410,4597,1813,6410
"14955","07_report/CpG_context_sampling_18676_955_trimmed_bismark_bt2.CpG",6429,4539,1890,6429
"14956","07_report/CpG_context_sampling_18676_956_trimmed_bismark_bt2.CpG",6447,4581,1866,6447
"14957","07_report/CpG_context_sampling_18676_957_trimmed_bismark_bt2.CpG",6475,4699,1776,6475
"14958","07_report/CpG_context_sampling_18676_958_trimmed_bismark_bt2.CpG",6494,4620,1874,6494
"14959","07_report/CpG_context_sampling_18676_959_trimmed_bismark_bt2.CpG",6462,4646,1816,6462
"14960","07_report/CpG_context_sampling_18676_960_trimmed_bismark_bt2.CpG",6497,4610,1887,6497
"14961","07_report/CpG_context_sampling_18676_961_trimmed_bismark_bt2.CpG",6542,4658,1884,6542
"14962","07_report/CpG_context_sampling_18676_962_trimmed_bismark_bt2.CpG",6432,4573,1859,6432
"14963","07_report/CpG_context_sampling_18676_963_trimmed_bismark_bt2.CpG",6622,4717,1905,6622
"14964","07_report/CpG_context_sampling_18676_964_trimmed_bismark_bt2.CpG",6522,4640,1882,6522
"14965","07_report/CpG_context_sampling_18676_965_trimmed_bismark_bt2.CpG",6419,4611,1808,6419
"14966","07_report/CpG_context_sampling_18676_966_trimmed_bismark_bt2.CpG",6591,4687,1904,6591
"14967","07_report/CpG_context_sampling_18676_967_trimmed_bismark_bt2.CpG",6477,4658,1819,6477
"14968","07_report/CpG_context_sampling_18676_968_trimmed_bismark_bt2.CpG",6387,4582,1805,6387
"14969","07_report/CpG_context_sampling_18676_969_trimmed_bismark_bt2.CpG",6438,4613,1825,6438
"14970","07_report/CpG_context_sampling_18676_970_trimmed_bismark_bt2.CpG",6535,4741,1794,6535
"14971","07_report/CpG_context_sampling_18676_971_trimmed_bismark_bt2.CpG",6490,4625,1865,6490
"14972","07_report/CpG_context_sampling_18676_972_trimmed_bismark_bt2.CpG",6467,4624,1843,6467
"14973","07_report/CpG_context_sampling_18676_973_trimmed_bismark_bt2.CpG",6403,4568,1835,6403
"14974","07_report/CpG_context_sampling_18676_974_trimmed_bismark_bt2.CpG",6339,4505,1834,6339
"14975","07_report/CpG_context_sampling_18676_975_trimmed_bismark_bt2.CpG",6596,4713,1883,6596
"14976","07_report/CpG_context_sampling_18676_976_trimmed_bismark_bt2.CpG",6432,4643,1789,6432
"14977","07_report/CpG_context_sampling_18676_977_trimmed_bismark_bt2.CpG",6417,4612,1805,6417
"14978","07_report/CpG_context_sampling_18676_978_trimmed_bismark_bt2.CpG",6387,4499,1888,6387
"14979","07_report/CpG_context_sampling_18676_979_trimmed_bismark_bt2.CpG",6428,4595,1833,6428
"14980","07_report/CpG_context_sampling_18676_980_trimmed_bismark_bt2.CpG",6481,4591,1890,6481
"14981","07_report/CpG_context_sampling_18676_981_trimmed_bismark_bt2.CpG",6444,4619,1825,6444
"14982","07_report/CpG_context_sampling_18676_982_trimmed_bismark_bt2.CpG",6446,4593,1853,6446
"14983","07_report/CpG_context_sampling_18676_983_trimmed_bismark_bt2.CpG",6490,4598,1892,6490
"14984","07_report/CpG_context_sampling_18676_984_trimmed_bismark_bt2.CpG",6500,4757,1743,6500
"14985","07_report/CpG_context_sampling_18676_985_trimmed_bismark_bt2.CpG",6466,4665,1801,6466
"14986","07_report/CpG_context_sampling_18676_986_trimmed_bismark_bt2.CpG",6387,4627,1760,6387
"14987","07_report/CpG_context_sampling_18676_987_trimmed_bismark_bt2.CpG",6491,4726,1765,6491
"14988","07_report/CpG_context_sampling_18676_988_trimmed_bismark_bt2.CpG",6428,4552,1876,6428
"14989","07_report/CpG_context_sampling_18676_989_trimmed_bismark_bt2.CpG",6494,4618,1876,6494
"14990","07_report/CpG_context_sampling_18676_990_trimmed_bismark_bt2.CpG",6483,4626,1857,6483
"14991","07_report/CpG_context_sampling_18676_991_trimmed_bismark_bt2.CpG",6414,4538,1876,6414
"14992","07_report/CpG_context_sampling_18676_992_trimmed_bismark_bt2.CpG",6559,4687,1872,6559
"14993","07_report/CpG_context_sampling_18676_993_trimmed_bismark_bt2.CpG",6434,4617,1817,6434
"14994","07_report/CpG_context_sampling_18676_994_trimmed_bismark_bt2.CpG",6391,4581,1810,6391
"14995","07_report/CpG_context_sampling_18676_995_trimmed_bismark_bt2.CpG",6452,4619,1833,6452
"14996","07_report/CpG_context_sampling_18676_996_trimmed_bismark_bt2.CpG",6427,4588,1839,6427
"14997","07_report/CpG_context_sampling_18676_997_trimmed_bismark_bt2.CpG",6511,4659,1852,6511
"14998","07_report/CpG_context_sampling_18676_998_trimmed_bismark_bt2.CpG",6485,4656,1829,6485
"14999","07_report/CpG_context_sampling_18676_999_trimmed_bismark_bt2.CpG",6400,4557,1843,6400
"15000","07_report/CpG_context_sampling_18676_1000_trimmed_bismark_bt2.CpG",6408,4513,1895,6408
"15001","07_report/CpG_context_sampling_21789_1_trimmed_bismark_bt2.CpG",7620,5340,2280,7620
"15002","07_report/CpG_context_sampling_21789_2_trimmed_bismark_bt2.CpG",7632,5417,2215,7632
"15003","07_report/CpG_context_sampling_21789_3_trimmed_bismark_bt2.CpG",7537,5381,2156,7537
"15004","07_report/CpG_context_sampling_21789_4_trimmed_bismark_bt2.CpG",7587,5400,2187,7587
"15005","07_report/CpG_context_sampling_21789_5_trimmed_bismark_bt2.CpG",7637,5453,2184,7637
"15006","07_report/CpG_context_sampling_21789_6_trimmed_bismark_bt2.CpG",7519,5385,2134,7519
"15007","07_report/CpG_context_sampling_21789_7_trimmed_bismark_bt2.CpG",7572,5437,2135,7572
"15008","07_report/CpG_context_sampling_21789_8_trimmed_bismark_bt2.CpG",7544,5439,2105,7544
"15009","07_report/CpG_context_sampling_21789_9_trimmed_bismark_bt2.CpG",7525,5403,2122,7525
"15010","07_report/CpG_context_sampling_21789_10_trimmed_bismark_bt2.CpG",7599,5423,2176,7599
"15011","07_report/CpG_context_sampling_21789_11_trimmed_bismark_bt2.CpG",7632,5525,2107,7632
"15012","07_report/CpG_context_sampling_21789_12_trimmed_bismark_bt2.CpG",7534,5357,2177,7534
"15013","07_report/CpG_context_sampling_21789_13_trimmed_bismark_bt2.CpG",7571,5440,2131,7571
"15014","07_report/CpG_context_sampling_21789_14_trimmed_bismark_bt2.CpG",7627,5451,2176,7627
"15015","07_report/CpG_context_sampling_21789_15_trimmed_bismark_bt2.CpG",7432,5369,2063,7432
"15016","07_report/CpG_context_sampling_21789_16_trimmed_bismark_bt2.CpG",7483,5330,2153,7483
"15017","07_report/CpG_context_sampling_21789_17_trimmed_bismark_bt2.CpG",7479,5303,2176,7479
"15018","07_report/CpG_context_sampling_21789_18_trimmed_bismark_bt2.CpG",7445,5387,2058,7445
"15019","07_report/CpG_context_sampling_21789_19_trimmed_bismark_bt2.CpG",7662,5514,2148,7662
"15020","07_report/CpG_context_sampling_21789_20_trimmed_bismark_bt2.CpG",7650,5513,2137,7650
"15021","07_report/CpG_context_sampling_21789_21_trimmed_bismark_bt2.CpG",7550,5351,2199,7550
"15022","07_report/CpG_context_sampling_21789_22_trimmed_bismark_bt2.CpG",7635,5409,2226,7635
"15023","07_report/CpG_context_sampling_21789_23_trimmed_bismark_bt2.CpG",7443,5328,2115,7443
"15024","07_report/CpG_context_sampling_21789_24_trimmed_bismark_bt2.CpG",7522,5357,2165,7522
"15025","07_report/CpG_context_sampling_21789_25_trimmed_bismark_bt2.CpG",7516,5379,2137,7516
"15026","07_report/CpG_context_sampling_21789_26_trimmed_bismark_bt2.CpG",7521,5288,2233,7521
"15027","07_report/CpG_context_sampling_21789_27_trimmed_bismark_bt2.CpG",7574,5489,2085,7574
"15028","07_report/CpG_context_sampling_21789_28_trimmed_bismark_bt2.CpG",7602,5461,2141,7602
"15029","07_report/CpG_context_sampling_21789_29_trimmed_bismark_bt2.CpG",7613,5471,2142,7613
"15030","07_report/CpG_context_sampling_21789_30_trimmed_bismark_bt2.CpG",7568,5413,2155,7568
"15031","07_report/CpG_context_sampling_21789_31_trimmed_bismark_bt2.CpG",7488,5394,2094,7488
"15032","07_report/CpG_context_sampling_21789_32_trimmed_bismark_bt2.CpG",7445,5270,2175,7445
"15033","07_report/CpG_context_sampling_21789_33_trimmed_bismark_bt2.CpG",7575,5385,2190,7575
"15034","07_report/CpG_context_sampling_21789_34_trimmed_bismark_bt2.CpG",7481,5339,2142,7481
"15035","07_report/CpG_context_sampling_21789_35_trimmed_bismark_bt2.CpG",7566,5395,2171,7566
"15036","07_report/CpG_context_sampling_21789_36_trimmed_bismark_bt2.CpG",7500,5342,2158,7500
"15037","07_report/CpG_context_sampling_21789_37_trimmed_bismark_bt2.CpG",7618,5461,2157,7618
"15038","07_report/CpG_context_sampling_21789_38_trimmed_bismark_bt2.CpG",7553,5341,2212,7553
"15039","07_report/CpG_context_sampling_21789_39_trimmed_bismark_bt2.CpG",7547,5357,2190,7547
"15040","07_report/CpG_context_sampling_21789_40_trimmed_bismark_bt2.CpG",7480,5306,2174,7480
"15041","07_report/CpG_context_sampling_21789_41_trimmed_bismark_bt2.CpG",7524,5332,2192,7524
"15042","07_report/CpG_context_sampling_21789_42_trimmed_bismark_bt2.CpG",7564,5404,2160,7564
"15043","07_report/CpG_context_sampling_21789_43_trimmed_bismark_bt2.CpG",7634,5452,2182,7634
"15044","07_report/CpG_context_sampling_21789_44_trimmed_bismark_bt2.CpG",7477,5306,2171,7477
"15045","07_report/CpG_context_sampling_21789_45_trimmed_bismark_bt2.CpG",7438,5344,2094,7438
"15046","07_report/CpG_context_sampling_21789_46_trimmed_bismark_bt2.CpG",7627,5455,2172,7627
"15047","07_report/CpG_context_sampling_21789_47_trimmed_bismark_bt2.CpG",7451,5334,2117,7451
"15048","07_report/CpG_context_sampling_21789_48_trimmed_bismark_bt2.CpG",7515,5455,2060,7515
"15049","07_report/CpG_context_sampling_21789_49_trimmed_bismark_bt2.CpG",7650,5539,2111,7650
"15050","07_report/CpG_context_sampling_21789_50_trimmed_bismark_bt2.CpG",7496,5245,2251,7496
"15051","07_report/CpG_context_sampling_21789_51_trimmed_bismark_bt2.CpG",7567,5371,2196,7567
"15052","07_report/CpG_context_sampling_21789_52_trimmed_bismark_bt2.CpG",7406,5305,2101,7406
"15053","07_report/CpG_context_sampling_21789_53_trimmed_bismark_bt2.CpG",7485,5386,2099,7485
"15054","07_report/CpG_context_sampling_21789_54_trimmed_bismark_bt2.CpG",7536,5397,2139,7536
"15055","07_report/CpG_context_sampling_21789_55_trimmed_bismark_bt2.CpG",7426,5306,2120,7426
"15056","07_report/CpG_context_sampling_21789_56_trimmed_bismark_bt2.CpG",7516,5376,2140,7516
"15057","07_report/CpG_context_sampling_21789_57_trimmed_bismark_bt2.CpG",7621,5489,2132,7621
"15058","07_report/CpG_context_sampling_21789_58_trimmed_bismark_bt2.CpG",7625,5420,2205,7625
"15059","07_report/CpG_context_sampling_21789_59_trimmed_bismark_bt2.CpG",7698,5503,2195,7698
"15060","07_report/CpG_context_sampling_21789_60_trimmed_bismark_bt2.CpG",7508,5332,2176,7508
"15061","07_report/CpG_context_sampling_21789_61_trimmed_bismark_bt2.CpG",7573,5401,2172,7573
"15062","07_report/CpG_context_sampling_21789_62_trimmed_bismark_bt2.CpG",7456,5313,2143,7456
"15063","07_report/CpG_context_sampling_21789_63_trimmed_bismark_bt2.CpG",7392,5231,2161,7392
"15064","07_report/CpG_context_sampling_21789_64_trimmed_bismark_bt2.CpG",7454,5347,2107,7454
"15065","07_report/CpG_context_sampling_21789_65_trimmed_bismark_bt2.CpG",7496,5333,2163,7496
"15066","07_report/CpG_context_sampling_21789_66_trimmed_bismark_bt2.CpG",7585,5445,2140,7585
"15067","07_report/CpG_context_sampling_21789_67_trimmed_bismark_bt2.CpG",7592,5479,2113,7592
"15068","07_report/CpG_context_sampling_21789_68_trimmed_bismark_bt2.CpG",7626,5472,2154,7626
"15069","07_report/CpG_context_sampling_21789_69_trimmed_bismark_bt2.CpG",7556,5423,2133,7556
"15070","07_report/CpG_context_sampling_21789_70_trimmed_bismark_bt2.CpG",7609,5412,2197,7609
"15071","07_report/CpG_context_sampling_21789_71_trimmed_bismark_bt2.CpG",7546,5467,2079,7546
"15072","07_report/CpG_context_sampling_21789_72_trimmed_bismark_bt2.CpG",7591,5371,2220,7591
"15073","07_report/CpG_context_sampling_21789_73_trimmed_bismark_bt2.CpG",7741,5482,2259,7741
"15074","07_report/CpG_context_sampling_21789_74_trimmed_bismark_bt2.CpG",7565,5414,2151,7565
"15075","07_report/CpG_context_sampling_21789_75_trimmed_bismark_bt2.CpG",7509,5417,2092,7509
"15076","07_report/CpG_context_sampling_21789_76_trimmed_bismark_bt2.CpG",7481,5430,2051,7481
"15077","07_report/CpG_context_sampling_21789_77_trimmed_bismark_bt2.CpG",7673,5473,2200,7673
"15078","07_report/CpG_context_sampling_21789_78_trimmed_bismark_bt2.CpG",7475,5356,2119,7475
"15079","07_report/CpG_context_sampling_21789_79_trimmed_bismark_bt2.CpG",7515,5415,2100,7515
"15080","07_report/CpG_context_sampling_21789_80_trimmed_bismark_bt2.CpG",7440,5315,2125,7440
"15081","07_report/CpG_context_sampling_21789_81_trimmed_bismark_bt2.CpG",7504,5351,2153,7504
"15082","07_report/CpG_context_sampling_21789_82_trimmed_bismark_bt2.CpG",7467,5397,2070,7467
"15083","07_report/CpG_context_sampling_21789_83_trimmed_bismark_bt2.CpG",7498,5340,2158,7498
"15084","07_report/CpG_context_sampling_21789_84_trimmed_bismark_bt2.CpG",7515,5418,2097,7515
"15085","07_report/CpG_context_sampling_21789_85_trimmed_bismark_bt2.CpG",7477,5343,2134,7477
"15086","07_report/CpG_context_sampling_21789_86_trimmed_bismark_bt2.CpG",7622,5445,2177,7622
"15087","07_report/CpG_context_sampling_21789_87_trimmed_bismark_bt2.CpG",7552,5482,2070,7552
"15088","07_report/CpG_context_sampling_21789_88_trimmed_bismark_bt2.CpG",7682,5519,2163,7682
"15089","07_report/CpG_context_sampling_21789_89_trimmed_bismark_bt2.CpG",7637,5442,2195,7637
"15090","07_report/CpG_context_sampling_21789_90_trimmed_bismark_bt2.CpG",7435,5319,2116,7435
"15091","07_report/CpG_context_sampling_21789_91_trimmed_bismark_bt2.CpG",7540,5437,2103,7540
"15092","07_report/CpG_context_sampling_21789_92_trimmed_bismark_bt2.CpG",7485,5320,2165,7485
"15093","07_report/CpG_context_sampling_21789_93_trimmed_bismark_bt2.CpG",7378,5272,2106,7378
"15094","07_report/CpG_context_sampling_21789_94_trimmed_bismark_bt2.CpG",7561,5446,2115,7561
"15095","07_report/CpG_context_sampling_21789_95_trimmed_bismark_bt2.CpG",7696,5545,2151,7696
"15096","07_report/CpG_context_sampling_21789_96_trimmed_bismark_bt2.CpG",7644,5539,2105,7644
"15097","07_report/CpG_context_sampling_21789_97_trimmed_bismark_bt2.CpG",7497,5341,2156,7497
"15098","07_report/CpG_context_sampling_21789_98_trimmed_bismark_bt2.CpG",7474,5357,2117,7474
"15099","07_report/CpG_context_sampling_21789_99_trimmed_bismark_bt2.CpG",7672,5423,2249,7672
"15100","07_report/CpG_context_sampling_21789_100_trimmed_bismark_bt2.CpG",7662,5457,2205,7662
"15101","07_report/CpG_context_sampling_21789_101_trimmed_bismark_bt2.CpG",7572,5500,2072,7572
"15102","07_report/CpG_context_sampling_21789_102_trimmed_bismark_bt2.CpG",7501,5369,2132,7501
"15103","07_report/CpG_context_sampling_21789_103_trimmed_bismark_bt2.CpG",7532,5515,2017,7532
"15104","07_report/CpG_context_sampling_21789_104_trimmed_bismark_bt2.CpG",7532,5366,2166,7532
"15105","07_report/CpG_context_sampling_21789_105_trimmed_bismark_bt2.CpG",7589,5396,2193,7589
"15106","07_report/CpG_context_sampling_21789_106_trimmed_bismark_bt2.CpG",7529,5419,2110,7529
"15107","07_report/CpG_context_sampling_21789_107_trimmed_bismark_bt2.CpG",7503,5360,2143,7503
"15108","07_report/CpG_context_sampling_21789_108_trimmed_bismark_bt2.CpG",7508,5380,2128,7508
"15109","07_report/CpG_context_sampling_21789_109_trimmed_bismark_bt2.CpG",7562,5424,2138,7562
"15110","07_report/CpG_context_sampling_21789_110_trimmed_bismark_bt2.CpG",7589,5486,2103,7589
"15111","07_report/CpG_context_sampling_21789_111_trimmed_bismark_bt2.CpG",7533,5339,2194,7533
"15112","07_report/CpG_context_sampling_21789_112_trimmed_bismark_bt2.CpG",7587,5421,2166,7587
"15113","07_report/CpG_context_sampling_21789_113_trimmed_bismark_bt2.CpG",7600,5487,2113,7600
"15114","07_report/CpG_context_sampling_21789_114_trimmed_bismark_bt2.CpG",7577,5430,2147,7577
"15115","07_report/CpG_context_sampling_21789_115_trimmed_bismark_bt2.CpG",7485,5307,2178,7485
"15116","07_report/CpG_context_sampling_21789_116_trimmed_bismark_bt2.CpG",7545,5411,2134,7545
"15117","07_report/CpG_context_sampling_21789_117_trimmed_bismark_bt2.CpG",7632,5453,2179,7632
"15118","07_report/CpG_context_sampling_21789_118_trimmed_bismark_bt2.CpG",7600,5465,2135,7600
"15119","07_report/CpG_context_sampling_21789_119_trimmed_bismark_bt2.CpG",7487,5354,2133,7487
"15120","07_report/CpG_context_sampling_21789_120_trimmed_bismark_bt2.CpG",7584,5461,2123,7584
"15121","07_report/CpG_context_sampling_21789_121_trimmed_bismark_bt2.CpG",7615,5407,2208,7615
"15122","07_report/CpG_context_sampling_21789_122_trimmed_bismark_bt2.CpG",7464,5339,2125,7464
"15123","07_report/CpG_context_sampling_21789_123_trimmed_bismark_bt2.CpG",7539,5396,2143,7539
"15124","07_report/CpG_context_sampling_21789_124_trimmed_bismark_bt2.CpG",7523,5408,2115,7523
"15125","07_report/CpG_context_sampling_21789_125_trimmed_bismark_bt2.CpG",7554,5365,2189,7554
"15126","07_report/CpG_context_sampling_21789_126_trimmed_bismark_bt2.CpG",7520,5389,2131,7520
"15127","07_report/CpG_context_sampling_21789_127_trimmed_bismark_bt2.CpG",7617,5433,2184,7617
"15128","07_report/CpG_context_sampling_21789_128_trimmed_bismark_bt2.CpG",7418,5384,2034,7418
"15129","07_report/CpG_context_sampling_21789_129_trimmed_bismark_bt2.CpG",7512,5350,2162,7512
"15130","07_report/CpG_context_sampling_21789_130_trimmed_bismark_bt2.CpG",7621,5349,2272,7621
"15131","07_report/CpG_context_sampling_21789_131_trimmed_bismark_bt2.CpG",7485,5362,2123,7485
"15132","07_report/CpG_context_sampling_21789_132_trimmed_bismark_bt2.CpG",7559,5395,2164,7559
"15133","07_report/CpG_context_sampling_21789_133_trimmed_bismark_bt2.CpG",7506,5397,2109,7506
"15134","07_report/CpG_context_sampling_21789_134_trimmed_bismark_bt2.CpG",7558,5430,2128,7558
"15135","07_report/CpG_context_sampling_21789_135_trimmed_bismark_bt2.CpG",7569,5413,2156,7569
"15136","07_report/CpG_context_sampling_21789_136_trimmed_bismark_bt2.CpG",7570,5425,2145,7570
"15137","07_report/CpG_context_sampling_21789_137_trimmed_bismark_bt2.CpG",7627,5393,2234,7627
"15138","07_report/CpG_context_sampling_21789_138_trimmed_bismark_bt2.CpG",7395,5280,2115,7395
"15139","07_report/CpG_context_sampling_21789_139_trimmed_bismark_bt2.CpG",7479,5341,2138,7479
"15140","07_report/CpG_context_sampling_21789_140_trimmed_bismark_bt2.CpG",7488,5390,2098,7488
"15141","07_report/CpG_context_sampling_21789_141_trimmed_bismark_bt2.CpG",7481,5317,2164,7481
"15142","07_report/CpG_context_sampling_21789_142_trimmed_bismark_bt2.CpG",7614,5449,2165,7614
"15143","07_report/CpG_context_sampling_21789_143_trimmed_bismark_bt2.CpG",7539,5387,2152,7539
"15144","07_report/CpG_context_sampling_21789_144_trimmed_bismark_bt2.CpG",7529,5435,2094,7529
"15145","07_report/CpG_context_sampling_21789_145_trimmed_bismark_bt2.CpG",7544,5424,2120,7544
"15146","07_report/CpG_context_sampling_21789_146_trimmed_bismark_bt2.CpG",7540,5341,2199,7540
"15147","07_report/CpG_context_sampling_21789_147_trimmed_bismark_bt2.CpG",7552,5339,2213,7552
"15148","07_report/CpG_context_sampling_21789_148_trimmed_bismark_bt2.CpG",7566,5370,2196,7566
"15149","07_report/CpG_context_sampling_21789_149_trimmed_bismark_bt2.CpG",7587,5384,2203,7587
"15150","07_report/CpG_context_sampling_21789_150_trimmed_bismark_bt2.CpG",7668,5443,2225,7668
"15151","07_report/CpG_context_sampling_21789_151_trimmed_bismark_bt2.CpG",7551,5369,2182,7551
"15152","07_report/CpG_context_sampling_21789_152_trimmed_bismark_bt2.CpG",7582,5376,2206,7582
"15153","07_report/CpG_context_sampling_21789_153_trimmed_bismark_bt2.CpG",7461,5322,2139,7461
"15154","07_report/CpG_context_sampling_21789_154_trimmed_bismark_bt2.CpG",7731,5533,2198,7731
"15155","07_report/CpG_context_sampling_21789_155_trimmed_bismark_bt2.CpG",7631,5431,2200,7631
"15156","07_report/CpG_context_sampling_21789_156_trimmed_bismark_bt2.CpG",7555,5397,2158,7555
"15157","07_report/CpG_context_sampling_21789_157_trimmed_bismark_bt2.CpG",7607,5487,2120,7607
"15158","07_report/CpG_context_sampling_21789_158_trimmed_bismark_bt2.CpG",7597,5422,2175,7597
"15159","07_report/CpG_context_sampling_21789_159_trimmed_bismark_bt2.CpG",7629,5406,2223,7629
"15160","07_report/CpG_context_sampling_21789_160_trimmed_bismark_bt2.CpG",7571,5443,2128,7571
"15161","07_report/CpG_context_sampling_21789_161_trimmed_bismark_bt2.CpG",7587,5460,2127,7587
"15162","07_report/CpG_context_sampling_21789_162_trimmed_bismark_bt2.CpG",7631,5510,2121,7631
"15163","07_report/CpG_context_sampling_21789_163_trimmed_bismark_bt2.CpG",7629,5404,2225,7629
"15164","07_report/CpG_context_sampling_21789_164_trimmed_bismark_bt2.CpG",7608,5370,2238,7608
"15165","07_report/CpG_context_sampling_21789_165_trimmed_bismark_bt2.CpG",7634,5506,2128,7634
"15166","07_report/CpG_context_sampling_21789_166_trimmed_bismark_bt2.CpG",7606,5500,2106,7606
"15167","07_report/CpG_context_sampling_21789_167_trimmed_bismark_bt2.CpG",7602,5423,2179,7602
"15168","07_report/CpG_context_sampling_21789_168_trimmed_bismark_bt2.CpG",7564,5398,2166,7564
"15169","07_report/CpG_context_sampling_21789_169_trimmed_bismark_bt2.CpG",7707,5507,2200,7707
"15170","07_report/CpG_context_sampling_21789_170_trimmed_bismark_bt2.CpG",7538,5405,2133,7538
"15171","07_report/CpG_context_sampling_21789_171_trimmed_bismark_bt2.CpG",7546,5376,2170,7546
"15172","07_report/CpG_context_sampling_21789_172_trimmed_bismark_bt2.CpG",7502,5379,2123,7502
"15173","07_report/CpG_context_sampling_21789_173_trimmed_bismark_bt2.CpG",7624,5487,2137,7624
"15174","07_report/CpG_context_sampling_21789_174_trimmed_bismark_bt2.CpG",7615,5471,2144,7615
"15175","07_report/CpG_context_sampling_21789_175_trimmed_bismark_bt2.CpG",7673,5440,2233,7673
"15176","07_report/CpG_context_sampling_21789_176_trimmed_bismark_bt2.CpG",7419,5282,2137,7419
"15177","07_report/CpG_context_sampling_21789_177_trimmed_bismark_bt2.CpG",7406,5249,2157,7406
"15178","07_report/CpG_context_sampling_21789_178_trimmed_bismark_bt2.CpG",7651,5519,2132,7651
"15179","07_report/CpG_context_sampling_21789_179_trimmed_bismark_bt2.CpG",7674,5457,2217,7674
"15180","07_report/CpG_context_sampling_21789_180_trimmed_bismark_bt2.CpG",7545,5326,2219,7545
"15181","07_report/CpG_context_sampling_21789_181_trimmed_bismark_bt2.CpG",7575,5450,2125,7575
"15182","07_report/CpG_context_sampling_21789_182_trimmed_bismark_bt2.CpG",7641,5534,2107,7641
"15183","07_report/CpG_context_sampling_21789_183_trimmed_bismark_bt2.CpG",7677,5477,2200,7677
"15184","07_report/CpG_context_sampling_21789_184_trimmed_bismark_bt2.CpG",7664,5514,2150,7664
"15185","07_report/CpG_context_sampling_21789_185_trimmed_bismark_bt2.CpG",7534,5416,2118,7534
"15186","07_report/CpG_context_sampling_21789_186_trimmed_bismark_bt2.CpG",7535,5421,2114,7535
"15187","07_report/CpG_context_sampling_21789_187_trimmed_bismark_bt2.CpG",7571,5485,2086,7571
"15188","07_report/CpG_context_sampling_21789_188_trimmed_bismark_bt2.CpG",7536,5376,2160,7536
"15189","07_report/CpG_context_sampling_21789_189_trimmed_bismark_bt2.CpG",7589,5493,2096,7589
"15190","07_report/CpG_context_sampling_21789_190_trimmed_bismark_bt2.CpG",7511,5430,2081,7511
"15191","07_report/CpG_context_sampling_21789_191_trimmed_bismark_bt2.CpG",7613,5422,2191,7613
"15192","07_report/CpG_context_sampling_21789_192_trimmed_bismark_bt2.CpG",7506,5324,2182,7506
"15193","07_report/CpG_context_sampling_21789_193_trimmed_bismark_bt2.CpG",7541,5378,2163,7541
"15194","07_report/CpG_context_sampling_21789_194_trimmed_bismark_bt2.CpG",7482,5293,2189,7482
"15195","07_report/CpG_context_sampling_21789_195_trimmed_bismark_bt2.CpG",7485,5364,2121,7485
"15196","07_report/CpG_context_sampling_21789_196_trimmed_bismark_bt2.CpG",7627,5529,2098,7627
"15197","07_report/CpG_context_sampling_21789_197_trimmed_bismark_bt2.CpG",7567,5360,2207,7567
"15198","07_report/CpG_context_sampling_21789_198_trimmed_bismark_bt2.CpG",7521,5366,2155,7521
"15199","07_report/CpG_context_sampling_21789_199_trimmed_bismark_bt2.CpG",7546,5356,2190,7546
"15200","07_report/CpG_context_sampling_21789_200_trimmed_bismark_bt2.CpG",7481,5323,2158,7481
"15201","07_report/CpG_context_sampling_21789_201_trimmed_bismark_bt2.CpG",7676,5479,2197,7676
"15202","07_report/CpG_context_sampling_21789_202_trimmed_bismark_bt2.CpG",7511,5370,2141,7511
"15203","07_report/CpG_context_sampling_21789_203_trimmed_bismark_bt2.CpG",7489,5394,2095,7489
"15204","07_report/CpG_context_sampling_21789_204_trimmed_bismark_bt2.CpG",7514,5369,2145,7514
"15205","07_report/CpG_context_sampling_21789_205_trimmed_bismark_bt2.CpG",7501,5382,2119,7501
"15206","07_report/CpG_context_sampling_21789_206_trimmed_bismark_bt2.CpG",7639,5509,2130,7639
"15207","07_report/CpG_context_sampling_21789_207_trimmed_bismark_bt2.CpG",7540,5355,2185,7540
"15208","07_report/CpG_context_sampling_21789_208_trimmed_bismark_bt2.CpG",7540,5383,2157,7540
"15209","07_report/CpG_context_sampling_21789_209_trimmed_bismark_bt2.CpG",7518,5367,2151,7518
"15210","07_report/CpG_context_sampling_21789_210_trimmed_bismark_bt2.CpG",7607,5416,2191,7607
"15211","07_report/CpG_context_sampling_21789_211_trimmed_bismark_bt2.CpG",7646,5471,2175,7646
"15212","07_report/CpG_context_sampling_21789_212_trimmed_bismark_bt2.CpG",7535,5462,2073,7535
"15213","07_report/CpG_context_sampling_21789_213_trimmed_bismark_bt2.CpG",7616,5452,2164,7616
"15214","07_report/CpG_context_sampling_21789_214_trimmed_bismark_bt2.CpG",7502,5327,2175,7502
"15215","07_report/CpG_context_sampling_21789_215_trimmed_bismark_bt2.CpG",7516,5334,2182,7516
"15216","07_report/CpG_context_sampling_21789_216_trimmed_bismark_bt2.CpG",7602,5442,2160,7602
"15217","07_report/CpG_context_sampling_21789_217_trimmed_bismark_bt2.CpG",7486,5335,2151,7486
"15218","07_report/CpG_context_sampling_21789_218_trimmed_bismark_bt2.CpG",7404,5314,2090,7404
"15219","07_report/CpG_context_sampling_21789_219_trimmed_bismark_bt2.CpG",7572,5468,2104,7572
"15220","07_report/CpG_context_sampling_21789_220_trimmed_bismark_bt2.CpG",7591,5394,2197,7591
"15221","07_report/CpG_context_sampling_21789_221_trimmed_bismark_bt2.CpG",7677,5473,2204,7677
"15222","07_report/CpG_context_sampling_21789_222_trimmed_bismark_bt2.CpG",7509,5322,2187,7509
"15223","07_report/CpG_context_sampling_21789_223_trimmed_bismark_bt2.CpG",7459,5325,2134,7459
"15224","07_report/CpG_context_sampling_21789_224_trimmed_bismark_bt2.CpG",7612,5462,2150,7612
"15225","07_report/CpG_context_sampling_21789_225_trimmed_bismark_bt2.CpG",7598,5439,2159,7598
"15226","07_report/CpG_context_sampling_21789_226_trimmed_bismark_bt2.CpG",7676,5427,2249,7676
"15227","07_report/CpG_context_sampling_21789_227_trimmed_bismark_bt2.CpG",7520,5349,2171,7520
"15228","07_report/CpG_context_sampling_21789_228_trimmed_bismark_bt2.CpG",7531,5430,2101,7531
"15229","07_report/CpG_context_sampling_21789_229_trimmed_bismark_bt2.CpG",7573,5351,2222,7573
"15230","07_report/CpG_context_sampling_21789_230_trimmed_bismark_bt2.CpG",7553,5392,2161,7553
"15231","07_report/CpG_context_sampling_21789_231_trimmed_bismark_bt2.CpG",7580,5415,2165,7580
"15232","07_report/CpG_context_sampling_21789_232_trimmed_bismark_bt2.CpG",7619,5495,2124,7619
"15233","07_report/CpG_context_sampling_21789_233_trimmed_bismark_bt2.CpG",7560,5390,2170,7560
"15234","07_report/CpG_context_sampling_21789_234_trimmed_bismark_bt2.CpG",7469,5272,2197,7469
"15235","07_report/CpG_context_sampling_21789_235_trimmed_bismark_bt2.CpG",7505,5383,2122,7505
"15236","07_report/CpG_context_sampling_21789_236_trimmed_bismark_bt2.CpG",7548,5426,2122,7548
"15237","07_report/CpG_context_sampling_21789_237_trimmed_bismark_bt2.CpG",7565,5357,2208,7565
"15238","07_report/CpG_context_sampling_21789_238_trimmed_bismark_bt2.CpG",7622,5410,2212,7622
"15239","07_report/CpG_context_sampling_21789_239_trimmed_bismark_bt2.CpG",7556,5400,2156,7556
"15240","07_report/CpG_context_sampling_21789_240_trimmed_bismark_bt2.CpG",7397,5255,2142,7397
"15241","07_report/CpG_context_sampling_21789_241_trimmed_bismark_bt2.CpG",7578,5479,2099,7578
"15242","07_report/CpG_context_sampling_21789_242_trimmed_bismark_bt2.CpG",7532,5470,2062,7532
"15243","07_report/CpG_context_sampling_21789_243_trimmed_bismark_bt2.CpG",7353,5215,2138,7353
"15244","07_report/CpG_context_sampling_21789_244_trimmed_bismark_bt2.CpG",7566,5401,2165,7566
"15245","07_report/CpG_context_sampling_21789_245_trimmed_bismark_bt2.CpG",7581,5411,2170,7581
"15246","07_report/CpG_context_sampling_21789_246_trimmed_bismark_bt2.CpG",7523,5414,2109,7523
"15247","07_report/CpG_context_sampling_21789_247_trimmed_bismark_bt2.CpG",7498,5371,2127,7498
"15248","07_report/CpG_context_sampling_21789_248_trimmed_bismark_bt2.CpG",7525,5340,2185,7525
"15249","07_report/CpG_context_sampling_21789_249_trimmed_bismark_bt2.CpG",7461,5326,2135,7461
"15250","07_report/CpG_context_sampling_21789_250_trimmed_bismark_bt2.CpG",7537,5396,2141,7537
"15251","07_report/CpG_context_sampling_21789_251_trimmed_bismark_bt2.CpG",7606,5420,2186,7606
"15252","07_report/CpG_context_sampling_21789_252_trimmed_bismark_bt2.CpG",7589,5447,2142,7589
"15253","07_report/CpG_context_sampling_21789_253_trimmed_bismark_bt2.CpG",7617,5466,2151,7617
"15254","07_report/CpG_context_sampling_21789_254_trimmed_bismark_bt2.CpG",7552,5407,2145,7552
"15255","07_report/CpG_context_sampling_21789_255_trimmed_bismark_bt2.CpG",7652,5488,2164,7652
"15256","07_report/CpG_context_sampling_21789_256_trimmed_bismark_bt2.CpG",7572,5450,2122,7572
"15257","07_report/CpG_context_sampling_21789_257_trimmed_bismark_bt2.CpG",7636,5468,2168,7636
"15258","07_report/CpG_context_sampling_21789_258_trimmed_bismark_bt2.CpG",7602,5443,2159,7602
"15259","07_report/CpG_context_sampling_21789_259_trimmed_bismark_bt2.CpG",7660,5510,2150,7660
"15260","07_report/CpG_context_sampling_21789_260_trimmed_bismark_bt2.CpG",7604,5449,2155,7604
"15261","07_report/CpG_context_sampling_21789_261_trimmed_bismark_bt2.CpG",7482,5333,2149,7482
"15262","07_report/CpG_context_sampling_21789_262_trimmed_bismark_bt2.CpG",7424,5319,2105,7424
"15263","07_report/CpG_context_sampling_21789_263_trimmed_bismark_bt2.CpG",7543,5382,2161,7543
"15264","07_report/CpG_context_sampling_21789_264_trimmed_bismark_bt2.CpG",7541,5357,2184,7541
"15265","07_report/CpG_context_sampling_21789_265_trimmed_bismark_bt2.CpG",7507,5418,2089,7507
"15266","07_report/CpG_context_sampling_21789_266_trimmed_bismark_bt2.CpG",7572,5378,2194,7572
"15267","07_report/CpG_context_sampling_21789_267_trimmed_bismark_bt2.CpG",7501,5356,2145,7501
"15268","07_report/CpG_context_sampling_21789_268_trimmed_bismark_bt2.CpG",7555,5460,2095,7555
"15269","07_report/CpG_context_sampling_21789_269_trimmed_bismark_bt2.CpG",7614,5418,2196,7614
"15270","07_report/CpG_context_sampling_21789_270_trimmed_bismark_bt2.CpG",7601,5466,2135,7601
"15271","07_report/CpG_context_sampling_21789_271_trimmed_bismark_bt2.CpG",7517,5313,2204,7517
"15272","07_report/CpG_context_sampling_21789_272_trimmed_bismark_bt2.CpG",7539,5410,2129,7539
"15273","07_report/CpG_context_sampling_21789_273_trimmed_bismark_bt2.CpG",7463,5356,2107,7463
"15274","07_report/CpG_context_sampling_21789_274_trimmed_bismark_bt2.CpG",7583,5428,2155,7583
"15275","07_report/CpG_context_sampling_21789_275_trimmed_bismark_bt2.CpG",7602,5396,2206,7602
"15276","07_report/CpG_context_sampling_21789_276_trimmed_bismark_bt2.CpG",7577,5397,2180,7577
"15277","07_report/CpG_context_sampling_21789_277_trimmed_bismark_bt2.CpG",7512,5337,2175,7512
"15278","07_report/CpG_context_sampling_21789_278_trimmed_bismark_bt2.CpG",7526,5380,2146,7526
"15279","07_report/CpG_context_sampling_21789_279_trimmed_bismark_bt2.CpG",7611,5458,2153,7611
"15280","07_report/CpG_context_sampling_21789_280_trimmed_bismark_bt2.CpG",7675,5490,2185,7675
"15281","07_report/CpG_context_sampling_21789_281_trimmed_bismark_bt2.CpG",7562,5424,2138,7562
"15282","07_report/CpG_context_sampling_21789_282_trimmed_bismark_bt2.CpG",7632,5419,2213,7632
"15283","07_report/CpG_context_sampling_21789_283_trimmed_bismark_bt2.CpG",7486,5380,2106,7486
"15284","07_report/CpG_context_sampling_21789_284_trimmed_bismark_bt2.CpG",7519,5360,2159,7519
"15285","07_report/CpG_context_sampling_21789_285_trimmed_bismark_bt2.CpG",7557,5485,2072,7557
"15286","07_report/CpG_context_sampling_21789_286_trimmed_bismark_bt2.CpG",7541,5422,2119,7541
"15287","07_report/CpG_context_sampling_21789_287_trimmed_bismark_bt2.CpG",7569,5405,2164,7569
"15288","07_report/CpG_context_sampling_21789_288_trimmed_bismark_bt2.CpG",7448,5345,2103,7448
"15289","07_report/CpG_context_sampling_21789_289_trimmed_bismark_bt2.CpG",7586,5462,2124,7586
"15290","07_report/CpG_context_sampling_21789_290_trimmed_bismark_bt2.CpG",7500,5398,2102,7500
"15291","07_report/CpG_context_sampling_21789_291_trimmed_bismark_bt2.CpG",7632,5399,2233,7632
"15292","07_report/CpG_context_sampling_21789_292_trimmed_bismark_bt2.CpG",7416,5296,2120,7416
"15293","07_report/CpG_context_sampling_21789_293_trimmed_bismark_bt2.CpG",7547,5418,2129,7547
"15294","07_report/CpG_context_sampling_21789_294_trimmed_bismark_bt2.CpG",7543,5393,2150,7543
"15295","07_report/CpG_context_sampling_21789_295_trimmed_bismark_bt2.CpG",7494,5317,2177,7494
"15296","07_report/CpG_context_sampling_21789_296_trimmed_bismark_bt2.CpG",7406,5211,2195,7406
"15297","07_report/CpG_context_sampling_21789_297_trimmed_bismark_bt2.CpG",7645,5524,2121,7645
"15298","07_report/CpG_context_sampling_21789_298_trimmed_bismark_bt2.CpG",7439,5318,2121,7439
"15299","07_report/CpG_context_sampling_21789_299_trimmed_bismark_bt2.CpG",7582,5427,2155,7582
"15300","07_report/CpG_context_sampling_21789_300_trimmed_bismark_bt2.CpG",7635,5452,2183,7635
"15301","07_report/CpG_context_sampling_21789_301_trimmed_bismark_bt2.CpG",7531,5373,2158,7531
"15302","07_report/CpG_context_sampling_21789_302_trimmed_bismark_bt2.CpG",7548,5385,2163,7548
"15303","07_report/CpG_context_sampling_21789_303_trimmed_bismark_bt2.CpG",7588,5422,2166,7588
"15304","07_report/CpG_context_sampling_21789_304_trimmed_bismark_bt2.CpG",7533,5436,2097,7533
"15305","07_report/CpG_context_sampling_21789_305_trimmed_bismark_bt2.CpG",7637,5476,2161,7637
"15306","07_report/CpG_context_sampling_21789_306_trimmed_bismark_bt2.CpG",7612,5430,2182,7612
"15307","07_report/CpG_context_sampling_21789_307_trimmed_bismark_bt2.CpG",7466,5271,2195,7466
"15308","07_report/CpG_context_sampling_21789_308_trimmed_bismark_bt2.CpG",7578,5377,2201,7578
"15309","07_report/CpG_context_sampling_21789_309_trimmed_bismark_bt2.CpG",7536,5315,2221,7536
"15310","07_report/CpG_context_sampling_21789_310_trimmed_bismark_bt2.CpG",7586,5427,2159,7586
"15311","07_report/CpG_context_sampling_21789_311_trimmed_bismark_bt2.CpG",7635,5426,2209,7635
"15312","07_report/CpG_context_sampling_21789_312_trimmed_bismark_bt2.CpG",7640,5537,2103,7640
"15313","07_report/CpG_context_sampling_21789_313_trimmed_bismark_bt2.CpG",7642,5439,2203,7642
"15314","07_report/CpG_context_sampling_21789_314_trimmed_bismark_bt2.CpG",7562,5460,2102,7562
"15315","07_report/CpG_context_sampling_21789_315_trimmed_bismark_bt2.CpG",7545,5369,2176,7545
"15316","07_report/CpG_context_sampling_21789_316_trimmed_bismark_bt2.CpG",7447,5335,2112,7447
"15317","07_report/CpG_context_sampling_21789_317_trimmed_bismark_bt2.CpG",7481,5326,2155,7481
"15318","07_report/CpG_context_sampling_21789_318_trimmed_bismark_bt2.CpG",7626,5535,2091,7626
"15319","07_report/CpG_context_sampling_21789_319_trimmed_bismark_bt2.CpG",7613,5468,2145,7613
"15320","07_report/CpG_context_sampling_21789_320_trimmed_bismark_bt2.CpG",7496,5359,2137,7496
"15321","07_report/CpG_context_sampling_21789_321_trimmed_bismark_bt2.CpG",7460,5247,2213,7460
"15322","07_report/CpG_context_sampling_21789_322_trimmed_bismark_bt2.CpG",7580,5411,2169,7580
"15323","07_report/CpG_context_sampling_21789_323_trimmed_bismark_bt2.CpG",7491,5396,2095,7491
"15324","07_report/CpG_context_sampling_21789_324_trimmed_bismark_bt2.CpG",7675,5465,2210,7675
"15325","07_report/CpG_context_sampling_21789_325_trimmed_bismark_bt2.CpG",7540,5354,2186,7540
"15326","07_report/CpG_context_sampling_21789_326_trimmed_bismark_bt2.CpG",7607,5466,2141,7607
"15327","07_report/CpG_context_sampling_21789_327_trimmed_bismark_bt2.CpG",7501,5342,2159,7501
"15328","07_report/CpG_context_sampling_21789_328_trimmed_bismark_bt2.CpG",7570,5400,2170,7570
"15329","07_report/CpG_context_sampling_21789_329_trimmed_bismark_bt2.CpG",7575,5382,2193,7575
"15330","07_report/CpG_context_sampling_21789_330_trimmed_bismark_bt2.CpG",7524,5390,2134,7524
"15331","07_report/CpG_context_sampling_21789_331_trimmed_bismark_bt2.CpG",7515,5349,2166,7515
"15332","07_report/CpG_context_sampling_21789_332_trimmed_bismark_bt2.CpG",7570,5445,2125,7570
"15333","07_report/CpG_context_sampling_21789_333_trimmed_bismark_bt2.CpG",7643,5473,2170,7643
"15334","07_report/CpG_context_sampling_21789_334_trimmed_bismark_bt2.CpG",7507,5285,2222,7507
"15335","07_report/CpG_context_sampling_21789_335_trimmed_bismark_bt2.CpG",7650,5460,2190,7650
"15336","07_report/CpG_context_sampling_21789_336_trimmed_bismark_bt2.CpG",7631,5439,2192,7631
"15337","07_report/CpG_context_sampling_21789_337_trimmed_bismark_bt2.CpG",7450,5340,2110,7450
"15338","07_report/CpG_context_sampling_21789_338_trimmed_bismark_bt2.CpG",7496,5411,2085,7496
"15339","07_report/CpG_context_sampling_21789_339_trimmed_bismark_bt2.CpG",7456,5300,2156,7456
"15340","07_report/CpG_context_sampling_21789_340_trimmed_bismark_bt2.CpG",7578,5407,2171,7578
"15341","07_report/CpG_context_sampling_21789_341_trimmed_bismark_bt2.CpG",7522,5443,2079,7522
"15342","07_report/CpG_context_sampling_21789_342_trimmed_bismark_bt2.CpG",7569,5474,2095,7569
"15343","07_report/CpG_context_sampling_21789_343_trimmed_bismark_bt2.CpG",7522,5413,2109,7522
"15344","07_report/CpG_context_sampling_21789_344_trimmed_bismark_bt2.CpG",7757,5556,2201,7757
"15345","07_report/CpG_context_sampling_21789_345_trimmed_bismark_bt2.CpG",7585,5353,2232,7585
"15346","07_report/CpG_context_sampling_21789_346_trimmed_bismark_bt2.CpG",7531,5360,2171,7531
"15347","07_report/CpG_context_sampling_21789_347_trimmed_bismark_bt2.CpG",7570,5372,2198,7570
"15348","07_report/CpG_context_sampling_21789_348_trimmed_bismark_bt2.CpG",7634,5468,2166,7634
"15349","07_report/CpG_context_sampling_21789_349_trimmed_bismark_bt2.CpG",7534,5360,2174,7534
"15350","07_report/CpG_context_sampling_21789_350_trimmed_bismark_bt2.CpG",7584,5429,2155,7584
"15351","07_report/CpG_context_sampling_21789_351_trimmed_bismark_bt2.CpG",7458,5353,2105,7458
"15352","07_report/CpG_context_sampling_21789_352_trimmed_bismark_bt2.CpG",7617,5356,2261,7617
"15353","07_report/CpG_context_sampling_21789_353_trimmed_bismark_bt2.CpG",7668,5449,2219,7668
"15354","07_report/CpG_context_sampling_21789_354_trimmed_bismark_bt2.CpG",7559,5353,2206,7559
"15355","07_report/CpG_context_sampling_21789_355_trimmed_bismark_bt2.CpG",7525,5368,2157,7525
"15356","07_report/CpG_context_sampling_21789_356_trimmed_bismark_bt2.CpG",7436,5239,2197,7436
"15357","07_report/CpG_context_sampling_21789_357_trimmed_bismark_bt2.CpG",7494,5392,2102,7494
"15358","07_report/CpG_context_sampling_21789_358_trimmed_bismark_bt2.CpG",7551,5415,2136,7551
"15359","07_report/CpG_context_sampling_21789_359_trimmed_bismark_bt2.CpG",7592,5421,2171,7592
"15360","07_report/CpG_context_sampling_21789_360_trimmed_bismark_bt2.CpG",7538,5403,2135,7538
"15361","07_report/CpG_context_sampling_21789_361_trimmed_bismark_bt2.CpG",7541,5397,2144,7541
"15362","07_report/CpG_context_sampling_21789_362_trimmed_bismark_bt2.CpG",7652,5397,2255,7652
"15363","07_report/CpG_context_sampling_21789_363_trimmed_bismark_bt2.CpG",7630,5455,2175,7630
"15364","07_report/CpG_context_sampling_21789_364_trimmed_bismark_bt2.CpG",7585,5324,2261,7585
"15365","07_report/CpG_context_sampling_21789_365_trimmed_bismark_bt2.CpG",7730,5531,2199,7730
"15366","07_report/CpG_context_sampling_21789_366_trimmed_bismark_bt2.CpG",7534,5452,2082,7534
"15367","07_report/CpG_context_sampling_21789_367_trimmed_bismark_bt2.CpG",7585,5383,2202,7585
"15368","07_report/CpG_context_sampling_21789_368_trimmed_bismark_bt2.CpG",7536,5429,2107,7536
"15369","07_report/CpG_context_sampling_21789_369_trimmed_bismark_bt2.CpG",7431,5252,2179,7431
"15370","07_report/CpG_context_sampling_21789_370_trimmed_bismark_bt2.CpG",7721,5479,2242,7721
"15371","07_report/CpG_context_sampling_21789_371_trimmed_bismark_bt2.CpG",7480,5320,2160,7480
"15372","07_report/CpG_context_sampling_21789_372_trimmed_bismark_bt2.CpG",7562,5396,2166,7562
"15373","07_report/CpG_context_sampling_21789_373_trimmed_bismark_bt2.CpG",7493,5404,2089,7493
"15374","07_report/CpG_context_sampling_21789_374_trimmed_bismark_bt2.CpG",7534,5401,2133,7534
"15375","07_report/CpG_context_sampling_21789_375_trimmed_bismark_bt2.CpG",7443,5349,2094,7443
"15376","07_report/CpG_context_sampling_21789_376_trimmed_bismark_bt2.CpG",7536,5471,2065,7536
"15377","07_report/CpG_context_sampling_21789_377_trimmed_bismark_bt2.CpG",7601,5405,2196,7601
"15378","07_report/CpG_context_sampling_21789_378_trimmed_bismark_bt2.CpG",7524,5343,2181,7524
"15379","07_report/CpG_context_sampling_21789_379_trimmed_bismark_bt2.CpG",7415,5276,2139,7415
"15380","07_report/CpG_context_sampling_21789_380_trimmed_bismark_bt2.CpG",7664,5432,2232,7664
"15381","07_report/CpG_context_sampling_21789_381_trimmed_bismark_bt2.CpG",7461,5357,2104,7461
"15382","07_report/CpG_context_sampling_21789_382_trimmed_bismark_bt2.CpG",7580,5417,2163,7580
"15383","07_report/CpG_context_sampling_21789_383_trimmed_bismark_bt2.CpG",7534,5324,2210,7534
"15384","07_report/CpG_context_sampling_21789_384_trimmed_bismark_bt2.CpG",7613,5501,2112,7613
"15385","07_report/CpG_context_sampling_21789_385_trimmed_bismark_bt2.CpG",7446,5331,2115,7446
"15386","07_report/CpG_context_sampling_21789_386_trimmed_bismark_bt2.CpG",7576,5393,2183,7576
"15387","07_report/CpG_context_sampling_21789_387_trimmed_bismark_bt2.CpG",7563,5438,2125,7563
"15388","07_report/CpG_context_sampling_21789_388_trimmed_bismark_bt2.CpG",7579,5456,2123,7579
"15389","07_report/CpG_context_sampling_21789_389_trimmed_bismark_bt2.CpG",7483,5325,2158,7483
"15390","07_report/CpG_context_sampling_21789_390_trimmed_bismark_bt2.CpG",7605,5470,2135,7605
"15391","07_report/CpG_context_sampling_21789_391_trimmed_bismark_bt2.CpG",7454,5349,2105,7454
"15392","07_report/CpG_context_sampling_21789_392_trimmed_bismark_bt2.CpG",7606,5434,2172,7606
"15393","07_report/CpG_context_sampling_21789_393_trimmed_bismark_bt2.CpG",7528,5415,2113,7528
"15394","07_report/CpG_context_sampling_21789_394_trimmed_bismark_bt2.CpG",7450,5400,2050,7450
"15395","07_report/CpG_context_sampling_21789_395_trimmed_bismark_bt2.CpG",7619,5434,2185,7619
"15396","07_report/CpG_context_sampling_21789_396_trimmed_bismark_bt2.CpG",7503,5324,2179,7503
"15397","07_report/CpG_context_sampling_21789_397_trimmed_bismark_bt2.CpG",7471,5365,2106,7471
"15398","07_report/CpG_context_sampling_21789_398_trimmed_bismark_bt2.CpG",7619,5425,2194,7619
"15399","07_report/CpG_context_sampling_21789_399_trimmed_bismark_bt2.CpG",7564,5429,2135,7564
"15400","07_report/CpG_context_sampling_21789_400_trimmed_bismark_bt2.CpG",7524,5329,2195,7524
"15401","07_report/CpG_context_sampling_21789_401_trimmed_bismark_bt2.CpG",7610,5412,2198,7610
"15402","07_report/CpG_context_sampling_21789_402_trimmed_bismark_bt2.CpG",7462,5282,2180,7462
"15403","07_report/CpG_context_sampling_21789_403_trimmed_bismark_bt2.CpG",7568,5453,2115,7568
"15404","07_report/CpG_context_sampling_21789_404_trimmed_bismark_bt2.CpG",7673,5520,2153,7673
"15405","07_report/CpG_context_sampling_21789_405_trimmed_bismark_bt2.CpG",7554,5395,2159,7554
"15406","07_report/CpG_context_sampling_21789_406_trimmed_bismark_bt2.CpG",7610,5440,2170,7610
"15407","07_report/CpG_context_sampling_21789_407_trimmed_bismark_bt2.CpG",7522,5342,2180,7522
"15408","07_report/CpG_context_sampling_21789_408_trimmed_bismark_bt2.CpG",7559,5350,2209,7559
"15409","07_report/CpG_context_sampling_21789_409_trimmed_bismark_bt2.CpG",7573,5428,2145,7573
"15410","07_report/CpG_context_sampling_21789_410_trimmed_bismark_bt2.CpG",7582,5399,2183,7582
"15411","07_report/CpG_context_sampling_21789_411_trimmed_bismark_bt2.CpG",7421,5342,2079,7421
"15412","07_report/CpG_context_sampling_21789_412_trimmed_bismark_bt2.CpG",7569,5455,2114,7569
"15413","07_report/CpG_context_sampling_21789_413_trimmed_bismark_bt2.CpG",7594,5397,2197,7594
"15414","07_report/CpG_context_sampling_21789_414_trimmed_bismark_bt2.CpG",7617,5466,2151,7617
"15415","07_report/CpG_context_sampling_21789_415_trimmed_bismark_bt2.CpG",7541,5414,2127,7541
"15416","07_report/CpG_context_sampling_21789_416_trimmed_bismark_bt2.CpG",7538,5397,2141,7538
"15417","07_report/CpG_context_sampling_21789_417_trimmed_bismark_bt2.CpG",7616,5419,2197,7616
"15418","07_report/CpG_context_sampling_21789_418_trimmed_bismark_bt2.CpG",7638,5488,2150,7638
"15419","07_report/CpG_context_sampling_21789_419_trimmed_bismark_bt2.CpG",7501,5355,2146,7501
"15420","07_report/CpG_context_sampling_21789_420_trimmed_bismark_bt2.CpG",7632,5458,2174,7632
"15421","07_report/CpG_context_sampling_21789_421_trimmed_bismark_bt2.CpG",7567,5377,2190,7567
"15422","07_report/CpG_context_sampling_21789_422_trimmed_bismark_bt2.CpG",7505,5370,2135,7505
"15423","07_report/CpG_context_sampling_21789_423_trimmed_bismark_bt2.CpG",7560,5400,2160,7560
"15424","07_report/CpG_context_sampling_21789_424_trimmed_bismark_bt2.CpG",7557,5425,2132,7557
"15425","07_report/CpG_context_sampling_21789_425_trimmed_bismark_bt2.CpG",7600,5434,2166,7600
"15426","07_report/CpG_context_sampling_21789_426_trimmed_bismark_bt2.CpG",7663,5504,2159,7663
"15427","07_report/CpG_context_sampling_21789_427_trimmed_bismark_bt2.CpG",7513,5315,2198,7513
"15428","07_report/CpG_context_sampling_21789_428_trimmed_bismark_bt2.CpG",7625,5434,2191,7625
"15429","07_report/CpG_context_sampling_21789_429_trimmed_bismark_bt2.CpG",7477,5384,2093,7477
"15430","07_report/CpG_context_sampling_21789_430_trimmed_bismark_bt2.CpG",7560,5404,2156,7560
"15431","07_report/CpG_context_sampling_21789_431_trimmed_bismark_bt2.CpG",7556,5374,2182,7556
"15432","07_report/CpG_context_sampling_21789_432_trimmed_bismark_bt2.CpG",7550,5454,2096,7550
"15433","07_report/CpG_context_sampling_21789_433_trimmed_bismark_bt2.CpG",7531,5351,2180,7531
"15434","07_report/CpG_context_sampling_21789_434_trimmed_bismark_bt2.CpG",7489,5380,2109,7489
"15435","07_report/CpG_context_sampling_21789_435_trimmed_bismark_bt2.CpG",7505,5375,2130,7505
"15436","07_report/CpG_context_sampling_21789_436_trimmed_bismark_bt2.CpG",7535,5367,2168,7535
"15437","07_report/CpG_context_sampling_21789_437_trimmed_bismark_bt2.CpG",7622,5505,2117,7622
"15438","07_report/CpG_context_sampling_21789_438_trimmed_bismark_bt2.CpG",7523,5327,2196,7523
"15439","07_report/CpG_context_sampling_21789_439_trimmed_bismark_bt2.CpG",7596,5396,2200,7596
"15440","07_report/CpG_context_sampling_21789_440_trimmed_bismark_bt2.CpG",7606,5465,2141,7606
"15441","07_report/CpG_context_sampling_21789_441_trimmed_bismark_bt2.CpG",7590,5448,2142,7590
"15442","07_report/CpG_context_sampling_21789_442_trimmed_bismark_bt2.CpG",7433,5278,2155,7433
"15443","07_report/CpG_context_sampling_21789_443_trimmed_bismark_bt2.CpG",7545,5443,2102,7545
"15444","07_report/CpG_context_sampling_21789_444_trimmed_bismark_bt2.CpG",7661,5488,2173,7661
"15445","07_report/CpG_context_sampling_21789_445_trimmed_bismark_bt2.CpG",7691,5521,2170,7691
"15446","07_report/CpG_context_sampling_21789_446_trimmed_bismark_bt2.CpG",7565,5417,2148,7565
"15447","07_report/CpG_context_sampling_21789_447_trimmed_bismark_bt2.CpG",7589,5423,2166,7589
"15448","07_report/CpG_context_sampling_21789_448_trimmed_bismark_bt2.CpG",7482,5406,2076,7482
"15449","07_report/CpG_context_sampling_21789_449_trimmed_bismark_bt2.CpG",7608,5430,2178,7608
"15450","07_report/CpG_context_sampling_21789_450_trimmed_bismark_bt2.CpG",7508,5402,2106,7508
"15451","07_report/CpG_context_sampling_21789_451_trimmed_bismark_bt2.CpG",7526,5426,2100,7526
"15452","07_report/CpG_context_sampling_21789_452_trimmed_bismark_bt2.CpG",7489,5347,2142,7489
"15453","07_report/CpG_context_sampling_21789_453_trimmed_bismark_bt2.CpG",7578,5389,2189,7578
"15454","07_report/CpG_context_sampling_21789_454_trimmed_bismark_bt2.CpG",7610,5452,2158,7610
"15455","07_report/CpG_context_sampling_21789_455_trimmed_bismark_bt2.CpG",7529,5359,2170,7529
"15456","07_report/CpG_context_sampling_21789_456_trimmed_bismark_bt2.CpG",7550,5357,2193,7550
"15457","07_report/CpG_context_sampling_21789_457_trimmed_bismark_bt2.CpG",7596,5451,2145,7596
"15458","07_report/CpG_context_sampling_21789_458_trimmed_bismark_bt2.CpG",7622,5457,2165,7622
"15459","07_report/CpG_context_sampling_21789_459_trimmed_bismark_bt2.CpG",7528,5363,2165,7528
"15460","07_report/CpG_context_sampling_21789_460_trimmed_bismark_bt2.CpG",7569,5382,2187,7569
"15461","07_report/CpG_context_sampling_21789_461_trimmed_bismark_bt2.CpG",7570,5452,2118,7570
"15462","07_report/CpG_context_sampling_21789_462_trimmed_bismark_bt2.CpG",7566,5482,2084,7566
"15463","07_report/CpG_context_sampling_21789_463_trimmed_bismark_bt2.CpG",7485,5348,2137,7485
"15464","07_report/CpG_context_sampling_21789_464_trimmed_bismark_bt2.CpG",7492,5377,2115,7492
"15465","07_report/CpG_context_sampling_21789_465_trimmed_bismark_bt2.CpG",7473,5415,2058,7473
"15466","07_report/CpG_context_sampling_21789_466_trimmed_bismark_bt2.CpG",7460,5216,2244,7460
"15467","07_report/CpG_context_sampling_21789_467_trimmed_bismark_bt2.CpG",7691,5591,2100,7691
"15468","07_report/CpG_context_sampling_21789_468_trimmed_bismark_bt2.CpG",7466,5378,2088,7466
"15469","07_report/CpG_context_sampling_21789_469_trimmed_bismark_bt2.CpG",7614,5470,2144,7614
"15470","07_report/CpG_context_sampling_21789_470_trimmed_bismark_bt2.CpG",7581,5421,2160,7581
"15471","07_report/CpG_context_sampling_21789_471_trimmed_bismark_bt2.CpG",7460,5371,2089,7460
"15472","07_report/CpG_context_sampling_21789_472_trimmed_bismark_bt2.CpG",7579,5381,2198,7579
"15473","07_report/CpG_context_sampling_21789_473_trimmed_bismark_bt2.CpG",7589,5429,2160,7589
"15474","07_report/CpG_context_sampling_21789_474_trimmed_bismark_bt2.CpG",7536,5307,2229,7536
"15475","07_report/CpG_context_sampling_21789_475_trimmed_bismark_bt2.CpG",7524,5378,2146,7524
"15476","07_report/CpG_context_sampling_21789_476_trimmed_bismark_bt2.CpG",7409,5294,2115,7409
"15477","07_report/CpG_context_sampling_21789_477_trimmed_bismark_bt2.CpG",7525,5397,2128,7525
"15478","07_report/CpG_context_sampling_21789_478_trimmed_bismark_bt2.CpG",7648,5451,2197,7648
"15479","07_report/CpG_context_sampling_21789_479_trimmed_bismark_bt2.CpG",7612,5462,2150,7612
"15480","07_report/CpG_context_sampling_21789_480_trimmed_bismark_bt2.CpG",7500,5379,2121,7500
"15481","07_report/CpG_context_sampling_21789_481_trimmed_bismark_bt2.CpG",7629,5484,2145,7629
"15482","07_report/CpG_context_sampling_21789_482_trimmed_bismark_bt2.CpG",7539,5263,2276,7539
"15483","07_report/CpG_context_sampling_21789_483_trimmed_bismark_bt2.CpG",7581,5431,2150,7581
"15484","07_report/CpG_context_sampling_21789_484_trimmed_bismark_bt2.CpG",7712,5482,2230,7712
"15485","07_report/CpG_context_sampling_21789_485_trimmed_bismark_bt2.CpG",7621,5424,2197,7621
"15486","07_report/CpG_context_sampling_21789_486_trimmed_bismark_bt2.CpG",7548,5310,2238,7548
"15487","07_report/CpG_context_sampling_21789_487_trimmed_bismark_bt2.CpG",7410,5241,2169,7410
"15488","07_report/CpG_context_sampling_21789_488_trimmed_bismark_bt2.CpG",7472,5364,2108,7472
"15489","07_report/CpG_context_sampling_21789_489_trimmed_bismark_bt2.CpG",7410,5316,2094,7410
"15490","07_report/CpG_context_sampling_21789_490_trimmed_bismark_bt2.CpG",7420,5307,2113,7420
"15491","07_report/CpG_context_sampling_21789_491_trimmed_bismark_bt2.CpG",7426,5311,2115,7426
"15492","07_report/CpG_context_sampling_21789_492_trimmed_bismark_bt2.CpG",7478,5367,2111,7478
"15493","07_report/CpG_context_sampling_21789_493_trimmed_bismark_bt2.CpG",7549,5389,2160,7549
"15494","07_report/CpG_context_sampling_21789_494_trimmed_bismark_bt2.CpG",7475,5398,2077,7475
"15495","07_report/CpG_context_sampling_21789_495_trimmed_bismark_bt2.CpG",7560,5472,2088,7560
"15496","07_report/CpG_context_sampling_21789_496_trimmed_bismark_bt2.CpG",7465,5416,2049,7465
"15497","07_report/CpG_context_sampling_21789_497_trimmed_bismark_bt2.CpG",7565,5453,2112,7565
"15498","07_report/CpG_context_sampling_21789_498_trimmed_bismark_bt2.CpG",7552,5381,2171,7552
"15499","07_report/CpG_context_sampling_21789_499_trimmed_bismark_bt2.CpG",7672,5460,2212,7672
"15500","07_report/CpG_context_sampling_21789_500_trimmed_bismark_bt2.CpG",7580,5496,2084,7580
"15501","07_report/CpG_context_sampling_21789_501_trimmed_bismark_bt2.CpG",7527,5353,2174,7527
"15502","07_report/CpG_context_sampling_21789_502_trimmed_bismark_bt2.CpG",7583,5477,2106,7583
"15503","07_report/CpG_context_sampling_21789_503_trimmed_bismark_bt2.CpG",7515,5401,2114,7515
"15504","07_report/CpG_context_sampling_21789_504_trimmed_bismark_bt2.CpG",7636,5460,2176,7636
"15505","07_report/CpG_context_sampling_21789_505_trimmed_bismark_bt2.CpG",7641,5469,2172,7641
"15506","07_report/CpG_context_sampling_21789_506_trimmed_bismark_bt2.CpG",7481,5345,2136,7481
"15507","07_report/CpG_context_sampling_21789_507_trimmed_bismark_bt2.CpG",7598,5401,2197,7598
"15508","07_report/CpG_context_sampling_21789_508_trimmed_bismark_bt2.CpG",7574,5473,2101,7574
"15509","07_report/CpG_context_sampling_21789_509_trimmed_bismark_bt2.CpG",7495,5372,2123,7495
"15510","07_report/CpG_context_sampling_21789_510_trimmed_bismark_bt2.CpG",7504,5335,2169,7504
"15511","07_report/CpG_context_sampling_21789_511_trimmed_bismark_bt2.CpG",7603,5425,2178,7603
"15512","07_report/CpG_context_sampling_21789_512_trimmed_bismark_bt2.CpG",7496,5457,2039,7496
"15513","07_report/CpG_context_sampling_21789_513_trimmed_bismark_bt2.CpG",7595,5440,2155,7595
"15514","07_report/CpG_context_sampling_21789_514_trimmed_bismark_bt2.CpG",7537,5332,2205,7537
"15515","07_report/CpG_context_sampling_21789_515_trimmed_bismark_bt2.CpG",7618,5495,2123,7618
"15516","07_report/CpG_context_sampling_21789_516_trimmed_bismark_bt2.CpG",7552,5393,2159,7552
"15517","07_report/CpG_context_sampling_21789_517_trimmed_bismark_bt2.CpG",7605,5418,2187,7605
"15518","07_report/CpG_context_sampling_21789_518_trimmed_bismark_bt2.CpG",7477,5308,2169,7477
"15519","07_report/CpG_context_sampling_21789_519_trimmed_bismark_bt2.CpG",7483,5305,2178,7483
"15520","07_report/CpG_context_sampling_21789_520_trimmed_bismark_bt2.CpG",7623,5453,2170,7623
"15521","07_report/CpG_context_sampling_21789_521_trimmed_bismark_bt2.CpG",7600,5474,2126,7600
"15522","07_report/CpG_context_sampling_21789_522_trimmed_bismark_bt2.CpG",7572,5403,2169,7572
"15523","07_report/CpG_context_sampling_21789_523_trimmed_bismark_bt2.CpG",7596,5436,2160,7596
"15524","07_report/CpG_context_sampling_21789_524_trimmed_bismark_bt2.CpG",7580,5440,2140,7580
"15525","07_report/CpG_context_sampling_21789_525_trimmed_bismark_bt2.CpG",7669,5474,2195,7669
"15526","07_report/CpG_context_sampling_21789_526_trimmed_bismark_bt2.CpG",7642,5494,2148,7642
"15527","07_report/CpG_context_sampling_21789_527_trimmed_bismark_bt2.CpG",7557,5341,2216,7557
"15528","07_report/CpG_context_sampling_21789_528_trimmed_bismark_bt2.CpG",7474,5361,2113,7474
"15529","07_report/CpG_context_sampling_21789_529_trimmed_bismark_bt2.CpG",7514,5330,2184,7514
"15530","07_report/CpG_context_sampling_21789_530_trimmed_bismark_bt2.CpG",7473,5322,2151,7473
"15531","07_report/CpG_context_sampling_21789_531_trimmed_bismark_bt2.CpG",7688,5517,2171,7688
"15532","07_report/CpG_context_sampling_21789_532_trimmed_bismark_bt2.CpG",7497,5328,2169,7497
"15533","07_report/CpG_context_sampling_21789_533_trimmed_bismark_bt2.CpG",7481,5344,2137,7481
"15534","07_report/CpG_context_sampling_21789_534_trimmed_bismark_bt2.CpG",7507,5329,2178,7507
"15535","07_report/CpG_context_sampling_21789_535_trimmed_bismark_bt2.CpG",7582,5419,2163,7582
"15536","07_report/CpG_context_sampling_21789_536_trimmed_bismark_bt2.CpG",7517,5397,2120,7517
"15537","07_report/CpG_context_sampling_21789_537_trimmed_bismark_bt2.CpG",7531,5385,2146,7531
"15538","07_report/CpG_context_sampling_21789_538_trimmed_bismark_bt2.CpG",7581,5468,2113,7581
"15539","07_report/CpG_context_sampling_21789_539_trimmed_bismark_bt2.CpG",7563,5445,2118,7563
"15540","07_report/CpG_context_sampling_21789_540_trimmed_bismark_bt2.CpG",7503,5394,2109,7503
"15541","07_report/CpG_context_sampling_21789_541_trimmed_bismark_bt2.CpG",7428,5290,2138,7428
"15542","07_report/CpG_context_sampling_21789_542_trimmed_bismark_bt2.CpG",7600,5442,2158,7600
"15543","07_report/CpG_context_sampling_21789_543_trimmed_bismark_bt2.CpG",7666,5523,2143,7666
"15544","07_report/CpG_context_sampling_21789_544_trimmed_bismark_bt2.CpG",7462,5349,2113,7462
"15545","07_report/CpG_context_sampling_21789_545_trimmed_bismark_bt2.CpG",7487,5397,2090,7487
"15546","07_report/CpG_context_sampling_21789_546_trimmed_bismark_bt2.CpG",7442,5250,2192,7442
"15547","07_report/CpG_context_sampling_21789_547_trimmed_bismark_bt2.CpG",7602,5454,2148,7602
"15548","07_report/CpG_context_sampling_21789_548_trimmed_bismark_bt2.CpG",7611,5441,2170,7611
"15549","07_report/CpG_context_sampling_21789_549_trimmed_bismark_bt2.CpG",7553,5348,2205,7553
"15550","07_report/CpG_context_sampling_21789_550_trimmed_bismark_bt2.CpG",7552,5396,2156,7552
"15551","07_report/CpG_context_sampling_21789_551_trimmed_bismark_bt2.CpG",7405,5284,2121,7405
"15552","07_report/CpG_context_sampling_21789_552_trimmed_bismark_bt2.CpG",7451,5303,2148,7451
"15553","07_report/CpG_context_sampling_21789_553_trimmed_bismark_bt2.CpG",7551,5364,2187,7551
"15554","07_report/CpG_context_sampling_21789_554_trimmed_bismark_bt2.CpG",7640,5483,2157,7640
"15555","07_report/CpG_context_sampling_21789_555_trimmed_bismark_bt2.CpG",7524,5390,2134,7524
"15556","07_report/CpG_context_sampling_21789_556_trimmed_bismark_bt2.CpG",7543,5356,2187,7543
"15557","07_report/CpG_context_sampling_21789_557_trimmed_bismark_bt2.CpG",7474,5342,2132,7474
"15558","07_report/CpG_context_sampling_21789_558_trimmed_bismark_bt2.CpG",7600,5473,2127,7600
"15559","07_report/CpG_context_sampling_21789_559_trimmed_bismark_bt2.CpG",7590,5476,2114,7590
"15560","07_report/CpG_context_sampling_21789_560_trimmed_bismark_bt2.CpG",7573,5400,2173,7573
"15561","07_report/CpG_context_sampling_21789_561_trimmed_bismark_bt2.CpG",7555,5366,2189,7555
"15562","07_report/CpG_context_sampling_21789_562_trimmed_bismark_bt2.CpG",7497,5379,2118,7497
"15563","07_report/CpG_context_sampling_21789_563_trimmed_bismark_bt2.CpG",7619,5432,2187,7619
"15564","07_report/CpG_context_sampling_21789_564_trimmed_bismark_bt2.CpG",7411,5298,2113,7411
"15565","07_report/CpG_context_sampling_21789_565_trimmed_bismark_bt2.CpG",7473,5343,2130,7473
"15566","07_report/CpG_context_sampling_21789_566_trimmed_bismark_bt2.CpG",7579,5366,2213,7579
"15567","07_report/CpG_context_sampling_21789_567_trimmed_bismark_bt2.CpG",7622,5448,2174,7622
"15568","07_report/CpG_context_sampling_21789_568_trimmed_bismark_bt2.CpG",7544,5364,2180,7544
"15569","07_report/CpG_context_sampling_21789_569_trimmed_bismark_bt2.CpG",7491,5358,2133,7491
"15570","07_report/CpG_context_sampling_21789_570_trimmed_bismark_bt2.CpG",7441,5299,2142,7441
"15571","07_report/CpG_context_sampling_21789_571_trimmed_bismark_bt2.CpG",7589,5353,2236,7589
"15572","07_report/CpG_context_sampling_21789_572_trimmed_bismark_bt2.CpG",7508,5400,2108,7508
"15573","07_report/CpG_context_sampling_21789_573_trimmed_bismark_bt2.CpG",7583,5431,2152,7583
"15574","07_report/CpG_context_sampling_21789_574_trimmed_bismark_bt2.CpG",7498,5291,2207,7498
"15575","07_report/CpG_context_sampling_21789_575_trimmed_bismark_bt2.CpG",7644,5472,2172,7644
"15576","07_report/CpG_context_sampling_21789_576_trimmed_bismark_bt2.CpG",7512,5364,2148,7512
"15577","07_report/CpG_context_sampling_21789_577_trimmed_bismark_bt2.CpG",7631,5437,2194,7631
"15578","07_report/CpG_context_sampling_21789_578_trimmed_bismark_bt2.CpG",7614,5472,2142,7614
"15579","07_report/CpG_context_sampling_21789_579_trimmed_bismark_bt2.CpG",7568,5438,2130,7568
"15580","07_report/CpG_context_sampling_21789_580_trimmed_bismark_bt2.CpG",7617,5511,2106,7617
"15581","07_report/CpG_context_sampling_21789_581_trimmed_bismark_bt2.CpG",7608,5469,2139,7608
"15582","07_report/CpG_context_sampling_21789_582_trimmed_bismark_bt2.CpG",7552,5371,2181,7552
"15583","07_report/CpG_context_sampling_21789_583_trimmed_bismark_bt2.CpG",7627,5449,2178,7627
"15584","07_report/CpG_context_sampling_21789_584_trimmed_bismark_bt2.CpG",7598,5411,2187,7598
"15585","07_report/CpG_context_sampling_21789_585_trimmed_bismark_bt2.CpG",7436,5315,2121,7436
"15586","07_report/CpG_context_sampling_21789_586_trimmed_bismark_bt2.CpG",7594,5441,2153,7594
"15587","07_report/CpG_context_sampling_21789_587_trimmed_bismark_bt2.CpG",7538,5370,2168,7538
"15588","07_report/CpG_context_sampling_21789_588_trimmed_bismark_bt2.CpG",7570,5370,2200,7570
"15589","07_report/CpG_context_sampling_21789_589_trimmed_bismark_bt2.CpG",7536,5396,2140,7536
"15590","07_report/CpG_context_sampling_21789_590_trimmed_bismark_bt2.CpG",7540,5386,2154,7540
"15591","07_report/CpG_context_sampling_21789_591_trimmed_bismark_bt2.CpG",7653,5453,2200,7653
"15592","07_report/CpG_context_sampling_21789_592_trimmed_bismark_bt2.CpG",7627,5502,2125,7627
"15593","07_report/CpG_context_sampling_21789_593_trimmed_bismark_bt2.CpG",7589,5380,2209,7589
"15594","07_report/CpG_context_sampling_21789_594_trimmed_bismark_bt2.CpG",7587,5391,2196,7587
"15595","07_report/CpG_context_sampling_21789_595_trimmed_bismark_bt2.CpG",7603,5463,2140,7603
"15596","07_report/CpG_context_sampling_21789_596_trimmed_bismark_bt2.CpG",7474,5367,2107,7474
"15597","07_report/CpG_context_sampling_21789_597_trimmed_bismark_bt2.CpG",7472,5432,2040,7472
"15598","07_report/CpG_context_sampling_21789_598_trimmed_bismark_bt2.CpG",7478,5411,2067,7478
"15599","07_report/CpG_context_sampling_21789_599_trimmed_bismark_bt2.CpG",7511,5312,2199,7511
"15600","07_report/CpG_context_sampling_21789_600_trimmed_bismark_bt2.CpG",7639,5479,2160,7639
"15601","07_report/CpG_context_sampling_21789_601_trimmed_bismark_bt2.CpG",7522,5355,2167,7522
"15602","07_report/CpG_context_sampling_21789_602_trimmed_bismark_bt2.CpG",7558,5393,2165,7558
"15603","07_report/CpG_context_sampling_21789_603_trimmed_bismark_bt2.CpG",7599,5489,2110,7599
"15604","07_report/CpG_context_sampling_21789_604_trimmed_bismark_bt2.CpG",7508,5340,2168,7508
"15605","07_report/CpG_context_sampling_21789_605_trimmed_bismark_bt2.CpG",7472,5353,2119,7472
"15606","07_report/CpG_context_sampling_21789_606_trimmed_bismark_bt2.CpG",7592,5472,2120,7592
"15607","07_report/CpG_context_sampling_21789_607_trimmed_bismark_bt2.CpG",7532,5340,2192,7532
"15608","07_report/CpG_context_sampling_21789_608_trimmed_bismark_bt2.CpG",7591,5457,2134,7591
"15609","07_report/CpG_context_sampling_21789_609_trimmed_bismark_bt2.CpG",7604,5554,2050,7604
"15610","07_report/CpG_context_sampling_21789_610_trimmed_bismark_bt2.CpG",7673,5494,2179,7673
"15611","07_report/CpG_context_sampling_21789_611_trimmed_bismark_bt2.CpG",7581,5400,2181,7581
"15612","07_report/CpG_context_sampling_21789_612_trimmed_bismark_bt2.CpG",7630,5425,2205,7630
"15613","07_report/CpG_context_sampling_21789_613_trimmed_bismark_bt2.CpG",7438,5302,2136,7438
"15614","07_report/CpG_context_sampling_21789_614_trimmed_bismark_bt2.CpG",7542,5383,2159,7542
"15615","07_report/CpG_context_sampling_21789_615_trimmed_bismark_bt2.CpG",7663,5430,2233,7663
"15616","07_report/CpG_context_sampling_21789_616_trimmed_bismark_bt2.CpG",7476,5343,2133,7476
"15617","07_report/CpG_context_sampling_21789_617_trimmed_bismark_bt2.CpG",7500,5362,2138,7500
"15618","07_report/CpG_context_sampling_21789_618_trimmed_bismark_bt2.CpG",7555,5433,2122,7555
"15619","07_report/CpG_context_sampling_21789_619_trimmed_bismark_bt2.CpG",7635,5513,2122,7635
"15620","07_report/CpG_context_sampling_21789_620_trimmed_bismark_bt2.CpG",7571,5414,2157,7571
"15621","07_report/CpG_context_sampling_21789_621_trimmed_bismark_bt2.CpG",7566,5422,2144,7566
"15622","07_report/CpG_context_sampling_21789_622_trimmed_bismark_bt2.CpG",7424,5334,2090,7424
"15623","07_report/CpG_context_sampling_21789_623_trimmed_bismark_bt2.CpG",7502,5321,2181,7502
"15624","07_report/CpG_context_sampling_21789_624_trimmed_bismark_bt2.CpG",7539,5391,2148,7539
"15625","07_report/CpG_context_sampling_21789_625_trimmed_bismark_bt2.CpG",7593,5545,2048,7593
"15626","07_report/CpG_context_sampling_21789_626_trimmed_bismark_bt2.CpG",7480,5291,2189,7480
"15627","07_report/CpG_context_sampling_21789_627_trimmed_bismark_bt2.CpG",7616,5443,2173,7616
"15628","07_report/CpG_context_sampling_21789_628_trimmed_bismark_bt2.CpG",7621,5457,2164,7621
"15629","07_report/CpG_context_sampling_21789_629_trimmed_bismark_bt2.CpG",7592,5368,2224,7592
"15630","07_report/CpG_context_sampling_21789_630_trimmed_bismark_bt2.CpG",7641,5475,2166,7641
"15631","07_report/CpG_context_sampling_21789_631_trimmed_bismark_bt2.CpG",7599,5424,2175,7599
"15632","07_report/CpG_context_sampling_21789_632_trimmed_bismark_bt2.CpG",7446,5315,2131,7446
"15633","07_report/CpG_context_sampling_21789_633_trimmed_bismark_bt2.CpG",7602,5435,2167,7602
"15634","07_report/CpG_context_sampling_21789_634_trimmed_bismark_bt2.CpG",7614,5409,2205,7614
"15635","07_report/CpG_context_sampling_21789_635_trimmed_bismark_bt2.CpG",7636,5472,2164,7636
"15636","07_report/CpG_context_sampling_21789_636_trimmed_bismark_bt2.CpG",7581,5477,2104,7581
"15637","07_report/CpG_context_sampling_21789_637_trimmed_bismark_bt2.CpG",7525,5397,2128,7525
"15638","07_report/CpG_context_sampling_21789_638_trimmed_bismark_bt2.CpG",7582,5375,2207,7582
"15639","07_report/CpG_context_sampling_21789_639_trimmed_bismark_bt2.CpG",7513,5374,2139,7513
"15640","07_report/CpG_context_sampling_21789_640_trimmed_bismark_bt2.CpG",7434,5310,2124,7434
"15641","07_report/CpG_context_sampling_21789_641_trimmed_bismark_bt2.CpG",7519,5336,2183,7519
"15642","07_report/CpG_context_sampling_21789_642_trimmed_bismark_bt2.CpG",7539,5425,2114,7539
"15643","07_report/CpG_context_sampling_21789_643_trimmed_bismark_bt2.CpG",7555,5422,2133,7555
"15644","07_report/CpG_context_sampling_21789_644_trimmed_bismark_bt2.CpG",7502,5385,2117,7502
"15645","07_report/CpG_context_sampling_21789_645_trimmed_bismark_bt2.CpG",7586,5376,2210,7586
"15646","07_report/CpG_context_sampling_21789_646_trimmed_bismark_bt2.CpG",7506,5339,2167,7506
"15647","07_report/CpG_context_sampling_21789_647_trimmed_bismark_bt2.CpG",7490,5356,2134,7490
"15648","07_report/CpG_context_sampling_21789_648_trimmed_bismark_bt2.CpG",7578,5471,2107,7578
"15649","07_report/CpG_context_sampling_21789_649_trimmed_bismark_bt2.CpG",7718,5509,2209,7718
"15650","07_report/CpG_context_sampling_21789_650_trimmed_bismark_bt2.CpG",7643,5474,2169,7643
"15651","07_report/CpG_context_sampling_21789_651_trimmed_bismark_bt2.CpG",7583,5454,2129,7583
"15652","07_report/CpG_context_sampling_21789_652_trimmed_bismark_bt2.CpG",7580,5494,2086,7580
"15653","07_report/CpG_context_sampling_21789_653_trimmed_bismark_bt2.CpG",7648,5436,2212,7648
"15654","07_report/CpG_context_sampling_21789_654_trimmed_bismark_bt2.CpG",7670,5507,2163,7670
"15655","07_report/CpG_context_sampling_21789_655_trimmed_bismark_bt2.CpG",7441,5394,2047,7441
"15656","07_report/CpG_context_sampling_21789_656_trimmed_bismark_bt2.CpG",7481,5394,2087,7481
"15657","07_report/CpG_context_sampling_21789_657_trimmed_bismark_bt2.CpG",7629,5430,2199,7629
"15658","07_report/CpG_context_sampling_21789_658_trimmed_bismark_bt2.CpG",7448,5272,2176,7448
"15659","07_report/CpG_context_sampling_21789_659_trimmed_bismark_bt2.CpG",7558,5442,2116,7558
"15660","07_report/CpG_context_sampling_21789_660_trimmed_bismark_bt2.CpG",7557,5414,2143,7557
"15661","07_report/CpG_context_sampling_21789_661_trimmed_bismark_bt2.CpG",7588,5509,2079,7588
"15662","07_report/CpG_context_sampling_21789_662_trimmed_bismark_bt2.CpG",7604,5412,2192,7604
"15663","07_report/CpG_context_sampling_21789_663_trimmed_bismark_bt2.CpG",7633,5463,2170,7633
"15664","07_report/CpG_context_sampling_21789_664_trimmed_bismark_bt2.CpG",7626,5438,2188,7626
"15665","07_report/CpG_context_sampling_21789_665_trimmed_bismark_bt2.CpG",7560,5364,2196,7560
"15666","07_report/CpG_context_sampling_21789_666_trimmed_bismark_bt2.CpG",7493,5323,2170,7493
"15667","07_report/CpG_context_sampling_21789_667_trimmed_bismark_bt2.CpG",7530,5456,2074,7530
"15668","07_report/CpG_context_sampling_21789_668_trimmed_bismark_bt2.CpG",7557,5367,2190,7557
"15669","07_report/CpG_context_sampling_21789_669_trimmed_bismark_bt2.CpG",7607,5403,2204,7607
"15670","07_report/CpG_context_sampling_21789_670_trimmed_bismark_bt2.CpG",7526,5330,2196,7526
"15671","07_report/CpG_context_sampling_21789_671_trimmed_bismark_bt2.CpG",7605,5441,2164,7605
"15672","07_report/CpG_context_sampling_21789_672_trimmed_bismark_bt2.CpG",7503,5403,2100,7503
"15673","07_report/CpG_context_sampling_21789_673_trimmed_bismark_bt2.CpG",7411,5329,2082,7411
"15674","07_report/CpG_context_sampling_21789_674_trimmed_bismark_bt2.CpG",7636,5422,2214,7636
"15675","07_report/CpG_context_sampling_21789_675_trimmed_bismark_bt2.CpG",7527,5366,2161,7527
"15676","07_report/CpG_context_sampling_21789_676_trimmed_bismark_bt2.CpG",7637,5456,2181,7637
"15677","07_report/CpG_context_sampling_21789_677_trimmed_bismark_bt2.CpG",7589,5345,2244,7589
"15678","07_report/CpG_context_sampling_21789_678_trimmed_bismark_bt2.CpG",7572,5402,2170,7572
"15679","07_report/CpG_context_sampling_21789_679_trimmed_bismark_bt2.CpG",7494,5411,2083,7494
"15680","07_report/CpG_context_sampling_21789_680_trimmed_bismark_bt2.CpG",7524,5356,2168,7524
"15681","07_report/CpG_context_sampling_21789_681_trimmed_bismark_bt2.CpG",7472,5413,2059,7472
"15682","07_report/CpG_context_sampling_21789_682_trimmed_bismark_bt2.CpG",7446,5300,2146,7446
"15683","07_report/CpG_context_sampling_21789_683_trimmed_bismark_bt2.CpG",7629,5470,2159,7629
"15684","07_report/CpG_context_sampling_21789_684_trimmed_bismark_bt2.CpG",7547,5434,2113,7547
"15685","07_report/CpG_context_sampling_21789_685_trimmed_bismark_bt2.CpG",7621,5443,2178,7621
"15686","07_report/CpG_context_sampling_21789_686_trimmed_bismark_bt2.CpG",7561,5452,2109,7561
"15687","07_report/CpG_context_sampling_21789_687_trimmed_bismark_bt2.CpG",7581,5425,2156,7581
"15688","07_report/CpG_context_sampling_21789_688_trimmed_bismark_bt2.CpG",7428,5350,2078,7428
"15689","07_report/CpG_context_sampling_21789_689_trimmed_bismark_bt2.CpG",7503,5343,2160,7503
"15690","07_report/CpG_context_sampling_21789_690_trimmed_bismark_bt2.CpG",7553,5436,2117,7553
"15691","07_report/CpG_context_sampling_21789_691_trimmed_bismark_bt2.CpG",7531,5349,2182,7531
"15692","07_report/CpG_context_sampling_21789_692_trimmed_bismark_bt2.CpG",7474,5310,2164,7474
"15693","07_report/CpG_context_sampling_21789_693_trimmed_bismark_bt2.CpG",7646,5435,2211,7646
"15694","07_report/CpG_context_sampling_21789_694_trimmed_bismark_bt2.CpG",7433,5356,2077,7433
"15695","07_report/CpG_context_sampling_21789_695_trimmed_bismark_bt2.CpG",7543,5416,2127,7543
"15696","07_report/CpG_context_sampling_21789_696_trimmed_bismark_bt2.CpG",7521,5413,2108,7521
"15697","07_report/CpG_context_sampling_21789_697_trimmed_bismark_bt2.CpG",7537,5425,2112,7537
"15698","07_report/CpG_context_sampling_21789_698_trimmed_bismark_bt2.CpG",7586,5346,2240,7586
"15699","07_report/CpG_context_sampling_21789_699_trimmed_bismark_bt2.CpG",7526,5443,2083,7526
"15700","07_report/CpG_context_sampling_21789_700_trimmed_bismark_bt2.CpG",7637,5462,2175,7637
"15701","07_report/CpG_context_sampling_21789_701_trimmed_bismark_bt2.CpG",7466,5287,2179,7466
"15702","07_report/CpG_context_sampling_21789_702_trimmed_bismark_bt2.CpG",7535,5380,2155,7535
"15703","07_report/CpG_context_sampling_21789_703_trimmed_bismark_bt2.CpG",7485,5393,2092,7485
"15704","07_report/CpG_context_sampling_21789_704_trimmed_bismark_bt2.CpG",7600,5476,2124,7600
"15705","07_report/CpG_context_sampling_21789_705_trimmed_bismark_bt2.CpG",7577,5359,2218,7577
"15706","07_report/CpG_context_sampling_21789_706_trimmed_bismark_bt2.CpG",7609,5479,2130,7609
"15707","07_report/CpG_context_sampling_21789_707_trimmed_bismark_bt2.CpG",7685,5524,2161,7685
"15708","07_report/CpG_context_sampling_21789_708_trimmed_bismark_bt2.CpG",7485,5401,2084,7485
"15709","07_report/CpG_context_sampling_21789_709_trimmed_bismark_bt2.CpG",7470,5378,2092,7470
"15710","07_report/CpG_context_sampling_21789_710_trimmed_bismark_bt2.CpG",7678,5499,2179,7678
"15711","07_report/CpG_context_sampling_21789_711_trimmed_bismark_bt2.CpG",7594,5429,2165,7594
"15712","07_report/CpG_context_sampling_21789_712_trimmed_bismark_bt2.CpG",7600,5475,2125,7600
"15713","07_report/CpG_context_sampling_21789_713_trimmed_bismark_bt2.CpG",7538,5401,2137,7538
"15714","07_report/CpG_context_sampling_21789_714_trimmed_bismark_bt2.CpG",7642,5467,2175,7642
"15715","07_report/CpG_context_sampling_21789_715_trimmed_bismark_bt2.CpG",7584,5443,2141,7584
"15716","07_report/CpG_context_sampling_21789_716_trimmed_bismark_bt2.CpG",7415,5308,2107,7415
"15717","07_report/CpG_context_sampling_21789_717_trimmed_bismark_bt2.CpG",7454,5347,2107,7454
"15718","07_report/CpG_context_sampling_21789_718_trimmed_bismark_bt2.CpG",7464,5369,2095,7464
"15719","07_report/CpG_context_sampling_21789_719_trimmed_bismark_bt2.CpG",7530,5319,2211,7530
"15720","07_report/CpG_context_sampling_21789_720_trimmed_bismark_bt2.CpG",7593,5475,2118,7593
"15721","07_report/CpG_context_sampling_21789_721_trimmed_bismark_bt2.CpG",7470,5309,2161,7470
"15722","07_report/CpG_context_sampling_21789_722_trimmed_bismark_bt2.CpG",7463,5298,2165,7463
"15723","07_report/CpG_context_sampling_21789_723_trimmed_bismark_bt2.CpG",7474,5331,2143,7474
"15724","07_report/CpG_context_sampling_21789_724_trimmed_bismark_bt2.CpG",7486,5360,2126,7486
"15725","07_report/CpG_context_sampling_21789_725_trimmed_bismark_bt2.CpG",7522,5373,2149,7522
"15726","07_report/CpG_context_sampling_21789_726_trimmed_bismark_bt2.CpG",7489,5373,2116,7489
"15727","07_report/CpG_context_sampling_21789_727_trimmed_bismark_bt2.CpG",7534,5372,2162,7534
"15728","07_report/CpG_context_sampling_21789_728_trimmed_bismark_bt2.CpG",7550,5369,2181,7550
"15729","07_report/CpG_context_sampling_21789_729_trimmed_bismark_bt2.CpG",7568,5413,2155,7568
"15730","07_report/CpG_context_sampling_21789_730_trimmed_bismark_bt2.CpG",7455,5307,2148,7455
"15731","07_report/CpG_context_sampling_21789_731_trimmed_bismark_bt2.CpG",7533,5395,2138,7533
"15732","07_report/CpG_context_sampling_21789_732_trimmed_bismark_bt2.CpG",7535,5401,2134,7535
"15733","07_report/CpG_context_sampling_21789_733_trimmed_bismark_bt2.CpG",7448,5345,2103,7448
"15734","07_report/CpG_context_sampling_21789_734_trimmed_bismark_bt2.CpG",7681,5475,2206,7681
"15735","07_report/CpG_context_sampling_21789_735_trimmed_bismark_bt2.CpG",7528,5375,2153,7528
"15736","07_report/CpG_context_sampling_21789_736_trimmed_bismark_bt2.CpG",7461,5320,2141,7461
"15737","07_report/CpG_context_sampling_21789_737_trimmed_bismark_bt2.CpG",7712,5517,2195,7712
"15738","07_report/CpG_context_sampling_21789_738_trimmed_bismark_bt2.CpG",7651,5470,2181,7651
"15739","07_report/CpG_context_sampling_21789_739_trimmed_bismark_bt2.CpG",7610,5472,2138,7610
"15740","07_report/CpG_context_sampling_21789_740_trimmed_bismark_bt2.CpG",7441,5303,2138,7441
"15741","07_report/CpG_context_sampling_21789_741_trimmed_bismark_bt2.CpG",7546,5446,2100,7546
"15742","07_report/CpG_context_sampling_21789_742_trimmed_bismark_bt2.CpG",7536,5395,2141,7536
"15743","07_report/CpG_context_sampling_21789_743_trimmed_bismark_bt2.CpG",7576,5411,2165,7576
"15744","07_report/CpG_context_sampling_21789_744_trimmed_bismark_bt2.CpG",7553,5427,2126,7553
"15745","07_report/CpG_context_sampling_21789_745_trimmed_bismark_bt2.CpG",7466,5345,2121,7466
"15746","07_report/CpG_context_sampling_21789_746_trimmed_bismark_bt2.CpG",7674,5429,2245,7674
"15747","07_report/CpG_context_sampling_21789_747_trimmed_bismark_bt2.CpG",7615,5439,2176,7615
"15748","07_report/CpG_context_sampling_21789_748_trimmed_bismark_bt2.CpG",7562,5367,2195,7562
"15749","07_report/CpG_context_sampling_21789_749_trimmed_bismark_bt2.CpG",7357,5211,2146,7357
"15750","07_report/CpG_context_sampling_21789_750_trimmed_bismark_bt2.CpG",7589,5409,2180,7589
"15751","07_report/CpG_context_sampling_21789_751_trimmed_bismark_bt2.CpG",7540,5370,2170,7540
"15752","07_report/CpG_context_sampling_21789_752_trimmed_bismark_bt2.CpG",7535,5413,2122,7535
"15753","07_report/CpG_context_sampling_21789_753_trimmed_bismark_bt2.CpG",7596,5420,2176,7596
"15754","07_report/CpG_context_sampling_21789_754_trimmed_bismark_bt2.CpG",7571,5425,2146,7571
"15755","07_report/CpG_context_sampling_21789_755_trimmed_bismark_bt2.CpG",7452,5399,2053,7452
"15756","07_report/CpG_context_sampling_21789_756_trimmed_bismark_bt2.CpG",7638,5494,2144,7638
"15757","07_report/CpG_context_sampling_21789_757_trimmed_bismark_bt2.CpG",7562,5418,2144,7562
"15758","07_report/CpG_context_sampling_21789_758_trimmed_bismark_bt2.CpG",7541,5387,2154,7541
"15759","07_report/CpG_context_sampling_21789_759_trimmed_bismark_bt2.CpG",7523,5372,2151,7523
"15760","07_report/CpG_context_sampling_21789_760_trimmed_bismark_bt2.CpG",7708,5514,2194,7708
"15761","07_report/CpG_context_sampling_21789_761_trimmed_bismark_bt2.CpG",7537,5392,2145,7537
"15762","07_report/CpG_context_sampling_21789_762_trimmed_bismark_bt2.CpG",7556,5416,2140,7556
"15763","07_report/CpG_context_sampling_21789_763_trimmed_bismark_bt2.CpG",7393,5280,2113,7393
"15764","07_report/CpG_context_sampling_21789_764_trimmed_bismark_bt2.CpG",7600,5469,2131,7600
"15765","07_report/CpG_context_sampling_21789_765_trimmed_bismark_bt2.CpG",7511,5390,2121,7511
"15766","07_report/CpG_context_sampling_21789_766_trimmed_bismark_bt2.CpG",7680,5471,2209,7680
"15767","07_report/CpG_context_sampling_21789_767_trimmed_bismark_bt2.CpG",7543,5417,2126,7543
"15768","07_report/CpG_context_sampling_21789_768_trimmed_bismark_bt2.CpG",7442,5383,2059,7442
"15769","07_report/CpG_context_sampling_21789_769_trimmed_bismark_bt2.CpG",7511,5396,2115,7511
"15770","07_report/CpG_context_sampling_21789_770_trimmed_bismark_bt2.CpG",7568,5379,2189,7568
"15771","07_report/CpG_context_sampling_21789_771_trimmed_bismark_bt2.CpG",7608,5503,2105,7608
"15772","07_report/CpG_context_sampling_21789_772_trimmed_bismark_bt2.CpG",7597,5394,2203,7597
"15773","07_report/CpG_context_sampling_21789_773_trimmed_bismark_bt2.CpG",7529,5394,2135,7529
"15774","07_report/CpG_context_sampling_21789_774_trimmed_bismark_bt2.CpG",7661,5462,2199,7661
"15775","07_report/CpG_context_sampling_21789_775_trimmed_bismark_bt2.CpG",7603,5443,2160,7603
"15776","07_report/CpG_context_sampling_21789_776_trimmed_bismark_bt2.CpG",7561,5467,2094,7561
"15777","07_report/CpG_context_sampling_21789_777_trimmed_bismark_bt2.CpG",7665,5495,2170,7665
"15778","07_report/CpG_context_sampling_21789_778_trimmed_bismark_bt2.CpG",7589,5419,2170,7589
"15779","07_report/CpG_context_sampling_21789_779_trimmed_bismark_bt2.CpG",7480,5402,2078,7480
"15780","07_report/CpG_context_sampling_21789_780_trimmed_bismark_bt2.CpG",7578,5493,2085,7578
"15781","07_report/CpG_context_sampling_21789_781_trimmed_bismark_bt2.CpG",7582,5424,2158,7582
"15782","07_report/CpG_context_sampling_21789_782_trimmed_bismark_bt2.CpG",7630,5477,2153,7630
"15783","07_report/CpG_context_sampling_21789_783_trimmed_bismark_bt2.CpG",7574,5422,2152,7574
"15784","07_report/CpG_context_sampling_21789_784_trimmed_bismark_bt2.CpG",7630,5441,2189,7630
"15785","07_report/CpG_context_sampling_21789_785_trimmed_bismark_bt2.CpG",7696,5510,2186,7696
"15786","07_report/CpG_context_sampling_21789_786_trimmed_bismark_bt2.CpG",7610,5455,2155,7610
"15787","07_report/CpG_context_sampling_21789_787_trimmed_bismark_bt2.CpG",7557,5455,2102,7557
"15788","07_report/CpG_context_sampling_21789_788_trimmed_bismark_bt2.CpG",7493,5378,2115,7493
"15789","07_report/CpG_context_sampling_21789_789_trimmed_bismark_bt2.CpG",7521,5372,2149,7521
"15790","07_report/CpG_context_sampling_21789_790_trimmed_bismark_bt2.CpG",7606,5431,2175,7606
"15791","07_report/CpG_context_sampling_21789_791_trimmed_bismark_bt2.CpG",7653,5364,2289,7653
"15792","07_report/CpG_context_sampling_21789_792_trimmed_bismark_bt2.CpG",7646,5481,2165,7646
"15793","07_report/CpG_context_sampling_21789_793_trimmed_bismark_bt2.CpG",7668,5446,2222,7668
"15794","07_report/CpG_context_sampling_21789_794_trimmed_bismark_bt2.CpG",7586,5448,2138,7586
"15795","07_report/CpG_context_sampling_21789_795_trimmed_bismark_bt2.CpG",7546,5436,2110,7546
"15796","07_report/CpG_context_sampling_21789_796_trimmed_bismark_bt2.CpG",7602,5507,2095,7602
"15797","07_report/CpG_context_sampling_21789_797_trimmed_bismark_bt2.CpG",7526,5327,2199,7526
"15798","07_report/CpG_context_sampling_21789_798_trimmed_bismark_bt2.CpG",7605,5431,2174,7605
"15799","07_report/CpG_context_sampling_21789_799_trimmed_bismark_bt2.CpG",7519,5372,2147,7519
"15800","07_report/CpG_context_sampling_21789_800_trimmed_bismark_bt2.CpG",7610,5496,2114,7610
"15801","07_report/CpG_context_sampling_21789_801_trimmed_bismark_bt2.CpG",7538,5377,2161,7538
"15802","07_report/CpG_context_sampling_21789_802_trimmed_bismark_bt2.CpG",7379,5318,2061,7379
"15803","07_report/CpG_context_sampling_21789_803_trimmed_bismark_bt2.CpG",7541,5374,2167,7541
"15804","07_report/CpG_context_sampling_21789_804_trimmed_bismark_bt2.CpG",7605,5429,2176,7605
"15805","07_report/CpG_context_sampling_21789_805_trimmed_bismark_bt2.CpG",7717,5545,2172,7717
"15806","07_report/CpG_context_sampling_21789_806_trimmed_bismark_bt2.CpG",7483,5366,2117,7483
"15807","07_report/CpG_context_sampling_21789_807_trimmed_bismark_bt2.CpG",7547,5417,2130,7547
"15808","07_report/CpG_context_sampling_21789_808_trimmed_bismark_bt2.CpG",7480,5408,2072,7480
"15809","07_report/CpG_context_sampling_21789_809_trimmed_bismark_bt2.CpG",7513,5389,2124,7513
"15810","07_report/CpG_context_sampling_21789_810_trimmed_bismark_bt2.CpG",7622,5460,2162,7622
"15811","07_report/CpG_context_sampling_21789_811_trimmed_bismark_bt2.CpG",7553,5423,2130,7553
"15812","07_report/CpG_context_sampling_21789_812_trimmed_bismark_bt2.CpG",7584,5437,2147,7584
"15813","07_report/CpG_context_sampling_21789_813_trimmed_bismark_bt2.CpG",7520,5344,2176,7520
"15814","07_report/CpG_context_sampling_21789_814_trimmed_bismark_bt2.CpG",7567,5396,2171,7567
"15815","07_report/CpG_context_sampling_21789_815_trimmed_bismark_bt2.CpG",7453,5345,2108,7453
"15816","07_report/CpG_context_sampling_21789_816_trimmed_bismark_bt2.CpG",7597,5495,2102,7597
"15817","07_report/CpG_context_sampling_21789_817_trimmed_bismark_bt2.CpG",7565,5417,2148,7565
"15818","07_report/CpG_context_sampling_21789_818_trimmed_bismark_bt2.CpG",7550,5456,2094,7550
"15819","07_report/CpG_context_sampling_21789_819_trimmed_bismark_bt2.CpG",7477,5357,2120,7477
"15820","07_report/CpG_context_sampling_21789_820_trimmed_bismark_bt2.CpG",7595,5394,2201,7595
"15821","07_report/CpG_context_sampling_21789_821_trimmed_bismark_bt2.CpG",7636,5497,2139,7636
"15822","07_report/CpG_context_sampling_21789_822_trimmed_bismark_bt2.CpG",7597,5380,2217,7597
"15823","07_report/CpG_context_sampling_21789_823_trimmed_bismark_bt2.CpG",7443,5267,2176,7443
"15824","07_report/CpG_context_sampling_21789_824_trimmed_bismark_bt2.CpG",7537,5390,2147,7537
"15825","07_report/CpG_context_sampling_21789_825_trimmed_bismark_bt2.CpG",7536,5378,2158,7536
"15826","07_report/CpG_context_sampling_21789_826_trimmed_bismark_bt2.CpG",7592,5396,2196,7592
"15827","07_report/CpG_context_sampling_21789_827_trimmed_bismark_bt2.CpG",7543,5447,2096,7543
"15828","07_report/CpG_context_sampling_21789_828_trimmed_bismark_bt2.CpG",7625,5389,2236,7625
"15829","07_report/CpG_context_sampling_21789_829_trimmed_bismark_bt2.CpG",7517,5367,2150,7517
"15830","07_report/CpG_context_sampling_21789_830_trimmed_bismark_bt2.CpG",7495,5406,2089,7495
"15831","07_report/CpG_context_sampling_21789_831_trimmed_bismark_bt2.CpG",7631,5386,2245,7631
"15832","07_report/CpG_context_sampling_21789_832_trimmed_bismark_bt2.CpG",7525,5387,2138,7525
"15833","07_report/CpG_context_sampling_21789_833_trimmed_bismark_bt2.CpG",7541,5343,2198,7541
"15834","07_report/CpG_context_sampling_21789_834_trimmed_bismark_bt2.CpG",7599,5419,2180,7599
"15835","07_report/CpG_context_sampling_21789_835_trimmed_bismark_bt2.CpG",7514,5307,2207,7514
"15836","07_report/CpG_context_sampling_21789_836_trimmed_bismark_bt2.CpG",7634,5445,2189,7634
"15837","07_report/CpG_context_sampling_21789_837_trimmed_bismark_bt2.CpG",7571,5421,2150,7571
"15838","07_report/CpG_context_sampling_21789_838_trimmed_bismark_bt2.CpG",7605,5395,2210,7605
"15839","07_report/CpG_context_sampling_21789_839_trimmed_bismark_bt2.CpG",7585,5427,2158,7585
"15840","07_report/CpG_context_sampling_21789_840_trimmed_bismark_bt2.CpG",7452,5384,2068,7452
"15841","07_report/CpG_context_sampling_21789_841_trimmed_bismark_bt2.CpG",7517,5311,2206,7517
"15842","07_report/CpG_context_sampling_21789_842_trimmed_bismark_bt2.CpG",7466,5318,2148,7466
"15843","07_report/CpG_context_sampling_21789_843_trimmed_bismark_bt2.CpG",7516,5443,2073,7516
"15844","07_report/CpG_context_sampling_21789_844_trimmed_bismark_bt2.CpG",7562,5428,2134,7562
"15845","07_report/CpG_context_sampling_21789_845_trimmed_bismark_bt2.CpG",7525,5436,2089,7525
"15846","07_report/CpG_context_sampling_21789_846_trimmed_bismark_bt2.CpG",7548,5405,2143,7548
"15847","07_report/CpG_context_sampling_21789_847_trimmed_bismark_bt2.CpG",7498,5338,2160,7498
"15848","07_report/CpG_context_sampling_21789_848_trimmed_bismark_bt2.CpG",7568,5324,2244,7568
"15849","07_report/CpG_context_sampling_21789_849_trimmed_bismark_bt2.CpG",7595,5507,2088,7595
"15850","07_report/CpG_context_sampling_21789_850_trimmed_bismark_bt2.CpG",7574,5429,2145,7574
"15851","07_report/CpG_context_sampling_21789_851_trimmed_bismark_bt2.CpG",7625,5473,2152,7625
"15852","07_report/CpG_context_sampling_21789_852_trimmed_bismark_bt2.CpG",7589,5452,2137,7589
"15853","07_report/CpG_context_sampling_21789_853_trimmed_bismark_bt2.CpG",7434,5367,2067,7434
"15854","07_report/CpG_context_sampling_21789_854_trimmed_bismark_bt2.CpG",7472,5376,2096,7472
"15855","07_report/CpG_context_sampling_21789_855_trimmed_bismark_bt2.CpG",7404,5350,2054,7404
"15856","07_report/CpG_context_sampling_21789_856_trimmed_bismark_bt2.CpG",7649,5426,2223,7649
"15857","07_report/CpG_context_sampling_21789_857_trimmed_bismark_bt2.CpG",7537,5390,2147,7537
"15858","07_report/CpG_context_sampling_21789_858_trimmed_bismark_bt2.CpG",7672,5430,2242,7672
"15859","07_report/CpG_context_sampling_21789_859_trimmed_bismark_bt2.CpG",7557,5456,2101,7557
"15860","07_report/CpG_context_sampling_21789_860_trimmed_bismark_bt2.CpG",7562,5437,2125,7562
"15861","07_report/CpG_context_sampling_21789_861_trimmed_bismark_bt2.CpG",7629,5496,2133,7629
"15862","07_report/CpG_context_sampling_21789_862_trimmed_bismark_bt2.CpG",7537,5403,2134,7537
"15863","07_report/CpG_context_sampling_21789_863_trimmed_bismark_bt2.CpG",7542,5385,2157,7542
"15864","07_report/CpG_context_sampling_21789_864_trimmed_bismark_bt2.CpG",7584,5347,2237,7584
"15865","07_report/CpG_context_sampling_21789_865_trimmed_bismark_bt2.CpG",7462,5348,2114,7462
"15866","07_report/CpG_context_sampling_21789_866_trimmed_bismark_bt2.CpG",7433,5317,2116,7433
"15867","07_report/CpG_context_sampling_21789_867_trimmed_bismark_bt2.CpG",7552,5395,2157,7552
"15868","07_report/CpG_context_sampling_21789_868_trimmed_bismark_bt2.CpG",7623,5510,2113,7623
"15869","07_report/CpG_context_sampling_21789_869_trimmed_bismark_bt2.CpG",7603,5400,2203,7603
"15870","07_report/CpG_context_sampling_21789_870_trimmed_bismark_bt2.CpG",7396,5307,2089,7396
"15871","07_report/CpG_context_sampling_21789_871_trimmed_bismark_bt2.CpG",7601,5407,2194,7601
"15872","07_report/CpG_context_sampling_21789_872_trimmed_bismark_bt2.CpG",7439,5354,2085,7439
"15873","07_report/CpG_context_sampling_21789_873_trimmed_bismark_bt2.CpG",7589,5415,2174,7589
"15874","07_report/CpG_context_sampling_21789_874_trimmed_bismark_bt2.CpG",7554,5360,2194,7554
"15875","07_report/CpG_context_sampling_21789_875_trimmed_bismark_bt2.CpG",7487,5399,2088,7487
"15876","07_report/CpG_context_sampling_21789_876_trimmed_bismark_bt2.CpG",7498,5303,2195,7498
"15877","07_report/CpG_context_sampling_21789_877_trimmed_bismark_bt2.CpG",7493,5340,2153,7493
"15878","07_report/CpG_context_sampling_21789_878_trimmed_bismark_bt2.CpG",7624,5410,2214,7624
"15879","07_report/CpG_context_sampling_21789_879_trimmed_bismark_bt2.CpG",7517,5388,2129,7517
"15880","07_report/CpG_context_sampling_21789_880_trimmed_bismark_bt2.CpG",7629,5455,2174,7629
"15881","07_report/CpG_context_sampling_21789_881_trimmed_bismark_bt2.CpG",7576,5416,2160,7576
"15882","07_report/CpG_context_sampling_21789_882_trimmed_bismark_bt2.CpG",7645,5440,2205,7645
"15883","07_report/CpG_context_sampling_21789_883_trimmed_bismark_bt2.CpG",7667,5516,2151,7667
"15884","07_report/CpG_context_sampling_21789_884_trimmed_bismark_bt2.CpG",7469,5356,2113,7469
"15885","07_report/CpG_context_sampling_21789_885_trimmed_bismark_bt2.CpG",7482,5369,2113,7482
"15886","07_report/CpG_context_sampling_21789_886_trimmed_bismark_bt2.CpG",7491,5397,2094,7491
"15887","07_report/CpG_context_sampling_21789_887_trimmed_bismark_bt2.CpG",7520,5422,2098,7520
"15888","07_report/CpG_context_sampling_21789_888_trimmed_bismark_bt2.CpG",7571,5417,2154,7571
"15889","07_report/CpG_context_sampling_21789_889_trimmed_bismark_bt2.CpG",7632,5456,2176,7632
"15890","07_report/CpG_context_sampling_21789_890_trimmed_bismark_bt2.CpG",7414,5268,2146,7414
"15891","07_report/CpG_context_sampling_21789_891_trimmed_bismark_bt2.CpG",7602,5420,2182,7602
"15892","07_report/CpG_context_sampling_21789_892_trimmed_bismark_bt2.CpG",7556,5332,2224,7556
"15893","07_report/CpG_context_sampling_21789_893_trimmed_bismark_bt2.CpG",7519,5432,2087,7519
"15894","07_report/CpG_context_sampling_21789_894_trimmed_bismark_bt2.CpG",7457,5324,2133,7457
"15895","07_report/CpG_context_sampling_21789_895_trimmed_bismark_bt2.CpG",7640,5527,2113,7640
"15896","07_report/CpG_context_sampling_21789_896_trimmed_bismark_bt2.CpG",7570,5390,2180,7570
"15897","07_report/CpG_context_sampling_21789_897_trimmed_bismark_bt2.CpG",7598,5502,2096,7598
"15898","07_report/CpG_context_sampling_21789_898_trimmed_bismark_bt2.CpG",7487,5361,2126,7487
"15899","07_report/CpG_context_sampling_21789_899_trimmed_bismark_bt2.CpG",7438,5267,2171,7438
"15900","07_report/CpG_context_sampling_21789_900_trimmed_bismark_bt2.CpG",7466,5332,2134,7466
"15901","07_report/CpG_context_sampling_21789_901_trimmed_bismark_bt2.CpG",7575,5441,2134,7575
"15902","07_report/CpG_context_sampling_21789_902_trimmed_bismark_bt2.CpG",7576,5438,2138,7576
"15903","07_report/CpG_context_sampling_21789_903_trimmed_bismark_bt2.CpG",7450,5315,2135,7450
"15904","07_report/CpG_context_sampling_21789_904_trimmed_bismark_bt2.CpG",7629,5469,2160,7629
"15905","07_report/CpG_context_sampling_21789_905_trimmed_bismark_bt2.CpG",7591,5422,2169,7591
"15906","07_report/CpG_context_sampling_21789_906_trimmed_bismark_bt2.CpG",7583,5507,2076,7583
"15907","07_report/CpG_context_sampling_21789_907_trimmed_bismark_bt2.CpG",7492,5414,2078,7492
"15908","07_report/CpG_context_sampling_21789_908_trimmed_bismark_bt2.CpG",7498,5348,2150,7498
"15909","07_report/CpG_context_sampling_21789_909_trimmed_bismark_bt2.CpG",7577,5444,2133,7577
"15910","07_report/CpG_context_sampling_21789_910_trimmed_bismark_bt2.CpG",7680,5536,2144,7680
"15911","07_report/CpG_context_sampling_21789_911_trimmed_bismark_bt2.CpG",7665,5524,2141,7665
"15912","07_report/CpG_context_sampling_21789_912_trimmed_bismark_bt2.CpG",7637,5456,2181,7637
"15913","07_report/CpG_context_sampling_21789_913_trimmed_bismark_bt2.CpG",7585,5460,2125,7585
"15914","07_report/CpG_context_sampling_21789_914_trimmed_bismark_bt2.CpG",7610,5467,2143,7610
"15915","07_report/CpG_context_sampling_21789_915_trimmed_bismark_bt2.CpG",7647,5434,2213,7647
"15916","07_report/CpG_context_sampling_21789_916_trimmed_bismark_bt2.CpG",7599,5414,2185,7599
"15917","07_report/CpG_context_sampling_21789_917_trimmed_bismark_bt2.CpG",7553,5442,2111,7553
"15918","07_report/CpG_context_sampling_21789_918_trimmed_bismark_bt2.CpG",7566,5427,2139,7566
"15919","07_report/CpG_context_sampling_21789_919_trimmed_bismark_bt2.CpG",7660,5412,2248,7660
"15920","07_report/CpG_context_sampling_21789_920_trimmed_bismark_bt2.CpG",7502,5356,2146,7502
"15921","07_report/CpG_context_sampling_21789_921_trimmed_bismark_bt2.CpG",7637,5432,2205,7637
"15922","07_report/CpG_context_sampling_21789_922_trimmed_bismark_bt2.CpG",7573,5412,2161,7573
"15923","07_report/CpG_context_sampling_21789_923_trimmed_bismark_bt2.CpG",7560,5326,2234,7560
"15924","07_report/CpG_context_sampling_21789_924_trimmed_bismark_bt2.CpG",7448,5332,2116,7448
"15925","07_report/CpG_context_sampling_21789_925_trimmed_bismark_bt2.CpG",7474,5342,2132,7474
"15926","07_report/CpG_context_sampling_21789_926_trimmed_bismark_bt2.CpG",7543,5396,2147,7543
"15927","07_report/CpG_context_sampling_21789_927_trimmed_bismark_bt2.CpG",7547,5398,2149,7547
"15928","07_report/CpG_context_sampling_21789_928_trimmed_bismark_bt2.CpG",7522,5365,2157,7522
"15929","07_report/CpG_context_sampling_21789_929_trimmed_bismark_bt2.CpG",7433,5292,2141,7433
"15930","07_report/CpG_context_sampling_21789_930_trimmed_bismark_bt2.CpG",7537,5395,2142,7537
"15931","07_report/CpG_context_sampling_21789_931_trimmed_bismark_bt2.CpG",7514,5359,2155,7514
"15932","07_report/CpG_context_sampling_21789_932_trimmed_bismark_bt2.CpG",7592,5435,2157,7592
"15933","07_report/CpG_context_sampling_21789_933_trimmed_bismark_bt2.CpG",7474,5380,2094,7474
"15934","07_report/CpG_context_sampling_21789_934_trimmed_bismark_bt2.CpG",7558,5473,2085,7558
"15935","07_report/CpG_context_sampling_21789_935_trimmed_bismark_bt2.CpG",7401,5378,2023,7401
"15936","07_report/CpG_context_sampling_21789_936_trimmed_bismark_bt2.CpG",7435,5276,2159,7435
"15937","07_report/CpG_context_sampling_21789_937_trimmed_bismark_bt2.CpG",7643,5467,2176,7643
"15938","07_report/CpG_context_sampling_21789_938_trimmed_bismark_bt2.CpG",7577,5397,2180,7577
"15939","07_report/CpG_context_sampling_21789_939_trimmed_bismark_bt2.CpG",7431,5327,2104,7431
"15940","07_report/CpG_context_sampling_21789_940_trimmed_bismark_bt2.CpG",7548,5406,2142,7548
"15941","07_report/CpG_context_sampling_21789_941_trimmed_bismark_bt2.CpG",7436,5361,2075,7436
"15942","07_report/CpG_context_sampling_21789_942_trimmed_bismark_bt2.CpG",7606,5415,2191,7606
"15943","07_report/CpG_context_sampling_21789_943_trimmed_bismark_bt2.CpG",7477,5371,2106,7477
"15944","07_report/CpG_context_sampling_21789_944_trimmed_bismark_bt2.CpG",7618,5412,2206,7618
"15945","07_report/CpG_context_sampling_21789_945_trimmed_bismark_bt2.CpG",7513,5418,2095,7513
"15946","07_report/CpG_context_sampling_21789_946_trimmed_bismark_bt2.CpG",7557,5386,2171,7557
"15947","07_report/CpG_context_sampling_21789_947_trimmed_bismark_bt2.CpG",7468,5282,2186,7468
"15948","07_report/CpG_context_sampling_21789_948_trimmed_bismark_bt2.CpG",7622,5498,2124,7622
"15949","07_report/CpG_context_sampling_21789_949_trimmed_bismark_bt2.CpG",7632,5466,2166,7632
"15950","07_report/CpG_context_sampling_21789_950_trimmed_bismark_bt2.CpG",7566,5461,2105,7566
"15951","07_report/CpG_context_sampling_21789_951_trimmed_bismark_bt2.CpG",7588,5385,2203,7588
"15952","07_report/CpG_context_sampling_21789_952_trimmed_bismark_bt2.CpG",7579,5420,2159,7579
"15953","07_report/CpG_context_sampling_21789_953_trimmed_bismark_bt2.CpG",7524,5355,2169,7524
"15954","07_report/CpG_context_sampling_21789_954_trimmed_bismark_bt2.CpG",7617,5415,2202,7617
"15955","07_report/CpG_context_sampling_21789_955_trimmed_bismark_bt2.CpG",7475,5419,2056,7475
"15956","07_report/CpG_context_sampling_21789_956_trimmed_bismark_bt2.CpG",7566,5414,2152,7566
"15957","07_report/CpG_context_sampling_21789_957_trimmed_bismark_bt2.CpG",7601,5477,2124,7601
"15958","07_report/CpG_context_sampling_21789_958_trimmed_bismark_bt2.CpG",7628,5508,2120,7628
"15959","07_report/CpG_context_sampling_21789_959_trimmed_bismark_bt2.CpG",7591,5369,2222,7591
"15960","07_report/CpG_context_sampling_21789_960_trimmed_bismark_bt2.CpG",7394,5295,2099,7394
"15961","07_report/CpG_context_sampling_21789_961_trimmed_bismark_bt2.CpG",7619,5483,2136,7619
"15962","07_report/CpG_context_sampling_21789_962_trimmed_bismark_bt2.CpG",7577,5434,2143,7577
"15963","07_report/CpG_context_sampling_21789_963_trimmed_bismark_bt2.CpG",7569,5404,2165,7569
"15964","07_report/CpG_context_sampling_21789_964_trimmed_bismark_bt2.CpG",7650,5416,2234,7650
"15965","07_report/CpG_context_sampling_21789_965_trimmed_bismark_bt2.CpG",7511,5399,2112,7511
"15966","07_report/CpG_context_sampling_21789_966_trimmed_bismark_bt2.CpG",7545,5368,2177,7545
"15967","07_report/CpG_context_sampling_21789_967_trimmed_bismark_bt2.CpG",7638,5443,2195,7638
"15968","07_report/CpG_context_sampling_21789_968_trimmed_bismark_bt2.CpG",7549,5385,2164,7549
"15969","07_report/CpG_context_sampling_21789_969_trimmed_bismark_bt2.CpG",7622,5455,2167,7622
"15970","07_report/CpG_context_sampling_21789_970_trimmed_bismark_bt2.CpG",7510,5403,2107,7510
"15971","07_report/CpG_context_sampling_21789_971_trimmed_bismark_bt2.CpG",7459,5400,2059,7459
"15972","07_report/CpG_context_sampling_21789_972_trimmed_bismark_bt2.CpG",7598,5390,2208,7598
"15973","07_report/CpG_context_sampling_21789_973_trimmed_bismark_bt2.CpG",7549,5454,2095,7549
"15974","07_report/CpG_context_sampling_21789_974_trimmed_bismark_bt2.CpG",7543,5443,2100,7543
"15975","07_report/CpG_context_sampling_21789_975_trimmed_bismark_bt2.CpG",7517,5362,2155,7517
"15976","07_report/CpG_context_sampling_21789_976_trimmed_bismark_bt2.CpG",7542,5365,2177,7542
"15977","07_report/CpG_context_sampling_21789_977_trimmed_bismark_bt2.CpG",7621,5367,2254,7621
"15978","07_report/CpG_context_sampling_21789_978_trimmed_bismark_bt2.CpG",7628,5417,2211,7628
"15979","07_report/CpG_context_sampling_21789_979_trimmed_bismark_bt2.CpG",7586,5435,2151,7586
"15980","07_report/CpG_context_sampling_21789_980_trimmed_bismark_bt2.CpG",7611,5477,2134,7611
"15981","07_report/CpG_context_sampling_21789_981_trimmed_bismark_bt2.CpG",7530,5375,2155,7530
"15982","07_report/CpG_context_sampling_21789_982_trimmed_bismark_bt2.CpG",7486,5350,2136,7486
"15983","07_report/CpG_context_sampling_21789_983_trimmed_bismark_bt2.CpG",7529,5424,2105,7529
"15984","07_report/CpG_context_sampling_21789_984_trimmed_bismark_bt2.CpG",7559,5304,2255,7559
"15985","07_report/CpG_context_sampling_21789_985_trimmed_bismark_bt2.CpG",7472,5340,2132,7472
"15986","07_report/CpG_context_sampling_21789_986_trimmed_bismark_bt2.CpG",7519,5397,2122,7519
"15987","07_report/CpG_context_sampling_21789_987_trimmed_bismark_bt2.CpG",7564,5371,2193,7564
"15988","07_report/CpG_context_sampling_21789_988_trimmed_bismark_bt2.CpG",7491,5423,2068,7491
"15989","07_report/CpG_context_sampling_21789_989_trimmed_bismark_bt2.CpG",7729,5524,2205,7729
"15990","07_report/CpG_context_sampling_21789_990_trimmed_bismark_bt2.CpG",7509,5397,2112,7509
"15991","07_report/CpG_context_sampling_21789_991_trimmed_bismark_bt2.CpG",7580,5395,2185,7580
"15992","07_report/CpG_context_sampling_21789_992_trimmed_bismark_bt2.CpG",7527,5461,2066,7527
"15993","07_report/CpG_context_sampling_21789_993_trimmed_bismark_bt2.CpG",7580,5400,2180,7580
"15994","07_report/CpG_context_sampling_21789_994_trimmed_bismark_bt2.CpG",7489,5287,2202,7489
"15995","07_report/CpG_context_sampling_21789_995_trimmed_bismark_bt2.CpG",7608,5451,2157,7608
"15996","07_report/CpG_context_sampling_21789_996_trimmed_bismark_bt2.CpG",7507,5417,2090,7507
"15997","07_report/CpG_context_sampling_21789_997_trimmed_bismark_bt2.CpG",7486,5363,2123,7486
"15998","07_report/CpG_context_sampling_21789_998_trimmed_bismark_bt2.CpG",7606,5422,2184,7606
"15999","07_report/CpG_context_sampling_21789_999_trimmed_bismark_bt2.CpG",7645,5453,2192,7645
"16000","07_report/CpG_context_sampling_21789_1000_trimmed_bismark_bt2.CpG",7425,5327,2098,7425
"16001","07_report/CpG_context_sampling_24901_1_trimmed_bismark_bt2.CpG",8652,6193,2459,8652
"16002","07_report/CpG_context_sampling_24901_2_trimmed_bismark_bt2.CpG",8834,6322,2512,8834
"16003","07_report/CpG_context_sampling_24901_3_trimmed_bismark_bt2.CpG",8698,6227,2471,8698
"16004","07_report/CpG_context_sampling_24901_4_trimmed_bismark_bt2.CpG",8642,6130,2512,8642
"16005","07_report/CpG_context_sampling_24901_5_trimmed_bismark_bt2.CpG",8641,6152,2489,8641
"16006","07_report/CpG_context_sampling_24901_6_trimmed_bismark_bt2.CpG",8676,6191,2485,8676
"16007","07_report/CpG_context_sampling_24901_7_trimmed_bismark_bt2.CpG",8642,6152,2490,8642
"16008","07_report/CpG_context_sampling_24901_8_trimmed_bismark_bt2.CpG",8741,6283,2458,8741
"16009","07_report/CpG_context_sampling_24901_9_trimmed_bismark_bt2.CpG",8704,6256,2448,8704
"16010","07_report/CpG_context_sampling_24901_10_trimmed_bismark_bt2.CpG",8694,6288,2406,8694
"16011","07_report/CpG_context_sampling_24901_11_trimmed_bismark_bt2.CpG",8642,6145,2497,8642
"16012","07_report/CpG_context_sampling_24901_12_trimmed_bismark_bt2.CpG",8744,6298,2446,8744
"16013","07_report/CpG_context_sampling_24901_13_trimmed_bismark_bt2.CpG",8597,6208,2389,8597
"16014","07_report/CpG_context_sampling_24901_14_trimmed_bismark_bt2.CpG",8599,6160,2439,8599
"16015","07_report/CpG_context_sampling_24901_15_trimmed_bismark_bt2.CpG",8751,6294,2457,8751
"16016","07_report/CpG_context_sampling_24901_16_trimmed_bismark_bt2.CpG",8731,6216,2515,8731
"16017","07_report/CpG_context_sampling_24901_17_trimmed_bismark_bt2.CpG",8650,6175,2475,8650
"16018","07_report/CpG_context_sampling_24901_18_trimmed_bismark_bt2.CpG",8619,6183,2436,8619
"16019","07_report/CpG_context_sampling_24901_19_trimmed_bismark_bt2.CpG",8667,6235,2432,8667
"16020","07_report/CpG_context_sampling_24901_20_trimmed_bismark_bt2.CpG",8681,6312,2369,8681
"16021","07_report/CpG_context_sampling_24901_21_trimmed_bismark_bt2.CpG",8623,6122,2501,8623
"16022","07_report/CpG_context_sampling_24901_22_trimmed_bismark_bt2.CpG",8752,6233,2519,8752
"16023","07_report/CpG_context_sampling_24901_23_trimmed_bismark_bt2.CpG",8525,6068,2457,8525
"16024","07_report/CpG_context_sampling_24901_24_trimmed_bismark_bt2.CpG",8614,6119,2495,8614
"16025","07_report/CpG_context_sampling_24901_25_trimmed_bismark_bt2.CpG",8581,6129,2452,8581
"16026","07_report/CpG_context_sampling_24901_26_trimmed_bismark_bt2.CpG",8564,6022,2542,8564
"16027","07_report/CpG_context_sampling_24901_27_trimmed_bismark_bt2.CpG",8655,6197,2458,8655
"16028","07_report/CpG_context_sampling_24901_28_trimmed_bismark_bt2.CpG",8704,6195,2509,8704
"16029","07_report/CpG_context_sampling_24901_29_trimmed_bismark_bt2.CpG",8636,6189,2447,8636
"16030","07_report/CpG_context_sampling_24901_30_trimmed_bismark_bt2.CpG",8743,6240,2503,8743
"16031","07_report/CpG_context_sampling_24901_31_trimmed_bismark_bt2.CpG",8756,6174,2582,8756
"16032","07_report/CpG_context_sampling_24901_32_trimmed_bismark_bt2.CpG",8614,6262,2352,8614
"16033","07_report/CpG_context_sampling_24901_33_trimmed_bismark_bt2.CpG",8616,6174,2442,8616
"16034","07_report/CpG_context_sampling_24901_34_trimmed_bismark_bt2.CpG",8730,6231,2499,8730
"16035","07_report/CpG_context_sampling_24901_35_trimmed_bismark_bt2.CpG",8583,6153,2430,8583
"16036","07_report/CpG_context_sampling_24901_36_trimmed_bismark_bt2.CpG",8641,6226,2415,8641
"16037","07_report/CpG_context_sampling_24901_37_trimmed_bismark_bt2.CpG",8553,6081,2472,8553
"16038","07_report/CpG_context_sampling_24901_38_trimmed_bismark_bt2.CpG",8631,6153,2478,8631
"16039","07_report/CpG_context_sampling_24901_39_trimmed_bismark_bt2.CpG",8565,6123,2442,8565
"16040","07_report/CpG_context_sampling_24901_40_trimmed_bismark_bt2.CpG",8590,6095,2495,8590
"16041","07_report/CpG_context_sampling_24901_41_trimmed_bismark_bt2.CpG",8663,6264,2399,8663
"16042","07_report/CpG_context_sampling_24901_42_trimmed_bismark_bt2.CpG",8583,6181,2402,8583
"16043","07_report/CpG_context_sampling_24901_43_trimmed_bismark_bt2.CpG",8500,5991,2509,8500
"16044","07_report/CpG_context_sampling_24901_44_trimmed_bismark_bt2.CpG",8665,6199,2466,8665
"16045","07_report/CpG_context_sampling_24901_45_trimmed_bismark_bt2.CpG",8682,6236,2446,8682
"16046","07_report/CpG_context_sampling_24901_46_trimmed_bismark_bt2.CpG",8694,6175,2519,8694
"16047","07_report/CpG_context_sampling_24901_47_trimmed_bismark_bt2.CpG",8723,6264,2459,8723
"16048","07_report/CpG_context_sampling_24901_48_trimmed_bismark_bt2.CpG",8607,6193,2414,8607
"16049","07_report/CpG_context_sampling_24901_49_trimmed_bismark_bt2.CpG",8606,6190,2416,8606
"16050","07_report/CpG_context_sampling_24901_50_trimmed_bismark_bt2.CpG",8730,6201,2529,8730
"16051","07_report/CpG_context_sampling_24901_51_trimmed_bismark_bt2.CpG",8643,6150,2493,8643
"16052","07_report/CpG_context_sampling_24901_52_trimmed_bismark_bt2.CpG",8493,6069,2424,8493
"16053","07_report/CpG_context_sampling_24901_53_trimmed_bismark_bt2.CpG",8581,6134,2447,8581
"16054","07_report/CpG_context_sampling_24901_54_trimmed_bismark_bt2.CpG",8593,6180,2413,8593
"16055","07_report/CpG_context_sampling_24901_55_trimmed_bismark_bt2.CpG",8592,6195,2397,8592
"16056","07_report/CpG_context_sampling_24901_56_trimmed_bismark_bt2.CpG",8679,6188,2491,8679
"16057","07_report/CpG_context_sampling_24901_57_trimmed_bismark_bt2.CpG",8658,6157,2501,8658
"16058","07_report/CpG_context_sampling_24901_58_trimmed_bismark_bt2.CpG",8626,6111,2515,8626
"16059","07_report/CpG_context_sampling_24901_59_trimmed_bismark_bt2.CpG",8622,6156,2466,8622
"16060","07_report/CpG_context_sampling_24901_60_trimmed_bismark_bt2.CpG",8727,6230,2497,8727
"16061","07_report/CpG_context_sampling_24901_61_trimmed_bismark_bt2.CpG",8580,6008,2572,8580
"16062","07_report/CpG_context_sampling_24901_62_trimmed_bismark_bt2.CpG",8630,6113,2517,8630
"16063","07_report/CpG_context_sampling_24901_63_trimmed_bismark_bt2.CpG",8681,6166,2515,8681
"16064","07_report/CpG_context_sampling_24901_64_trimmed_bismark_bt2.CpG",8708,6166,2542,8708
"16065","07_report/CpG_context_sampling_24901_65_trimmed_bismark_bt2.CpG",8696,6171,2525,8696
"16066","07_report/CpG_context_sampling_24901_66_trimmed_bismark_bt2.CpG",8687,6214,2473,8687
"16067","07_report/CpG_context_sampling_24901_67_trimmed_bismark_bt2.CpG",8569,6107,2462,8569
"16068","07_report/CpG_context_sampling_24901_68_trimmed_bismark_bt2.CpG",8705,6178,2527,8705
"16069","07_report/CpG_context_sampling_24901_69_trimmed_bismark_bt2.CpG",8567,6139,2428,8567
"16070","07_report/CpG_context_sampling_24901_70_trimmed_bismark_bt2.CpG",8725,6234,2491,8725
"16071","07_report/CpG_context_sampling_24901_71_trimmed_bismark_bt2.CpG",8629,6123,2506,8629
"16072","07_report/CpG_context_sampling_24901_72_trimmed_bismark_bt2.CpG",8666,6221,2445,8666
"16073","07_report/CpG_context_sampling_24901_73_trimmed_bismark_bt2.CpG",8642,6201,2441,8642
"16074","07_report/CpG_context_sampling_24901_74_trimmed_bismark_bt2.CpG",8546,6067,2479,8546
"16075","07_report/CpG_context_sampling_24901_75_trimmed_bismark_bt2.CpG",8658,6219,2439,8658
"16076","07_report/CpG_context_sampling_24901_76_trimmed_bismark_bt2.CpG",8589,6149,2440,8589
"16077","07_report/CpG_context_sampling_24901_77_trimmed_bismark_bt2.CpG",8675,6191,2484,8675
"16078","07_report/CpG_context_sampling_24901_78_trimmed_bismark_bt2.CpG",8684,6199,2485,8684
"16079","07_report/CpG_context_sampling_24901_79_trimmed_bismark_bt2.CpG",8660,6187,2473,8660
"16080","07_report/CpG_context_sampling_24901_80_trimmed_bismark_bt2.CpG",8742,6269,2473,8742
"16081","07_report/CpG_context_sampling_24901_81_trimmed_bismark_bt2.CpG",8758,6210,2548,8758
"16082","07_report/CpG_context_sampling_24901_82_trimmed_bismark_bt2.CpG",8616,6090,2526,8616
"16083","07_report/CpG_context_sampling_24901_83_trimmed_bismark_bt2.CpG",8618,6141,2477,8618
"16084","07_report/CpG_context_sampling_24901_84_trimmed_bismark_bt2.CpG",8658,6245,2413,8658
"16085","07_report/CpG_context_sampling_24901_85_trimmed_bismark_bt2.CpG",8617,6239,2378,8617
"16086","07_report/CpG_context_sampling_24901_86_trimmed_bismark_bt2.CpG",8655,6232,2423,8655
"16087","07_report/CpG_context_sampling_24901_87_trimmed_bismark_bt2.CpG",8658,6212,2446,8658
"16088","07_report/CpG_context_sampling_24901_88_trimmed_bismark_bt2.CpG",8683,6215,2468,8683
"16089","07_report/CpG_context_sampling_24901_89_trimmed_bismark_bt2.CpG",8746,6319,2427,8746
"16090","07_report/CpG_context_sampling_24901_90_trimmed_bismark_bt2.CpG",8542,6099,2443,8542
"16091","07_report/CpG_context_sampling_24901_91_trimmed_bismark_bt2.CpG",8581,6164,2417,8581
"16092","07_report/CpG_context_sampling_24901_92_trimmed_bismark_bt2.CpG",8641,6199,2442,8641
"16093","07_report/CpG_context_sampling_24901_93_trimmed_bismark_bt2.CpG",8490,6055,2435,8490
"16094","07_report/CpG_context_sampling_24901_94_trimmed_bismark_bt2.CpG",8604,6141,2463,8604
"16095","07_report/CpG_context_sampling_24901_95_trimmed_bismark_bt2.CpG",8558,6165,2393,8558
"16096","07_report/CpG_context_sampling_24901_96_trimmed_bismark_bt2.CpG",8680,6221,2459,8680
"16097","07_report/CpG_context_sampling_24901_97_trimmed_bismark_bt2.CpG",8701,6181,2520,8701
"16098","07_report/CpG_context_sampling_24901_98_trimmed_bismark_bt2.CpG",8614,6243,2371,8614
"16099","07_report/CpG_context_sampling_24901_99_trimmed_bismark_bt2.CpG",8591,6175,2416,8591
"16100","07_report/CpG_context_sampling_24901_100_trimmed_bismark_bt2.CpG",8653,6250,2403,8653
"16101","07_report/CpG_context_sampling_24901_101_trimmed_bismark_bt2.CpG",8602,6198,2404,8602
"16102","07_report/CpG_context_sampling_24901_102_trimmed_bismark_bt2.CpG",8633,6224,2409,8633
"16103","07_report/CpG_context_sampling_24901_103_trimmed_bismark_bt2.CpG",8728,6212,2516,8728
"16104","07_report/CpG_context_sampling_24901_104_trimmed_bismark_bt2.CpG",8704,6267,2437,8704
"16105","07_report/CpG_context_sampling_24901_105_trimmed_bismark_bt2.CpG",8708,6207,2501,8708
"16106","07_report/CpG_context_sampling_24901_106_trimmed_bismark_bt2.CpG",8680,6314,2366,8680
"16107","07_report/CpG_context_sampling_24901_107_trimmed_bismark_bt2.CpG",8731,6264,2467,8731
"16108","07_report/CpG_context_sampling_24901_108_trimmed_bismark_bt2.CpG",8610,6201,2409,8610
"16109","07_report/CpG_context_sampling_24901_109_trimmed_bismark_bt2.CpG",8831,6296,2535,8831
"16110","07_report/CpG_context_sampling_24901_110_trimmed_bismark_bt2.CpG",8657,6234,2423,8657
"16111","07_report/CpG_context_sampling_24901_111_trimmed_bismark_bt2.CpG",8652,6299,2353,8652
"16112","07_report/CpG_context_sampling_24901_112_trimmed_bismark_bt2.CpG",8671,6190,2481,8671
"16113","07_report/CpG_context_sampling_24901_113_trimmed_bismark_bt2.CpG",8630,6231,2399,8630
"16114","07_report/CpG_context_sampling_24901_114_trimmed_bismark_bt2.CpG",8618,6163,2455,8618
"16115","07_report/CpG_context_sampling_24901_115_trimmed_bismark_bt2.CpG",8607,6144,2463,8607
"16116","07_report/CpG_context_sampling_24901_116_trimmed_bismark_bt2.CpG",8526,6026,2500,8526
"16117","07_report/CpG_context_sampling_24901_117_trimmed_bismark_bt2.CpG",8658,6179,2479,8658
"16118","07_report/CpG_context_sampling_24901_118_trimmed_bismark_bt2.CpG",8668,6213,2455,8668
"16119","07_report/CpG_context_sampling_24901_119_trimmed_bismark_bt2.CpG",8813,6333,2480,8813
"16120","07_report/CpG_context_sampling_24901_120_trimmed_bismark_bt2.CpG",8676,6253,2423,8676
"16121","07_report/CpG_context_sampling_24901_121_trimmed_bismark_bt2.CpG",8733,6243,2490,8733
"16122","07_report/CpG_context_sampling_24901_122_trimmed_bismark_bt2.CpG",8656,6116,2540,8656
"16123","07_report/CpG_context_sampling_24901_123_trimmed_bismark_bt2.CpG",8571,6153,2418,8571
"16124","07_report/CpG_context_sampling_24901_124_trimmed_bismark_bt2.CpG",8707,6209,2498,8707
"16125","07_report/CpG_context_sampling_24901_125_trimmed_bismark_bt2.CpG",8698,6306,2392,8698
"16126","07_report/CpG_context_sampling_24901_126_trimmed_bismark_bt2.CpG",8640,6189,2451,8640
"16127","07_report/CpG_context_sampling_24901_127_trimmed_bismark_bt2.CpG",8624,6176,2448,8624
"16128","07_report/CpG_context_sampling_24901_128_trimmed_bismark_bt2.CpG",8598,6109,2489,8598
"16129","07_report/CpG_context_sampling_24901_129_trimmed_bismark_bt2.CpG",8722,6251,2471,8722
"16130","07_report/CpG_context_sampling_24901_130_trimmed_bismark_bt2.CpG",8615,6119,2496,8615
"16131","07_report/CpG_context_sampling_24901_131_trimmed_bismark_bt2.CpG",8644,6201,2443,8644
"16132","07_report/CpG_context_sampling_24901_132_trimmed_bismark_bt2.CpG",8712,6323,2389,8712
"16133","07_report/CpG_context_sampling_24901_133_trimmed_bismark_bt2.CpG",8661,6182,2479,8661
"16134","07_report/CpG_context_sampling_24901_134_trimmed_bismark_bt2.CpG",8590,6059,2531,8590
"16135","07_report/CpG_context_sampling_24901_135_trimmed_bismark_bt2.CpG",8567,6175,2392,8567
"16136","07_report/CpG_context_sampling_24901_136_trimmed_bismark_bt2.CpG",8686,6220,2466,8686
"16137","07_report/CpG_context_sampling_24901_137_trimmed_bismark_bt2.CpG",8608,6170,2438,8608
"16138","07_report/CpG_context_sampling_24901_138_trimmed_bismark_bt2.CpG",8677,6270,2407,8677
"16139","07_report/CpG_context_sampling_24901_139_trimmed_bismark_bt2.CpG",8548,6186,2362,8548
"16140","07_report/CpG_context_sampling_24901_140_trimmed_bismark_bt2.CpG",8646,6205,2441,8646
"16141","07_report/CpG_context_sampling_24901_141_trimmed_bismark_bt2.CpG",8623,6166,2457,8623
"16142","07_report/CpG_context_sampling_24901_142_trimmed_bismark_bt2.CpG",8606,6107,2499,8606
"16143","07_report/CpG_context_sampling_24901_143_trimmed_bismark_bt2.CpG",8709,6201,2508,8709
"16144","07_report/CpG_context_sampling_24901_144_trimmed_bismark_bt2.CpG",8656,6212,2444,8656
"16145","07_report/CpG_context_sampling_24901_145_trimmed_bismark_bt2.CpG",8682,6208,2474,8682
"16146","07_report/CpG_context_sampling_24901_146_trimmed_bismark_bt2.CpG",8663,6132,2531,8663
"16147","07_report/CpG_context_sampling_24901_147_trimmed_bismark_bt2.CpG",8531,6115,2416,8531
"16148","07_report/CpG_context_sampling_24901_148_trimmed_bismark_bt2.CpG",8575,6119,2456,8575
"16149","07_report/CpG_context_sampling_24901_149_trimmed_bismark_bt2.CpG",8653,6197,2456,8653
"16150","07_report/CpG_context_sampling_24901_150_trimmed_bismark_bt2.CpG",8581,6163,2418,8581
"16151","07_report/CpG_context_sampling_24901_151_trimmed_bismark_bt2.CpG",8575,6159,2416,8575
"16152","07_report/CpG_context_sampling_24901_152_trimmed_bismark_bt2.CpG",8573,6177,2396,8573
"16153","07_report/CpG_context_sampling_24901_153_trimmed_bismark_bt2.CpG",8597,6207,2390,8597
"16154","07_report/CpG_context_sampling_24901_154_trimmed_bismark_bt2.CpG",8613,6225,2388,8613
"16155","07_report/CpG_context_sampling_24901_155_trimmed_bismark_bt2.CpG",8691,6173,2518,8691
"16156","07_report/CpG_context_sampling_24901_156_trimmed_bismark_bt2.CpG",8628,6182,2446,8628
"16157","07_report/CpG_context_sampling_24901_157_trimmed_bismark_bt2.CpG",8584,6100,2484,8584
"16158","07_report/CpG_context_sampling_24901_158_trimmed_bismark_bt2.CpG",8546,6057,2489,8546
"16159","07_report/CpG_context_sampling_24901_159_trimmed_bismark_bt2.CpG",8691,6165,2526,8691
"16160","07_report/CpG_context_sampling_24901_160_trimmed_bismark_bt2.CpG",8561,6053,2508,8561
"16161","07_report/CpG_context_sampling_24901_161_trimmed_bismark_bt2.CpG",8768,6241,2527,8768
"16162","07_report/CpG_context_sampling_24901_162_trimmed_bismark_bt2.CpG",8752,6255,2497,8752
"16163","07_report/CpG_context_sampling_24901_163_trimmed_bismark_bt2.CpG",8759,6292,2467,8759
"16164","07_report/CpG_context_sampling_24901_164_trimmed_bismark_bt2.CpG",8596,6097,2499,8596
"16165","07_report/CpG_context_sampling_24901_165_trimmed_bismark_bt2.CpG",8771,6249,2522,8771
"16166","07_report/CpG_context_sampling_24901_166_trimmed_bismark_bt2.CpG",8628,6135,2493,8628
"16167","07_report/CpG_context_sampling_24901_167_trimmed_bismark_bt2.CpG",8531,6134,2397,8531
"16168","07_report/CpG_context_sampling_24901_168_trimmed_bismark_bt2.CpG",8663,6204,2459,8663
"16169","07_report/CpG_context_sampling_24901_169_trimmed_bismark_bt2.CpG",8743,6290,2453,8743
"16170","07_report/CpG_context_sampling_24901_170_trimmed_bismark_bt2.CpG",8556,6107,2449,8556
"16171","07_report/CpG_context_sampling_24901_171_trimmed_bismark_bt2.CpG",8648,6172,2476,8648
"16172","07_report/CpG_context_sampling_24901_172_trimmed_bismark_bt2.CpG",8806,6283,2523,8806
"16173","07_report/CpG_context_sampling_24901_173_trimmed_bismark_bt2.CpG",8670,6186,2484,8670
"16174","07_report/CpG_context_sampling_24901_174_trimmed_bismark_bt2.CpG",8461,5993,2468,8461
"16175","07_report/CpG_context_sampling_24901_175_trimmed_bismark_bt2.CpG",8679,6258,2421,8679
"16176","07_report/CpG_context_sampling_24901_176_trimmed_bismark_bt2.CpG",8707,6269,2438,8707
"16177","07_report/CpG_context_sampling_24901_177_trimmed_bismark_bt2.CpG",8550,6143,2407,8550
"16178","07_report/CpG_context_sampling_24901_178_trimmed_bismark_bt2.CpG",8698,6213,2485,8698
"16179","07_report/CpG_context_sampling_24901_179_trimmed_bismark_bt2.CpG",8654,6154,2500,8654
"16180","07_report/CpG_context_sampling_24901_180_trimmed_bismark_bt2.CpG",8505,6082,2423,8505
"16181","07_report/CpG_context_sampling_24901_181_trimmed_bismark_bt2.CpG",8637,6164,2473,8637
"16182","07_report/CpG_context_sampling_24901_182_trimmed_bismark_bt2.CpG",8621,6104,2517,8621
"16183","07_report/CpG_context_sampling_24901_183_trimmed_bismark_bt2.CpG",8667,6247,2420,8667
"16184","07_report/CpG_context_sampling_24901_184_trimmed_bismark_bt2.CpG",8662,6186,2476,8662
"16185","07_report/CpG_context_sampling_24901_185_trimmed_bismark_bt2.CpG",8766,6190,2576,8766
"16186","07_report/CpG_context_sampling_24901_186_trimmed_bismark_bt2.CpG",8690,6246,2444,8690
"16187","07_report/CpG_context_sampling_24901_187_trimmed_bismark_bt2.CpG",8554,6148,2406,8554
"16188","07_report/CpG_context_sampling_24901_188_trimmed_bismark_bt2.CpG",8636,6095,2541,8636
"16189","07_report/CpG_context_sampling_24901_189_trimmed_bismark_bt2.CpG",8623,6235,2388,8623
"16190","07_report/CpG_context_sampling_24901_190_trimmed_bismark_bt2.CpG",8680,6303,2377,8680
"16191","07_report/CpG_context_sampling_24901_191_trimmed_bismark_bt2.CpG",8643,6208,2435,8643
"16192","07_report/CpG_context_sampling_24901_192_trimmed_bismark_bt2.CpG",8699,6222,2477,8699
"16193","07_report/CpG_context_sampling_24901_193_trimmed_bismark_bt2.CpG",8670,6244,2426,8670
"16194","07_report/CpG_context_sampling_24901_194_trimmed_bismark_bt2.CpG",8589,6153,2436,8589
"16195","07_report/CpG_context_sampling_24901_195_trimmed_bismark_bt2.CpG",8620,6171,2449,8620
"16196","07_report/CpG_context_sampling_24901_196_trimmed_bismark_bt2.CpG",8712,6185,2527,8712
"16197","07_report/CpG_context_sampling_24901_197_trimmed_bismark_bt2.CpG",8695,6209,2486,8695
"16198","07_report/CpG_context_sampling_24901_198_trimmed_bismark_bt2.CpG",8671,6193,2478,8671
"16199","07_report/CpG_context_sampling_24901_199_trimmed_bismark_bt2.CpG",8620,6231,2389,8620
"16200","07_report/CpG_context_sampling_24901_200_trimmed_bismark_bt2.CpG",8548,6120,2428,8548
"16201","07_report/CpG_context_sampling_24901_201_trimmed_bismark_bt2.CpG",8630,6252,2378,8630
"16202","07_report/CpG_context_sampling_24901_202_trimmed_bismark_bt2.CpG",8546,6083,2463,8546
"16203","07_report/CpG_context_sampling_24901_203_trimmed_bismark_bt2.CpG",8723,6300,2423,8723
"16204","07_report/CpG_context_sampling_24901_204_trimmed_bismark_bt2.CpG",8559,6173,2386,8559
"16205","07_report/CpG_context_sampling_24901_205_trimmed_bismark_bt2.CpG",8559,6074,2485,8559
"16206","07_report/CpG_context_sampling_24901_206_trimmed_bismark_bt2.CpG",8639,6155,2484,8639
"16207","07_report/CpG_context_sampling_24901_207_trimmed_bismark_bt2.CpG",8735,6243,2492,8735
"16208","07_report/CpG_context_sampling_24901_208_trimmed_bismark_bt2.CpG",8625,6174,2451,8625
"16209","07_report/CpG_context_sampling_24901_209_trimmed_bismark_bt2.CpG",8620,6215,2405,8620
"16210","07_report/CpG_context_sampling_24901_210_trimmed_bismark_bt2.CpG",8680,6224,2456,8680
"16211","07_report/CpG_context_sampling_24901_211_trimmed_bismark_bt2.CpG",8609,6111,2498,8609
"16212","07_report/CpG_context_sampling_24901_212_trimmed_bismark_bt2.CpG",8447,5962,2485,8447
"16213","07_report/CpG_context_sampling_24901_213_trimmed_bismark_bt2.CpG",8673,6217,2456,8673
"16214","07_report/CpG_context_sampling_24901_214_trimmed_bismark_bt2.CpG",8707,6205,2502,8707
"16215","07_report/CpG_context_sampling_24901_215_trimmed_bismark_bt2.CpG",8588,6114,2474,8588
"16216","07_report/CpG_context_sampling_24901_216_trimmed_bismark_bt2.CpG",8581,6170,2411,8581
"16217","07_report/CpG_context_sampling_24901_217_trimmed_bismark_bt2.CpG",8569,6185,2384,8569
"16218","07_report/CpG_context_sampling_24901_218_trimmed_bismark_bt2.CpG",8585,6094,2491,8585
"16219","07_report/CpG_context_sampling_24901_219_trimmed_bismark_bt2.CpG",8568,6099,2469,8568
"16220","07_report/CpG_context_sampling_24901_220_trimmed_bismark_bt2.CpG",8728,6239,2489,8728
"16221","07_report/CpG_context_sampling_24901_221_trimmed_bismark_bt2.CpG",8691,6212,2479,8691
"16222","07_report/CpG_context_sampling_24901_222_trimmed_bismark_bt2.CpG",8705,6196,2509,8705
"16223","07_report/CpG_context_sampling_24901_223_trimmed_bismark_bt2.CpG",8810,6269,2541,8810
"16224","07_report/CpG_context_sampling_24901_224_trimmed_bismark_bt2.CpG",8533,6090,2443,8533
"16225","07_report/CpG_context_sampling_24901_225_trimmed_bismark_bt2.CpG",8622,6130,2492,8622
"16226","07_report/CpG_context_sampling_24901_226_trimmed_bismark_bt2.CpG",8518,6040,2478,8518
"16227","07_report/CpG_context_sampling_24901_227_trimmed_bismark_bt2.CpG",8624,6205,2419,8624
"16228","07_report/CpG_context_sampling_24901_228_trimmed_bismark_bt2.CpG",8673,6242,2431,8673
"16229","07_report/CpG_context_sampling_24901_229_trimmed_bismark_bt2.CpG",8731,6238,2493,8731
"16230","07_report/CpG_context_sampling_24901_230_trimmed_bismark_bt2.CpG",8688,6254,2434,8688
"16231","07_report/CpG_context_sampling_24901_231_trimmed_bismark_bt2.CpG",8629,6262,2367,8629
"16232","07_report/CpG_context_sampling_24901_232_trimmed_bismark_bt2.CpG",8715,6195,2520,8715
"16233","07_report/CpG_context_sampling_24901_233_trimmed_bismark_bt2.CpG",8669,6190,2479,8669
"16234","07_report/CpG_context_sampling_24901_234_trimmed_bismark_bt2.CpG",8808,6283,2525,8808
"16235","07_report/CpG_context_sampling_24901_235_trimmed_bismark_bt2.CpG",8639,6167,2472,8639
"16236","07_report/CpG_context_sampling_24901_236_trimmed_bismark_bt2.CpG",8664,6185,2479,8664
"16237","07_report/CpG_context_sampling_24901_237_trimmed_bismark_bt2.CpG",8667,6142,2525,8667
"16238","07_report/CpG_context_sampling_24901_238_trimmed_bismark_bt2.CpG",8582,6100,2482,8582
"16239","07_report/CpG_context_sampling_24901_239_trimmed_bismark_bt2.CpG",8700,6285,2415,8700
"16240","07_report/CpG_context_sampling_24901_240_trimmed_bismark_bt2.CpG",8650,6206,2444,8650
"16241","07_report/CpG_context_sampling_24901_241_trimmed_bismark_bt2.CpG",8694,6116,2578,8694
"16242","07_report/CpG_context_sampling_24901_242_trimmed_bismark_bt2.CpG",8639,6153,2486,8639
"16243","07_report/CpG_context_sampling_24901_243_trimmed_bismark_bt2.CpG",8561,6157,2404,8561
"16244","07_report/CpG_context_sampling_24901_244_trimmed_bismark_bt2.CpG",8651,6183,2468,8651
"16245","07_report/CpG_context_sampling_24901_245_trimmed_bismark_bt2.CpG",8678,6213,2465,8678
"16246","07_report/CpG_context_sampling_24901_246_trimmed_bismark_bt2.CpG",8576,6116,2460,8576
"16247","07_report/CpG_context_sampling_24901_247_trimmed_bismark_bt2.CpG",8700,6234,2466,8700
"16248","07_report/CpG_context_sampling_24901_248_trimmed_bismark_bt2.CpG",8605,6182,2423,8605
"16249","07_report/CpG_context_sampling_24901_249_trimmed_bismark_bt2.CpG",8733,6328,2405,8733
"16250","07_report/CpG_context_sampling_24901_250_trimmed_bismark_bt2.CpG",8650,6156,2494,8650
"16251","07_report/CpG_context_sampling_24901_251_trimmed_bismark_bt2.CpG",8687,6213,2474,8687
"16252","07_report/CpG_context_sampling_24901_252_trimmed_bismark_bt2.CpG",8734,6220,2514,8734
"16253","07_report/CpG_context_sampling_24901_253_trimmed_bismark_bt2.CpG",8701,6228,2473,8701
"16254","07_report/CpG_context_sampling_24901_254_trimmed_bismark_bt2.CpG",8534,6091,2443,8534
"16255","07_report/CpG_context_sampling_24901_255_trimmed_bismark_bt2.CpG",8760,6274,2486,8760
"16256","07_report/CpG_context_sampling_24901_256_trimmed_bismark_bt2.CpG",8805,6274,2531,8805
"16257","07_report/CpG_context_sampling_24901_257_trimmed_bismark_bt2.CpG",8770,6286,2484,8770
"16258","07_report/CpG_context_sampling_24901_258_trimmed_bismark_bt2.CpG",8594,6133,2461,8594
"16259","07_report/CpG_context_sampling_24901_259_trimmed_bismark_bt2.CpG",8615,6198,2417,8615
"16260","07_report/CpG_context_sampling_24901_260_trimmed_bismark_bt2.CpG",8692,6273,2419,8692
"16261","07_report/CpG_context_sampling_24901_261_trimmed_bismark_bt2.CpG",8516,6040,2476,8516
"16262","07_report/CpG_context_sampling_24901_262_trimmed_bismark_bt2.CpG",8731,6206,2525,8731
"16263","07_report/CpG_context_sampling_24901_263_trimmed_bismark_bt2.CpG",8626,6165,2461,8626
"16264","07_report/CpG_context_sampling_24901_264_trimmed_bismark_bt2.CpG",8597,6157,2440,8597
"16265","07_report/CpG_context_sampling_24901_265_trimmed_bismark_bt2.CpG",8769,6268,2501,8769
"16266","07_report/CpG_context_sampling_24901_266_trimmed_bismark_bt2.CpG",8631,6154,2477,8631
"16267","07_report/CpG_context_sampling_24901_267_trimmed_bismark_bt2.CpG",8704,6216,2488,8704
"16268","07_report/CpG_context_sampling_24901_268_trimmed_bismark_bt2.CpG",8636,6189,2447,8636
"16269","07_report/CpG_context_sampling_24901_269_trimmed_bismark_bt2.CpG",8650,6243,2407,8650
"16270","07_report/CpG_context_sampling_24901_270_trimmed_bismark_bt2.CpG",8545,6045,2500,8545
"16271","07_report/CpG_context_sampling_24901_271_trimmed_bismark_bt2.CpG",8654,6216,2438,8654
"16272","07_report/CpG_context_sampling_24901_272_trimmed_bismark_bt2.CpG",8538,6083,2455,8538
"16273","07_report/CpG_context_sampling_24901_273_trimmed_bismark_bt2.CpG",8649,6159,2490,8649
"16274","07_report/CpG_context_sampling_24901_274_trimmed_bismark_bt2.CpG",8649,6251,2398,8649
"16275","07_report/CpG_context_sampling_24901_275_trimmed_bismark_bt2.CpG",8544,6209,2335,8544
"16276","07_report/CpG_context_sampling_24901_276_trimmed_bismark_bt2.CpG",8642,6228,2414,8642
"16277","07_report/CpG_context_sampling_24901_277_trimmed_bismark_bt2.CpG",8532,6131,2401,8532
"16278","07_report/CpG_context_sampling_24901_278_trimmed_bismark_bt2.CpG",8743,6303,2440,8743
"16279","07_report/CpG_context_sampling_24901_279_trimmed_bismark_bt2.CpG",8602,6119,2483,8602
"16280","07_report/CpG_context_sampling_24901_280_trimmed_bismark_bt2.CpG",8644,6183,2461,8644
"16281","07_report/CpG_context_sampling_24901_281_trimmed_bismark_bt2.CpG",8564,6128,2436,8564
"16282","07_report/CpG_context_sampling_24901_282_trimmed_bismark_bt2.CpG",8548,6121,2427,8548
"16283","07_report/CpG_context_sampling_24901_283_trimmed_bismark_bt2.CpG",8575,6076,2499,8575
"16284","07_report/CpG_context_sampling_24901_284_trimmed_bismark_bt2.CpG",8541,6101,2440,8541
"16285","07_report/CpG_context_sampling_24901_285_trimmed_bismark_bt2.CpG",8617,6197,2420,8617
"16286","07_report/CpG_context_sampling_24901_286_trimmed_bismark_bt2.CpG",8684,6172,2512,8684
"16287","07_report/CpG_context_sampling_24901_287_trimmed_bismark_bt2.CpG",8736,6166,2570,8736
"16288","07_report/CpG_context_sampling_24901_288_trimmed_bismark_bt2.CpG",8635,6219,2416,8635
"16289","07_report/CpG_context_sampling_24901_289_trimmed_bismark_bt2.CpG",8623,6211,2412,8623
"16290","07_report/CpG_context_sampling_24901_290_trimmed_bismark_bt2.CpG",8710,6207,2503,8710
"16291","07_report/CpG_context_sampling_24901_291_trimmed_bismark_bt2.CpG",8589,6126,2463,8589
"16292","07_report/CpG_context_sampling_24901_292_trimmed_bismark_bt2.CpG",8483,6062,2421,8483
"16293","07_report/CpG_context_sampling_24901_293_trimmed_bismark_bt2.CpG",8568,6146,2422,8568
"16294","07_report/CpG_context_sampling_24901_294_trimmed_bismark_bt2.CpG",8685,6194,2491,8685
"16295","07_report/CpG_context_sampling_24901_295_trimmed_bismark_bt2.CpG",8623,6101,2522,8623
"16296","07_report/CpG_context_sampling_24901_296_trimmed_bismark_bt2.CpG",8615,6158,2457,8615
"16297","07_report/CpG_context_sampling_24901_297_trimmed_bismark_bt2.CpG",8627,6145,2482,8627
"16298","07_report/CpG_context_sampling_24901_298_trimmed_bismark_bt2.CpG",8650,6154,2496,8650
"16299","07_report/CpG_context_sampling_24901_299_trimmed_bismark_bt2.CpG",8682,6204,2478,8682
"16300","07_report/CpG_context_sampling_24901_300_trimmed_bismark_bt2.CpG",8591,6169,2422,8591
"16301","07_report/CpG_context_sampling_24901_301_trimmed_bismark_bt2.CpG",8641,6151,2490,8641
"16302","07_report/CpG_context_sampling_24901_302_trimmed_bismark_bt2.CpG",8638,6150,2488,8638
"16303","07_report/CpG_context_sampling_24901_303_trimmed_bismark_bt2.CpG",8736,6302,2434,8736
"16304","07_report/CpG_context_sampling_24901_304_trimmed_bismark_bt2.CpG",8567,6139,2428,8567
"16305","07_report/CpG_context_sampling_24901_305_trimmed_bismark_bt2.CpG",8650,6118,2532,8650
"16306","07_report/CpG_context_sampling_24901_306_trimmed_bismark_bt2.CpG",8559,6143,2416,8559
"16307","07_report/CpG_context_sampling_24901_307_trimmed_bismark_bt2.CpG",8641,6200,2441,8641
"16308","07_report/CpG_context_sampling_24901_308_trimmed_bismark_bt2.CpG",8649,6199,2450,8649
"16309","07_report/CpG_context_sampling_24901_309_trimmed_bismark_bt2.CpG",8769,6228,2541,8769
"16310","07_report/CpG_context_sampling_24901_310_trimmed_bismark_bt2.CpG",8563,6076,2487,8563
"16311","07_report/CpG_context_sampling_24901_311_trimmed_bismark_bt2.CpG",8561,6125,2436,8561
"16312","07_report/CpG_context_sampling_24901_312_trimmed_bismark_bt2.CpG",8579,6165,2414,8579
"16313","07_report/CpG_context_sampling_24901_313_trimmed_bismark_bt2.CpG",8613,6084,2529,8613
"16314","07_report/CpG_context_sampling_24901_314_trimmed_bismark_bt2.CpG",8447,5987,2460,8447
"16315","07_report/CpG_context_sampling_24901_315_trimmed_bismark_bt2.CpG",8638,6222,2416,8638
"16316","07_report/CpG_context_sampling_24901_316_trimmed_bismark_bt2.CpG",8694,6214,2480,8694
"16317","07_report/CpG_context_sampling_24901_317_trimmed_bismark_bt2.CpG",8667,6211,2456,8667
"16318","07_report/CpG_context_sampling_24901_318_trimmed_bismark_bt2.CpG",8621,6161,2460,8621
"16319","07_report/CpG_context_sampling_24901_319_trimmed_bismark_bt2.CpG",8650,6161,2489,8650
"16320","07_report/CpG_context_sampling_24901_320_trimmed_bismark_bt2.CpG",8605,6162,2443,8605
"16321","07_report/CpG_context_sampling_24901_321_trimmed_bismark_bt2.CpG",8574,6135,2439,8574
"16322","07_report/CpG_context_sampling_24901_322_trimmed_bismark_bt2.CpG",8614,6165,2449,8614
"16323","07_report/CpG_context_sampling_24901_323_trimmed_bismark_bt2.CpG",8726,6223,2503,8726
"16324","07_report/CpG_context_sampling_24901_324_trimmed_bismark_bt2.CpG",8735,6212,2523,8735
"16325","07_report/CpG_context_sampling_24901_325_trimmed_bismark_bt2.CpG",8622,6122,2500,8622
"16326","07_report/CpG_context_sampling_24901_326_trimmed_bismark_bt2.CpG",8553,6103,2450,8553
"16327","07_report/CpG_context_sampling_24901_327_trimmed_bismark_bt2.CpG",8632,6168,2464,8632
"16328","07_report/CpG_context_sampling_24901_328_trimmed_bismark_bt2.CpG",8566,6140,2426,8566
"16329","07_report/CpG_context_sampling_24901_329_trimmed_bismark_bt2.CpG",8508,6029,2479,8508
"16330","07_report/CpG_context_sampling_24901_330_trimmed_bismark_bt2.CpG",8641,6142,2499,8641
"16331","07_report/CpG_context_sampling_24901_331_trimmed_bismark_bt2.CpG",8781,6230,2551,8781
"16332","07_report/CpG_context_sampling_24901_332_trimmed_bismark_bt2.CpG",8850,6278,2572,8850
"16333","07_report/CpG_context_sampling_24901_333_trimmed_bismark_bt2.CpG",8787,6235,2552,8787
"16334","07_report/CpG_context_sampling_24901_334_trimmed_bismark_bt2.CpG",8675,6216,2459,8675
"16335","07_report/CpG_context_sampling_24901_335_trimmed_bismark_bt2.CpG",8716,6229,2487,8716
"16336","07_report/CpG_context_sampling_24901_336_trimmed_bismark_bt2.CpG",8674,6147,2527,8674
"16337","07_report/CpG_context_sampling_24901_337_trimmed_bismark_bt2.CpG",8551,6158,2393,8551
"16338","07_report/CpG_context_sampling_24901_338_trimmed_bismark_bt2.CpG",8635,6132,2503,8635
"16339","07_report/CpG_context_sampling_24901_339_trimmed_bismark_bt2.CpG",8540,6095,2445,8540
"16340","07_report/CpG_context_sampling_24901_340_trimmed_bismark_bt2.CpG",8675,6218,2457,8675
"16341","07_report/CpG_context_sampling_24901_341_trimmed_bismark_bt2.CpG",8654,6283,2371,8654
"16342","07_report/CpG_context_sampling_24901_342_trimmed_bismark_bt2.CpG",8667,6161,2506,8667
"16343","07_report/CpG_context_sampling_24901_343_trimmed_bismark_bt2.CpG",8602,6165,2437,8602
"16344","07_report/CpG_context_sampling_24901_344_trimmed_bismark_bt2.CpG",8530,6151,2379,8530
"16345","07_report/CpG_context_sampling_24901_345_trimmed_bismark_bt2.CpG",8685,6176,2509,8685
"16346","07_report/CpG_context_sampling_24901_346_trimmed_bismark_bt2.CpG",8569,6137,2432,8569
"16347","07_report/CpG_context_sampling_24901_347_trimmed_bismark_bt2.CpG",8550,6160,2390,8550
"16348","07_report/CpG_context_sampling_24901_348_trimmed_bismark_bt2.CpG",8685,6189,2496,8685
"16349","07_report/CpG_context_sampling_24901_349_trimmed_bismark_bt2.CpG",8653,6171,2482,8653
"16350","07_report/CpG_context_sampling_24901_350_trimmed_bismark_bt2.CpG",8727,6294,2433,8727
"16351","07_report/CpG_context_sampling_24901_351_trimmed_bismark_bt2.CpG",8620,6178,2442,8620
"16352","07_report/CpG_context_sampling_24901_352_trimmed_bismark_bt2.CpG",8696,6248,2448,8696
"16353","07_report/CpG_context_sampling_24901_353_trimmed_bismark_bt2.CpG",8707,6181,2526,8707
"16354","07_report/CpG_context_sampling_24901_354_trimmed_bismark_bt2.CpG",8649,6183,2466,8649
"16355","07_report/CpG_context_sampling_24901_355_trimmed_bismark_bt2.CpG",8744,6247,2497,8744
"16356","07_report/CpG_context_sampling_24901_356_trimmed_bismark_bt2.CpG",8541,6163,2378,8541
"16357","07_report/CpG_context_sampling_24901_357_trimmed_bismark_bt2.CpG",8719,6195,2524,8719
"16358","07_report/CpG_context_sampling_24901_358_trimmed_bismark_bt2.CpG",8608,6126,2482,8608
"16359","07_report/CpG_context_sampling_24901_359_trimmed_bismark_bt2.CpG",8649,6219,2430,8649
"16360","07_report/CpG_context_sampling_24901_360_trimmed_bismark_bt2.CpG",8622,6152,2470,8622
"16361","07_report/CpG_context_sampling_24901_361_trimmed_bismark_bt2.CpG",8630,6119,2511,8630
"16362","07_report/CpG_context_sampling_24901_362_trimmed_bismark_bt2.CpG",8734,6274,2460,8734
"16363","07_report/CpG_context_sampling_24901_363_trimmed_bismark_bt2.CpG",8710,6335,2375,8710
"16364","07_report/CpG_context_sampling_24901_364_trimmed_bismark_bt2.CpG",8840,6295,2545,8840
"16365","07_report/CpG_context_sampling_24901_365_trimmed_bismark_bt2.CpG",8691,6205,2486,8691
"16366","07_report/CpG_context_sampling_24901_366_trimmed_bismark_bt2.CpG",8675,6225,2450,8675
"16367","07_report/CpG_context_sampling_24901_367_trimmed_bismark_bt2.CpG",8504,6079,2425,8504
"16368","07_report/CpG_context_sampling_24901_368_trimmed_bismark_bt2.CpG",8535,6079,2456,8535
"16369","07_report/CpG_context_sampling_24901_369_trimmed_bismark_bt2.CpG",8626,6164,2462,8626
"16370","07_report/CpG_context_sampling_24901_370_trimmed_bismark_bt2.CpG",8660,6178,2482,8660
"16371","07_report/CpG_context_sampling_24901_371_trimmed_bismark_bt2.CpG",8589,6171,2418,8589
"16372","07_report/CpG_context_sampling_24901_372_trimmed_bismark_bt2.CpG",8652,6154,2498,8652
"16373","07_report/CpG_context_sampling_24901_373_trimmed_bismark_bt2.CpG",8675,6160,2515,8675
"16374","07_report/CpG_context_sampling_24901_374_trimmed_bismark_bt2.CpG",8680,6199,2481,8680
"16375","07_report/CpG_context_sampling_24901_375_trimmed_bismark_bt2.CpG",8542,6106,2436,8542
"16376","07_report/CpG_context_sampling_24901_376_trimmed_bismark_bt2.CpG",8587,6124,2463,8587
"16377","07_report/CpG_context_sampling_24901_377_trimmed_bismark_bt2.CpG",8724,6161,2563,8724
"16378","07_report/CpG_context_sampling_24901_378_trimmed_bismark_bt2.CpG",8640,6189,2451,8640
"16379","07_report/CpG_context_sampling_24901_379_trimmed_bismark_bt2.CpG",8611,6109,2502,8611
"16380","07_report/CpG_context_sampling_24901_380_trimmed_bismark_bt2.CpG",8774,6322,2452,8774
"16381","07_report/CpG_context_sampling_24901_381_trimmed_bismark_bt2.CpG",8702,6247,2455,8702
"16382","07_report/CpG_context_sampling_24901_382_trimmed_bismark_bt2.CpG",8668,6219,2449,8668
"16383","07_report/CpG_context_sampling_24901_383_trimmed_bismark_bt2.CpG",8562,6140,2422,8562
"16384","07_report/CpG_context_sampling_24901_384_trimmed_bismark_bt2.CpG",8529,6104,2425,8529
"16385","07_report/CpG_context_sampling_24901_385_trimmed_bismark_bt2.CpG",8749,6318,2431,8749
"16386","07_report/CpG_context_sampling_24901_386_trimmed_bismark_bt2.CpG",8519,6100,2419,8519
"16387","07_report/CpG_context_sampling_24901_387_trimmed_bismark_bt2.CpG",8765,6222,2543,8765
"16388","07_report/CpG_context_sampling_24901_388_trimmed_bismark_bt2.CpG",8614,6109,2505,8614
"16389","07_report/CpG_context_sampling_24901_389_trimmed_bismark_bt2.CpG",8666,6181,2485,8666
"16390","07_report/CpG_context_sampling_24901_390_trimmed_bismark_bt2.CpG",8486,6069,2417,8486
"16391","07_report/CpG_context_sampling_24901_391_trimmed_bismark_bt2.CpG",8559,6113,2446,8559
"16392","07_report/CpG_context_sampling_24901_392_trimmed_bismark_bt2.CpG",8461,6064,2397,8461
"16393","07_report/CpG_context_sampling_24901_393_trimmed_bismark_bt2.CpG",8695,6249,2446,8695
"16394","07_report/CpG_context_sampling_24901_394_trimmed_bismark_bt2.CpG",8564,6077,2487,8564
"16395","07_report/CpG_context_sampling_24901_395_trimmed_bismark_bt2.CpG",8582,6223,2359,8582
"16396","07_report/CpG_context_sampling_24901_396_trimmed_bismark_bt2.CpG",8736,6175,2561,8736
"16397","07_report/CpG_context_sampling_24901_397_trimmed_bismark_bt2.CpG",8649,6187,2462,8649
"16398","07_report/CpG_context_sampling_24901_398_trimmed_bismark_bt2.CpG",8536,6143,2393,8536
"16399","07_report/CpG_context_sampling_24901_399_trimmed_bismark_bt2.CpG",8550,6167,2383,8550
"16400","07_report/CpG_context_sampling_24901_400_trimmed_bismark_bt2.CpG",8603,6173,2430,8603
"16401","07_report/CpG_context_sampling_24901_401_trimmed_bismark_bt2.CpG",8539,6114,2425,8539
"16402","07_report/CpG_context_sampling_24901_402_trimmed_bismark_bt2.CpG",8598,6220,2378,8598
"16403","07_report/CpG_context_sampling_24901_403_trimmed_bismark_bt2.CpG",8887,6344,2543,8887
"16404","07_report/CpG_context_sampling_24901_404_trimmed_bismark_bt2.CpG",8714,6212,2502,8714
"16405","07_report/CpG_context_sampling_24901_405_trimmed_bismark_bt2.CpG",8597,6135,2462,8597
"16406","07_report/CpG_context_sampling_24901_406_trimmed_bismark_bt2.CpG",8422,6038,2384,8422
"16407","07_report/CpG_context_sampling_24901_407_trimmed_bismark_bt2.CpG",8683,6138,2545,8683
"16408","07_report/CpG_context_sampling_24901_408_trimmed_bismark_bt2.CpG",8679,6143,2536,8679
"16409","07_report/CpG_context_sampling_24901_409_trimmed_bismark_bt2.CpG",8691,6231,2460,8691
"16410","07_report/CpG_context_sampling_24901_410_trimmed_bismark_bt2.CpG",8530,6134,2396,8530
"16411","07_report/CpG_context_sampling_24901_411_trimmed_bismark_bt2.CpG",8726,6211,2515,8726
"16412","07_report/CpG_context_sampling_24901_412_trimmed_bismark_bt2.CpG",8745,6218,2527,8745
"16413","07_report/CpG_context_sampling_24901_413_trimmed_bismark_bt2.CpG",8740,6282,2458,8740
"16414","07_report/CpG_context_sampling_24901_414_trimmed_bismark_bt2.CpG",8674,6165,2509,8674
"16415","07_report/CpG_context_sampling_24901_415_trimmed_bismark_bt2.CpG",8660,6177,2483,8660
"16416","07_report/CpG_context_sampling_24901_416_trimmed_bismark_bt2.CpG",8621,6179,2442,8621
"16417","07_report/CpG_context_sampling_24901_417_trimmed_bismark_bt2.CpG",8712,6218,2494,8712
"16418","07_report/CpG_context_sampling_24901_418_trimmed_bismark_bt2.CpG",8797,6336,2461,8797
"16419","07_report/CpG_context_sampling_24901_419_trimmed_bismark_bt2.CpG",8631,6180,2451,8631
"16420","07_report/CpG_context_sampling_24901_420_trimmed_bismark_bt2.CpG",8651,6244,2407,8651
"16421","07_report/CpG_context_sampling_24901_421_trimmed_bismark_bt2.CpG",8515,6102,2413,8515
"16422","07_report/CpG_context_sampling_24901_422_trimmed_bismark_bt2.CpG",8645,6169,2476,8645
"16423","07_report/CpG_context_sampling_24901_423_trimmed_bismark_bt2.CpG",8740,6160,2580,8740
"16424","07_report/CpG_context_sampling_24901_424_trimmed_bismark_bt2.CpG",8673,6165,2508,8673
"16425","07_report/CpG_context_sampling_24901_425_trimmed_bismark_bt2.CpG",8635,6147,2488,8635
"16426","07_report/CpG_context_sampling_24901_426_trimmed_bismark_bt2.CpG",8680,6245,2435,8680
"16427","07_report/CpG_context_sampling_24901_427_trimmed_bismark_bt2.CpG",8674,6247,2427,8674
"16428","07_report/CpG_context_sampling_24901_428_trimmed_bismark_bt2.CpG",8718,6349,2369,8718
"16429","07_report/CpG_context_sampling_24901_429_trimmed_bismark_bt2.CpG",8598,6179,2419,8598
"16430","07_report/CpG_context_sampling_24901_430_trimmed_bismark_bt2.CpG",8676,6258,2418,8676
"16431","07_report/CpG_context_sampling_24901_431_trimmed_bismark_bt2.CpG",8617,6153,2464,8617
"16432","07_report/CpG_context_sampling_24901_432_trimmed_bismark_bt2.CpG",8688,6260,2428,8688
"16433","07_report/CpG_context_sampling_24901_433_trimmed_bismark_bt2.CpG",8579,6176,2403,8579
"16434","07_report/CpG_context_sampling_24901_434_trimmed_bismark_bt2.CpG",8690,6162,2528,8690
"16435","07_report/CpG_context_sampling_24901_435_trimmed_bismark_bt2.CpG",8719,6284,2435,8719
"16436","07_report/CpG_context_sampling_24901_436_trimmed_bismark_bt2.CpG",8532,6096,2436,8532
"16437","07_report/CpG_context_sampling_24901_437_trimmed_bismark_bt2.CpG",8625,6179,2446,8625
"16438","07_report/CpG_context_sampling_24901_438_trimmed_bismark_bt2.CpG",8472,6102,2370,8472
"16439","07_report/CpG_context_sampling_24901_439_trimmed_bismark_bt2.CpG",8709,6255,2454,8709
"16440","07_report/CpG_context_sampling_24901_440_trimmed_bismark_bt2.CpG",8578,6117,2461,8578
"16441","07_report/CpG_context_sampling_24901_441_trimmed_bismark_bt2.CpG",8669,6118,2551,8669
"16442","07_report/CpG_context_sampling_24901_442_trimmed_bismark_bt2.CpG",8711,6185,2526,8711
"16443","07_report/CpG_context_sampling_24901_443_trimmed_bismark_bt2.CpG",8607,6191,2416,8607
"16444","07_report/CpG_context_sampling_24901_444_trimmed_bismark_bt2.CpG",8593,6129,2464,8593
"16445","07_report/CpG_context_sampling_24901_445_trimmed_bismark_bt2.CpG",8704,6266,2438,8704
"16446","07_report/CpG_context_sampling_24901_446_trimmed_bismark_bt2.CpG",8605,6147,2458,8605
"16447","07_report/CpG_context_sampling_24901_447_trimmed_bismark_bt2.CpG",8603,6151,2452,8603
"16448","07_report/CpG_context_sampling_24901_448_trimmed_bismark_bt2.CpG",8672,6261,2411,8672
"16449","07_report/CpG_context_sampling_24901_449_trimmed_bismark_bt2.CpG",8634,6116,2518,8634
"16450","07_report/CpG_context_sampling_24901_450_trimmed_bismark_bt2.CpG",8578,6155,2423,8578
"16451","07_report/CpG_context_sampling_24901_451_trimmed_bismark_bt2.CpG",8689,6280,2409,8689
"16452","07_report/CpG_context_sampling_24901_452_trimmed_bismark_bt2.CpG",8632,6148,2484,8632
"16453","07_report/CpG_context_sampling_24901_453_trimmed_bismark_bt2.CpG",8664,6135,2529,8664
"16454","07_report/CpG_context_sampling_24901_454_trimmed_bismark_bt2.CpG",8660,6208,2452,8660
"16455","07_report/CpG_context_sampling_24901_455_trimmed_bismark_bt2.CpG",8669,6197,2472,8669
"16456","07_report/CpG_context_sampling_24901_456_trimmed_bismark_bt2.CpG",8719,6288,2431,8719
"16457","07_report/CpG_context_sampling_24901_457_trimmed_bismark_bt2.CpG",8640,6233,2407,8640
"16458","07_report/CpG_context_sampling_24901_458_trimmed_bismark_bt2.CpG",8670,6222,2448,8670
"16459","07_report/CpG_context_sampling_24901_459_trimmed_bismark_bt2.CpG",8722,6266,2456,8722
"16460","07_report/CpG_context_sampling_24901_460_trimmed_bismark_bt2.CpG",8734,6269,2465,8734
"16461","07_report/CpG_context_sampling_24901_461_trimmed_bismark_bt2.CpG",8646,6162,2484,8646
"16462","07_report/CpG_context_sampling_24901_462_trimmed_bismark_bt2.CpG",8658,6214,2444,8658
"16463","07_report/CpG_context_sampling_24901_463_trimmed_bismark_bt2.CpG",8601,6159,2442,8601
"16464","07_report/CpG_context_sampling_24901_464_trimmed_bismark_bt2.CpG",8671,6147,2524,8671
"16465","07_report/CpG_context_sampling_24901_465_trimmed_bismark_bt2.CpG",8589,6079,2510,8589
"16466","07_report/CpG_context_sampling_24901_466_trimmed_bismark_bt2.CpG",8598,6136,2462,8598
"16467","07_report/CpG_context_sampling_24901_467_trimmed_bismark_bt2.CpG",8528,6165,2363,8528
"16468","07_report/CpG_context_sampling_24901_468_trimmed_bismark_bt2.CpG",8585,6099,2486,8585
"16469","07_report/CpG_context_sampling_24901_469_trimmed_bismark_bt2.CpG",8878,6248,2630,8878
"16470","07_report/CpG_context_sampling_24901_470_trimmed_bismark_bt2.CpG",8756,6219,2537,8756
"16471","07_report/CpG_context_sampling_24901_471_trimmed_bismark_bt2.CpG",8623,6227,2396,8623
"16472","07_report/CpG_context_sampling_24901_472_trimmed_bismark_bt2.CpG",8575,6146,2429,8575
"16473","07_report/CpG_context_sampling_24901_473_trimmed_bismark_bt2.CpG",8573,6097,2476,8573
"16474","07_report/CpG_context_sampling_24901_474_trimmed_bismark_bt2.CpG",8790,6249,2541,8790
"16475","07_report/CpG_context_sampling_24901_475_trimmed_bismark_bt2.CpG",8573,6093,2480,8573
"16476","07_report/CpG_context_sampling_24901_476_trimmed_bismark_bt2.CpG",8588,6167,2421,8588
"16477","07_report/CpG_context_sampling_24901_477_trimmed_bismark_bt2.CpG",8597,6102,2495,8597
"16478","07_report/CpG_context_sampling_24901_478_trimmed_bismark_bt2.CpG",8645,6191,2454,8645
"16479","07_report/CpG_context_sampling_24901_479_trimmed_bismark_bt2.CpG",8579,6164,2415,8579
"16480","07_report/CpG_context_sampling_24901_480_trimmed_bismark_bt2.CpG",8679,6188,2491,8679
"16481","07_report/CpG_context_sampling_24901_481_trimmed_bismark_bt2.CpG",8630,6176,2454,8630
"16482","07_report/CpG_context_sampling_24901_482_trimmed_bismark_bt2.CpG",8669,6203,2466,8669
"16483","07_report/CpG_context_sampling_24901_483_trimmed_bismark_bt2.CpG",8632,6154,2478,8632
"16484","07_report/CpG_context_sampling_24901_484_trimmed_bismark_bt2.CpG",8631,6201,2430,8631
"16485","07_report/CpG_context_sampling_24901_485_trimmed_bismark_bt2.CpG",8608,6159,2449,8608
"16486","07_report/CpG_context_sampling_24901_486_trimmed_bismark_bt2.CpG",8534,6096,2438,8534
"16487","07_report/CpG_context_sampling_24901_487_trimmed_bismark_bt2.CpG",8696,6162,2534,8696
"16488","07_report/CpG_context_sampling_24901_488_trimmed_bismark_bt2.CpG",8713,6253,2460,8713
"16489","07_report/CpG_context_sampling_24901_489_trimmed_bismark_bt2.CpG",8726,6239,2487,8726
"16490","07_report/CpG_context_sampling_24901_490_trimmed_bismark_bt2.CpG",8760,6268,2492,8760
"16491","07_report/CpG_context_sampling_24901_491_trimmed_bismark_bt2.CpG",8661,6210,2451,8661
"16492","07_report/CpG_context_sampling_24901_492_trimmed_bismark_bt2.CpG",8669,6153,2516,8669
"16493","07_report/CpG_context_sampling_24901_493_trimmed_bismark_bt2.CpG",8608,6158,2450,8608
"16494","07_report/CpG_context_sampling_24901_494_trimmed_bismark_bt2.CpG",8624,6141,2483,8624
"16495","07_report/CpG_context_sampling_24901_495_trimmed_bismark_bt2.CpG",8555,6174,2381,8555
"16496","07_report/CpG_context_sampling_24901_496_trimmed_bismark_bt2.CpG",8676,6133,2543,8676
"16497","07_report/CpG_context_sampling_24901_497_trimmed_bismark_bt2.CpG",8510,5977,2533,8510
"16498","07_report/CpG_context_sampling_24901_498_trimmed_bismark_bt2.CpG",8863,6378,2485,8863
"16499","07_report/CpG_context_sampling_24901_499_trimmed_bismark_bt2.CpG",8584,6120,2464,8584
"16500","07_report/CpG_context_sampling_24901_500_trimmed_bismark_bt2.CpG",8680,6249,2431,8680
"16501","07_report/CpG_context_sampling_24901_501_trimmed_bismark_bt2.CpG",8605,6081,2524,8605
"16502","07_report/CpG_context_sampling_24901_502_trimmed_bismark_bt2.CpG",8715,6279,2436,8715
"16503","07_report/CpG_context_sampling_24901_503_trimmed_bismark_bt2.CpG",8591,6190,2401,8591
"16504","07_report/CpG_context_sampling_24901_504_trimmed_bismark_bt2.CpG",8570,6124,2446,8570
"16505","07_report/CpG_context_sampling_24901_505_trimmed_bismark_bt2.CpG",8615,6057,2558,8615
"16506","07_report/CpG_context_sampling_24901_506_trimmed_bismark_bt2.CpG",8634,6125,2509,8634
"16507","07_report/CpG_context_sampling_24901_507_trimmed_bismark_bt2.CpG",8548,6138,2410,8548
"16508","07_report/CpG_context_sampling_24901_508_trimmed_bismark_bt2.CpG",8695,6243,2452,8695
"16509","07_report/CpG_context_sampling_24901_509_trimmed_bismark_bt2.CpG",8610,6212,2398,8610
"16510","07_report/CpG_context_sampling_24901_510_trimmed_bismark_bt2.CpG",8590,6154,2436,8590
"16511","07_report/CpG_context_sampling_24901_511_trimmed_bismark_bt2.CpG",8622,6190,2432,8622
"16512","07_report/CpG_context_sampling_24901_512_trimmed_bismark_bt2.CpG",8526,6178,2348,8526
"16513","07_report/CpG_context_sampling_24901_513_trimmed_bismark_bt2.CpG",8609,6134,2475,8609
"16514","07_report/CpG_context_sampling_24901_514_trimmed_bismark_bt2.CpG",8552,6136,2416,8552
"16515","07_report/CpG_context_sampling_24901_515_trimmed_bismark_bt2.CpG",8430,5990,2440,8430
"16516","07_report/CpG_context_sampling_24901_516_trimmed_bismark_bt2.CpG",8787,6228,2559,8787
"16517","07_report/CpG_context_sampling_24901_517_trimmed_bismark_bt2.CpG",8629,6244,2385,8629
"16518","07_report/CpG_context_sampling_24901_518_trimmed_bismark_bt2.CpG",8799,6264,2535,8799
"16519","07_report/CpG_context_sampling_24901_519_trimmed_bismark_bt2.CpG",8529,6199,2330,8529
"16520","07_report/CpG_context_sampling_24901_520_trimmed_bismark_bt2.CpG",8549,6106,2443,8549
"16521","07_report/CpG_context_sampling_24901_521_trimmed_bismark_bt2.CpG",8720,6164,2556,8720
"16522","07_report/CpG_context_sampling_24901_522_trimmed_bismark_bt2.CpG",8871,6347,2524,8871
"16523","07_report/CpG_context_sampling_24901_523_trimmed_bismark_bt2.CpG",8669,6273,2396,8669
"16524","07_report/CpG_context_sampling_24901_524_trimmed_bismark_bt2.CpG",8668,6211,2457,8668
"16525","07_report/CpG_context_sampling_24901_525_trimmed_bismark_bt2.CpG",8638,6176,2462,8638
"16526","07_report/CpG_context_sampling_24901_526_trimmed_bismark_bt2.CpG",8625,6143,2482,8625
"16527","07_report/CpG_context_sampling_24901_527_trimmed_bismark_bt2.CpG",8655,6167,2488,8655
"16528","07_report/CpG_context_sampling_24901_528_trimmed_bismark_bt2.CpG",8593,6077,2516,8593
"16529","07_report/CpG_context_sampling_24901_529_trimmed_bismark_bt2.CpG",8652,6170,2482,8652
"16530","07_report/CpG_context_sampling_24901_530_trimmed_bismark_bt2.CpG",8560,6089,2471,8560
"16531","07_report/CpG_context_sampling_24901_531_trimmed_bismark_bt2.CpG",8580,6106,2474,8580
"16532","07_report/CpG_context_sampling_24901_532_trimmed_bismark_bt2.CpG",8682,6259,2423,8682
"16533","07_report/CpG_context_sampling_24901_533_trimmed_bismark_bt2.CpG",8634,6123,2511,8634
"16534","07_report/CpG_context_sampling_24901_534_trimmed_bismark_bt2.CpG",8633,6161,2472,8633
"16535","07_report/CpG_context_sampling_24901_535_trimmed_bismark_bt2.CpG",8727,6213,2514,8727
"16536","07_report/CpG_context_sampling_24901_536_trimmed_bismark_bt2.CpG",8694,6228,2466,8694
"16537","07_report/CpG_context_sampling_24901_537_trimmed_bismark_bt2.CpG",8683,6223,2460,8683
"16538","07_report/CpG_context_sampling_24901_538_trimmed_bismark_bt2.CpG",8554,6074,2480,8554
"16539","07_report/CpG_context_sampling_24901_539_trimmed_bismark_bt2.CpG",8679,6223,2456,8679
"16540","07_report/CpG_context_sampling_24901_540_trimmed_bismark_bt2.CpG",8650,6252,2398,8650
"16541","07_report/CpG_context_sampling_24901_541_trimmed_bismark_bt2.CpG",8731,6264,2467,8731
"16542","07_report/CpG_context_sampling_24901_542_trimmed_bismark_bt2.CpG",8562,6164,2398,8562
"16543","07_report/CpG_context_sampling_24901_543_trimmed_bismark_bt2.CpG",8649,6205,2444,8649
"16544","07_report/CpG_context_sampling_24901_544_trimmed_bismark_bt2.CpG",8655,6167,2488,8655
"16545","07_report/CpG_context_sampling_24901_545_trimmed_bismark_bt2.CpG",8683,6238,2445,8683
"16546","07_report/CpG_context_sampling_24901_546_trimmed_bismark_bt2.CpG",8611,6218,2393,8611
"16547","07_report/CpG_context_sampling_24901_547_trimmed_bismark_bt2.CpG",8462,6124,2338,8462
"16548","07_report/CpG_context_sampling_24901_548_trimmed_bismark_bt2.CpG",8669,6132,2537,8669
"16549","07_report/CpG_context_sampling_24901_549_trimmed_bismark_bt2.CpG",8554,6156,2398,8554
"16550","07_report/CpG_context_sampling_24901_550_trimmed_bismark_bt2.CpG",8611,6220,2391,8611
"16551","07_report/CpG_context_sampling_24901_551_trimmed_bismark_bt2.CpG",8633,6204,2429,8633
"16552","07_report/CpG_context_sampling_24901_552_trimmed_bismark_bt2.CpG",8703,6225,2478,8703
"16553","07_report/CpG_context_sampling_24901_553_trimmed_bismark_bt2.CpG",8579,6186,2393,8579
"16554","07_report/CpG_context_sampling_24901_554_trimmed_bismark_bt2.CpG",8618,6138,2480,8618
"16555","07_report/CpG_context_sampling_24901_555_trimmed_bismark_bt2.CpG",8633,6199,2434,8633
"16556","07_report/CpG_context_sampling_24901_556_trimmed_bismark_bt2.CpG",8703,6261,2442,8703
"16557","07_report/CpG_context_sampling_24901_557_trimmed_bismark_bt2.CpG",8654,6149,2505,8654
"16558","07_report/CpG_context_sampling_24901_558_trimmed_bismark_bt2.CpG",8682,6235,2447,8682
"16559","07_report/CpG_context_sampling_24901_559_trimmed_bismark_bt2.CpG",8566,6192,2374,8566
"16560","07_report/CpG_context_sampling_24901_560_trimmed_bismark_bt2.CpG",8562,6131,2431,8562
"16561","07_report/CpG_context_sampling_24901_561_trimmed_bismark_bt2.CpG",8685,6220,2465,8685
"16562","07_report/CpG_context_sampling_24901_562_trimmed_bismark_bt2.CpG",8587,6144,2443,8587
"16563","07_report/CpG_context_sampling_24901_563_trimmed_bismark_bt2.CpG",8646,6204,2442,8646
"16564","07_report/CpG_context_sampling_24901_564_trimmed_bismark_bt2.CpG",8603,6116,2487,8603
"16565","07_report/CpG_context_sampling_24901_565_trimmed_bismark_bt2.CpG",8663,6151,2512,8663
"16566","07_report/CpG_context_sampling_24901_566_trimmed_bismark_bt2.CpG",8722,6256,2466,8722
"16567","07_report/CpG_context_sampling_24901_567_trimmed_bismark_bt2.CpG",8630,6174,2456,8630
"16568","07_report/CpG_context_sampling_24901_568_trimmed_bismark_bt2.CpG",8636,6102,2534,8636
"16569","07_report/CpG_context_sampling_24901_569_trimmed_bismark_bt2.CpG",8582,6163,2419,8582
"16570","07_report/CpG_context_sampling_24901_570_trimmed_bismark_bt2.CpG",8598,6129,2469,8598
"16571","07_report/CpG_context_sampling_24901_571_trimmed_bismark_bt2.CpG",8768,6228,2540,8768
"16572","07_report/CpG_context_sampling_24901_572_trimmed_bismark_bt2.CpG",8607,6185,2422,8607
"16573","07_report/CpG_context_sampling_24901_573_trimmed_bismark_bt2.CpG",8749,6270,2479,8749
"16574","07_report/CpG_context_sampling_24901_574_trimmed_bismark_bt2.CpG",8675,6196,2479,8675
"16575","07_report/CpG_context_sampling_24901_575_trimmed_bismark_bt2.CpG",8701,6166,2535,8701
"16576","07_report/CpG_context_sampling_24901_576_trimmed_bismark_bt2.CpG",8612,6221,2391,8612
"16577","07_report/CpG_context_sampling_24901_577_trimmed_bismark_bt2.CpG",8564,6200,2364,8564
"16578","07_report/CpG_context_sampling_24901_578_trimmed_bismark_bt2.CpG",8500,6129,2371,8500
"16579","07_report/CpG_context_sampling_24901_579_trimmed_bismark_bt2.CpG",8792,6333,2459,8792
"16580","07_report/CpG_context_sampling_24901_580_trimmed_bismark_bt2.CpG",8687,6203,2484,8687
"16581","07_report/CpG_context_sampling_24901_581_trimmed_bismark_bt2.CpG",8620,6169,2451,8620
"16582","07_report/CpG_context_sampling_24901_582_trimmed_bismark_bt2.CpG",8578,6126,2452,8578
"16583","07_report/CpG_context_sampling_24901_583_trimmed_bismark_bt2.CpG",8520,5999,2521,8520
"16584","07_report/CpG_context_sampling_24901_584_trimmed_bismark_bt2.CpG",8621,6198,2423,8621
"16585","07_report/CpG_context_sampling_24901_585_trimmed_bismark_bt2.CpG",8542,6072,2470,8542
"16586","07_report/CpG_context_sampling_24901_586_trimmed_bismark_bt2.CpG",8660,6229,2431,8660
"16587","07_report/CpG_context_sampling_24901_587_trimmed_bismark_bt2.CpG",8679,6314,2365,8679
"16588","07_report/CpG_context_sampling_24901_588_trimmed_bismark_bt2.CpG",8575,6109,2466,8575
"16589","07_report/CpG_context_sampling_24901_589_trimmed_bismark_bt2.CpG",8602,6182,2420,8602
"16590","07_report/CpG_context_sampling_24901_590_trimmed_bismark_bt2.CpG",8673,6211,2462,8673
"16591","07_report/CpG_context_sampling_24901_591_trimmed_bismark_bt2.CpG",8553,6061,2492,8553
"16592","07_report/CpG_context_sampling_24901_592_trimmed_bismark_bt2.CpG",8587,6049,2538,8587
"16593","07_report/CpG_context_sampling_24901_593_trimmed_bismark_bt2.CpG",8596,6091,2505,8596
"16594","07_report/CpG_context_sampling_24901_594_trimmed_bismark_bt2.CpG",8648,6123,2525,8648
"16595","07_report/CpG_context_sampling_24901_595_trimmed_bismark_bt2.CpG",8594,6159,2435,8594
"16596","07_report/CpG_context_sampling_24901_596_trimmed_bismark_bt2.CpG",8600,6126,2474,8600
"16597","07_report/CpG_context_sampling_24901_597_trimmed_bismark_bt2.CpG",8540,6034,2506,8540
"16598","07_report/CpG_context_sampling_24901_598_trimmed_bismark_bt2.CpG",8474,6033,2441,8474
"16599","07_report/CpG_context_sampling_24901_599_trimmed_bismark_bt2.CpG",8602,6196,2406,8602
"16600","07_report/CpG_context_sampling_24901_600_trimmed_bismark_bt2.CpG",8659,6195,2464,8659
"16601","07_report/CpG_context_sampling_24901_601_trimmed_bismark_bt2.CpG",8616,6270,2346,8616
"16602","07_report/CpG_context_sampling_24901_602_trimmed_bismark_bt2.CpG",8676,6236,2440,8676
"16603","07_report/CpG_context_sampling_24901_603_trimmed_bismark_bt2.CpG",8624,6149,2475,8624
"16604","07_report/CpG_context_sampling_24901_604_trimmed_bismark_bt2.CpG",8744,6172,2572,8744
"16605","07_report/CpG_context_sampling_24901_605_trimmed_bismark_bt2.CpG",8713,6272,2441,8713
"16606","07_report/CpG_context_sampling_24901_606_trimmed_bismark_bt2.CpG",8679,6183,2496,8679
"16607","07_report/CpG_context_sampling_24901_607_trimmed_bismark_bt2.CpG",8591,6226,2365,8591
"16608","07_report/CpG_context_sampling_24901_608_trimmed_bismark_bt2.CpG",8816,6274,2542,8816
"16609","07_report/CpG_context_sampling_24901_609_trimmed_bismark_bt2.CpG",8690,6147,2543,8690
"16610","07_report/CpG_context_sampling_24901_610_trimmed_bismark_bt2.CpG",8607,6115,2492,8607
"16611","07_report/CpG_context_sampling_24901_611_trimmed_bismark_bt2.CpG",8666,6174,2492,8666
"16612","07_report/CpG_context_sampling_24901_612_trimmed_bismark_bt2.CpG",8689,6194,2495,8689
"16613","07_report/CpG_context_sampling_24901_613_trimmed_bismark_bt2.CpG",8647,6187,2460,8647
"16614","07_report/CpG_context_sampling_24901_614_trimmed_bismark_bt2.CpG",8527,6115,2412,8527
"16615","07_report/CpG_context_sampling_24901_615_trimmed_bismark_bt2.CpG",8737,6289,2448,8737
"16616","07_report/CpG_context_sampling_24901_616_trimmed_bismark_bt2.CpG",8542,6097,2445,8542
"16617","07_report/CpG_context_sampling_24901_617_trimmed_bismark_bt2.CpG",8549,6115,2434,8549
"16618","07_report/CpG_context_sampling_24901_618_trimmed_bismark_bt2.CpG",8621,6147,2474,8621
"16619","07_report/CpG_context_sampling_24901_619_trimmed_bismark_bt2.CpG",8765,6231,2534,8765
"16620","07_report/CpG_context_sampling_24901_620_trimmed_bismark_bt2.CpG",8613,6142,2471,8613
"16621","07_report/CpG_context_sampling_24901_621_trimmed_bismark_bt2.CpG",8643,6157,2486,8643
"16622","07_report/CpG_context_sampling_24901_622_trimmed_bismark_bt2.CpG",8615,6140,2475,8615
"16623","07_report/CpG_context_sampling_24901_623_trimmed_bismark_bt2.CpG",8580,6114,2466,8580
"16624","07_report/CpG_context_sampling_24901_624_trimmed_bismark_bt2.CpG",8611,6153,2458,8611
"16625","07_report/CpG_context_sampling_24901_625_trimmed_bismark_bt2.CpG",8647,6186,2461,8647
"16626","07_report/CpG_context_sampling_24901_626_trimmed_bismark_bt2.CpG",8684,6245,2439,8684
"16627","07_report/CpG_context_sampling_24901_627_trimmed_bismark_bt2.CpG",8798,6244,2554,8798
"16628","07_report/CpG_context_sampling_24901_628_trimmed_bismark_bt2.CpG",8629,6137,2492,8629
"16629","07_report/CpG_context_sampling_24901_629_trimmed_bismark_bt2.CpG",8753,6184,2569,8753
"16630","07_report/CpG_context_sampling_24901_630_trimmed_bismark_bt2.CpG",8796,6241,2555,8796
"16631","07_report/CpG_context_sampling_24901_631_trimmed_bismark_bt2.CpG",8699,6195,2504,8699
"16632","07_report/CpG_context_sampling_24901_632_trimmed_bismark_bt2.CpG",8670,6208,2462,8670
"16633","07_report/CpG_context_sampling_24901_633_trimmed_bismark_bt2.CpG",8714,6217,2497,8714
"16634","07_report/CpG_context_sampling_24901_634_trimmed_bismark_bt2.CpG",8675,6137,2538,8675
"16635","07_report/CpG_context_sampling_24901_635_trimmed_bismark_bt2.CpG",8552,6082,2470,8552
"16636","07_report/CpG_context_sampling_24901_636_trimmed_bismark_bt2.CpG",8521,6138,2383,8521
"16637","07_report/CpG_context_sampling_24901_637_trimmed_bismark_bt2.CpG",8546,6123,2423,8546
"16638","07_report/CpG_context_sampling_24901_638_trimmed_bismark_bt2.CpG",8518,6087,2431,8518
"16639","07_report/CpG_context_sampling_24901_639_trimmed_bismark_bt2.CpG",8571,6125,2446,8571
"16640","07_report/CpG_context_sampling_24901_640_trimmed_bismark_bt2.CpG",8645,6196,2449,8645
"16641","07_report/CpG_context_sampling_24901_641_trimmed_bismark_bt2.CpG",8624,6094,2530,8624
"16642","07_report/CpG_context_sampling_24901_642_trimmed_bismark_bt2.CpG",8602,6147,2455,8602
"16643","07_report/CpG_context_sampling_24901_643_trimmed_bismark_bt2.CpG",8574,6085,2489,8574
"16644","07_report/CpG_context_sampling_24901_644_trimmed_bismark_bt2.CpG",8790,6245,2545,8790
"16645","07_report/CpG_context_sampling_24901_645_trimmed_bismark_bt2.CpG",8683,6181,2502,8683
"16646","07_report/CpG_context_sampling_24901_646_trimmed_bismark_bt2.CpG",8734,6215,2519,8734
"16647","07_report/CpG_context_sampling_24901_647_trimmed_bismark_bt2.CpG",8561,6126,2435,8561
"16648","07_report/CpG_context_sampling_24901_648_trimmed_bismark_bt2.CpG",8664,6214,2450,8664
"16649","07_report/CpG_context_sampling_24901_649_trimmed_bismark_bt2.CpG",8641,6140,2501,8641
"16650","07_report/CpG_context_sampling_24901_650_trimmed_bismark_bt2.CpG",8732,6254,2478,8732
"16651","07_report/CpG_context_sampling_24901_651_trimmed_bismark_bt2.CpG",8604,6169,2435,8604
"16652","07_report/CpG_context_sampling_24901_652_trimmed_bismark_bt2.CpG",8687,6264,2423,8687
"16653","07_report/CpG_context_sampling_24901_653_trimmed_bismark_bt2.CpG",8646,6218,2428,8646
"16654","07_report/CpG_context_sampling_24901_654_trimmed_bismark_bt2.CpG",8658,6192,2466,8658
"16655","07_report/CpG_context_sampling_24901_655_trimmed_bismark_bt2.CpG",8770,6197,2573,8770
"16656","07_report/CpG_context_sampling_24901_656_trimmed_bismark_bt2.CpG",8700,6240,2460,8700
"16657","07_report/CpG_context_sampling_24901_657_trimmed_bismark_bt2.CpG",8736,6281,2455,8736
"16658","07_report/CpG_context_sampling_24901_658_trimmed_bismark_bt2.CpG",8541,6130,2411,8541
"16659","07_report/CpG_context_sampling_24901_659_trimmed_bismark_bt2.CpG",8537,6148,2389,8537
"16660","07_report/CpG_context_sampling_24901_660_trimmed_bismark_bt2.CpG",8595,6151,2444,8595
"16661","07_report/CpG_context_sampling_24901_661_trimmed_bismark_bt2.CpG",8594,6095,2499,8594
"16662","07_report/CpG_context_sampling_24901_662_trimmed_bismark_bt2.CpG",8641,6175,2466,8641
"16663","07_report/CpG_context_sampling_24901_663_trimmed_bismark_bt2.CpG",8722,6172,2550,8722
"16664","07_report/CpG_context_sampling_24901_664_trimmed_bismark_bt2.CpG",8668,6226,2442,8668
"16665","07_report/CpG_context_sampling_24901_665_trimmed_bismark_bt2.CpG",8673,6254,2419,8673
"16666","07_report/CpG_context_sampling_24901_666_trimmed_bismark_bt2.CpG",8497,6091,2406,8497
"16667","07_report/CpG_context_sampling_24901_667_trimmed_bismark_bt2.CpG",8620,6140,2480,8620
"16668","07_report/CpG_context_sampling_24901_668_trimmed_bismark_bt2.CpG",8689,6205,2484,8689
"16669","07_report/CpG_context_sampling_24901_669_trimmed_bismark_bt2.CpG",8540,6088,2452,8540
"16670","07_report/CpG_context_sampling_24901_670_trimmed_bismark_bt2.CpG",8695,6230,2465,8695
"16671","07_report/CpG_context_sampling_24901_671_trimmed_bismark_bt2.CpG",8598,6099,2499,8598
"16672","07_report/CpG_context_sampling_24901_672_trimmed_bismark_bt2.CpG",8410,6041,2369,8410
"16673","07_report/CpG_context_sampling_24901_673_trimmed_bismark_bt2.CpG",8710,6187,2523,8710
"16674","07_report/CpG_context_sampling_24901_674_trimmed_bismark_bt2.CpG",8586,6161,2425,8586
"16675","07_report/CpG_context_sampling_24901_675_trimmed_bismark_bt2.CpG",8647,6143,2504,8647
"16676","07_report/CpG_context_sampling_24901_676_trimmed_bismark_bt2.CpG",8683,6223,2460,8683
"16677","07_report/CpG_context_sampling_24901_677_trimmed_bismark_bt2.CpG",8641,6248,2393,8641
"16678","07_report/CpG_context_sampling_24901_678_trimmed_bismark_bt2.CpG",8584,6096,2488,8584
"16679","07_report/CpG_context_sampling_24901_679_trimmed_bismark_bt2.CpG",8606,6182,2424,8606
"16680","07_report/CpG_context_sampling_24901_680_trimmed_bismark_bt2.CpG",8564,6129,2435,8564
"16681","07_report/CpG_context_sampling_24901_681_trimmed_bismark_bt2.CpG",8757,6219,2538,8757
"16682","07_report/CpG_context_sampling_24901_682_trimmed_bismark_bt2.CpG",8642,6138,2504,8642
"16683","07_report/CpG_context_sampling_24901_683_trimmed_bismark_bt2.CpG",8628,6121,2507,8628
"16684","07_report/CpG_context_sampling_24901_684_trimmed_bismark_bt2.CpG",8633,6144,2489,8633
"16685","07_report/CpG_context_sampling_24901_685_trimmed_bismark_bt2.CpG",8581,6149,2432,8581
"16686","07_report/CpG_context_sampling_24901_686_trimmed_bismark_bt2.CpG",8635,6147,2488,8635
"16687","07_report/CpG_context_sampling_24901_687_trimmed_bismark_bt2.CpG",8628,6236,2392,8628
"16688","07_report/CpG_context_sampling_24901_688_trimmed_bismark_bt2.CpG",8688,6160,2528,8688
"16689","07_report/CpG_context_sampling_24901_689_trimmed_bismark_bt2.CpG",8655,6237,2418,8655
"16690","07_report/CpG_context_sampling_24901_690_trimmed_bismark_bt2.CpG",8638,6121,2517,8638
"16691","07_report/CpG_context_sampling_24901_691_trimmed_bismark_bt2.CpG",8549,6025,2524,8549
"16692","07_report/CpG_context_sampling_24901_692_trimmed_bismark_bt2.CpG",8554,6104,2450,8554
"16693","07_report/CpG_context_sampling_24901_693_trimmed_bismark_bt2.CpG",8533,6055,2478,8533
"16694","07_report/CpG_context_sampling_24901_694_trimmed_bismark_bt2.CpG",8653,6221,2432,8653
"16695","07_report/CpG_context_sampling_24901_695_trimmed_bismark_bt2.CpG",8762,6235,2527,8762
"16696","07_report/CpG_context_sampling_24901_696_trimmed_bismark_bt2.CpG",8655,6206,2449,8655
"16697","07_report/CpG_context_sampling_24901_697_trimmed_bismark_bt2.CpG",8685,6201,2484,8685
"16698","07_report/CpG_context_sampling_24901_698_trimmed_bismark_bt2.CpG",8586,6164,2422,8586
"16699","07_report/CpG_context_sampling_24901_699_trimmed_bismark_bt2.CpG",8695,6150,2545,8695
"16700","07_report/CpG_context_sampling_24901_700_trimmed_bismark_bt2.CpG",8593,6151,2442,8593
"16701","07_report/CpG_context_sampling_24901_701_trimmed_bismark_bt2.CpG",8637,6077,2560,8637
"16702","07_report/CpG_context_sampling_24901_702_trimmed_bismark_bt2.CpG",8661,6202,2459,8661
"16703","07_report/CpG_context_sampling_24901_703_trimmed_bismark_bt2.CpG",8565,6105,2460,8565
"16704","07_report/CpG_context_sampling_24901_704_trimmed_bismark_bt2.CpG",8616,6119,2497,8616
"16705","07_report/CpG_context_sampling_24901_705_trimmed_bismark_bt2.CpG",8611,6158,2453,8611
"16706","07_report/CpG_context_sampling_24901_706_trimmed_bismark_bt2.CpG",8528,6030,2498,8528
"16707","07_report/CpG_context_sampling_24901_707_trimmed_bismark_bt2.CpG",8667,6235,2432,8667
"16708","07_report/CpG_context_sampling_24901_708_trimmed_bismark_bt2.CpG",8540,6108,2432,8540
"16709","07_report/CpG_context_sampling_24901_709_trimmed_bismark_bt2.CpG",8606,6148,2458,8606
"16710","07_report/CpG_context_sampling_24901_710_trimmed_bismark_bt2.CpG",8613,6074,2539,8613
"16711","07_report/CpG_context_sampling_24901_711_trimmed_bismark_bt2.CpG",8653,6178,2475,8653
"16712","07_report/CpG_context_sampling_24901_712_trimmed_bismark_bt2.CpG",8547,6058,2489,8547
"16713","07_report/CpG_context_sampling_24901_713_trimmed_bismark_bt2.CpG",8627,6144,2483,8627
"16714","07_report/CpG_context_sampling_24901_714_trimmed_bismark_bt2.CpG",8583,6222,2361,8583
"16715","07_report/CpG_context_sampling_24901_715_trimmed_bismark_bt2.CpG",8629,6183,2446,8629
"16716","07_report/CpG_context_sampling_24901_716_trimmed_bismark_bt2.CpG",8697,6212,2485,8697
"16717","07_report/CpG_context_sampling_24901_717_trimmed_bismark_bt2.CpG",8636,6084,2552,8636
"16718","07_report/CpG_context_sampling_24901_718_trimmed_bismark_bt2.CpG",8691,6254,2437,8691
"16719","07_report/CpG_context_sampling_24901_719_trimmed_bismark_bt2.CpG",8582,6068,2514,8582
"16720","07_report/CpG_context_sampling_24901_720_trimmed_bismark_bt2.CpG",8674,6198,2476,8674
"16721","07_report/CpG_context_sampling_24901_721_trimmed_bismark_bt2.CpG",8623,6208,2415,8623
"16722","07_report/CpG_context_sampling_24901_722_trimmed_bismark_bt2.CpG",8604,6175,2429,8604
"16723","07_report/CpG_context_sampling_24901_723_trimmed_bismark_bt2.CpG",8643,6209,2434,8643
"16724","07_report/CpG_context_sampling_24901_724_trimmed_bismark_bt2.CpG",8751,6283,2468,8751
"16725","07_report/CpG_context_sampling_24901_725_trimmed_bismark_bt2.CpG",8602,6059,2543,8602
"16726","07_report/CpG_context_sampling_24901_726_trimmed_bismark_bt2.CpG",8675,6232,2443,8675
"16727","07_report/CpG_context_sampling_24901_727_trimmed_bismark_bt2.CpG",8546,6137,2409,8546
"16728","07_report/CpG_context_sampling_24901_728_trimmed_bismark_bt2.CpG",8648,6214,2434,8648
"16729","07_report/CpG_context_sampling_24901_729_trimmed_bismark_bt2.CpG",8587,6202,2385,8587
"16730","07_report/CpG_context_sampling_24901_730_trimmed_bismark_bt2.CpG",8442,6094,2348,8442
"16731","07_report/CpG_context_sampling_24901_731_trimmed_bismark_bt2.CpG",8687,6237,2450,8687
"16732","07_report/CpG_context_sampling_24901_732_trimmed_bismark_bt2.CpG",8612,6192,2420,8612
"16733","07_report/CpG_context_sampling_24901_733_trimmed_bismark_bt2.CpG",8740,6292,2448,8740
"16734","07_report/CpG_context_sampling_24901_734_trimmed_bismark_bt2.CpG",8719,6224,2495,8719
"16735","07_report/CpG_context_sampling_24901_735_trimmed_bismark_bt2.CpG",8811,6231,2580,8811
"16736","07_report/CpG_context_sampling_24901_736_trimmed_bismark_bt2.CpG",8644,6254,2390,8644
"16737","07_report/CpG_context_sampling_24901_737_trimmed_bismark_bt2.CpG",8586,6158,2428,8586
"16738","07_report/CpG_context_sampling_24901_738_trimmed_bismark_bt2.CpG",8641,6213,2428,8641
"16739","07_report/CpG_context_sampling_24901_739_trimmed_bismark_bt2.CpG",8669,6225,2444,8669
"16740","07_report/CpG_context_sampling_24901_740_trimmed_bismark_bt2.CpG",8653,6184,2469,8653
"16741","07_report/CpG_context_sampling_24901_741_trimmed_bismark_bt2.CpG",8630,6267,2363,8630
"16742","07_report/CpG_context_sampling_24901_742_trimmed_bismark_bt2.CpG",8692,6220,2472,8692
"16743","07_report/CpG_context_sampling_24901_743_trimmed_bismark_bt2.CpG",8746,6263,2483,8746
"16744","07_report/CpG_context_sampling_24901_744_trimmed_bismark_bt2.CpG",8592,6179,2413,8592
"16745","07_report/CpG_context_sampling_24901_745_trimmed_bismark_bt2.CpG",8653,6163,2490,8653
"16746","07_report/CpG_context_sampling_24901_746_trimmed_bismark_bt2.CpG",8527,6112,2415,8527
"16747","07_report/CpG_context_sampling_24901_747_trimmed_bismark_bt2.CpG",8620,6152,2468,8620
"16748","07_report/CpG_context_sampling_24901_748_trimmed_bismark_bt2.CpG",8810,6322,2488,8810
"16749","07_report/CpG_context_sampling_24901_749_trimmed_bismark_bt2.CpG",8634,6168,2466,8634
"16750","07_report/CpG_context_sampling_24901_750_trimmed_bismark_bt2.CpG",8546,6067,2479,8546
"16751","07_report/CpG_context_sampling_24901_751_trimmed_bismark_bt2.CpG",8649,6240,2409,8649
"16752","07_report/CpG_context_sampling_24901_752_trimmed_bismark_bt2.CpG",8545,6081,2464,8545
"16753","07_report/CpG_context_sampling_24901_753_trimmed_bismark_bt2.CpG",8648,6132,2516,8648
"16754","07_report/CpG_context_sampling_24901_754_trimmed_bismark_bt2.CpG",8545,6079,2466,8545
"16755","07_report/CpG_context_sampling_24901_755_trimmed_bismark_bt2.CpG",8817,6286,2531,8817
"16756","07_report/CpG_context_sampling_24901_756_trimmed_bismark_bt2.CpG",8632,6111,2521,8632
"16757","07_report/CpG_context_sampling_24901_757_trimmed_bismark_bt2.CpG",8503,6091,2412,8503
"16758","07_report/CpG_context_sampling_24901_758_trimmed_bismark_bt2.CpG",8532,6030,2502,8532
"16759","07_report/CpG_context_sampling_24901_759_trimmed_bismark_bt2.CpG",8629,6097,2532,8629
"16760","07_report/CpG_context_sampling_24901_760_trimmed_bismark_bt2.CpG",8655,6168,2487,8655
"16761","07_report/CpG_context_sampling_24901_761_trimmed_bismark_bt2.CpG",8630,6144,2486,8630
"16762","07_report/CpG_context_sampling_24901_762_trimmed_bismark_bt2.CpG",8684,6246,2438,8684
"16763","07_report/CpG_context_sampling_24901_763_trimmed_bismark_bt2.CpG",8607,6141,2466,8607
"16764","07_report/CpG_context_sampling_24901_764_trimmed_bismark_bt2.CpG",8682,6164,2518,8682
"16765","07_report/CpG_context_sampling_24901_765_trimmed_bismark_bt2.CpG",8527,6085,2442,8527
"16766","07_report/CpG_context_sampling_24901_766_trimmed_bismark_bt2.CpG",8771,6298,2473,8771
"16767","07_report/CpG_context_sampling_24901_767_trimmed_bismark_bt2.CpG",8712,6210,2502,8712
"16768","07_report/CpG_context_sampling_24901_768_trimmed_bismark_bt2.CpG",8621,6233,2388,8621
"16769","07_report/CpG_context_sampling_24901_769_trimmed_bismark_bt2.CpG",8691,6205,2486,8691
"16770","07_report/CpG_context_sampling_24901_770_trimmed_bismark_bt2.CpG",8645,6174,2471,8645
"16771","07_report/CpG_context_sampling_24901_771_trimmed_bismark_bt2.CpG",8613,6202,2411,8613
"16772","07_report/CpG_context_sampling_24901_772_trimmed_bismark_bt2.CpG",8669,6141,2528,8669
"16773","07_report/CpG_context_sampling_24901_773_trimmed_bismark_bt2.CpG",8620,6123,2497,8620
"16774","07_report/CpG_context_sampling_24901_774_trimmed_bismark_bt2.CpG",8649,6241,2408,8649
"16775","07_report/CpG_context_sampling_24901_775_trimmed_bismark_bt2.CpG",8498,6074,2424,8498
"16776","07_report/CpG_context_sampling_24901_776_trimmed_bismark_bt2.CpG",8618,6153,2465,8618
"16777","07_report/CpG_context_sampling_24901_777_trimmed_bismark_bt2.CpG",8494,6090,2404,8494
"16778","07_report/CpG_context_sampling_24901_778_trimmed_bismark_bt2.CpG",8645,6200,2445,8645
"16779","07_report/CpG_context_sampling_24901_779_trimmed_bismark_bt2.CpG",8661,6092,2569,8661
"16780","07_report/CpG_context_sampling_24901_780_trimmed_bismark_bt2.CpG",8704,6245,2459,8704
"16781","07_report/CpG_context_sampling_24901_781_trimmed_bismark_bt2.CpG",8689,6212,2477,8689
"16782","07_report/CpG_context_sampling_24901_782_trimmed_bismark_bt2.CpG",8638,6187,2451,8638
"16783","07_report/CpG_context_sampling_24901_783_trimmed_bismark_bt2.CpG",8680,6308,2372,8680
"16784","07_report/CpG_context_sampling_24901_784_trimmed_bismark_bt2.CpG",8622,6156,2466,8622
"16785","07_report/CpG_context_sampling_24901_785_trimmed_bismark_bt2.CpG",8573,6175,2398,8573
"16786","07_report/CpG_context_sampling_24901_786_trimmed_bismark_bt2.CpG",8565,6074,2491,8565
"16787","07_report/CpG_context_sampling_24901_787_trimmed_bismark_bt2.CpG",8663,6224,2439,8663
"16788","07_report/CpG_context_sampling_24901_788_trimmed_bismark_bt2.CpG",8565,6073,2492,8565
"16789","07_report/CpG_context_sampling_24901_789_trimmed_bismark_bt2.CpG",8586,6147,2439,8586
"16790","07_report/CpG_context_sampling_24901_790_trimmed_bismark_bt2.CpG",8698,6255,2443,8698
"16791","07_report/CpG_context_sampling_24901_791_trimmed_bismark_bt2.CpG",8629,6134,2495,8629
"16792","07_report/CpG_context_sampling_24901_792_trimmed_bismark_bt2.CpG",8612,6075,2537,8612
"16793","07_report/CpG_context_sampling_24901_793_trimmed_bismark_bt2.CpG",8585,6126,2459,8585
"16794","07_report/CpG_context_sampling_24901_794_trimmed_bismark_bt2.CpG",8557,6104,2453,8557
"16795","07_report/CpG_context_sampling_24901_795_trimmed_bismark_bt2.CpG",8666,6232,2434,8666
"16796","07_report/CpG_context_sampling_24901_796_trimmed_bismark_bt2.CpG",8637,6208,2429,8637
"16797","07_report/CpG_context_sampling_24901_797_trimmed_bismark_bt2.CpG",8625,6192,2433,8625
"16798","07_report/CpG_context_sampling_24901_798_trimmed_bismark_bt2.CpG",8665,6167,2498,8665
"16799","07_report/CpG_context_sampling_24901_799_trimmed_bismark_bt2.CpG",8598,6116,2482,8598
"16800","07_report/CpG_context_sampling_24901_800_trimmed_bismark_bt2.CpG",8572,6174,2398,8572
"16801","07_report/CpG_context_sampling_24901_801_trimmed_bismark_bt2.CpG",8587,6087,2500,8587
"16802","07_report/CpG_context_sampling_24901_802_trimmed_bismark_bt2.CpG",8569,6144,2425,8569
"16803","07_report/CpG_context_sampling_24901_803_trimmed_bismark_bt2.CpG",8651,6116,2535,8651
"16804","07_report/CpG_context_sampling_24901_804_trimmed_bismark_bt2.CpG",8680,6153,2527,8680
"16805","07_report/CpG_context_sampling_24901_805_trimmed_bismark_bt2.CpG",8591,6098,2493,8591
"16806","07_report/CpG_context_sampling_24901_806_trimmed_bismark_bt2.CpG",8715,6236,2479,8715
"16807","07_report/CpG_context_sampling_24901_807_trimmed_bismark_bt2.CpG",8691,6243,2448,8691
"16808","07_report/CpG_context_sampling_24901_808_trimmed_bismark_bt2.CpG",8613,6172,2441,8613
"16809","07_report/CpG_context_sampling_24901_809_trimmed_bismark_bt2.CpG",8721,6287,2434,8721
"16810","07_report/CpG_context_sampling_24901_810_trimmed_bismark_bt2.CpG",8649,6199,2450,8649
"16811","07_report/CpG_context_sampling_24901_811_trimmed_bismark_bt2.CpG",8551,6066,2485,8551
"16812","07_report/CpG_context_sampling_24901_812_trimmed_bismark_bt2.CpG",8648,6162,2486,8648
"16813","07_report/CpG_context_sampling_24901_813_trimmed_bismark_bt2.CpG",8601,6110,2491,8601
"16814","07_report/CpG_context_sampling_24901_814_trimmed_bismark_bt2.CpG",8506,6108,2398,8506
"16815","07_report/CpG_context_sampling_24901_815_trimmed_bismark_bt2.CpG",8537,6051,2486,8537
"16816","07_report/CpG_context_sampling_24901_816_trimmed_bismark_bt2.CpG",8647,6195,2452,8647
"16817","07_report/CpG_context_sampling_24901_817_trimmed_bismark_bt2.CpG",8705,6279,2426,8705
"16818","07_report/CpG_context_sampling_24901_818_trimmed_bismark_bt2.CpG",8663,6228,2435,8663
"16819","07_report/CpG_context_sampling_24901_819_trimmed_bismark_bt2.CpG",8586,6203,2383,8586
"16820","07_report/CpG_context_sampling_24901_820_trimmed_bismark_bt2.CpG",8692,6199,2493,8692
"16821","07_report/CpG_context_sampling_24901_821_trimmed_bismark_bt2.CpG",8718,6179,2539,8718
"16822","07_report/CpG_context_sampling_24901_822_trimmed_bismark_bt2.CpG",8700,6189,2511,8700
"16823","07_report/CpG_context_sampling_24901_823_trimmed_bismark_bt2.CpG",8485,6013,2472,8485
"16824","07_report/CpG_context_sampling_24901_824_trimmed_bismark_bt2.CpG",8637,6197,2440,8637
"16825","07_report/CpG_context_sampling_24901_825_trimmed_bismark_bt2.CpG",8758,6231,2527,8758
"16826","07_report/CpG_context_sampling_24901_826_trimmed_bismark_bt2.CpG",8570,6125,2445,8570
"16827","07_report/CpG_context_sampling_24901_827_trimmed_bismark_bt2.CpG",8662,6170,2492,8662
"16828","07_report/CpG_context_sampling_24901_828_trimmed_bismark_bt2.CpG",8715,6278,2437,8715
"16829","07_report/CpG_context_sampling_24901_829_trimmed_bismark_bt2.CpG",8689,6230,2459,8689
"16830","07_report/CpG_context_sampling_24901_830_trimmed_bismark_bt2.CpG",8701,6160,2541,8701
"16831","07_report/CpG_context_sampling_24901_831_trimmed_bismark_bt2.CpG",8585,6150,2435,8585
"16832","07_report/CpG_context_sampling_24901_832_trimmed_bismark_bt2.CpG",8641,6132,2509,8641
"16833","07_report/CpG_context_sampling_24901_833_trimmed_bismark_bt2.CpG",8660,6252,2408,8660
"16834","07_report/CpG_context_sampling_24901_834_trimmed_bismark_bt2.CpG",8716,6275,2441,8716
"16835","07_report/CpG_context_sampling_24901_835_trimmed_bismark_bt2.CpG",8615,6156,2459,8615
"16836","07_report/CpG_context_sampling_24901_836_trimmed_bismark_bt2.CpG",8568,6090,2478,8568
"16837","07_report/CpG_context_sampling_24901_837_trimmed_bismark_bt2.CpG",8527,6153,2374,8527
"16838","07_report/CpG_context_sampling_24901_838_trimmed_bismark_bt2.CpG",8574,6104,2470,8574
"16839","07_report/CpG_context_sampling_24901_839_trimmed_bismark_bt2.CpG",8666,6201,2465,8666
"16840","07_report/CpG_context_sampling_24901_840_trimmed_bismark_bt2.CpG",8607,6093,2514,8607
"16841","07_report/CpG_context_sampling_24901_841_trimmed_bismark_bt2.CpG",8614,6077,2537,8614
"16842","07_report/CpG_context_sampling_24901_842_trimmed_bismark_bt2.CpG",8657,6172,2485,8657
"16843","07_report/CpG_context_sampling_24901_843_trimmed_bismark_bt2.CpG",8549,6153,2396,8549
"16844","07_report/CpG_context_sampling_24901_844_trimmed_bismark_bt2.CpG",8694,6311,2383,8694
"16845","07_report/CpG_context_sampling_24901_845_trimmed_bismark_bt2.CpG",8596,6159,2437,8596
"16846","07_report/CpG_context_sampling_24901_846_trimmed_bismark_bt2.CpG",8557,6102,2455,8557
"16847","07_report/CpG_context_sampling_24901_847_trimmed_bismark_bt2.CpG",8572,6109,2463,8572
"16848","07_report/CpG_context_sampling_24901_848_trimmed_bismark_bt2.CpG",8493,6082,2411,8493
"16849","07_report/CpG_context_sampling_24901_849_trimmed_bismark_bt2.CpG",8655,6170,2485,8655
"16850","07_report/CpG_context_sampling_24901_850_trimmed_bismark_bt2.CpG",8745,6278,2467,8745
"16851","07_report/CpG_context_sampling_24901_851_trimmed_bismark_bt2.CpG",8535,6118,2417,8535
"16852","07_report/CpG_context_sampling_24901_852_trimmed_bismark_bt2.CpG",8654,6137,2517,8654
"16853","07_report/CpG_context_sampling_24901_853_trimmed_bismark_bt2.CpG",8560,6118,2442,8560
"16854","07_report/CpG_context_sampling_24901_854_trimmed_bismark_bt2.CpG",8566,6102,2464,8566
"16855","07_report/CpG_context_sampling_24901_855_trimmed_bismark_bt2.CpG",8629,6253,2376,8629
"16856","07_report/CpG_context_sampling_24901_856_trimmed_bismark_bt2.CpG",8698,6248,2450,8698
"16857","07_report/CpG_context_sampling_24901_857_trimmed_bismark_bt2.CpG",8569,6071,2498,8569
"16858","07_report/CpG_context_sampling_24901_858_trimmed_bismark_bt2.CpG",8753,6275,2478,8753
"16859","07_report/CpG_context_sampling_24901_859_trimmed_bismark_bt2.CpG",8719,6249,2470,8719
"16860","07_report/CpG_context_sampling_24901_860_trimmed_bismark_bt2.CpG",8555,6100,2455,8555
"16861","07_report/CpG_context_sampling_24901_861_trimmed_bismark_bt2.CpG",8621,6175,2446,8621
"16862","07_report/CpG_context_sampling_24901_862_trimmed_bismark_bt2.CpG",8628,6210,2418,8628
"16863","07_report/CpG_context_sampling_24901_863_trimmed_bismark_bt2.CpG",8690,6232,2458,8690
"16864","07_report/CpG_context_sampling_24901_864_trimmed_bismark_bt2.CpG",8556,6140,2416,8556
"16865","07_report/CpG_context_sampling_24901_865_trimmed_bismark_bt2.CpG",8502,6127,2375,8502
"16866","07_report/CpG_context_sampling_24901_866_trimmed_bismark_bt2.CpG",8578,6181,2397,8578
"16867","07_report/CpG_context_sampling_24901_867_trimmed_bismark_bt2.CpG",8631,6198,2433,8631
"16868","07_report/CpG_context_sampling_24901_868_trimmed_bismark_bt2.CpG",8569,6161,2408,8569
"16869","07_report/CpG_context_sampling_24901_869_trimmed_bismark_bt2.CpG",8603,6140,2463,8603
"16870","07_report/CpG_context_sampling_24901_870_trimmed_bismark_bt2.CpG",8643,6232,2411,8643
"16871","07_report/CpG_context_sampling_24901_871_trimmed_bismark_bt2.CpG",8568,6094,2474,8568
"16872","07_report/CpG_context_sampling_24901_872_trimmed_bismark_bt2.CpG",8586,6115,2471,8586
"16873","07_report/CpG_context_sampling_24901_873_trimmed_bismark_bt2.CpG",8629,6211,2418,8629
"16874","07_report/CpG_context_sampling_24901_874_trimmed_bismark_bt2.CpG",8649,6182,2467,8649
"16875","07_report/CpG_context_sampling_24901_875_trimmed_bismark_bt2.CpG",8612,6187,2425,8612
"16876","07_report/CpG_context_sampling_24901_876_trimmed_bismark_bt2.CpG",8668,6113,2555,8668
"16877","07_report/CpG_context_sampling_24901_877_trimmed_bismark_bt2.CpG",8654,6222,2432,8654
"16878","07_report/CpG_context_sampling_24901_878_trimmed_bismark_bt2.CpG",8650,6129,2521,8650
"16879","07_report/CpG_context_sampling_24901_879_trimmed_bismark_bt2.CpG",8541,6163,2378,8541
"16880","07_report/CpG_context_sampling_24901_880_trimmed_bismark_bt2.CpG",8551,6163,2388,8551
"16881","07_report/CpG_context_sampling_24901_881_trimmed_bismark_bt2.CpG",8592,6118,2474,8592
"16882","07_report/CpG_context_sampling_24901_882_trimmed_bismark_bt2.CpG",8704,6191,2513,8704
"16883","07_report/CpG_context_sampling_24901_883_trimmed_bismark_bt2.CpG",8582,6096,2486,8582
"16884","07_report/CpG_context_sampling_24901_884_trimmed_bismark_bt2.CpG",8688,6265,2423,8688
"16885","07_report/CpG_context_sampling_24901_885_trimmed_bismark_bt2.CpG",8768,6352,2416,8768
"16886","07_report/CpG_context_sampling_24901_886_trimmed_bismark_bt2.CpG",8713,6254,2459,8713
"16887","07_report/CpG_context_sampling_24901_887_trimmed_bismark_bt2.CpG",8688,6287,2401,8688
"16888","07_report/CpG_context_sampling_24901_888_trimmed_bismark_bt2.CpG",8603,6158,2445,8603
"16889","07_report/CpG_context_sampling_24901_889_trimmed_bismark_bt2.CpG",8500,6132,2368,8500
"16890","07_report/CpG_context_sampling_24901_890_trimmed_bismark_bt2.CpG",8565,6165,2400,8565
"16891","07_report/CpG_context_sampling_24901_891_trimmed_bismark_bt2.CpG",8588,6125,2463,8588
"16892","07_report/CpG_context_sampling_24901_892_trimmed_bismark_bt2.CpG",8657,6133,2524,8657
"16893","07_report/CpG_context_sampling_24901_893_trimmed_bismark_bt2.CpG",8540,6095,2445,8540
"16894","07_report/CpG_context_sampling_24901_894_trimmed_bismark_bt2.CpG",8549,6168,2381,8549
"16895","07_report/CpG_context_sampling_24901_895_trimmed_bismark_bt2.CpG",8682,6255,2427,8682
"16896","07_report/CpG_context_sampling_24901_896_trimmed_bismark_bt2.CpG",8742,6188,2554,8742
"16897","07_report/CpG_context_sampling_24901_897_trimmed_bismark_bt2.CpG",8592,6146,2446,8592
"16898","07_report/CpG_context_sampling_24901_898_trimmed_bismark_bt2.CpG",8797,6288,2509,8797
"16899","07_report/CpG_context_sampling_24901_899_trimmed_bismark_bt2.CpG",8673,6169,2504,8673
"16900","07_report/CpG_context_sampling_24901_900_trimmed_bismark_bt2.CpG",8545,6044,2501,8545
"16901","07_report/CpG_context_sampling_24901_901_trimmed_bismark_bt2.CpG",8617,6216,2401,8617
"16902","07_report/CpG_context_sampling_24901_902_trimmed_bismark_bt2.CpG",8696,6223,2473,8696
"16903","07_report/CpG_context_sampling_24901_903_trimmed_bismark_bt2.CpG",8696,6225,2471,8696
"16904","07_report/CpG_context_sampling_24901_904_trimmed_bismark_bt2.CpG",8586,6096,2490,8586
"16905","07_report/CpG_context_sampling_24901_905_trimmed_bismark_bt2.CpG",8644,6123,2521,8644
"16906","07_report/CpG_context_sampling_24901_906_trimmed_bismark_bt2.CpG",8532,6040,2492,8532
"16907","07_report/CpG_context_sampling_24901_907_trimmed_bismark_bt2.CpG",8633,6171,2462,8633
"16908","07_report/CpG_context_sampling_24901_908_trimmed_bismark_bt2.CpG",8572,6157,2415,8572
"16909","07_report/CpG_context_sampling_24901_909_trimmed_bismark_bt2.CpG",8702,6167,2535,8702
"16910","07_report/CpG_context_sampling_24901_910_trimmed_bismark_bt2.CpG",8567,6160,2407,8567
"16911","07_report/CpG_context_sampling_24901_911_trimmed_bismark_bt2.CpG",8698,6266,2432,8698
"16912","07_report/CpG_context_sampling_24901_912_trimmed_bismark_bt2.CpG",8685,6215,2470,8685
"16913","07_report/CpG_context_sampling_24901_913_trimmed_bismark_bt2.CpG",8728,6297,2431,8728
"16914","07_report/CpG_context_sampling_24901_914_trimmed_bismark_bt2.CpG",8673,6148,2525,8673
"16915","07_report/CpG_context_sampling_24901_915_trimmed_bismark_bt2.CpG",8590,6188,2402,8590
"16916","07_report/CpG_context_sampling_24901_916_trimmed_bismark_bt2.CpG",8733,6206,2527,8733
"16917","07_report/CpG_context_sampling_24901_917_trimmed_bismark_bt2.CpG",8666,6203,2463,8666
"16918","07_report/CpG_context_sampling_24901_918_trimmed_bismark_bt2.CpG",8718,6158,2560,8718
"16919","07_report/CpG_context_sampling_24901_919_trimmed_bismark_bt2.CpG",8643,6172,2471,8643
"16920","07_report/CpG_context_sampling_24901_920_trimmed_bismark_bt2.CpG",8687,6294,2393,8687
"16921","07_report/CpG_context_sampling_24901_921_trimmed_bismark_bt2.CpG",8584,6185,2399,8584
"16922","07_report/CpG_context_sampling_24901_922_trimmed_bismark_bt2.CpG",8638,6216,2422,8638
"16923","07_report/CpG_context_sampling_24901_923_trimmed_bismark_bt2.CpG",8514,6097,2417,8514
"16924","07_report/CpG_context_sampling_24901_924_trimmed_bismark_bt2.CpG",8594,6204,2390,8594
"16925","07_report/CpG_context_sampling_24901_925_trimmed_bismark_bt2.CpG",8757,6279,2478,8757
"16926","07_report/CpG_context_sampling_24901_926_trimmed_bismark_bt2.CpG",8621,6152,2469,8621
"16927","07_report/CpG_context_sampling_24901_927_trimmed_bismark_bt2.CpG",8567,6185,2382,8567
"16928","07_report/CpG_context_sampling_24901_928_trimmed_bismark_bt2.CpG",8621,6167,2454,8621
"16929","07_report/CpG_context_sampling_24901_929_trimmed_bismark_bt2.CpG",8719,6184,2535,8719
"16930","07_report/CpG_context_sampling_24901_930_trimmed_bismark_bt2.CpG",8600,6098,2502,8600
"16931","07_report/CpG_context_sampling_24901_931_trimmed_bismark_bt2.CpG",8670,6222,2448,8670
"16932","07_report/CpG_context_sampling_24901_932_trimmed_bismark_bt2.CpG",8713,6249,2464,8713
"16933","07_report/CpG_context_sampling_24901_933_trimmed_bismark_bt2.CpG",8625,6200,2425,8625
"16934","07_report/CpG_context_sampling_24901_934_trimmed_bismark_bt2.CpG",8802,6280,2522,8802
"16935","07_report/CpG_context_sampling_24901_935_trimmed_bismark_bt2.CpG",8706,6222,2484,8706
"16936","07_report/CpG_context_sampling_24901_936_trimmed_bismark_bt2.CpG",8652,6162,2490,8652
"16937","07_report/CpG_context_sampling_24901_937_trimmed_bismark_bt2.CpG",8581,6069,2512,8581
"16938","07_report/CpG_context_sampling_24901_938_trimmed_bismark_bt2.CpG",8590,6157,2433,8590
"16939","07_report/CpG_context_sampling_24901_939_trimmed_bismark_bt2.CpG",8748,6171,2577,8748
"16940","07_report/CpG_context_sampling_24901_940_trimmed_bismark_bt2.CpG",8629,6187,2442,8629
"16941","07_report/CpG_context_sampling_24901_941_trimmed_bismark_bt2.CpG",8620,6092,2528,8620
"16942","07_report/CpG_context_sampling_24901_942_trimmed_bismark_bt2.CpG",8520,6073,2447,8520
"16943","07_report/CpG_context_sampling_24901_943_trimmed_bismark_bt2.CpG",8664,6155,2509,8664
"16944","07_report/CpG_context_sampling_24901_944_trimmed_bismark_bt2.CpG",8639,6166,2473,8639
"16945","07_report/CpG_context_sampling_24901_945_trimmed_bismark_bt2.CpG",8685,6183,2502,8685
"16946","07_report/CpG_context_sampling_24901_946_trimmed_bismark_bt2.CpG",8727,6171,2556,8727
"16947","07_report/CpG_context_sampling_24901_947_trimmed_bismark_bt2.CpG",8617,6128,2489,8617
"16948","07_report/CpG_context_sampling_24901_948_trimmed_bismark_bt2.CpG",8651,6147,2504,8651
"16949","07_report/CpG_context_sampling_24901_949_trimmed_bismark_bt2.CpG",8684,6301,2383,8684
"16950","07_report/CpG_context_sampling_24901_950_trimmed_bismark_bt2.CpG",8714,6194,2520,8714
"16951","07_report/CpG_context_sampling_24901_951_trimmed_bismark_bt2.CpG",8630,6161,2469,8630
"16952","07_report/CpG_context_sampling_24901_952_trimmed_bismark_bt2.CpG",8553,6131,2422,8553
"16953","07_report/CpG_context_sampling_24901_953_trimmed_bismark_bt2.CpG",8613,6139,2474,8613
"16954","07_report/CpG_context_sampling_24901_954_trimmed_bismark_bt2.CpG",8624,6168,2456,8624
"16955","07_report/CpG_context_sampling_24901_955_trimmed_bismark_bt2.CpG",8659,6161,2498,8659
"16956","07_report/CpG_context_sampling_24901_956_trimmed_bismark_bt2.CpG",8660,6188,2472,8660
"16957","07_report/CpG_context_sampling_24901_957_trimmed_bismark_bt2.CpG",8570,6161,2409,8570
"16958","07_report/CpG_context_sampling_24901_958_trimmed_bismark_bt2.CpG",8768,6217,2551,8768
"16959","07_report/CpG_context_sampling_24901_959_trimmed_bismark_bt2.CpG",8546,6105,2441,8546
"16960","07_report/CpG_context_sampling_24901_960_trimmed_bismark_bt2.CpG",8698,6214,2484,8698
"16961","07_report/CpG_context_sampling_24901_961_trimmed_bismark_bt2.CpG",8647,6185,2462,8647
"16962","07_report/CpG_context_sampling_24901_962_trimmed_bismark_bt2.CpG",8710,6223,2487,8710
"16963","07_report/CpG_context_sampling_24901_963_trimmed_bismark_bt2.CpG",8588,6222,2366,8588
"16964","07_report/CpG_context_sampling_24901_964_trimmed_bismark_bt2.CpG",8581,6125,2456,8581
"16965","07_report/CpG_context_sampling_24901_965_trimmed_bismark_bt2.CpG",8738,6219,2519,8738
"16966","07_report/CpG_context_sampling_24901_966_trimmed_bismark_bt2.CpG",8523,6020,2503,8523
"16967","07_report/CpG_context_sampling_24901_967_trimmed_bismark_bt2.CpG",8690,6122,2568,8690
"16968","07_report/CpG_context_sampling_24901_968_trimmed_bismark_bt2.CpG",8726,6232,2494,8726
"16969","07_report/CpG_context_sampling_24901_969_trimmed_bismark_bt2.CpG",8658,6211,2447,8658
"16970","07_report/CpG_context_sampling_24901_970_trimmed_bismark_bt2.CpG",8739,6290,2449,8739
"16971","07_report/CpG_context_sampling_24901_971_trimmed_bismark_bt2.CpG",8705,6202,2503,8705
"16972","07_report/CpG_context_sampling_24901_972_trimmed_bismark_bt2.CpG",8814,6218,2596,8814
"16973","07_report/CpG_context_sampling_24901_973_trimmed_bismark_bt2.CpG",8667,6236,2431,8667
"16974","07_report/CpG_context_sampling_24901_974_trimmed_bismark_bt2.CpG",8746,6232,2514,8746
"16975","07_report/CpG_context_sampling_24901_975_trimmed_bismark_bt2.CpG",8726,6326,2400,8726
"16976","07_report/CpG_context_sampling_24901_976_trimmed_bismark_bt2.CpG",8651,6147,2504,8651
"16977","07_report/CpG_context_sampling_24901_977_trimmed_bismark_bt2.CpG",8619,6191,2428,8619
"16978","07_report/CpG_context_sampling_24901_978_trimmed_bismark_bt2.CpG",8540,6082,2458,8540
"16979","07_report/CpG_context_sampling_24901_979_trimmed_bismark_bt2.CpG",8618,6211,2407,8618
"16980","07_report/CpG_context_sampling_24901_980_trimmed_bismark_bt2.CpG",8610,6138,2472,8610
"16981","07_report/CpG_context_sampling_24901_981_trimmed_bismark_bt2.CpG",8589,6167,2422,8589
"16982","07_report/CpG_context_sampling_24901_982_trimmed_bismark_bt2.CpG",8691,6235,2456,8691
"16983","07_report/CpG_context_sampling_24901_983_trimmed_bismark_bt2.CpG",8612,6132,2480,8612
"16984","07_report/CpG_context_sampling_24901_984_trimmed_bismark_bt2.CpG",8626,6260,2366,8626
"16985","07_report/CpG_context_sampling_24901_985_trimmed_bismark_bt2.CpG",8777,6387,2390,8777
"16986","07_report/CpG_context_sampling_24901_986_trimmed_bismark_bt2.CpG",8586,6044,2542,8586
"16987","07_report/CpG_context_sampling_24901_987_trimmed_bismark_bt2.CpG",8685,6235,2450,8685
"16988","07_report/CpG_context_sampling_24901_988_trimmed_bismark_bt2.CpG",8627,6168,2459,8627
"16989","07_report/CpG_context_sampling_24901_989_trimmed_bismark_bt2.CpG",8653,6230,2423,8653
"16990","07_report/CpG_context_sampling_24901_990_trimmed_bismark_bt2.CpG",8721,6285,2436,8721
"16991","07_report/CpG_context_sampling_24901_991_trimmed_bismark_bt2.CpG",8678,6292,2386,8678
"16992","07_report/CpG_context_sampling_24901_992_trimmed_bismark_bt2.CpG",8417,6016,2401,8417
"16993","07_report/CpG_context_sampling_24901_993_trimmed_bismark_bt2.CpG",8678,6217,2461,8678
"16994","07_report/CpG_context_sampling_24901_994_trimmed_bismark_bt2.CpG",8538,6091,2447,8538
"16995","07_report/CpG_context_sampling_24901_995_trimmed_bismark_bt2.CpG",8758,6268,2490,8758
"16996","07_report/CpG_context_sampling_24901_996_trimmed_bismark_bt2.CpG",8616,6114,2502,8616
"16997","07_report/CpG_context_sampling_24901_997_trimmed_bismark_bt2.CpG",8623,6170,2453,8623
"16998","07_report/CpG_context_sampling_24901_998_trimmed_bismark_bt2.CpG",8526,6025,2501,8526
"16999","07_report/CpG_context_sampling_24901_999_trimmed_bismark_bt2.CpG",8547,6061,2486,8547
"17000","07_report/CpG_context_sampling_24901_1000_trimmed_bismark_bt2.CpG",8520,6072,2448,8520
"17001","07_report/CpG_context_sampling_28014_1_trimmed_bismark_bt2.CpG",9685,6904,2781,9685
"17002","07_report/CpG_context_sampling_28014_2_trimmed_bismark_bt2.CpG",9744,6943,2801,9744
"17003","07_report/CpG_context_sampling_28014_3_trimmed_bismark_bt2.CpG",9904,7182,2722,9904
"17004","07_report/CpG_context_sampling_28014_4_trimmed_bismark_bt2.CpG",9721,6874,2847,9721
"17005","07_report/CpG_context_sampling_28014_5_trimmed_bismark_bt2.CpG",9798,7052,2746,9798
"17006","07_report/CpG_context_sampling_28014_6_trimmed_bismark_bt2.CpG",9656,6897,2759,9656
"17007","07_report/CpG_context_sampling_28014_7_trimmed_bismark_bt2.CpG",9731,7005,2726,9731
"17008","07_report/CpG_context_sampling_28014_8_trimmed_bismark_bt2.CpG",9730,6991,2739,9730
"17009","07_report/CpG_context_sampling_28014_9_trimmed_bismark_bt2.CpG",9686,6917,2769,9686
"17010","07_report/CpG_context_sampling_28014_10_trimmed_bismark_bt2.CpG",9724,6893,2831,9724
"17011","07_report/CpG_context_sampling_28014_11_trimmed_bismark_bt2.CpG",9754,7043,2711,9754
"17012","07_report/CpG_context_sampling_28014_12_trimmed_bismark_bt2.CpG",9843,7039,2804,9843
"17013","07_report/CpG_context_sampling_28014_13_trimmed_bismark_bt2.CpG",9766,7033,2733,9766
"17014","07_report/CpG_context_sampling_28014_14_trimmed_bismark_bt2.CpG",9755,6972,2783,9755
"17015","07_report/CpG_context_sampling_28014_15_trimmed_bismark_bt2.CpG",9646,6882,2764,9646
"17016","07_report/CpG_context_sampling_28014_16_trimmed_bismark_bt2.CpG",9850,7142,2708,9850
"17017","07_report/CpG_context_sampling_28014_17_trimmed_bismark_bt2.CpG",9594,6869,2725,9594
"17018","07_report/CpG_context_sampling_28014_18_trimmed_bismark_bt2.CpG",9698,6911,2787,9698
"17019","07_report/CpG_context_sampling_28014_19_trimmed_bismark_bt2.CpG",9774,7022,2752,9774
"17020","07_report/CpG_context_sampling_28014_20_trimmed_bismark_bt2.CpG",9483,6774,2709,9483
"17021","07_report/CpG_context_sampling_28014_21_trimmed_bismark_bt2.CpG",9656,6963,2693,9656
"17022","07_report/CpG_context_sampling_28014_22_trimmed_bismark_bt2.CpG",9518,6843,2675,9518
"17023","07_report/CpG_context_sampling_28014_23_trimmed_bismark_bt2.CpG",9740,6908,2832,9740
"17024","07_report/CpG_context_sampling_28014_24_trimmed_bismark_bt2.CpG",9683,6953,2730,9683
"17025","07_report/CpG_context_sampling_28014_25_trimmed_bismark_bt2.CpG",9773,6951,2822,9773
"17026","07_report/CpG_context_sampling_28014_26_trimmed_bismark_bt2.CpG",9446,6700,2746,9446
"17027","07_report/CpG_context_sampling_28014_27_trimmed_bismark_bt2.CpG",9861,7082,2779,9861
"17028","07_report/CpG_context_sampling_28014_28_trimmed_bismark_bt2.CpG",9638,6905,2733,9638
"17029","07_report/CpG_context_sampling_28014_29_trimmed_bismark_bt2.CpG",9733,6990,2743,9733
"17030","07_report/CpG_context_sampling_28014_30_trimmed_bismark_bt2.CpG",9734,6921,2813,9734
"17031","07_report/CpG_context_sampling_28014_31_trimmed_bismark_bt2.CpG",9696,6877,2819,9696
"17032","07_report/CpG_context_sampling_28014_32_trimmed_bismark_bt2.CpG",9723,6976,2747,9723
"17033","07_report/CpG_context_sampling_28014_33_trimmed_bismark_bt2.CpG",9873,7043,2830,9873
"17034","07_report/CpG_context_sampling_28014_34_trimmed_bismark_bt2.CpG",9718,6932,2786,9718
"17035","07_report/CpG_context_sampling_28014_35_trimmed_bismark_bt2.CpG",9826,7006,2820,9826
"17036","07_report/CpG_context_sampling_28014_36_trimmed_bismark_bt2.CpG",9727,7003,2724,9727
"17037","07_report/CpG_context_sampling_28014_37_trimmed_bismark_bt2.CpG",9739,6955,2784,9739
"17038","07_report/CpG_context_sampling_28014_38_trimmed_bismark_bt2.CpG",9626,6931,2695,9626
"17039","07_report/CpG_context_sampling_28014_39_trimmed_bismark_bt2.CpG",9645,6862,2783,9645
"17040","07_report/CpG_context_sampling_28014_40_trimmed_bismark_bt2.CpG",9870,6921,2949,9870
"17041","07_report/CpG_context_sampling_28014_41_trimmed_bismark_bt2.CpG",9711,6907,2804,9711
"17042","07_report/CpG_context_sampling_28014_42_trimmed_bismark_bt2.CpG",9780,7065,2715,9780
"17043","07_report/CpG_context_sampling_28014_43_trimmed_bismark_bt2.CpG",9820,7007,2813,9820
"17044","07_report/CpG_context_sampling_28014_44_trimmed_bismark_bt2.CpG",9715,6943,2772,9715
"17045","07_report/CpG_context_sampling_28014_45_trimmed_bismark_bt2.CpG",9763,7026,2737,9763
"17046","07_report/CpG_context_sampling_28014_46_trimmed_bismark_bt2.CpG",9604,6864,2740,9604
"17047","07_report/CpG_context_sampling_28014_47_trimmed_bismark_bt2.CpG",9589,6925,2664,9589
"17048","07_report/CpG_context_sampling_28014_48_trimmed_bismark_bt2.CpG",9694,6803,2891,9694
"17049","07_report/CpG_context_sampling_28014_49_trimmed_bismark_bt2.CpG",9701,6896,2805,9701
"17050","07_report/CpG_context_sampling_28014_50_trimmed_bismark_bt2.CpG",9755,6981,2774,9755
"17051","07_report/CpG_context_sampling_28014_51_trimmed_bismark_bt2.CpG",9813,7074,2739,9813
"17052","07_report/CpG_context_sampling_28014_52_trimmed_bismark_bt2.CpG",9753,6953,2800,9753
"17053","07_report/CpG_context_sampling_28014_53_trimmed_bismark_bt2.CpG",9663,6896,2767,9663
"17054","07_report/CpG_context_sampling_28014_54_trimmed_bismark_bt2.CpG",9761,6991,2770,9761
"17055","07_report/CpG_context_sampling_28014_55_trimmed_bismark_bt2.CpG",9761,6959,2802,9761
"17056","07_report/CpG_context_sampling_28014_56_trimmed_bismark_bt2.CpG",9847,6988,2859,9847
"17057","07_report/CpG_context_sampling_28014_57_trimmed_bismark_bt2.CpG",9899,7057,2842,9899
"17058","07_report/CpG_context_sampling_28014_58_trimmed_bismark_bt2.CpG",9648,6906,2742,9648
"17059","07_report/CpG_context_sampling_28014_59_trimmed_bismark_bt2.CpG",9737,6981,2756,9737
"17060","07_report/CpG_context_sampling_28014_60_trimmed_bismark_bt2.CpG",9716,6911,2805,9716
"17061","07_report/CpG_context_sampling_28014_61_trimmed_bismark_bt2.CpG",9698,6940,2758,9698
"17062","07_report/CpG_context_sampling_28014_62_trimmed_bismark_bt2.CpG",9733,6905,2828,9733
"17063","07_report/CpG_context_sampling_28014_63_trimmed_bismark_bt2.CpG",9815,7067,2748,9815
"17064","07_report/CpG_context_sampling_28014_64_trimmed_bismark_bt2.CpG",9656,6925,2731,9656
"17065","07_report/CpG_context_sampling_28014_65_trimmed_bismark_bt2.CpG",9677,6926,2751,9677
"17066","07_report/CpG_context_sampling_28014_66_trimmed_bismark_bt2.CpG",9756,7062,2694,9756
"17067","07_report/CpG_context_sampling_28014_67_trimmed_bismark_bt2.CpG",9666,6924,2742,9666
"17068","07_report/CpG_context_sampling_28014_68_trimmed_bismark_bt2.CpG",9657,6906,2751,9657
"17069","07_report/CpG_context_sampling_28014_69_trimmed_bismark_bt2.CpG",9852,7041,2811,9852
"17070","07_report/CpG_context_sampling_28014_70_trimmed_bismark_bt2.CpG",9675,6927,2748,9675
"17071","07_report/CpG_context_sampling_28014_71_trimmed_bismark_bt2.CpG",9746,6964,2782,9746
"17072","07_report/CpG_context_sampling_28014_72_trimmed_bismark_bt2.CpG",9477,6845,2632,9477
"17073","07_report/CpG_context_sampling_28014_73_trimmed_bismark_bt2.CpG",9828,7049,2779,9828
"17074","07_report/CpG_context_sampling_28014_74_trimmed_bismark_bt2.CpG",9613,6945,2668,9613
"17075","07_report/CpG_context_sampling_28014_75_trimmed_bismark_bt2.CpG",9767,6981,2786,9767
"17076","07_report/CpG_context_sampling_28014_76_trimmed_bismark_bt2.CpG",9693,6871,2822,9693
"17077","07_report/CpG_context_sampling_28014_77_trimmed_bismark_bt2.CpG",9710,6928,2782,9710
"17078","07_report/CpG_context_sampling_28014_78_trimmed_bismark_bt2.CpG",9812,7011,2801,9812
"17079","07_report/CpG_context_sampling_28014_79_trimmed_bismark_bt2.CpG",9821,7037,2784,9821
"17080","07_report/CpG_context_sampling_28014_80_trimmed_bismark_bt2.CpG",9693,6970,2723,9693
"17081","07_report/CpG_context_sampling_28014_81_trimmed_bismark_bt2.CpG",9730,6949,2781,9730
"17082","07_report/CpG_context_sampling_28014_82_trimmed_bismark_bt2.CpG",9587,6851,2736,9587
"17083","07_report/CpG_context_sampling_28014_83_trimmed_bismark_bt2.CpG",9709,6927,2782,9709
"17084","07_report/CpG_context_sampling_28014_84_trimmed_bismark_bt2.CpG",9604,6822,2782,9604
"17085","07_report/CpG_context_sampling_28014_85_trimmed_bismark_bt2.CpG",9676,6869,2807,9676
"17086","07_report/CpG_context_sampling_28014_86_trimmed_bismark_bt2.CpG",9700,6975,2725,9700
"17087","07_report/CpG_context_sampling_28014_87_trimmed_bismark_bt2.CpG",9708,6942,2766,9708
"17088","07_report/CpG_context_sampling_28014_88_trimmed_bismark_bt2.CpG",9749,7024,2725,9749
"17089","07_report/CpG_context_sampling_28014_89_trimmed_bismark_bt2.CpG",9645,6923,2722,9645
"17090","07_report/CpG_context_sampling_28014_90_trimmed_bismark_bt2.CpG",9875,6985,2890,9875
"17091","07_report/CpG_context_sampling_28014_91_trimmed_bismark_bt2.CpG",9816,7007,2809,9816
"17092","07_report/CpG_context_sampling_28014_92_trimmed_bismark_bt2.CpG",9777,6919,2858,9777
"17093","07_report/CpG_context_sampling_28014_93_trimmed_bismark_bt2.CpG",9688,6907,2781,9688
"17094","07_report/CpG_context_sampling_28014_94_trimmed_bismark_bt2.CpG",9703,6913,2790,9703
"17095","07_report/CpG_context_sampling_28014_95_trimmed_bismark_bt2.CpG",9709,6900,2809,9709
"17096","07_report/CpG_context_sampling_28014_96_trimmed_bismark_bt2.CpG",9562,6931,2631,9562
"17097","07_report/CpG_context_sampling_28014_97_trimmed_bismark_bt2.CpG",9780,6986,2794,9780
"17098","07_report/CpG_context_sampling_28014_98_trimmed_bismark_bt2.CpG",9693,6946,2747,9693
"17099","07_report/CpG_context_sampling_28014_99_trimmed_bismark_bt2.CpG",9779,7019,2760,9779
"17100","07_report/CpG_context_sampling_28014_100_trimmed_bismark_bt2.CpG",9640,6905,2735,9640
"17101","07_report/CpG_context_sampling_28014_101_trimmed_bismark_bt2.CpG",9669,6867,2802,9669
"17102","07_report/CpG_context_sampling_28014_102_trimmed_bismark_bt2.CpG",9777,6923,2854,9777
"17103","07_report/CpG_context_sampling_28014_103_trimmed_bismark_bt2.CpG",9818,7106,2712,9818
"17104","07_report/CpG_context_sampling_28014_104_trimmed_bismark_bt2.CpG",9837,7046,2791,9837
"17105","07_report/CpG_context_sampling_28014_105_trimmed_bismark_bt2.CpG",9728,6957,2771,9728
"17106","07_report/CpG_context_sampling_28014_106_trimmed_bismark_bt2.CpG",9735,6956,2779,9735
"17107","07_report/CpG_context_sampling_28014_107_trimmed_bismark_bt2.CpG",9751,6991,2760,9751
"17108","07_report/CpG_context_sampling_28014_108_trimmed_bismark_bt2.CpG",9702,6983,2719,9702
"17109","07_report/CpG_context_sampling_28014_109_trimmed_bismark_bt2.CpG",9719,6942,2777,9719
"17110","07_report/CpG_context_sampling_28014_110_trimmed_bismark_bt2.CpG",9744,6948,2796,9744
"17111","07_report/CpG_context_sampling_28014_111_trimmed_bismark_bt2.CpG",9626,6853,2773,9626
"17112","07_report/CpG_context_sampling_28014_112_trimmed_bismark_bt2.CpG",9694,6950,2744,9694
"17113","07_report/CpG_context_sampling_28014_113_trimmed_bismark_bt2.CpG",9693,7022,2671,9693
"17114","07_report/CpG_context_sampling_28014_114_trimmed_bismark_bt2.CpG",9549,6834,2715,9549
"17115","07_report/CpG_context_sampling_28014_115_trimmed_bismark_bt2.CpG",9849,7064,2785,9849
"17116","07_report/CpG_context_sampling_28014_116_trimmed_bismark_bt2.CpG",9728,6922,2806,9728
"17117","07_report/CpG_context_sampling_28014_117_trimmed_bismark_bt2.CpG",9867,7085,2782,9867
"17118","07_report/CpG_context_sampling_28014_118_trimmed_bismark_bt2.CpG",9698,7000,2698,9698
"17119","07_report/CpG_context_sampling_28014_119_trimmed_bismark_bt2.CpG",9696,6966,2730,9696
"17120","07_report/CpG_context_sampling_28014_120_trimmed_bismark_bt2.CpG",9696,6829,2867,9696
"17121","07_report/CpG_context_sampling_28014_121_trimmed_bismark_bt2.CpG",9807,6996,2811,9807
"17122","07_report/CpG_context_sampling_28014_122_trimmed_bismark_bt2.CpG",9719,6942,2777,9719
"17123","07_report/CpG_context_sampling_28014_123_trimmed_bismark_bt2.CpG",9763,6975,2788,9763
"17124","07_report/CpG_context_sampling_28014_124_trimmed_bismark_bt2.CpG",9697,6905,2792,9697
"17125","07_report/CpG_context_sampling_28014_125_trimmed_bismark_bt2.CpG",9695,7021,2674,9695
"17126","07_report/CpG_context_sampling_28014_126_trimmed_bismark_bt2.CpG",9841,6966,2875,9841
"17127","07_report/CpG_context_sampling_28014_127_trimmed_bismark_bt2.CpG",9875,7027,2848,9875
"17128","07_report/CpG_context_sampling_28014_128_trimmed_bismark_bt2.CpG",9497,6829,2668,9497
"17129","07_report/CpG_context_sampling_28014_129_trimmed_bismark_bt2.CpG",9738,6974,2764,9738
"17130","07_report/CpG_context_sampling_28014_130_trimmed_bismark_bt2.CpG",9706,6934,2772,9706
"17131","07_report/CpG_context_sampling_28014_131_trimmed_bismark_bt2.CpG",9793,6939,2854,9793
"17132","07_report/CpG_context_sampling_28014_132_trimmed_bismark_bt2.CpG",9719,6931,2788,9719
"17133","07_report/CpG_context_sampling_28014_133_trimmed_bismark_bt2.CpG",9685,6881,2804,9685
"17134","07_report/CpG_context_sampling_28014_134_trimmed_bismark_bt2.CpG",9679,6936,2743,9679
"17135","07_report/CpG_context_sampling_28014_135_trimmed_bismark_bt2.CpG",9635,6866,2769,9635
"17136","07_report/CpG_context_sampling_28014_136_trimmed_bismark_bt2.CpG",9687,6918,2769,9687
"17137","07_report/CpG_context_sampling_28014_137_trimmed_bismark_bt2.CpG",9821,7060,2761,9821
"17138","07_report/CpG_context_sampling_28014_138_trimmed_bismark_bt2.CpG",9577,6862,2715,9577
"17139","07_report/CpG_context_sampling_28014_139_trimmed_bismark_bt2.CpG",9684,7013,2671,9684
"17140","07_report/CpG_context_sampling_28014_140_trimmed_bismark_bt2.CpG",9631,6889,2742,9631
"17141","07_report/CpG_context_sampling_28014_141_trimmed_bismark_bt2.CpG",9658,6953,2705,9658
"17142","07_report/CpG_context_sampling_28014_142_trimmed_bismark_bt2.CpG",9749,6956,2793,9749
"17143","07_report/CpG_context_sampling_28014_143_trimmed_bismark_bt2.CpG",9911,7109,2802,9911
"17144","07_report/CpG_context_sampling_28014_144_trimmed_bismark_bt2.CpG",9660,6880,2780,9660
"17145","07_report/CpG_context_sampling_28014_145_trimmed_bismark_bt2.CpG",9709,6889,2820,9709
"17146","07_report/CpG_context_sampling_28014_146_trimmed_bismark_bt2.CpG",9766,6951,2815,9766
"17147","07_report/CpG_context_sampling_28014_147_trimmed_bismark_bt2.CpG",9784,7065,2719,9784
"17148","07_report/CpG_context_sampling_28014_148_trimmed_bismark_bt2.CpG",9765,7005,2760,9765
"17149","07_report/CpG_context_sampling_28014_149_trimmed_bismark_bt2.CpG",9773,7012,2761,9773
"17150","07_report/CpG_context_sampling_28014_150_trimmed_bismark_bt2.CpG",9810,7025,2785,9810
"17151","07_report/CpG_context_sampling_28014_151_trimmed_bismark_bt2.CpG",9647,6887,2760,9647
"17152","07_report/CpG_context_sampling_28014_152_trimmed_bismark_bt2.CpG",9756,7022,2734,9756
"17153","07_report/CpG_context_sampling_28014_153_trimmed_bismark_bt2.CpG",9762,7011,2751,9762
"17154","07_report/CpG_context_sampling_28014_154_trimmed_bismark_bt2.CpG",9819,7018,2801,9819
"17155","07_report/CpG_context_sampling_28014_155_trimmed_bismark_bt2.CpG",9715,6985,2730,9715
"17156","07_report/CpG_context_sampling_28014_156_trimmed_bismark_bt2.CpG",9709,6906,2803,9709
"17157","07_report/CpG_context_sampling_28014_157_trimmed_bismark_bt2.CpG",9697,7012,2685,9697
"17158","07_report/CpG_context_sampling_28014_158_trimmed_bismark_bt2.CpG",9747,6938,2809,9747
"17159","07_report/CpG_context_sampling_28014_159_trimmed_bismark_bt2.CpG",9665,6999,2666,9665
"17160","07_report/CpG_context_sampling_28014_160_trimmed_bismark_bt2.CpG",9782,7090,2692,9782
"17161","07_report/CpG_context_sampling_28014_161_trimmed_bismark_bt2.CpG",9731,6968,2763,9731
"17162","07_report/CpG_context_sampling_28014_162_trimmed_bismark_bt2.CpG",9744,6943,2801,9744
"17163","07_report/CpG_context_sampling_28014_163_trimmed_bismark_bt2.CpG",9680,6959,2721,9680
"17164","07_report/CpG_context_sampling_28014_164_trimmed_bismark_bt2.CpG",9727,6884,2843,9727
"17165","07_report/CpG_context_sampling_28014_165_trimmed_bismark_bt2.CpG",9890,7072,2818,9890
"17166","07_report/CpG_context_sampling_28014_166_trimmed_bismark_bt2.CpG",9696,6959,2737,9696
"17167","07_report/CpG_context_sampling_28014_167_trimmed_bismark_bt2.CpG",9623,6813,2810,9623
"17168","07_report/CpG_context_sampling_28014_168_trimmed_bismark_bt2.CpG",9569,6873,2696,9569
"17169","07_report/CpG_context_sampling_28014_169_trimmed_bismark_bt2.CpG",9648,6925,2723,9648
"17170","07_report/CpG_context_sampling_28014_170_trimmed_bismark_bt2.CpG",9871,7058,2813,9871
"17171","07_report/CpG_context_sampling_28014_171_trimmed_bismark_bt2.CpG",9709,6906,2803,9709
"17172","07_report/CpG_context_sampling_28014_172_trimmed_bismark_bt2.CpG",9730,6983,2747,9730
"17173","07_report/CpG_context_sampling_28014_173_trimmed_bismark_bt2.CpG",9629,6892,2737,9629
"17174","07_report/CpG_context_sampling_28014_174_trimmed_bismark_bt2.CpG",9623,6916,2707,9623
"17175","07_report/CpG_context_sampling_28014_175_trimmed_bismark_bt2.CpG",9699,6952,2747,9699
"17176","07_report/CpG_context_sampling_28014_176_trimmed_bismark_bt2.CpG",9779,7009,2770,9779
"17177","07_report/CpG_context_sampling_28014_177_trimmed_bismark_bt2.CpG",9758,6910,2848,9758
"17178","07_report/CpG_context_sampling_28014_178_trimmed_bismark_bt2.CpG",9821,7136,2685,9821
"17179","07_report/CpG_context_sampling_28014_179_trimmed_bismark_bt2.CpG",9799,7042,2757,9799
"17180","07_report/CpG_context_sampling_28014_180_trimmed_bismark_bt2.CpG",9794,7119,2675,9794
"17181","07_report/CpG_context_sampling_28014_181_trimmed_bismark_bt2.CpG",9778,6950,2828,9778
"17182","07_report/CpG_context_sampling_28014_182_trimmed_bismark_bt2.CpG",9900,7057,2843,9900
"17183","07_report/CpG_context_sampling_28014_183_trimmed_bismark_bt2.CpG",9698,6988,2710,9698
"17184","07_report/CpG_context_sampling_28014_184_trimmed_bismark_bt2.CpG",9783,7029,2754,9783
"17185","07_report/CpG_context_sampling_28014_185_trimmed_bismark_bt2.CpG",9634,6847,2787,9634
"17186","07_report/CpG_context_sampling_28014_186_trimmed_bismark_bt2.CpG",9790,6991,2799,9790
"17187","07_report/CpG_context_sampling_28014_187_trimmed_bismark_bt2.CpG",9727,7042,2685,9727
"17188","07_report/CpG_context_sampling_28014_188_trimmed_bismark_bt2.CpG",9738,7000,2738,9738
"17189","07_report/CpG_context_sampling_28014_189_trimmed_bismark_bt2.CpG",9666,6854,2812,9666
"17190","07_report/CpG_context_sampling_28014_190_trimmed_bismark_bt2.CpG",9668,6935,2733,9668
"17191","07_report/CpG_context_sampling_28014_191_trimmed_bismark_bt2.CpG",9756,7053,2703,9756
"17192","07_report/CpG_context_sampling_28014_192_trimmed_bismark_bt2.CpG",9613,6894,2719,9613
"17193","07_report/CpG_context_sampling_28014_193_trimmed_bismark_bt2.CpG",9741,7005,2736,9741
"17194","07_report/CpG_context_sampling_28014_194_trimmed_bismark_bt2.CpG",9759,6978,2781,9759
"17195","07_report/CpG_context_sampling_28014_195_trimmed_bismark_bt2.CpG",9742,7027,2715,9742
"17196","07_report/CpG_context_sampling_28014_196_trimmed_bismark_bt2.CpG",9738,6977,2761,9738
"17197","07_report/CpG_context_sampling_28014_197_trimmed_bismark_bt2.CpG",9621,7001,2620,9621
"17198","07_report/CpG_context_sampling_28014_198_trimmed_bismark_bt2.CpG",9716,6960,2756,9716
"17199","07_report/CpG_context_sampling_28014_199_trimmed_bismark_bt2.CpG",9840,7104,2736,9840
"17200","07_report/CpG_context_sampling_28014_200_trimmed_bismark_bt2.CpG",9781,6952,2829,9781
"17201","07_report/CpG_context_sampling_28014_201_trimmed_bismark_bt2.CpG",9803,6979,2824,9803
"17202","07_report/CpG_context_sampling_28014_202_trimmed_bismark_bt2.CpG",9647,6940,2707,9647
"17203","07_report/CpG_context_sampling_28014_203_trimmed_bismark_bt2.CpG",9734,6908,2826,9734
"17204","07_report/CpG_context_sampling_28014_204_trimmed_bismark_bt2.CpG",9911,7089,2822,9911
"17205","07_report/CpG_context_sampling_28014_205_trimmed_bismark_bt2.CpG",9712,6933,2779,9712
"17206","07_report/CpG_context_sampling_28014_206_trimmed_bismark_bt2.CpG",9711,6861,2850,9711
"17207","07_report/CpG_context_sampling_28014_207_trimmed_bismark_bt2.CpG",9561,6737,2824,9561
"17208","07_report/CpG_context_sampling_28014_208_trimmed_bismark_bt2.CpG",9707,7016,2691,9707
"17209","07_report/CpG_context_sampling_28014_209_trimmed_bismark_bt2.CpG",9698,6948,2750,9698
"17210","07_report/CpG_context_sampling_28014_210_trimmed_bismark_bt2.CpG",9789,7033,2756,9789
"17211","07_report/CpG_context_sampling_28014_211_trimmed_bismark_bt2.CpG",9623,6901,2722,9623
"17212","07_report/CpG_context_sampling_28014_212_trimmed_bismark_bt2.CpG",9697,6959,2738,9697
"17213","07_report/CpG_context_sampling_28014_213_trimmed_bismark_bt2.CpG",9552,6774,2778,9552
"17214","07_report/CpG_context_sampling_28014_214_trimmed_bismark_bt2.CpG",9690,6830,2860,9690
"17215","07_report/CpG_context_sampling_28014_215_trimmed_bismark_bt2.CpG",9707,6976,2731,9707
"17216","07_report/CpG_context_sampling_28014_216_trimmed_bismark_bt2.CpG",9669,6911,2758,9669
"17217","07_report/CpG_context_sampling_28014_217_trimmed_bismark_bt2.CpG",9681,6993,2688,9681
"17218","07_report/CpG_context_sampling_28014_218_trimmed_bismark_bt2.CpG",9708,6975,2733,9708
"17219","07_report/CpG_context_sampling_28014_219_trimmed_bismark_bt2.CpG",9796,7091,2705,9796
"17220","07_report/CpG_context_sampling_28014_220_trimmed_bismark_bt2.CpG",9656,6950,2706,9656
"17221","07_report/CpG_context_sampling_28014_221_trimmed_bismark_bt2.CpG",9672,6873,2799,9672
"17222","07_report/CpG_context_sampling_28014_222_trimmed_bismark_bt2.CpG",9479,6817,2662,9479
"17223","07_report/CpG_context_sampling_28014_223_trimmed_bismark_bt2.CpG",9668,6894,2774,9668
"17224","07_report/CpG_context_sampling_28014_224_trimmed_bismark_bt2.CpG",9748,6982,2766,9748
"17225","07_report/CpG_context_sampling_28014_225_trimmed_bismark_bt2.CpG",9720,7013,2707,9720
"17226","07_report/CpG_context_sampling_28014_226_trimmed_bismark_bt2.CpG",9722,6913,2809,9722
"17227","07_report/CpG_context_sampling_28014_227_trimmed_bismark_bt2.CpG",9724,7057,2667,9724
"17228","07_report/CpG_context_sampling_28014_228_trimmed_bismark_bt2.CpG",9715,6937,2778,9715
"17229","07_report/CpG_context_sampling_28014_229_trimmed_bismark_bt2.CpG",9763,6960,2803,9763
"17230","07_report/CpG_context_sampling_28014_230_trimmed_bismark_bt2.CpG",9839,6995,2844,9839
"17231","07_report/CpG_context_sampling_28014_231_trimmed_bismark_bt2.CpG",9777,6950,2827,9777
"17232","07_report/CpG_context_sampling_28014_232_trimmed_bismark_bt2.CpG",9698,6923,2775,9698
"17233","07_report/CpG_context_sampling_28014_233_trimmed_bismark_bt2.CpG",9734,6952,2782,9734
"17234","07_report/CpG_context_sampling_28014_234_trimmed_bismark_bt2.CpG",9571,6864,2707,9571
"17235","07_report/CpG_context_sampling_28014_235_trimmed_bismark_bt2.CpG",9698,6966,2732,9698
"17236","07_report/CpG_context_sampling_28014_236_trimmed_bismark_bt2.CpG",9655,6880,2775,9655
"17237","07_report/CpG_context_sampling_28014_237_trimmed_bismark_bt2.CpG",9732,6985,2747,9732
"17238","07_report/CpG_context_sampling_28014_238_trimmed_bismark_bt2.CpG",9669,6937,2732,9669
"17239","07_report/CpG_context_sampling_28014_239_trimmed_bismark_bt2.CpG",9749,6968,2781,9749
"17240","07_report/CpG_context_sampling_28014_240_trimmed_bismark_bt2.CpG",9618,6841,2777,9618
"17241","07_report/CpG_context_sampling_28014_241_trimmed_bismark_bt2.CpG",9625,6935,2690,9625
"17242","07_report/CpG_context_sampling_28014_242_trimmed_bismark_bt2.CpG",9704,6955,2749,9704
"17243","07_report/CpG_context_sampling_28014_243_trimmed_bismark_bt2.CpG",9705,6964,2741,9705
"17244","07_report/CpG_context_sampling_28014_244_trimmed_bismark_bt2.CpG",9721,6974,2747,9721
"17245","07_report/CpG_context_sampling_28014_245_trimmed_bismark_bt2.CpG",9724,6981,2743,9724
"17246","07_report/CpG_context_sampling_28014_246_trimmed_bismark_bt2.CpG",9735,7008,2727,9735
"17247","07_report/CpG_context_sampling_28014_247_trimmed_bismark_bt2.CpG",9651,6850,2801,9651
"17248","07_report/CpG_context_sampling_28014_248_trimmed_bismark_bt2.CpG",9793,7090,2703,9793
"17249","07_report/CpG_context_sampling_28014_249_trimmed_bismark_bt2.CpG",9749,6959,2790,9749
"17250","07_report/CpG_context_sampling_28014_250_trimmed_bismark_bt2.CpG",9615,6850,2765,9615
"17251","07_report/CpG_context_sampling_28014_251_trimmed_bismark_bt2.CpG",9852,7023,2829,9852
"17252","07_report/CpG_context_sampling_28014_252_trimmed_bismark_bt2.CpG",9774,7011,2763,9774
"17253","07_report/CpG_context_sampling_28014_253_trimmed_bismark_bt2.CpG",9737,6985,2752,9737
"17254","07_report/CpG_context_sampling_28014_254_trimmed_bismark_bt2.CpG",9690,6937,2753,9690
"17255","07_report/CpG_context_sampling_28014_255_trimmed_bismark_bt2.CpG",9794,7109,2685,9794
"17256","07_report/CpG_context_sampling_28014_256_trimmed_bismark_bt2.CpG",9619,6852,2767,9619
"17257","07_report/CpG_context_sampling_28014_257_trimmed_bismark_bt2.CpG",9742,6982,2760,9742
"17258","07_report/CpG_context_sampling_28014_258_trimmed_bismark_bt2.CpG",9689,6859,2830,9689
"17259","07_report/CpG_context_sampling_28014_259_trimmed_bismark_bt2.CpG",9773,6933,2840,9773
"17260","07_report/CpG_context_sampling_28014_260_trimmed_bismark_bt2.CpG",9859,7034,2825,9859
"17261","07_report/CpG_context_sampling_28014_261_trimmed_bismark_bt2.CpG",9622,6858,2764,9622
"17262","07_report/CpG_context_sampling_28014_262_trimmed_bismark_bt2.CpG",9765,6964,2801,9765
"17263","07_report/CpG_context_sampling_28014_263_trimmed_bismark_bt2.CpG",9748,6987,2761,9748
"17264","07_report/CpG_context_sampling_28014_264_trimmed_bismark_bt2.CpG",9551,6878,2673,9551
"17265","07_report/CpG_context_sampling_28014_265_trimmed_bismark_bt2.CpG",9970,7177,2793,9970
"17266","07_report/CpG_context_sampling_28014_266_trimmed_bismark_bt2.CpG",9757,6977,2780,9757
"17267","07_report/CpG_context_sampling_28014_267_trimmed_bismark_bt2.CpG",9753,6966,2787,9753
"17268","07_report/CpG_context_sampling_28014_268_trimmed_bismark_bt2.CpG",9791,6952,2839,9791
"17269","07_report/CpG_context_sampling_28014_269_trimmed_bismark_bt2.CpG",9712,6883,2829,9712
"17270","07_report/CpG_context_sampling_28014_270_trimmed_bismark_bt2.CpG",9631,6875,2756,9631
"17271","07_report/CpG_context_sampling_28014_271_trimmed_bismark_bt2.CpG",9717,6917,2800,9717
"17272","07_report/CpG_context_sampling_28014_272_trimmed_bismark_bt2.CpG",9709,6893,2816,9709
"17273","07_report/CpG_context_sampling_28014_273_trimmed_bismark_bt2.CpG",9654,6949,2705,9654
"17274","07_report/CpG_context_sampling_28014_274_trimmed_bismark_bt2.CpG",9552,6902,2650,9552
"17275","07_report/CpG_context_sampling_28014_275_trimmed_bismark_bt2.CpG",9685,6984,2701,9685
"17276","07_report/CpG_context_sampling_28014_276_trimmed_bismark_bt2.CpG",9767,7048,2719,9767
"17277","07_report/CpG_context_sampling_28014_277_trimmed_bismark_bt2.CpG",9717,6980,2737,9717
"17278","07_report/CpG_context_sampling_28014_278_trimmed_bismark_bt2.CpG",9676,6910,2766,9676
"17279","07_report/CpG_context_sampling_28014_279_trimmed_bismark_bt2.CpG",9757,6904,2853,9757
"17280","07_report/CpG_context_sampling_28014_280_trimmed_bismark_bt2.CpG",9731,7033,2698,9731
"17281","07_report/CpG_context_sampling_28014_281_trimmed_bismark_bt2.CpG",9618,6916,2702,9618
"17282","07_report/CpG_context_sampling_28014_282_trimmed_bismark_bt2.CpG",9690,6921,2769,9690
"17283","07_report/CpG_context_sampling_28014_283_trimmed_bismark_bt2.CpG",9721,6894,2827,9721
"17284","07_report/CpG_context_sampling_28014_284_trimmed_bismark_bt2.CpG",9688,6929,2759,9688
"17285","07_report/CpG_context_sampling_28014_285_trimmed_bismark_bt2.CpG",9786,6984,2802,9786
"17286","07_report/CpG_context_sampling_28014_286_trimmed_bismark_bt2.CpG",9593,6878,2715,9593
"17287","07_report/CpG_context_sampling_28014_287_trimmed_bismark_bt2.CpG",9794,6971,2823,9794
"17288","07_report/CpG_context_sampling_28014_288_trimmed_bismark_bt2.CpG",9659,6912,2747,9659
"17289","07_report/CpG_context_sampling_28014_289_trimmed_bismark_bt2.CpG",9738,6932,2806,9738
"17290","07_report/CpG_context_sampling_28014_290_trimmed_bismark_bt2.CpG",9818,7039,2779,9818
"17291","07_report/CpG_context_sampling_28014_291_trimmed_bismark_bt2.CpG",9650,6945,2705,9650
"17292","07_report/CpG_context_sampling_28014_292_trimmed_bismark_bt2.CpG",9732,7009,2723,9732
"17293","07_report/CpG_context_sampling_28014_293_trimmed_bismark_bt2.CpG",9817,7025,2792,9817
"17294","07_report/CpG_context_sampling_28014_294_trimmed_bismark_bt2.CpG",9689,6942,2747,9689
"17295","07_report/CpG_context_sampling_28014_295_trimmed_bismark_bt2.CpG",9739,6955,2784,9739
"17296","07_report/CpG_context_sampling_28014_296_trimmed_bismark_bt2.CpG",9847,7041,2806,9847
"17297","07_report/CpG_context_sampling_28014_297_trimmed_bismark_bt2.CpG",9525,6813,2712,9525
"17298","07_report/CpG_context_sampling_28014_298_trimmed_bismark_bt2.CpG",9557,6834,2723,9557
"17299","07_report/CpG_context_sampling_28014_299_trimmed_bismark_bt2.CpG",9574,6844,2730,9574
"17300","07_report/CpG_context_sampling_28014_300_trimmed_bismark_bt2.CpG",9783,7053,2730,9783
"17301","07_report/CpG_context_sampling_28014_301_trimmed_bismark_bt2.CpG",9648,6980,2668,9648
"17302","07_report/CpG_context_sampling_28014_302_trimmed_bismark_bt2.CpG",9725,6963,2762,9725
"17303","07_report/CpG_context_sampling_28014_303_trimmed_bismark_bt2.CpG",9633,6801,2832,9633
"17304","07_report/CpG_context_sampling_28014_304_trimmed_bismark_bt2.CpG",9729,7020,2709,9729
"17305","07_report/CpG_context_sampling_28014_305_trimmed_bismark_bt2.CpG",9748,7045,2703,9748
"17306","07_report/CpG_context_sampling_28014_306_trimmed_bismark_bt2.CpG",9658,6958,2700,9658
"17307","07_report/CpG_context_sampling_28014_307_trimmed_bismark_bt2.CpG",9651,6839,2812,9651
"17308","07_report/CpG_context_sampling_28014_308_trimmed_bismark_bt2.CpG",9636,6846,2790,9636
"17309","07_report/CpG_context_sampling_28014_309_trimmed_bismark_bt2.CpG",9806,7023,2783,9806
"17310","07_report/CpG_context_sampling_28014_310_trimmed_bismark_bt2.CpG",9664,6894,2770,9664
"17311","07_report/CpG_context_sampling_28014_311_trimmed_bismark_bt2.CpG",9664,7033,2631,9664
"17312","07_report/CpG_context_sampling_28014_312_trimmed_bismark_bt2.CpG",9814,7037,2777,9814
"17313","07_report/CpG_context_sampling_28014_313_trimmed_bismark_bt2.CpG",9795,6949,2846,9795
"17314","07_report/CpG_context_sampling_28014_314_trimmed_bismark_bt2.CpG",9726,6941,2785,9726
"17315","07_report/CpG_context_sampling_28014_315_trimmed_bismark_bt2.CpG",9554,6867,2687,9554
"17316","07_report/CpG_context_sampling_28014_316_trimmed_bismark_bt2.CpG",9592,6853,2739,9592
"17317","07_report/CpG_context_sampling_28014_317_trimmed_bismark_bt2.CpG",9702,6919,2783,9702
"17318","07_report/CpG_context_sampling_28014_318_trimmed_bismark_bt2.CpG",9704,6990,2714,9704
"17319","07_report/CpG_context_sampling_28014_319_trimmed_bismark_bt2.CpG",9848,7078,2770,9848
"17320","07_report/CpG_context_sampling_28014_320_trimmed_bismark_bt2.CpG",9849,7075,2774,9849
"17321","07_report/CpG_context_sampling_28014_321_trimmed_bismark_bt2.CpG",9827,7048,2779,9827
"17322","07_report/CpG_context_sampling_28014_322_trimmed_bismark_bt2.CpG",9686,6936,2750,9686
"17323","07_report/CpG_context_sampling_28014_323_trimmed_bismark_bt2.CpG",9577,6801,2776,9577
"17324","07_report/CpG_context_sampling_28014_324_trimmed_bismark_bt2.CpG",9719,6900,2819,9719
"17325","07_report/CpG_context_sampling_28014_325_trimmed_bismark_bt2.CpG",9715,6923,2792,9715
"17326","07_report/CpG_context_sampling_28014_326_trimmed_bismark_bt2.CpG",9647,6990,2657,9647
"17327","07_report/CpG_context_sampling_28014_327_trimmed_bismark_bt2.CpG",9685,6803,2882,9685
"17328","07_report/CpG_context_sampling_28014_328_trimmed_bismark_bt2.CpG",9834,7086,2748,9834
"17329","07_report/CpG_context_sampling_28014_329_trimmed_bismark_bt2.CpG",9685,6983,2702,9685
"17330","07_report/CpG_context_sampling_28014_330_trimmed_bismark_bt2.CpG",9810,6881,2929,9810
"17331","07_report/CpG_context_sampling_28014_331_trimmed_bismark_bt2.CpG",9775,7052,2723,9775
"17332","07_report/CpG_context_sampling_28014_332_trimmed_bismark_bt2.CpG",9584,6887,2697,9584
"17333","07_report/CpG_context_sampling_28014_333_trimmed_bismark_bt2.CpG",9726,6998,2728,9726
"17334","07_report/CpG_context_sampling_28014_334_trimmed_bismark_bt2.CpG",9853,7018,2835,9853
"17335","07_report/CpG_context_sampling_28014_335_trimmed_bismark_bt2.CpG",9688,6933,2755,9688
"17336","07_report/CpG_context_sampling_28014_336_trimmed_bismark_bt2.CpG",9653,6845,2808,9653
"17337","07_report/CpG_context_sampling_28014_337_trimmed_bismark_bt2.CpG",9703,6875,2828,9703
"17338","07_report/CpG_context_sampling_28014_338_trimmed_bismark_bt2.CpG",9733,6924,2809,9733
"17339","07_report/CpG_context_sampling_28014_339_trimmed_bismark_bt2.CpG",9753,7002,2751,9753
"17340","07_report/CpG_context_sampling_28014_340_trimmed_bismark_bt2.CpG",9830,6990,2840,9830
"17341","07_report/CpG_context_sampling_28014_341_trimmed_bismark_bt2.CpG",9537,6822,2715,9537
"17342","07_report/CpG_context_sampling_28014_342_trimmed_bismark_bt2.CpG",9784,6994,2790,9784
"17343","07_report/CpG_context_sampling_28014_343_trimmed_bismark_bt2.CpG",9660,6899,2761,9660
"17344","07_report/CpG_context_sampling_28014_344_trimmed_bismark_bt2.CpG",9652,6976,2676,9652
"17345","07_report/CpG_context_sampling_28014_345_trimmed_bismark_bt2.CpG",9689,6965,2724,9689
"17346","07_report/CpG_context_sampling_28014_346_trimmed_bismark_bt2.CpG",9767,7032,2735,9767
"17347","07_report/CpG_context_sampling_28014_347_trimmed_bismark_bt2.CpG",9633,6843,2790,9633
"17348","07_report/CpG_context_sampling_28014_348_trimmed_bismark_bt2.CpG",9742,6966,2776,9742
"17349","07_report/CpG_context_sampling_28014_349_trimmed_bismark_bt2.CpG",9792,7019,2773,9792
"17350","07_report/CpG_context_sampling_28014_350_trimmed_bismark_bt2.CpG",9588,6816,2772,9588
"17351","07_report/CpG_context_sampling_28014_351_trimmed_bismark_bt2.CpG",9606,6891,2715,9606
"17352","07_report/CpG_context_sampling_28014_352_trimmed_bismark_bt2.CpG",9713,6912,2801,9713
"17353","07_report/CpG_context_sampling_28014_353_trimmed_bismark_bt2.CpG",9582,6799,2783,9582
"17354","07_report/CpG_context_sampling_28014_354_trimmed_bismark_bt2.CpG",9742,6954,2788,9742
"17355","07_report/CpG_context_sampling_28014_355_trimmed_bismark_bt2.CpG",9747,6999,2748,9747
"17356","07_report/CpG_context_sampling_28014_356_trimmed_bismark_bt2.CpG",9674,6891,2783,9674
"17357","07_report/CpG_context_sampling_28014_357_trimmed_bismark_bt2.CpG",9582,6842,2740,9582
"17358","07_report/CpG_context_sampling_28014_358_trimmed_bismark_bt2.CpG",9832,7144,2688,9832
"17359","07_report/CpG_context_sampling_28014_359_trimmed_bismark_bt2.CpG",9603,6903,2700,9603
"17360","07_report/CpG_context_sampling_28014_360_trimmed_bismark_bt2.CpG",9639,6925,2714,9639
"17361","07_report/CpG_context_sampling_28014_361_trimmed_bismark_bt2.CpG",9657,6983,2674,9657
"17362","07_report/CpG_context_sampling_28014_362_trimmed_bismark_bt2.CpG",9653,6953,2700,9653
"17363","07_report/CpG_context_sampling_28014_363_trimmed_bismark_bt2.CpG",9750,6996,2754,9750
"17364","07_report/CpG_context_sampling_28014_364_trimmed_bismark_bt2.CpG",9799,6967,2832,9799
"17365","07_report/CpG_context_sampling_28014_365_trimmed_bismark_bt2.CpG",9773,6994,2779,9773
"17366","07_report/CpG_context_sampling_28014_366_trimmed_bismark_bt2.CpG",9635,6919,2716,9635
"17367","07_report/CpG_context_sampling_28014_367_trimmed_bismark_bt2.CpG",9685,6932,2753,9685
"17368","07_report/CpG_context_sampling_28014_368_trimmed_bismark_bt2.CpG",9690,6968,2722,9690
"17369","07_report/CpG_context_sampling_28014_369_trimmed_bismark_bt2.CpG",9761,7006,2755,9761
"17370","07_report/CpG_context_sampling_28014_370_trimmed_bismark_bt2.CpG",9710,6929,2781,9710
"17371","07_report/CpG_context_sampling_28014_371_trimmed_bismark_bt2.CpG",9760,6985,2775,9760
"17372","07_report/CpG_context_sampling_28014_372_trimmed_bismark_bt2.CpG",9767,6991,2776,9767
"17373","07_report/CpG_context_sampling_28014_373_trimmed_bismark_bt2.CpG",9691,6913,2778,9691
"17374","07_report/CpG_context_sampling_28014_374_trimmed_bismark_bt2.CpG",9804,7083,2721,9804
"17375","07_report/CpG_context_sampling_28014_375_trimmed_bismark_bt2.CpG",9681,6850,2831,9681
"17376","07_report/CpG_context_sampling_28014_376_trimmed_bismark_bt2.CpG",9627,6844,2783,9627
"17377","07_report/CpG_context_sampling_28014_377_trimmed_bismark_bt2.CpG",9763,6905,2858,9763
"17378","07_report/CpG_context_sampling_28014_378_trimmed_bismark_bt2.CpG",9848,7008,2840,9848
"17379","07_report/CpG_context_sampling_28014_379_trimmed_bismark_bt2.CpG",9788,6995,2793,9788
"17380","07_report/CpG_context_sampling_28014_380_trimmed_bismark_bt2.CpG",9642,6935,2707,9642
"17381","07_report/CpG_context_sampling_28014_381_trimmed_bismark_bt2.CpG",9788,6942,2846,9788
"17382","07_report/CpG_context_sampling_28014_382_trimmed_bismark_bt2.CpG",9789,7006,2783,9789
"17383","07_report/CpG_context_sampling_28014_383_trimmed_bismark_bt2.CpG",9671,6937,2734,9671
"17384","07_report/CpG_context_sampling_28014_384_trimmed_bismark_bt2.CpG",9650,6919,2731,9650
"17385","07_report/CpG_context_sampling_28014_385_trimmed_bismark_bt2.CpG",9641,6878,2763,9641
"17386","07_report/CpG_context_sampling_28014_386_trimmed_bismark_bt2.CpG",9817,7079,2738,9817
"17387","07_report/CpG_context_sampling_28014_387_trimmed_bismark_bt2.CpG",9682,6887,2795,9682
"17388","07_report/CpG_context_sampling_28014_388_trimmed_bismark_bt2.CpG",9777,7045,2732,9777
"17389","07_report/CpG_context_sampling_28014_389_trimmed_bismark_bt2.CpG",9708,6906,2802,9708
"17390","07_report/CpG_context_sampling_28014_390_trimmed_bismark_bt2.CpG",9716,6972,2744,9716
"17391","07_report/CpG_context_sampling_28014_391_trimmed_bismark_bt2.CpG",9639,6848,2791,9639
"17392","07_report/CpG_context_sampling_28014_392_trimmed_bismark_bt2.CpG",9668,6920,2748,9668
"17393","07_report/CpG_context_sampling_28014_393_trimmed_bismark_bt2.CpG",9659,6884,2775,9659
"17394","07_report/CpG_context_sampling_28014_394_trimmed_bismark_bt2.CpG",9788,6951,2837,9788
"17395","07_report/CpG_context_sampling_28014_395_trimmed_bismark_bt2.CpG",9764,6966,2798,9764
"17396","07_report/CpG_context_sampling_28014_396_trimmed_bismark_bt2.CpG",9600,6836,2764,9600
"17397","07_report/CpG_context_sampling_28014_397_trimmed_bismark_bt2.CpG",9698,6887,2811,9698
"17398","07_report/CpG_context_sampling_28014_398_trimmed_bismark_bt2.CpG",9712,6916,2796,9712
"17399","07_report/CpG_context_sampling_28014_399_trimmed_bismark_bt2.CpG",9854,7112,2742,9854
"17400","07_report/CpG_context_sampling_28014_400_trimmed_bismark_bt2.CpG",9770,6959,2811,9770
"17401","07_report/CpG_context_sampling_28014_401_trimmed_bismark_bt2.CpG",9681,6993,2688,9681
"17402","07_report/CpG_context_sampling_28014_402_trimmed_bismark_bt2.CpG",9689,6942,2747,9689
"17403","07_report/CpG_context_sampling_28014_403_trimmed_bismark_bt2.CpG",9623,6790,2833,9623
"17404","07_report/CpG_context_sampling_28014_404_trimmed_bismark_bt2.CpG",9677,6868,2809,9677
"17405","07_report/CpG_context_sampling_28014_405_trimmed_bismark_bt2.CpG",9867,7036,2831,9867
"17406","07_report/CpG_context_sampling_28014_406_trimmed_bismark_bt2.CpG",9804,7024,2780,9804
"17407","07_report/CpG_context_sampling_28014_407_trimmed_bismark_bt2.CpG",9765,7060,2705,9765
"17408","07_report/CpG_context_sampling_28014_408_trimmed_bismark_bt2.CpG",9702,6975,2727,9702
"17409","07_report/CpG_context_sampling_28014_409_trimmed_bismark_bt2.CpG",9737,6980,2757,9737
"17410","07_report/CpG_context_sampling_28014_410_trimmed_bismark_bt2.CpG",9642,6894,2748,9642
"17411","07_report/CpG_context_sampling_28014_411_trimmed_bismark_bt2.CpG",9719,6929,2790,9719
"17412","07_report/CpG_context_sampling_28014_412_trimmed_bismark_bt2.CpG",9758,7064,2694,9758
"17413","07_report/CpG_context_sampling_28014_413_trimmed_bismark_bt2.CpG",9690,6900,2790,9690
"17414","07_report/CpG_context_sampling_28014_414_trimmed_bismark_bt2.CpG",9601,6867,2734,9601
"17415","07_report/CpG_context_sampling_28014_415_trimmed_bismark_bt2.CpG",9596,6835,2761,9596
"17416","07_report/CpG_context_sampling_28014_416_trimmed_bismark_bt2.CpG",9627,6869,2758,9627
"17417","07_report/CpG_context_sampling_28014_417_trimmed_bismark_bt2.CpG",9649,6897,2752,9649
"17418","07_report/CpG_context_sampling_28014_418_trimmed_bismark_bt2.CpG",9792,7021,2771,9792
"17419","07_report/CpG_context_sampling_28014_419_trimmed_bismark_bt2.CpG",9803,6967,2836,9803
"17420","07_report/CpG_context_sampling_28014_420_trimmed_bismark_bt2.CpG",9681,6945,2736,9681
"17421","07_report/CpG_context_sampling_28014_421_trimmed_bismark_bt2.CpG",9657,6975,2682,9657
"17422","07_report/CpG_context_sampling_28014_422_trimmed_bismark_bt2.CpG",9803,7029,2774,9803
"17423","07_report/CpG_context_sampling_28014_423_trimmed_bismark_bt2.CpG",9681,6962,2719,9681
"17424","07_report/CpG_context_sampling_28014_424_trimmed_bismark_bt2.CpG",9680,6878,2802,9680
"17425","07_report/CpG_context_sampling_28014_425_trimmed_bismark_bt2.CpG",9596,6859,2737,9596
"17426","07_report/CpG_context_sampling_28014_426_trimmed_bismark_bt2.CpG",9695,6963,2732,9695
"17427","07_report/CpG_context_sampling_28014_427_trimmed_bismark_bt2.CpG",9725,6940,2785,9725
"17428","07_report/CpG_context_sampling_28014_428_trimmed_bismark_bt2.CpG",9661,6893,2768,9661
"17429","07_report/CpG_context_sampling_28014_429_trimmed_bismark_bt2.CpG",9800,6918,2882,9800
"17430","07_report/CpG_context_sampling_28014_430_trimmed_bismark_bt2.CpG",9886,7040,2846,9886
"17431","07_report/CpG_context_sampling_28014_431_trimmed_bismark_bt2.CpG",9680,6941,2739,9680
"17432","07_report/CpG_context_sampling_28014_432_trimmed_bismark_bt2.CpG",9665,6971,2694,9665
"17433","07_report/CpG_context_sampling_28014_433_trimmed_bismark_bt2.CpG",9667,6905,2762,9667
"17434","07_report/CpG_context_sampling_28014_434_trimmed_bismark_bt2.CpG",9847,7022,2825,9847
"17435","07_report/CpG_context_sampling_28014_435_trimmed_bismark_bt2.CpG",9753,6921,2832,9753
"17436","07_report/CpG_context_sampling_28014_436_trimmed_bismark_bt2.CpG",9533,6840,2693,9533
"17437","07_report/CpG_context_sampling_28014_437_trimmed_bismark_bt2.CpG",9770,7027,2743,9770
"17438","07_report/CpG_context_sampling_28014_438_trimmed_bismark_bt2.CpG",9661,6949,2712,9661
"17439","07_report/CpG_context_sampling_28014_439_trimmed_bismark_bt2.CpG",9738,6908,2830,9738
"17440","07_report/CpG_context_sampling_28014_440_trimmed_bismark_bt2.CpG",9540,6796,2744,9540
"17441","07_report/CpG_context_sampling_28014_441_trimmed_bismark_bt2.CpG",9777,6954,2823,9777
"17442","07_report/CpG_context_sampling_28014_442_trimmed_bismark_bt2.CpG",9752,6900,2852,9752
"17443","07_report/CpG_context_sampling_28014_443_trimmed_bismark_bt2.CpG",9756,7020,2736,9756
"17444","07_report/CpG_context_sampling_28014_444_trimmed_bismark_bt2.CpG",9785,7063,2722,9785
"17445","07_report/CpG_context_sampling_28014_445_trimmed_bismark_bt2.CpG",9550,6801,2749,9550
"17446","07_report/CpG_context_sampling_28014_446_trimmed_bismark_bt2.CpG",9757,6924,2833,9757
"17447","07_report/CpG_context_sampling_28014_447_trimmed_bismark_bt2.CpG",9694,6964,2730,9694
"17448","07_report/CpG_context_sampling_28014_448_trimmed_bismark_bt2.CpG",9706,6911,2795,9706
"17449","07_report/CpG_context_sampling_28014_449_trimmed_bismark_bt2.CpG",9835,6961,2874,9835
"17450","07_report/CpG_context_sampling_28014_450_trimmed_bismark_bt2.CpG",9606,6928,2678,9606
"17451","07_report/CpG_context_sampling_28014_451_trimmed_bismark_bt2.CpG",9727,6949,2778,9727
"17452","07_report/CpG_context_sampling_28014_452_trimmed_bismark_bt2.CpG",9760,7000,2760,9760
"17453","07_report/CpG_context_sampling_28014_453_trimmed_bismark_bt2.CpG",9814,7019,2795,9814
"17454","07_report/CpG_context_sampling_28014_454_trimmed_bismark_bt2.CpG",9713,6971,2742,9713
"17455","07_report/CpG_context_sampling_28014_455_trimmed_bismark_bt2.CpG",9590,6839,2751,9590
"17456","07_report/CpG_context_sampling_28014_456_trimmed_bismark_bt2.CpG",9694,6970,2724,9694
"17457","07_report/CpG_context_sampling_28014_457_trimmed_bismark_bt2.CpG",9712,6973,2739,9712
"17458","07_report/CpG_context_sampling_28014_458_trimmed_bismark_bt2.CpG",9724,6924,2800,9724
"17459","07_report/CpG_context_sampling_28014_459_trimmed_bismark_bt2.CpG",9714,6910,2804,9714
"17460","07_report/CpG_context_sampling_28014_460_trimmed_bismark_bt2.CpG",9649,6917,2732,9649
"17461","07_report/CpG_context_sampling_28014_461_trimmed_bismark_bt2.CpG",9643,6964,2679,9643
"17462","07_report/CpG_context_sampling_28014_462_trimmed_bismark_bt2.CpG",9821,6971,2850,9821
"17463","07_report/CpG_context_sampling_28014_463_trimmed_bismark_bt2.CpG",9746,6999,2747,9746
"17464","07_report/CpG_context_sampling_28014_464_trimmed_bismark_bt2.CpG",9667,6927,2740,9667
"17465","07_report/CpG_context_sampling_28014_465_trimmed_bismark_bt2.CpG",9630,6998,2632,9630
"17466","07_report/CpG_context_sampling_28014_466_trimmed_bismark_bt2.CpG",9546,6783,2763,9546
"17467","07_report/CpG_context_sampling_28014_467_trimmed_bismark_bt2.CpG",9768,6991,2777,9768
"17468","07_report/CpG_context_sampling_28014_468_trimmed_bismark_bt2.CpG",9751,6902,2849,9751
"17469","07_report/CpG_context_sampling_28014_469_trimmed_bismark_bt2.CpG",9746,6984,2762,9746
"17470","07_report/CpG_context_sampling_28014_470_trimmed_bismark_bt2.CpG",9629,6831,2798,9629
"17471","07_report/CpG_context_sampling_28014_471_trimmed_bismark_bt2.CpG",9700,7011,2689,9700
"17472","07_report/CpG_context_sampling_28014_472_trimmed_bismark_bt2.CpG",9620,6848,2772,9620
"17473","07_report/CpG_context_sampling_28014_473_trimmed_bismark_bt2.CpG",9734,6932,2802,9734
"17474","07_report/CpG_context_sampling_28014_474_trimmed_bismark_bt2.CpG",9649,6899,2750,9649
"17475","07_report/CpG_context_sampling_28014_475_trimmed_bismark_bt2.CpG",9685,6946,2739,9685
"17476","07_report/CpG_context_sampling_28014_476_trimmed_bismark_bt2.CpG",9730,6931,2799,9730
"17477","07_report/CpG_context_sampling_28014_477_trimmed_bismark_bt2.CpG",9805,6942,2863,9805
"17478","07_report/CpG_context_sampling_28014_478_trimmed_bismark_bt2.CpG",9682,6934,2748,9682
"17479","07_report/CpG_context_sampling_28014_479_trimmed_bismark_bt2.CpG",9659,6915,2744,9659
"17480","07_report/CpG_context_sampling_28014_480_trimmed_bismark_bt2.CpG",9726,6921,2805,9726
"17481","07_report/CpG_context_sampling_28014_481_trimmed_bismark_bt2.CpG",9799,7049,2750,9799
"17482","07_report/CpG_context_sampling_28014_482_trimmed_bismark_bt2.CpG",9675,6851,2824,9675
"17483","07_report/CpG_context_sampling_28014_483_trimmed_bismark_bt2.CpG",9596,6822,2774,9596
"17484","07_report/CpG_context_sampling_28014_484_trimmed_bismark_bt2.CpG",9806,7028,2778,9806
"17485","07_report/CpG_context_sampling_28014_485_trimmed_bismark_bt2.CpG",9752,7011,2741,9752
"17486","07_report/CpG_context_sampling_28014_486_trimmed_bismark_bt2.CpG",9641,6848,2793,9641
"17487","07_report/CpG_context_sampling_28014_487_trimmed_bismark_bt2.CpG",9818,6986,2832,9818
"17488","07_report/CpG_context_sampling_28014_488_trimmed_bismark_bt2.CpG",9656,6861,2795,9656
"17489","07_report/CpG_context_sampling_28014_489_trimmed_bismark_bt2.CpG",9921,7059,2862,9921
"17490","07_report/CpG_context_sampling_28014_490_trimmed_bismark_bt2.CpG",9648,6935,2713,9648
"17491","07_report/CpG_context_sampling_28014_491_trimmed_bismark_bt2.CpG",9568,6831,2737,9568
"17492","07_report/CpG_context_sampling_28014_492_trimmed_bismark_bt2.CpG",9826,7070,2756,9826
"17493","07_report/CpG_context_sampling_28014_493_trimmed_bismark_bt2.CpG",9660,6891,2769,9660
"17494","07_report/CpG_context_sampling_28014_494_trimmed_bismark_bt2.CpG",9725,6969,2756,9725
"17495","07_report/CpG_context_sampling_28014_495_trimmed_bismark_bt2.CpG",9808,7021,2787,9808
"17496","07_report/CpG_context_sampling_28014_496_trimmed_bismark_bt2.CpG",9740,6867,2873,9740
"17497","07_report/CpG_context_sampling_28014_497_trimmed_bismark_bt2.CpG",9537,6807,2730,9537
"17498","07_report/CpG_context_sampling_28014_498_trimmed_bismark_bt2.CpG",9620,6832,2788,9620
"17499","07_report/CpG_context_sampling_28014_499_trimmed_bismark_bt2.CpG",9643,6933,2710,9643
"17500","07_report/CpG_context_sampling_28014_500_trimmed_bismark_bt2.CpG",9747,7028,2719,9747
"17501","07_report/CpG_context_sampling_28014_501_trimmed_bismark_bt2.CpG",9694,6998,2696,9694
"17502","07_report/CpG_context_sampling_28014_502_trimmed_bismark_bt2.CpG",9736,6927,2809,9736
"17503","07_report/CpG_context_sampling_28014_503_trimmed_bismark_bt2.CpG",9727,6914,2813,9727
"17504","07_report/CpG_context_sampling_28014_504_trimmed_bismark_bt2.CpG",9669,6887,2782,9669
"17505","07_report/CpG_context_sampling_28014_505_trimmed_bismark_bt2.CpG",9736,6944,2792,9736
"17506","07_report/CpG_context_sampling_28014_506_trimmed_bismark_bt2.CpG",9711,7034,2677,9711
"17507","07_report/CpG_context_sampling_28014_507_trimmed_bismark_bt2.CpG",9587,6889,2698,9587
"17508","07_report/CpG_context_sampling_28014_508_trimmed_bismark_bt2.CpG",9743,6973,2770,9743
"17509","07_report/CpG_context_sampling_28014_509_trimmed_bismark_bt2.CpG",9704,6943,2761,9704
"17510","07_report/CpG_context_sampling_28014_510_trimmed_bismark_bt2.CpG",9755,7057,2698,9755
"17511","07_report/CpG_context_sampling_28014_511_trimmed_bismark_bt2.CpG",9716,7000,2716,9716
"17512","07_report/CpG_context_sampling_28014_512_trimmed_bismark_bt2.CpG",9731,6963,2768,9731
"17513","07_report/CpG_context_sampling_28014_513_trimmed_bismark_bt2.CpG",9837,7042,2795,9837
"17514","07_report/CpG_context_sampling_28014_514_trimmed_bismark_bt2.CpG",9671,6952,2719,9671
"17515","07_report/CpG_context_sampling_28014_515_trimmed_bismark_bt2.CpG",9678,6904,2774,9678
"17516","07_report/CpG_context_sampling_28014_516_trimmed_bismark_bt2.CpG",9750,7002,2748,9750
"17517","07_report/CpG_context_sampling_28014_517_trimmed_bismark_bt2.CpG",9638,6843,2795,9638
"17518","07_report/CpG_context_sampling_28014_518_trimmed_bismark_bt2.CpG",9811,7019,2792,9811
"17519","07_report/CpG_context_sampling_28014_519_trimmed_bismark_bt2.CpG",9720,6911,2809,9720
"17520","07_report/CpG_context_sampling_28014_520_trimmed_bismark_bt2.CpG",9743,6976,2767,9743
"17521","07_report/CpG_context_sampling_28014_521_trimmed_bismark_bt2.CpG",9746,6910,2836,9746
"17522","07_report/CpG_context_sampling_28014_522_trimmed_bismark_bt2.CpG",9679,6977,2702,9679
"17523","07_report/CpG_context_sampling_28014_523_trimmed_bismark_bt2.CpG",9762,6959,2803,9762
"17524","07_report/CpG_context_sampling_28014_524_trimmed_bismark_bt2.CpG",9568,6843,2725,9568
"17525","07_report/CpG_context_sampling_28014_525_trimmed_bismark_bt2.CpG",9757,6973,2784,9757
"17526","07_report/CpG_context_sampling_28014_526_trimmed_bismark_bt2.CpG",9838,7060,2778,9838
"17527","07_report/CpG_context_sampling_28014_527_trimmed_bismark_bt2.CpG",9622,6891,2731,9622
"17528","07_report/CpG_context_sampling_28014_528_trimmed_bismark_bt2.CpG",9728,6978,2750,9728
"17529","07_report/CpG_context_sampling_28014_529_trimmed_bismark_bt2.CpG",9677,6922,2755,9677
"17530","07_report/CpG_context_sampling_28014_530_trimmed_bismark_bt2.CpG",9550,6881,2669,9550
"17531","07_report/CpG_context_sampling_28014_531_trimmed_bismark_bt2.CpG",9596,6879,2717,9596
"17532","07_report/CpG_context_sampling_28014_532_trimmed_bismark_bt2.CpG",9675,6907,2768,9675
"17533","07_report/CpG_context_sampling_28014_533_trimmed_bismark_bt2.CpG",9829,6994,2835,9829
"17534","07_report/CpG_context_sampling_28014_534_trimmed_bismark_bt2.CpG",9772,6952,2820,9772
"17535","07_report/CpG_context_sampling_28014_535_trimmed_bismark_bt2.CpG",9738,7000,2738,9738
"17536","07_report/CpG_context_sampling_28014_536_trimmed_bismark_bt2.CpG",9611,6828,2783,9611
"17537","07_report/CpG_context_sampling_28014_537_trimmed_bismark_bt2.CpG",9776,6959,2817,9776
"17538","07_report/CpG_context_sampling_28014_538_trimmed_bismark_bt2.CpG",9663,6959,2704,9663
"17539","07_report/CpG_context_sampling_28014_539_trimmed_bismark_bt2.CpG",9629,6845,2784,9629
"17540","07_report/CpG_context_sampling_28014_540_trimmed_bismark_bt2.CpG",9712,6904,2808,9712
"17541","07_report/CpG_context_sampling_28014_541_trimmed_bismark_bt2.CpG",9676,7002,2674,9676
"17542","07_report/CpG_context_sampling_28014_542_trimmed_bismark_bt2.CpG",9881,7059,2822,9881
"17543","07_report/CpG_context_sampling_28014_543_trimmed_bismark_bt2.CpG",9901,6997,2904,9901
"17544","07_report/CpG_context_sampling_28014_544_trimmed_bismark_bt2.CpG",9630,6929,2701,9630
"17545","07_report/CpG_context_sampling_28014_545_trimmed_bismark_bt2.CpG",9715,6956,2759,9715
"17546","07_report/CpG_context_sampling_28014_546_trimmed_bismark_bt2.CpG",9563,6869,2694,9563
"17547","07_report/CpG_context_sampling_28014_547_trimmed_bismark_bt2.CpG",9895,7020,2875,9895
"17548","07_report/CpG_context_sampling_28014_548_trimmed_bismark_bt2.CpG",9562,6923,2639,9562
"17549","07_report/CpG_context_sampling_28014_549_trimmed_bismark_bt2.CpG",9668,6824,2844,9668
"17550","07_report/CpG_context_sampling_28014_550_trimmed_bismark_bt2.CpG",9713,7001,2712,9713
"17551","07_report/CpG_context_sampling_28014_551_trimmed_bismark_bt2.CpG",9797,7038,2759,9797
"17552","07_report/CpG_context_sampling_28014_552_trimmed_bismark_bt2.CpG",9740,7014,2726,9740
"17553","07_report/CpG_context_sampling_28014_553_trimmed_bismark_bt2.CpG",9779,7015,2764,9779
"17554","07_report/CpG_context_sampling_28014_554_trimmed_bismark_bt2.CpG",9716,7026,2690,9716
"17555","07_report/CpG_context_sampling_28014_555_trimmed_bismark_bt2.CpG",9656,6843,2813,9656
"17556","07_report/CpG_context_sampling_28014_556_trimmed_bismark_bt2.CpG",9696,6936,2760,9696
"17557","07_report/CpG_context_sampling_28014_557_trimmed_bismark_bt2.CpG",9716,6979,2737,9716
"17558","07_report/CpG_context_sampling_28014_558_trimmed_bismark_bt2.CpG",9695,6983,2712,9695
"17559","07_report/CpG_context_sampling_28014_559_trimmed_bismark_bt2.CpG",9787,6918,2869,9787
"17560","07_report/CpG_context_sampling_28014_560_trimmed_bismark_bt2.CpG",9714,6954,2760,9714
"17561","07_report/CpG_context_sampling_28014_561_trimmed_bismark_bt2.CpG",9726,6942,2784,9726
"17562","07_report/CpG_context_sampling_28014_562_trimmed_bismark_bt2.CpG",9638,6927,2711,9638
"17563","07_report/CpG_context_sampling_28014_563_trimmed_bismark_bt2.CpG",9632,6952,2680,9632
"17564","07_report/CpG_context_sampling_28014_564_trimmed_bismark_bt2.CpG",9809,7053,2756,9809
"17565","07_report/CpG_context_sampling_28014_565_trimmed_bismark_bt2.CpG",9708,6936,2772,9708
"17566","07_report/CpG_context_sampling_28014_566_trimmed_bismark_bt2.CpG",9593,6869,2724,9593
"17567","07_report/CpG_context_sampling_28014_567_trimmed_bismark_bt2.CpG",9678,6910,2768,9678
"17568","07_report/CpG_context_sampling_28014_568_trimmed_bismark_bt2.CpG",9664,6887,2777,9664
"17569","07_report/CpG_context_sampling_28014_569_trimmed_bismark_bt2.CpG",9827,7001,2826,9827
"17570","07_report/CpG_context_sampling_28014_570_trimmed_bismark_bt2.CpG",9745,6978,2767,9745
"17571","07_report/CpG_context_sampling_28014_571_trimmed_bismark_bt2.CpG",9590,6845,2745,9590
"17572","07_report/CpG_context_sampling_28014_572_trimmed_bismark_bt2.CpG",9691,6928,2763,9691
"17573","07_report/CpG_context_sampling_28014_573_trimmed_bismark_bt2.CpG",9605,6824,2781,9605
"17574","07_report/CpG_context_sampling_28014_574_trimmed_bismark_bt2.CpG",9731,6992,2739,9731
"17575","07_report/CpG_context_sampling_28014_575_trimmed_bismark_bt2.CpG",9563,6842,2721,9563
"17576","07_report/CpG_context_sampling_28014_576_trimmed_bismark_bt2.CpG",9789,7021,2768,9789
"17577","07_report/CpG_context_sampling_28014_577_trimmed_bismark_bt2.CpG",9755,7041,2714,9755
"17578","07_report/CpG_context_sampling_28014_578_trimmed_bismark_bt2.CpG",9711,6903,2808,9711
"17579","07_report/CpG_context_sampling_28014_579_trimmed_bismark_bt2.CpG",9768,7043,2725,9768
"17580","07_report/CpG_context_sampling_28014_580_trimmed_bismark_bt2.CpG",9775,6940,2835,9775
"17581","07_report/CpG_context_sampling_28014_581_trimmed_bismark_bt2.CpG",9664,7006,2658,9664
"17582","07_report/CpG_context_sampling_28014_582_trimmed_bismark_bt2.CpG",9716,7014,2702,9716
"17583","07_report/CpG_context_sampling_28014_583_trimmed_bismark_bt2.CpG",9693,6954,2739,9693
"17584","07_report/CpG_context_sampling_28014_584_trimmed_bismark_bt2.CpG",9819,6970,2849,9819
"17585","07_report/CpG_context_sampling_28014_585_trimmed_bismark_bt2.CpG",9667,6927,2740,9667
"17586","07_report/CpG_context_sampling_28014_586_trimmed_bismark_bt2.CpG",9736,6948,2788,9736
"17587","07_report/CpG_context_sampling_28014_587_trimmed_bismark_bt2.CpG",9676,6961,2715,9676
"17588","07_report/CpG_context_sampling_28014_588_trimmed_bismark_bt2.CpG",9802,7056,2746,9802
"17589","07_report/CpG_context_sampling_28014_589_trimmed_bismark_bt2.CpG",9790,7020,2770,9790
"17590","07_report/CpG_context_sampling_28014_590_trimmed_bismark_bt2.CpG",9792,6967,2825,9792
"17591","07_report/CpG_context_sampling_28014_591_trimmed_bismark_bt2.CpG",9774,6990,2784,9774
"17592","07_report/CpG_context_sampling_28014_592_trimmed_bismark_bt2.CpG",9784,7048,2736,9784
"17593","07_report/CpG_context_sampling_28014_593_trimmed_bismark_bt2.CpG",9675,6882,2793,9675
"17594","07_report/CpG_context_sampling_28014_594_trimmed_bismark_bt2.CpG",9589,6916,2673,9589
"17595","07_report/CpG_context_sampling_28014_595_trimmed_bismark_bt2.CpG",9858,7082,2776,9858
"17596","07_report/CpG_context_sampling_28014_596_trimmed_bismark_bt2.CpG",9697,6986,2711,9697
"17597","07_report/CpG_context_sampling_28014_597_trimmed_bismark_bt2.CpG",9776,6949,2827,9776
"17598","07_report/CpG_context_sampling_28014_598_trimmed_bismark_bt2.CpG",9667,6968,2699,9667
"17599","07_report/CpG_context_sampling_28014_599_trimmed_bismark_bt2.CpG",9645,6909,2736,9645
"17600","07_report/CpG_context_sampling_28014_600_trimmed_bismark_bt2.CpG",9822,7067,2755,9822
"17601","07_report/CpG_context_sampling_28014_601_trimmed_bismark_bt2.CpG",9833,6983,2850,9833
"17602","07_report/CpG_context_sampling_28014_602_trimmed_bismark_bt2.CpG",9821,7125,2696,9821
"17603","07_report/CpG_context_sampling_28014_603_trimmed_bismark_bt2.CpG",9746,6926,2820,9746
"17604","07_report/CpG_context_sampling_28014_604_trimmed_bismark_bt2.CpG",9732,6977,2755,9732
"17605","07_report/CpG_context_sampling_28014_605_trimmed_bismark_bt2.CpG",9643,6860,2783,9643
"17606","07_report/CpG_context_sampling_28014_606_trimmed_bismark_bt2.CpG",9643,6854,2789,9643
"17607","07_report/CpG_context_sampling_28014_607_trimmed_bismark_bt2.CpG",9661,6951,2710,9661
"17608","07_report/CpG_context_sampling_28014_608_trimmed_bismark_bt2.CpG",9725,6930,2795,9725
"17609","07_report/CpG_context_sampling_28014_609_trimmed_bismark_bt2.CpG",9743,6990,2753,9743
"17610","07_report/CpG_context_sampling_28014_610_trimmed_bismark_bt2.CpG",9750,7008,2742,9750
"17611","07_report/CpG_context_sampling_28014_611_trimmed_bismark_bt2.CpG",9719,7000,2719,9719
"17612","07_report/CpG_context_sampling_28014_612_trimmed_bismark_bt2.CpG",9696,6964,2732,9696
"17613","07_report/CpG_context_sampling_28014_613_trimmed_bismark_bt2.CpG",9753,7034,2719,9753
"17614","07_report/CpG_context_sampling_28014_614_trimmed_bismark_bt2.CpG",9766,6937,2829,9766
"17615","07_report/CpG_context_sampling_28014_615_trimmed_bismark_bt2.CpG",9730,7009,2721,9730
"17616","07_report/CpG_context_sampling_28014_616_trimmed_bismark_bt2.CpG",9723,6945,2778,9723
"17617","07_report/CpG_context_sampling_28014_617_trimmed_bismark_bt2.CpG",9663,6949,2714,9663
"17618","07_report/CpG_context_sampling_28014_618_trimmed_bismark_bt2.CpG",9634,6893,2741,9634
"17619","07_report/CpG_context_sampling_28014_619_trimmed_bismark_bt2.CpG",9591,6893,2698,9591
"17620","07_report/CpG_context_sampling_28014_620_trimmed_bismark_bt2.CpG",9615,6824,2791,9615
"17621","07_report/CpG_context_sampling_28014_621_trimmed_bismark_bt2.CpG",9703,6970,2733,9703
"17622","07_report/CpG_context_sampling_28014_622_trimmed_bismark_bt2.CpG",9774,6959,2815,9774
"17623","07_report/CpG_context_sampling_28014_623_trimmed_bismark_bt2.CpG",9701,6986,2715,9701
"17624","07_report/CpG_context_sampling_28014_624_trimmed_bismark_bt2.CpG",9809,7040,2769,9809
"17625","07_report/CpG_context_sampling_28014_625_trimmed_bismark_bt2.CpG",9770,6962,2808,9770
"17626","07_report/CpG_context_sampling_28014_626_trimmed_bismark_bt2.CpG",9804,6903,2901,9804
"17627","07_report/CpG_context_sampling_28014_627_trimmed_bismark_bt2.CpG",9507,6831,2676,9507
"17628","07_report/CpG_context_sampling_28014_628_trimmed_bismark_bt2.CpG",9813,7091,2722,9813
"17629","07_report/CpG_context_sampling_28014_629_trimmed_bismark_bt2.CpG",9867,7081,2786,9867
"17630","07_report/CpG_context_sampling_28014_630_trimmed_bismark_bt2.CpG",9495,6790,2705,9495
"17631","07_report/CpG_context_sampling_28014_631_trimmed_bismark_bt2.CpG",9643,6892,2751,9643
"17632","07_report/CpG_context_sampling_28014_632_trimmed_bismark_bt2.CpG",9625,7001,2624,9625
"17633","07_report/CpG_context_sampling_28014_633_trimmed_bismark_bt2.CpG",9698,6931,2767,9698
"17634","07_report/CpG_context_sampling_28014_634_trimmed_bismark_bt2.CpG",9701,6897,2804,9701
"17635","07_report/CpG_context_sampling_28014_635_trimmed_bismark_bt2.CpG",9930,6942,2988,9930
"17636","07_report/CpG_context_sampling_28014_636_trimmed_bismark_bt2.CpG",9902,7064,2838,9902
"17637","07_report/CpG_context_sampling_28014_637_trimmed_bismark_bt2.CpG",9830,7027,2803,9830
"17638","07_report/CpG_context_sampling_28014_638_trimmed_bismark_bt2.CpG",9750,7002,2748,9750
"17639","07_report/CpG_context_sampling_28014_639_trimmed_bismark_bt2.CpG",9722,6867,2855,9722
"17640","07_report/CpG_context_sampling_28014_640_trimmed_bismark_bt2.CpG",9770,7044,2726,9770
"17641","07_report/CpG_context_sampling_28014_641_trimmed_bismark_bt2.CpG",9677,6901,2776,9677
"17642","07_report/CpG_context_sampling_28014_642_trimmed_bismark_bt2.CpG",9821,7056,2765,9821
"17643","07_report/CpG_context_sampling_28014_643_trimmed_bismark_bt2.CpG",9601,6950,2651,9601
"17644","07_report/CpG_context_sampling_28014_644_trimmed_bismark_bt2.CpG",9552,6755,2797,9552
"17645","07_report/CpG_context_sampling_28014_645_trimmed_bismark_bt2.CpG",9713,7012,2701,9713
"17646","07_report/CpG_context_sampling_28014_646_trimmed_bismark_bt2.CpG",9716,6911,2805,9716
"17647","07_report/CpG_context_sampling_28014_647_trimmed_bismark_bt2.CpG",9610,6842,2768,9610
"17648","07_report/CpG_context_sampling_28014_648_trimmed_bismark_bt2.CpG",9729,6981,2748,9729
"17649","07_report/CpG_context_sampling_28014_649_trimmed_bismark_bt2.CpG",9856,7014,2842,9856
"17650","07_report/CpG_context_sampling_28014_650_trimmed_bismark_bt2.CpG",9666,6875,2791,9666
"17651","07_report/CpG_context_sampling_28014_651_trimmed_bismark_bt2.CpG",9682,6932,2750,9682
"17652","07_report/CpG_context_sampling_28014_652_trimmed_bismark_bt2.CpG",9675,6974,2701,9675
"17653","07_report/CpG_context_sampling_28014_653_trimmed_bismark_bt2.CpG",9773,6952,2821,9773
"17654","07_report/CpG_context_sampling_28014_654_trimmed_bismark_bt2.CpG",9736,6921,2815,9736
"17655","07_report/CpG_context_sampling_28014_655_trimmed_bismark_bt2.CpG",9627,6935,2692,9627
"17656","07_report/CpG_context_sampling_28014_656_trimmed_bismark_bt2.CpG",9659,6853,2806,9659
"17657","07_report/CpG_context_sampling_28014_657_trimmed_bismark_bt2.CpG",9756,6986,2770,9756
"17658","07_report/CpG_context_sampling_28014_658_trimmed_bismark_bt2.CpG",9703,6983,2720,9703
"17659","07_report/CpG_context_sampling_28014_659_trimmed_bismark_bt2.CpG",9757,6928,2829,9757
"17660","07_report/CpG_context_sampling_28014_660_trimmed_bismark_bt2.CpG",9712,6987,2725,9712
"17661","07_report/CpG_context_sampling_28014_661_trimmed_bismark_bt2.CpG",9652,6928,2724,9652
"17662","07_report/CpG_context_sampling_28014_662_trimmed_bismark_bt2.CpG",9672,6901,2771,9672
"17663","07_report/CpG_context_sampling_28014_663_trimmed_bismark_bt2.CpG",9664,6879,2785,9664
"17664","07_report/CpG_context_sampling_28014_664_trimmed_bismark_bt2.CpG",9624,6870,2754,9624
"17665","07_report/CpG_context_sampling_28014_665_trimmed_bismark_bt2.CpG",9753,6932,2821,9753
"17666","07_report/CpG_context_sampling_28014_666_trimmed_bismark_bt2.CpG",9681,6961,2720,9681
"17667","07_report/CpG_context_sampling_28014_667_trimmed_bismark_bt2.CpG",9500,6771,2729,9500
"17668","07_report/CpG_context_sampling_28014_668_trimmed_bismark_bt2.CpG",9807,7008,2799,9807
"17669","07_report/CpG_context_sampling_28014_669_trimmed_bismark_bt2.CpG",9559,6843,2716,9559
"17670","07_report/CpG_context_sampling_28014_670_trimmed_bismark_bt2.CpG",9700,6866,2834,9700
"17671","07_report/CpG_context_sampling_28014_671_trimmed_bismark_bt2.CpG",9652,6869,2783,9652
"17672","07_report/CpG_context_sampling_28014_672_trimmed_bismark_bt2.CpG",9749,6985,2764,9749
"17673","07_report/CpG_context_sampling_28014_673_trimmed_bismark_bt2.CpG",9602,6961,2641,9602
"17674","07_report/CpG_context_sampling_28014_674_trimmed_bismark_bt2.CpG",9750,6963,2787,9750
"17675","07_report/CpG_context_sampling_28014_675_trimmed_bismark_bt2.CpG",9744,6930,2814,9744
"17676","07_report/CpG_context_sampling_28014_676_trimmed_bismark_bt2.CpG",9779,6985,2794,9779
"17677","07_report/CpG_context_sampling_28014_677_trimmed_bismark_bt2.CpG",9622,6868,2754,9622
"17678","07_report/CpG_context_sampling_28014_678_trimmed_bismark_bt2.CpG",9700,6935,2765,9700
"17679","07_report/CpG_context_sampling_28014_679_trimmed_bismark_bt2.CpG",9600,6839,2761,9600
"17680","07_report/CpG_context_sampling_28014_680_trimmed_bismark_bt2.CpG",9795,7005,2790,9795
"17681","07_report/CpG_context_sampling_28014_681_trimmed_bismark_bt2.CpG",9806,7022,2784,9806
"17682","07_report/CpG_context_sampling_28014_682_trimmed_bismark_bt2.CpG",9635,6867,2768,9635
"17683","07_report/CpG_context_sampling_28014_683_trimmed_bismark_bt2.CpG",9622,6927,2695,9622
"17684","07_report/CpG_context_sampling_28014_684_trimmed_bismark_bt2.CpG",9727,6881,2846,9727
"17685","07_report/CpG_context_sampling_28014_685_trimmed_bismark_bt2.CpG",9709,6909,2800,9709
"17686","07_report/CpG_context_sampling_28014_686_trimmed_bismark_bt2.CpG",9715,6994,2721,9715
"17687","07_report/CpG_context_sampling_28014_687_trimmed_bismark_bt2.CpG",9781,7037,2744,9781
"17688","07_report/CpG_context_sampling_28014_688_trimmed_bismark_bt2.CpG",9570,6851,2719,9570
"17689","07_report/CpG_context_sampling_28014_689_trimmed_bismark_bt2.CpG",9774,7039,2735,9774
"17690","07_report/CpG_context_sampling_28014_690_trimmed_bismark_bt2.CpG",9723,6912,2811,9723
"17691","07_report/CpG_context_sampling_28014_691_trimmed_bismark_bt2.CpG",9913,7177,2736,9913
"17692","07_report/CpG_context_sampling_28014_692_trimmed_bismark_bt2.CpG",9776,7042,2734,9776
"17693","07_report/CpG_context_sampling_28014_693_trimmed_bismark_bt2.CpG",9662,6938,2724,9662
"17694","07_report/CpG_context_sampling_28014_694_trimmed_bismark_bt2.CpG",9648,6875,2773,9648
"17695","07_report/CpG_context_sampling_28014_695_trimmed_bismark_bt2.CpG",9853,7113,2740,9853
"17696","07_report/CpG_context_sampling_28014_696_trimmed_bismark_bt2.CpG",9744,6993,2751,9744
"17697","07_report/CpG_context_sampling_28014_697_trimmed_bismark_bt2.CpG",9786,6992,2794,9786
"17698","07_report/CpG_context_sampling_28014_698_trimmed_bismark_bt2.CpG",9638,6940,2698,9638
"17699","07_report/CpG_context_sampling_28014_699_trimmed_bismark_bt2.CpG",9611,6869,2742,9611
"17700","07_report/CpG_context_sampling_28014_700_trimmed_bismark_bt2.CpG",9858,6976,2882,9858
"17701","07_report/CpG_context_sampling_28014_701_trimmed_bismark_bt2.CpG",9745,6983,2762,9745
"17702","07_report/CpG_context_sampling_28014_702_trimmed_bismark_bt2.CpG",9700,7025,2675,9700
"17703","07_report/CpG_context_sampling_28014_703_trimmed_bismark_bt2.CpG",9603,6799,2804,9603
"17704","07_report/CpG_context_sampling_28014_704_trimmed_bismark_bt2.CpG",9573,6830,2743,9573
"17705","07_report/CpG_context_sampling_28014_705_trimmed_bismark_bt2.CpG",9775,6954,2821,9775
"17706","07_report/CpG_context_sampling_28014_706_trimmed_bismark_bt2.CpG",9674,6958,2716,9674
"17707","07_report/CpG_context_sampling_28014_707_trimmed_bismark_bt2.CpG",9832,7021,2811,9832
"17708","07_report/CpG_context_sampling_28014_708_trimmed_bismark_bt2.CpG",9618,6916,2702,9618
"17709","07_report/CpG_context_sampling_28014_709_trimmed_bismark_bt2.CpG",9716,6942,2774,9716
"17710","07_report/CpG_context_sampling_28014_710_trimmed_bismark_bt2.CpG",9784,6956,2828,9784
"17711","07_report/CpG_context_sampling_28014_711_trimmed_bismark_bt2.CpG",9883,7138,2745,9883
"17712","07_report/CpG_context_sampling_28014_712_trimmed_bismark_bt2.CpG",9668,6911,2757,9668
"17713","07_report/CpG_context_sampling_28014_713_trimmed_bismark_bt2.CpG",9639,6951,2688,9639
"17714","07_report/CpG_context_sampling_28014_714_trimmed_bismark_bt2.CpG",9568,6842,2726,9568
"17715","07_report/CpG_context_sampling_28014_715_trimmed_bismark_bt2.CpG",9771,6976,2795,9771
"17716","07_report/CpG_context_sampling_28014_716_trimmed_bismark_bt2.CpG",9680,6850,2830,9680
"17717","07_report/CpG_context_sampling_28014_717_trimmed_bismark_bt2.CpG",9702,6904,2798,9702
"17718","07_report/CpG_context_sampling_28014_718_trimmed_bismark_bt2.CpG",9709,6895,2814,9709
"17719","07_report/CpG_context_sampling_28014_719_trimmed_bismark_bt2.CpG",9675,6893,2782,9675
"17720","07_report/CpG_context_sampling_28014_720_trimmed_bismark_bt2.CpG",9537,6802,2735,9537
"17721","07_report/CpG_context_sampling_28014_721_trimmed_bismark_bt2.CpG",9706,6965,2741,9706
"17722","07_report/CpG_context_sampling_28014_722_trimmed_bismark_bt2.CpG",9606,6850,2756,9606
"17723","07_report/CpG_context_sampling_28014_723_trimmed_bismark_bt2.CpG",9596,6832,2764,9596
"17724","07_report/CpG_context_sampling_28014_724_trimmed_bismark_bt2.CpG",9605,6882,2723,9605
"17725","07_report/CpG_context_sampling_28014_725_trimmed_bismark_bt2.CpG",9641,6911,2730,9641
"17726","07_report/CpG_context_sampling_28014_726_trimmed_bismark_bt2.CpG",9667,6870,2797,9667
"17727","07_report/CpG_context_sampling_28014_727_trimmed_bismark_bt2.CpG",9707,6923,2784,9707
"17728","07_report/CpG_context_sampling_28014_728_trimmed_bismark_bt2.CpG",9729,6952,2777,9729
"17729","07_report/CpG_context_sampling_28014_729_trimmed_bismark_bt2.CpG",9572,6877,2695,9572
"17730","07_report/CpG_context_sampling_28014_730_trimmed_bismark_bt2.CpG",9699,6887,2812,9699
"17731","07_report/CpG_context_sampling_28014_731_trimmed_bismark_bt2.CpG",9828,7071,2757,9828
"17732","07_report/CpG_context_sampling_28014_732_trimmed_bismark_bt2.CpG",9635,6828,2807,9635
"17733","07_report/CpG_context_sampling_28014_733_trimmed_bismark_bt2.CpG",9692,6920,2772,9692
"17734","07_report/CpG_context_sampling_28014_734_trimmed_bismark_bt2.CpG",9681,6867,2814,9681
"17735","07_report/CpG_context_sampling_28014_735_trimmed_bismark_bt2.CpG",9642,6862,2780,9642
"17736","07_report/CpG_context_sampling_28014_736_trimmed_bismark_bt2.CpG",9840,7110,2730,9840
"17737","07_report/CpG_context_sampling_28014_737_trimmed_bismark_bt2.CpG",9628,7002,2626,9628
"17738","07_report/CpG_context_sampling_28014_738_trimmed_bismark_bt2.CpG",9695,6920,2775,9695
"17739","07_report/CpG_context_sampling_28014_739_trimmed_bismark_bt2.CpG",9739,6959,2780,9739
"17740","07_report/CpG_context_sampling_28014_740_trimmed_bismark_bt2.CpG",9811,7001,2810,9811
"17741","07_report/CpG_context_sampling_28014_741_trimmed_bismark_bt2.CpG",9822,7107,2715,9822
"17742","07_report/CpG_context_sampling_28014_742_trimmed_bismark_bt2.CpG",9793,7018,2775,9793
"17743","07_report/CpG_context_sampling_28014_743_trimmed_bismark_bt2.CpG",9798,7020,2778,9798
"17744","07_report/CpG_context_sampling_28014_744_trimmed_bismark_bt2.CpG",9708,6976,2732,9708
"17745","07_report/CpG_context_sampling_28014_745_trimmed_bismark_bt2.CpG",9840,7057,2783,9840
"17746","07_report/CpG_context_sampling_28014_746_trimmed_bismark_bt2.CpG",9640,6934,2706,9640
"17747","07_report/CpG_context_sampling_28014_747_trimmed_bismark_bt2.CpG",9780,7004,2776,9780
"17748","07_report/CpG_context_sampling_28014_748_trimmed_bismark_bt2.CpG",9795,7065,2730,9795
"17749","07_report/CpG_context_sampling_28014_749_trimmed_bismark_bt2.CpG",9769,6943,2826,9769
"17750","07_report/CpG_context_sampling_28014_750_trimmed_bismark_bt2.CpG",9755,6916,2839,9755
"17751","07_report/CpG_context_sampling_28014_751_trimmed_bismark_bt2.CpG",9573,6850,2723,9573
"17752","07_report/CpG_context_sampling_28014_752_trimmed_bismark_bt2.CpG",9707,6959,2748,9707
"17753","07_report/CpG_context_sampling_28014_753_trimmed_bismark_bt2.CpG",9824,6939,2885,9824
"17754","07_report/CpG_context_sampling_28014_754_trimmed_bismark_bt2.CpG",9620,6983,2637,9620
"17755","07_report/CpG_context_sampling_28014_755_trimmed_bismark_bt2.CpG",9495,6768,2727,9495
"17756","07_report/CpG_context_sampling_28014_756_trimmed_bismark_bt2.CpG",9651,6853,2798,9651
"17757","07_report/CpG_context_sampling_28014_757_trimmed_bismark_bt2.CpG",9753,6996,2757,9753
"17758","07_report/CpG_context_sampling_28014_758_trimmed_bismark_bt2.CpG",9645,6839,2806,9645
"17759","07_report/CpG_context_sampling_28014_759_trimmed_bismark_bt2.CpG",9666,7016,2650,9666
"17760","07_report/CpG_context_sampling_28014_760_trimmed_bismark_bt2.CpG",9654,6864,2790,9654
"17761","07_report/CpG_context_sampling_28014_761_trimmed_bismark_bt2.CpG",9587,6879,2708,9587
"17762","07_report/CpG_context_sampling_28014_762_trimmed_bismark_bt2.CpG",9779,6993,2786,9779
"17763","07_report/CpG_context_sampling_28014_763_trimmed_bismark_bt2.CpG",9698,6964,2734,9698
"17764","07_report/CpG_context_sampling_28014_764_trimmed_bismark_bt2.CpG",9692,6877,2815,9692
"17765","07_report/CpG_context_sampling_28014_765_trimmed_bismark_bt2.CpG",9638,6900,2738,9638
"17766","07_report/CpG_context_sampling_28014_766_trimmed_bismark_bt2.CpG",9703,6946,2757,9703
"17767","07_report/CpG_context_sampling_28014_767_trimmed_bismark_bt2.CpG",9642,6940,2702,9642
"17768","07_report/CpG_context_sampling_28014_768_trimmed_bismark_bt2.CpG",9816,7033,2783,9816
"17769","07_report/CpG_context_sampling_28014_769_trimmed_bismark_bt2.CpG",9875,7044,2831,9875
"17770","07_report/CpG_context_sampling_28014_770_trimmed_bismark_bt2.CpG",9782,6984,2798,9782
"17771","07_report/CpG_context_sampling_28014_771_trimmed_bismark_bt2.CpG",9648,6890,2758,9648
"17772","07_report/CpG_context_sampling_28014_772_trimmed_bismark_bt2.CpG",9549,6795,2754,9549
"17773","07_report/CpG_context_sampling_28014_773_trimmed_bismark_bt2.CpG",9919,7148,2771,9919
"17774","07_report/CpG_context_sampling_28014_774_trimmed_bismark_bt2.CpG",9777,7003,2774,9777
"17775","07_report/CpG_context_sampling_28014_775_trimmed_bismark_bt2.CpG",9606,6902,2704,9606
"17776","07_report/CpG_context_sampling_28014_776_trimmed_bismark_bt2.CpG",9735,6978,2757,9735
"17777","07_report/CpG_context_sampling_28014_777_trimmed_bismark_bt2.CpG",9754,6893,2861,9754
"17778","07_report/CpG_context_sampling_28014_778_trimmed_bismark_bt2.CpG",9548,6827,2721,9548
"17779","07_report/CpG_context_sampling_28014_779_trimmed_bismark_bt2.CpG",9692,6927,2765,9692
"17780","07_report/CpG_context_sampling_28014_780_trimmed_bismark_bt2.CpG",9626,6932,2694,9626
"17781","07_report/CpG_context_sampling_28014_781_trimmed_bismark_bt2.CpG",9809,6928,2881,9809
"17782","07_report/CpG_context_sampling_28014_782_trimmed_bismark_bt2.CpG",9766,6994,2772,9766
"17783","07_report/CpG_context_sampling_28014_783_trimmed_bismark_bt2.CpG",9830,7012,2818,9830
"17784","07_report/CpG_context_sampling_28014_784_trimmed_bismark_bt2.CpG",9753,6969,2784,9753
"17785","07_report/CpG_context_sampling_28014_785_trimmed_bismark_bt2.CpG",9629,6849,2780,9629
"17786","07_report/CpG_context_sampling_28014_786_trimmed_bismark_bt2.CpG",9696,6921,2775,9696
"17787","07_report/CpG_context_sampling_28014_787_trimmed_bismark_bt2.CpG",9549,6800,2749,9549
"17788","07_report/CpG_context_sampling_28014_788_trimmed_bismark_bt2.CpG",9690,6904,2786,9690
"17789","07_report/CpG_context_sampling_28014_789_trimmed_bismark_bt2.CpG",9764,6919,2845,9764
"17790","07_report/CpG_context_sampling_28014_790_trimmed_bismark_bt2.CpG",9787,7035,2752,9787
"17791","07_report/CpG_context_sampling_28014_791_trimmed_bismark_bt2.CpG",9710,6993,2717,9710
"17792","07_report/CpG_context_sampling_28014_792_trimmed_bismark_bt2.CpG",9649,6891,2758,9649
"17793","07_report/CpG_context_sampling_28014_793_trimmed_bismark_bt2.CpG",9742,6990,2752,9742
"17794","07_report/CpG_context_sampling_28014_794_trimmed_bismark_bt2.CpG",9760,6996,2764,9760
"17795","07_report/CpG_context_sampling_28014_795_trimmed_bismark_bt2.CpG",9686,6910,2776,9686
"17796","07_report/CpG_context_sampling_28014_796_trimmed_bismark_bt2.CpG",9764,6989,2775,9764
"17797","07_report/CpG_context_sampling_28014_797_trimmed_bismark_bt2.CpG",9719,6989,2730,9719
"17798","07_report/CpG_context_sampling_28014_798_trimmed_bismark_bt2.CpG",9618,6866,2752,9618
"17799","07_report/CpG_context_sampling_28014_799_trimmed_bismark_bt2.CpG",9667,6924,2743,9667
"17800","07_report/CpG_context_sampling_28014_800_trimmed_bismark_bt2.CpG",9765,6956,2809,9765
"17801","07_report/CpG_context_sampling_28014_801_trimmed_bismark_bt2.CpG",9671,6960,2711,9671
"17802","07_report/CpG_context_sampling_28014_802_trimmed_bismark_bt2.CpG",9869,7004,2865,9869
"17803","07_report/CpG_context_sampling_28014_803_trimmed_bismark_bt2.CpG",9910,7069,2841,9910
"17804","07_report/CpG_context_sampling_28014_804_trimmed_bismark_bt2.CpG",9803,7037,2766,9803
"17805","07_report/CpG_context_sampling_28014_805_trimmed_bismark_bt2.CpG",9624,6808,2816,9624
"17806","07_report/CpG_context_sampling_28014_806_trimmed_bismark_bt2.CpG",9669,6879,2790,9669
"17807","07_report/CpG_context_sampling_28014_807_trimmed_bismark_bt2.CpG",9791,7032,2759,9791
"17808","07_report/CpG_context_sampling_28014_808_trimmed_bismark_bt2.CpG",9758,7035,2723,9758
"17809","07_report/CpG_context_sampling_28014_809_trimmed_bismark_bt2.CpG",9752,7006,2746,9752
"17810","07_report/CpG_context_sampling_28014_810_trimmed_bismark_bt2.CpG",9664,6857,2807,9664
"17811","07_report/CpG_context_sampling_28014_811_trimmed_bismark_bt2.CpG",9735,6891,2844,9735
"17812","07_report/CpG_context_sampling_28014_812_trimmed_bismark_bt2.CpG",9721,6919,2802,9721
"17813","07_report/CpG_context_sampling_28014_813_trimmed_bismark_bt2.CpG",9712,6926,2786,9712
"17814","07_report/CpG_context_sampling_28014_814_trimmed_bismark_bt2.CpG",9769,7010,2759,9769
"17815","07_report/CpG_context_sampling_28014_815_trimmed_bismark_bt2.CpG",9720,6919,2801,9720
"17816","07_report/CpG_context_sampling_28014_816_trimmed_bismark_bt2.CpG",9755,7063,2692,9755
"17817","07_report/CpG_context_sampling_28014_817_trimmed_bismark_bt2.CpG",9711,6932,2779,9711
"17818","07_report/CpG_context_sampling_28014_818_trimmed_bismark_bt2.CpG",9690,6909,2781,9690
"17819","07_report/CpG_context_sampling_28014_819_trimmed_bismark_bt2.CpG",9713,6950,2763,9713
"17820","07_report/CpG_context_sampling_28014_820_trimmed_bismark_bt2.CpG",9800,6955,2845,9800
"17821","07_report/CpG_context_sampling_28014_821_trimmed_bismark_bt2.CpG",9707,6916,2791,9707
"17822","07_report/CpG_context_sampling_28014_822_trimmed_bismark_bt2.CpG",9709,7022,2687,9709
"17823","07_report/CpG_context_sampling_28014_823_trimmed_bismark_bt2.CpG",9768,7003,2765,9768
"17824","07_report/CpG_context_sampling_28014_824_trimmed_bismark_bt2.CpG",9661,6917,2744,9661
"17825","07_report/CpG_context_sampling_28014_825_trimmed_bismark_bt2.CpG",9739,7038,2701,9739
"17826","07_report/CpG_context_sampling_28014_826_trimmed_bismark_bt2.CpG",9740,6953,2787,9740
"17827","07_report/CpG_context_sampling_28014_827_trimmed_bismark_bt2.CpG",9562,6781,2781,9562
"17828","07_report/CpG_context_sampling_28014_828_trimmed_bismark_bt2.CpG",9653,6876,2777,9653
"17829","07_report/CpG_context_sampling_28014_829_trimmed_bismark_bt2.CpG",9732,7024,2708,9732
"17830","07_report/CpG_context_sampling_28014_830_trimmed_bismark_bt2.CpG",9693,6925,2768,9693
"17831","07_report/CpG_context_sampling_28014_831_trimmed_bismark_bt2.CpG",9695,6861,2834,9695
"17832","07_report/CpG_context_sampling_28014_832_trimmed_bismark_bt2.CpG",9712,6858,2854,9712
"17833","07_report/CpG_context_sampling_28014_833_trimmed_bismark_bt2.CpG",9694,6926,2768,9694
"17834","07_report/CpG_context_sampling_28014_834_trimmed_bismark_bt2.CpG",9562,6772,2790,9562
"17835","07_report/CpG_context_sampling_28014_835_trimmed_bismark_bt2.CpG",9825,7026,2799,9825
"17836","07_report/CpG_context_sampling_28014_836_trimmed_bismark_bt2.CpG",9728,6946,2782,9728
"17837","07_report/CpG_context_sampling_28014_837_trimmed_bismark_bt2.CpG",9710,6911,2799,9710
"17838","07_report/CpG_context_sampling_28014_838_trimmed_bismark_bt2.CpG",9759,6947,2812,9759
"17839","07_report/CpG_context_sampling_28014_839_trimmed_bismark_bt2.CpG",9681,6970,2711,9681
"17840","07_report/CpG_context_sampling_28014_840_trimmed_bismark_bt2.CpG",9676,6919,2757,9676
"17841","07_report/CpG_context_sampling_28014_841_trimmed_bismark_bt2.CpG",9646,6870,2776,9646
"17842","07_report/CpG_context_sampling_28014_842_trimmed_bismark_bt2.CpG",9703,6874,2829,9703
"17843","07_report/CpG_context_sampling_28014_843_trimmed_bismark_bt2.CpG",9834,6969,2865,9834
"17844","07_report/CpG_context_sampling_28014_844_trimmed_bismark_bt2.CpG",9871,6975,2896,9871
"17845","07_report/CpG_context_sampling_28014_845_trimmed_bismark_bt2.CpG",9585,6885,2700,9585
"17846","07_report/CpG_context_sampling_28014_846_trimmed_bismark_bt2.CpG",9717,6916,2801,9717
"17847","07_report/CpG_context_sampling_28014_847_trimmed_bismark_bt2.CpG",9774,6942,2832,9774
"17848","07_report/CpG_context_sampling_28014_848_trimmed_bismark_bt2.CpG",9686,6984,2702,9686
"17849","07_report/CpG_context_sampling_28014_849_trimmed_bismark_bt2.CpG",9698,7002,2696,9698
"17850","07_report/CpG_context_sampling_28014_850_trimmed_bismark_bt2.CpG",9673,6889,2784,9673
"17851","07_report/CpG_context_sampling_28014_851_trimmed_bismark_bt2.CpG",9662,6823,2839,9662
"17852","07_report/CpG_context_sampling_28014_852_trimmed_bismark_bt2.CpG",9726,6980,2746,9726
"17853","07_report/CpG_context_sampling_28014_853_trimmed_bismark_bt2.CpG",9570,6854,2716,9570
"17854","07_report/CpG_context_sampling_28014_854_trimmed_bismark_bt2.CpG",9735,6991,2744,9735
"17855","07_report/CpG_context_sampling_28014_855_trimmed_bismark_bt2.CpG",9668,6820,2848,9668
"17856","07_report/CpG_context_sampling_28014_856_trimmed_bismark_bt2.CpG",9703,6999,2704,9703
"17857","07_report/CpG_context_sampling_28014_857_trimmed_bismark_bt2.CpG",9740,6973,2767,9740
"17858","07_report/CpG_context_sampling_28014_858_trimmed_bismark_bt2.CpG",9655,6932,2723,9655
"17859","07_report/CpG_context_sampling_28014_859_trimmed_bismark_bt2.CpG",9718,6899,2819,9718
"17860","07_report/CpG_context_sampling_28014_860_trimmed_bismark_bt2.CpG",9769,6994,2775,9769
"17861","07_report/CpG_context_sampling_28014_861_trimmed_bismark_bt2.CpG",9794,7029,2765,9794
"17862","07_report/CpG_context_sampling_28014_862_trimmed_bismark_bt2.CpG",9640,6900,2740,9640
"17863","07_report/CpG_context_sampling_28014_863_trimmed_bismark_bt2.CpG",9618,6984,2634,9618
"17864","07_report/CpG_context_sampling_28014_864_trimmed_bismark_bt2.CpG",9835,6953,2882,9835
"17865","07_report/CpG_context_sampling_28014_865_trimmed_bismark_bt2.CpG",9699,6989,2710,9699
"17866","07_report/CpG_context_sampling_28014_866_trimmed_bismark_bt2.CpG",9871,7025,2846,9871
"17867","07_report/CpG_context_sampling_28014_867_trimmed_bismark_bt2.CpG",9618,6868,2750,9618
"17868","07_report/CpG_context_sampling_28014_868_trimmed_bismark_bt2.CpG",9604,6905,2699,9604
"17869","07_report/CpG_context_sampling_28014_869_trimmed_bismark_bt2.CpG",9801,7014,2787,9801
"17870","07_report/CpG_context_sampling_28014_870_trimmed_bismark_bt2.CpG",9655,6880,2775,9655
"17871","07_report/CpG_context_sampling_28014_871_trimmed_bismark_bt2.CpG",9603,6966,2637,9603
"17872","07_report/CpG_context_sampling_28014_872_trimmed_bismark_bt2.CpG",9800,7031,2769,9800
"17873","07_report/CpG_context_sampling_28014_873_trimmed_bismark_bt2.CpG",9615,6925,2690,9615
"17874","07_report/CpG_context_sampling_28014_874_trimmed_bismark_bt2.CpG",9681,6937,2744,9681
"17875","07_report/CpG_context_sampling_28014_875_trimmed_bismark_bt2.CpG",9727,6995,2732,9727
"17876","07_report/CpG_context_sampling_28014_876_trimmed_bismark_bt2.CpG",9569,6930,2639,9569
"17877","07_report/CpG_context_sampling_28014_877_trimmed_bismark_bt2.CpG",9732,6968,2764,9732
"17878","07_report/CpG_context_sampling_28014_878_trimmed_bismark_bt2.CpG",9773,7031,2742,9773
"17879","07_report/CpG_context_sampling_28014_879_trimmed_bismark_bt2.CpG",9618,6873,2745,9618
"17880","07_report/CpG_context_sampling_28014_880_trimmed_bismark_bt2.CpG",9724,6993,2731,9724
"17881","07_report/CpG_context_sampling_28014_881_trimmed_bismark_bt2.CpG",9608,6836,2772,9608
"17882","07_report/CpG_context_sampling_28014_882_trimmed_bismark_bt2.CpG",9734,7015,2719,9734
"17883","07_report/CpG_context_sampling_28014_883_trimmed_bismark_bt2.CpG",9559,6777,2782,9559
"17884","07_report/CpG_context_sampling_28014_884_trimmed_bismark_bt2.CpG",9731,6933,2798,9731
"17885","07_report/CpG_context_sampling_28014_885_trimmed_bismark_bt2.CpG",9682,6865,2817,9682
"17886","07_report/CpG_context_sampling_28014_886_trimmed_bismark_bt2.CpG",9704,6929,2775,9704
"17887","07_report/CpG_context_sampling_28014_887_trimmed_bismark_bt2.CpG",9790,7057,2733,9790
"17888","07_report/CpG_context_sampling_28014_888_trimmed_bismark_bt2.CpG",9706,6989,2717,9706
"17889","07_report/CpG_context_sampling_28014_889_trimmed_bismark_bt2.CpG",9766,6919,2847,9766
"17890","07_report/CpG_context_sampling_28014_890_trimmed_bismark_bt2.CpG",9550,6713,2837,9550
"17891","07_report/CpG_context_sampling_28014_891_trimmed_bismark_bt2.CpG",9667,6911,2756,9667
"17892","07_report/CpG_context_sampling_28014_892_trimmed_bismark_bt2.CpG",9809,7015,2794,9809
"17893","07_report/CpG_context_sampling_28014_893_trimmed_bismark_bt2.CpG",9684,6964,2720,9684
"17894","07_report/CpG_context_sampling_28014_894_trimmed_bismark_bt2.CpG",9828,6949,2879,9828
"17895","07_report/CpG_context_sampling_28014_895_trimmed_bismark_bt2.CpG",9770,6995,2775,9770
"17896","07_report/CpG_context_sampling_28014_896_trimmed_bismark_bt2.CpG",9641,6872,2769,9641
"17897","07_report/CpG_context_sampling_28014_897_trimmed_bismark_bt2.CpG",9666,6939,2727,9666
"17898","07_report/CpG_context_sampling_28014_898_trimmed_bismark_bt2.CpG",9734,6938,2796,9734
"17899","07_report/CpG_context_sampling_28014_899_trimmed_bismark_bt2.CpG",9769,6976,2793,9769
"17900","07_report/CpG_context_sampling_28014_900_trimmed_bismark_bt2.CpG",9712,6850,2862,9712
"17901","07_report/CpG_context_sampling_28014_901_trimmed_bismark_bt2.CpG",9723,7031,2692,9723
"17902","07_report/CpG_context_sampling_28014_902_trimmed_bismark_bt2.CpG",9633,6896,2737,9633
"17903","07_report/CpG_context_sampling_28014_903_trimmed_bismark_bt2.CpG",9608,6838,2770,9608
"17904","07_report/CpG_context_sampling_28014_904_trimmed_bismark_bt2.CpG",9742,6950,2792,9742
"17905","07_report/CpG_context_sampling_28014_905_trimmed_bismark_bt2.CpG",9725,6990,2735,9725
"17906","07_report/CpG_context_sampling_28014_906_trimmed_bismark_bt2.CpG",9777,7002,2775,9777
"17907","07_report/CpG_context_sampling_28014_907_trimmed_bismark_bt2.CpG",9678,6868,2810,9678
"17908","07_report/CpG_context_sampling_28014_908_trimmed_bismark_bt2.CpG",9758,7025,2733,9758
"17909","07_report/CpG_context_sampling_28014_909_trimmed_bismark_bt2.CpG",9768,6983,2785,9768
"17910","07_report/CpG_context_sampling_28014_910_trimmed_bismark_bt2.CpG",9571,6775,2796,9571
"17911","07_report/CpG_context_sampling_28014_911_trimmed_bismark_bt2.CpG",9806,6939,2867,9806
"17912","07_report/CpG_context_sampling_28014_912_trimmed_bismark_bt2.CpG",9603,6885,2718,9603
"17913","07_report/CpG_context_sampling_28014_913_trimmed_bismark_bt2.CpG",9596,6952,2644,9596
"17914","07_report/CpG_context_sampling_28014_914_trimmed_bismark_bt2.CpG",9694,6908,2786,9694
"17915","07_report/CpG_context_sampling_28014_915_trimmed_bismark_bt2.CpG",9763,6960,2803,9763
"17916","07_report/CpG_context_sampling_28014_916_trimmed_bismark_bt2.CpG",9683,6922,2761,9683
"17917","07_report/CpG_context_sampling_28014_917_trimmed_bismark_bt2.CpG",9712,6909,2803,9712
"17918","07_report/CpG_context_sampling_28014_918_trimmed_bismark_bt2.CpG",9718,6965,2753,9718
"17919","07_report/CpG_context_sampling_28014_919_trimmed_bismark_bt2.CpG",9666,6868,2798,9666
"17920","07_report/CpG_context_sampling_28014_920_trimmed_bismark_bt2.CpG",9830,7038,2792,9830
"17921","07_report/CpG_context_sampling_28014_921_trimmed_bismark_bt2.CpG",9649,6902,2747,9649
"17922","07_report/CpG_context_sampling_28014_922_trimmed_bismark_bt2.CpG",9734,6901,2833,9734
"17923","07_report/CpG_context_sampling_28014_923_trimmed_bismark_bt2.CpG",9763,6990,2773,9763
"17924","07_report/CpG_context_sampling_28014_924_trimmed_bismark_bt2.CpG",9649,6963,2686,9649
"17925","07_report/CpG_context_sampling_28014_925_trimmed_bismark_bt2.CpG",9761,7003,2758,9761
"17926","07_report/CpG_context_sampling_28014_926_trimmed_bismark_bt2.CpG",9742,6958,2784,9742
"17927","07_report/CpG_context_sampling_28014_927_trimmed_bismark_bt2.CpG",9643,6848,2795,9643
"17928","07_report/CpG_context_sampling_28014_928_trimmed_bismark_bt2.CpG",9845,7023,2822,9845
"17929","07_report/CpG_context_sampling_28014_929_trimmed_bismark_bt2.CpG",9791,7007,2784,9791
"17930","07_report/CpG_context_sampling_28014_930_trimmed_bismark_bt2.CpG",9530,6857,2673,9530
"17931","07_report/CpG_context_sampling_28014_931_trimmed_bismark_bt2.CpG",9812,7006,2806,9812
"17932","07_report/CpG_context_sampling_28014_932_trimmed_bismark_bt2.CpG",9657,6890,2767,9657
"17933","07_report/CpG_context_sampling_28014_933_trimmed_bismark_bt2.CpG",9774,6949,2825,9774
"17934","07_report/CpG_context_sampling_28014_934_trimmed_bismark_bt2.CpG",9828,6972,2856,9828
"17935","07_report/CpG_context_sampling_28014_935_trimmed_bismark_bt2.CpG",9648,6918,2730,9648
"17936","07_report/CpG_context_sampling_28014_936_trimmed_bismark_bt2.CpG",9726,6932,2794,9726
"17937","07_report/CpG_context_sampling_28014_937_trimmed_bismark_bt2.CpG",9641,6892,2749,9641
"17938","07_report/CpG_context_sampling_28014_938_trimmed_bismark_bt2.CpG",9669,6824,2845,9669
"17939","07_report/CpG_context_sampling_28014_939_trimmed_bismark_bt2.CpG",9855,7021,2834,9855
"17940","07_report/CpG_context_sampling_28014_940_trimmed_bismark_bt2.CpG",9583,6907,2676,9583
"17941","07_report/CpG_context_sampling_28014_941_trimmed_bismark_bt2.CpG",9755,6997,2758,9755
"17942","07_report/CpG_context_sampling_28014_942_trimmed_bismark_bt2.CpG",9652,6859,2793,9652
"17943","07_report/CpG_context_sampling_28014_943_trimmed_bismark_bt2.CpG",9711,6973,2738,9711
"17944","07_report/CpG_context_sampling_28014_944_trimmed_bismark_bt2.CpG",9720,6967,2753,9720
"17945","07_report/CpG_context_sampling_28014_945_trimmed_bismark_bt2.CpG",9652,6896,2756,9652
"17946","07_report/CpG_context_sampling_28014_946_trimmed_bismark_bt2.CpG",9676,6976,2700,9676
"17947","07_report/CpG_context_sampling_28014_947_trimmed_bismark_bt2.CpG",9848,6996,2852,9848
"17948","07_report/CpG_context_sampling_28014_948_trimmed_bismark_bt2.CpG",9689,6897,2792,9689
"17949","07_report/CpG_context_sampling_28014_949_trimmed_bismark_bt2.CpG",9663,6900,2763,9663
"17950","07_report/CpG_context_sampling_28014_950_trimmed_bismark_bt2.CpG",9591,6772,2819,9591
"17951","07_report/CpG_context_sampling_28014_951_trimmed_bismark_bt2.CpG",9746,6970,2776,9746
"17952","07_report/CpG_context_sampling_28014_952_trimmed_bismark_bt2.CpG",9654,6849,2805,9654
"17953","07_report/CpG_context_sampling_28014_953_trimmed_bismark_bt2.CpG",9636,6882,2754,9636
"17954","07_report/CpG_context_sampling_28014_954_trimmed_bismark_bt2.CpG",9853,7082,2771,9853
"17955","07_report/CpG_context_sampling_28014_955_trimmed_bismark_bt2.CpG",9717,6932,2785,9717
"17956","07_report/CpG_context_sampling_28014_956_trimmed_bismark_bt2.CpG",9730,6884,2846,9730
"17957","07_report/CpG_context_sampling_28014_957_trimmed_bismark_bt2.CpG",9872,7104,2768,9872
"17958","07_report/CpG_context_sampling_28014_958_trimmed_bismark_bt2.CpG",9686,6928,2758,9686
"17959","07_report/CpG_context_sampling_28014_959_trimmed_bismark_bt2.CpG",9613,6872,2741,9613
"17960","07_report/CpG_context_sampling_28014_960_trimmed_bismark_bt2.CpG",9677,6942,2735,9677
"17961","07_report/CpG_context_sampling_28014_961_trimmed_bismark_bt2.CpG",9767,7009,2758,9767
"17962","07_report/CpG_context_sampling_28014_962_trimmed_bismark_bt2.CpG",9663,6950,2713,9663
"17963","07_report/CpG_context_sampling_28014_963_trimmed_bismark_bt2.CpG",9910,7054,2856,9910
"17964","07_report/CpG_context_sampling_28014_964_trimmed_bismark_bt2.CpG",9736,6992,2744,9736
"17965","07_report/CpG_context_sampling_28014_965_trimmed_bismark_bt2.CpG",9660,6959,2701,9660
"17966","07_report/CpG_context_sampling_28014_966_trimmed_bismark_bt2.CpG",9763,6957,2806,9763
"17967","07_report/CpG_context_sampling_28014_967_trimmed_bismark_bt2.CpG",9817,7037,2780,9817
"17968","07_report/CpG_context_sampling_28014_968_trimmed_bismark_bt2.CpG",9730,6905,2825,9730
"17969","07_report/CpG_context_sampling_28014_969_trimmed_bismark_bt2.CpG",9656,6927,2729,9656
"17970","07_report/CpG_context_sampling_28014_970_trimmed_bismark_bt2.CpG",9611,6847,2764,9611
"17971","07_report/CpG_context_sampling_28014_971_trimmed_bismark_bt2.CpG",9772,7040,2732,9772
"17972","07_report/CpG_context_sampling_28014_972_trimmed_bismark_bt2.CpG",9633,6951,2682,9633
"17973","07_report/CpG_context_sampling_28014_973_trimmed_bismark_bt2.CpG",9716,6887,2829,9716
"17974","07_report/CpG_context_sampling_28014_974_trimmed_bismark_bt2.CpG",9771,6938,2833,9771
"17975","07_report/CpG_context_sampling_28014_975_trimmed_bismark_bt2.CpG",9744,6971,2773,9744
"17976","07_report/CpG_context_sampling_28014_976_trimmed_bismark_bt2.CpG",9695,6937,2758,9695
"17977","07_report/CpG_context_sampling_28014_977_trimmed_bismark_bt2.CpG",9715,6918,2797,9715
"17978","07_report/CpG_context_sampling_28014_978_trimmed_bismark_bt2.CpG",9855,7012,2843,9855
"17979","07_report/CpG_context_sampling_28014_979_trimmed_bismark_bt2.CpG",9738,6953,2785,9738
"17980","07_report/CpG_context_sampling_28014_980_trimmed_bismark_bt2.CpG",9819,7017,2802,9819
"17981","07_report/CpG_context_sampling_28014_981_trimmed_bismark_bt2.CpG",9785,7050,2735,9785
"17982","07_report/CpG_context_sampling_28014_982_trimmed_bismark_bt2.CpG",9660,6898,2762,9660
"17983","07_report/CpG_context_sampling_28014_983_trimmed_bismark_bt2.CpG",9575,6823,2752,9575
"17984","07_report/CpG_context_sampling_28014_984_trimmed_bismark_bt2.CpG",9915,7096,2819,9915
"17985","07_report/CpG_context_sampling_28014_985_trimmed_bismark_bt2.CpG",9630,6929,2701,9630
"17986","07_report/CpG_context_sampling_28014_986_trimmed_bismark_bt2.CpG",9818,7003,2815,9818
"17987","07_report/CpG_context_sampling_28014_987_trimmed_bismark_bt2.CpG",9615,6846,2769,9615
"17988","07_report/CpG_context_sampling_28014_988_trimmed_bismark_bt2.CpG",9825,7048,2777,9825
"17989","07_report/CpG_context_sampling_28014_989_trimmed_bismark_bt2.CpG",9877,7082,2795,9877
"17990","07_report/CpG_context_sampling_28014_990_trimmed_bismark_bt2.CpG",9727,6891,2836,9727
"17991","07_report/CpG_context_sampling_28014_991_trimmed_bismark_bt2.CpG",9742,6994,2748,9742
"17992","07_report/CpG_context_sampling_28014_992_trimmed_bismark_bt2.CpG",9769,7016,2753,9769
"17993","07_report/CpG_context_sampling_28014_993_trimmed_bismark_bt2.CpG",9645,6893,2752,9645
"17994","07_report/CpG_context_sampling_28014_994_trimmed_bismark_bt2.CpG",9754,6907,2847,9754
"17995","07_report/CpG_context_sampling_28014_995_trimmed_bismark_bt2.CpG",9743,6973,2770,9743
"17996","07_report/CpG_context_sampling_28014_996_trimmed_bismark_bt2.CpG",9640,6867,2773,9640
"17997","07_report/CpG_context_sampling_28014_997_trimmed_bismark_bt2.CpG",9726,7017,2709,9726
"17998","07_report/CpG_context_sampling_28014_998_trimmed_bismark_bt2.CpG",9701,6992,2709,9701
"17999","07_report/CpG_context_sampling_28014_999_trimmed_bismark_bt2.CpG",9698,6971,2727,9698
"18000","07_report/CpG_context_sampling_28014_1000_trimmed_bismark_bt2.CpG",9652,6906,2746,9652
"18001","07_report/CpG_context_sampling_31126_1_trimmed_bismark_bt2.CpG",10833,7769,3064,10833
"18002","07_report/CpG_context_sampling_31126_2_trimmed_bismark_bt2.CpG",10795,7755,3040,10795
"18003","07_report/CpG_context_sampling_31126_3_trimmed_bismark_bt2.CpG",10879,7803,3076,10879
"18004","07_report/CpG_context_sampling_31126_4_trimmed_bismark_bt2.CpG",10985,7898,3087,10985
"18005","07_report/CpG_context_sampling_31126_5_trimmed_bismark_bt2.CpG",10779,7685,3094,10779
"18006","07_report/CpG_context_sampling_31126_6_trimmed_bismark_bt2.CpG",10694,7667,3027,10694
"18007","07_report/CpG_context_sampling_31126_7_trimmed_bismark_bt2.CpG",10909,7856,3053,10909
"18008","07_report/CpG_context_sampling_31126_8_trimmed_bismark_bt2.CpG",10852,7743,3109,10852
"18009","07_report/CpG_context_sampling_31126_9_trimmed_bismark_bt2.CpG",10722,7599,3123,10722
"18010","07_report/CpG_context_sampling_31126_10_trimmed_bismark_bt2.CpG",10775,7802,2973,10775
"18011","07_report/CpG_context_sampling_31126_11_trimmed_bismark_bt2.CpG",10752,7627,3125,10752
"18012","07_report/CpG_context_sampling_31126_12_trimmed_bismark_bt2.CpG",10829,7772,3057,10829
"18013","07_report/CpG_context_sampling_31126_13_trimmed_bismark_bt2.CpG",10729,7734,2995,10729
"18014","07_report/CpG_context_sampling_31126_14_trimmed_bismark_bt2.CpG",10791,7754,3037,10791
"18015","07_report/CpG_context_sampling_31126_15_trimmed_bismark_bt2.CpG",10753,7670,3083,10753
"18016","07_report/CpG_context_sampling_31126_16_trimmed_bismark_bt2.CpG",10839,7727,3112,10839
"18017","07_report/CpG_context_sampling_31126_17_trimmed_bismark_bt2.CpG",10779,7770,3009,10779
"18018","07_report/CpG_context_sampling_31126_18_trimmed_bismark_bt2.CpG",10781,7643,3138,10781
"18019","07_report/CpG_context_sampling_31126_19_trimmed_bismark_bt2.CpG",10833,7683,3150,10833
"18020","07_report/CpG_context_sampling_31126_20_trimmed_bismark_bt2.CpG",10754,7670,3084,10754
"18021","07_report/CpG_context_sampling_31126_21_trimmed_bismark_bt2.CpG",10929,7800,3129,10929
"18022","07_report/CpG_context_sampling_31126_22_trimmed_bismark_bt2.CpG",10733,7750,2983,10733
"18023","07_report/CpG_context_sampling_31126_23_trimmed_bismark_bt2.CpG",10693,7652,3041,10693
"18024","07_report/CpG_context_sampling_31126_24_trimmed_bismark_bt2.CpG",10783,7655,3128,10783
"18025","07_report/CpG_context_sampling_31126_25_trimmed_bismark_bt2.CpG",10735,7726,3009,10735
"18026","07_report/CpG_context_sampling_31126_26_trimmed_bismark_bt2.CpG",10825,7662,3163,10825
"18027","07_report/CpG_context_sampling_31126_27_trimmed_bismark_bt2.CpG",10790,7731,3059,10790
"18028","07_report/CpG_context_sampling_31126_28_trimmed_bismark_bt2.CpG",10859,7740,3119,10859
"18029","07_report/CpG_context_sampling_31126_29_trimmed_bismark_bt2.CpG",10822,7687,3135,10822
"18030","07_report/CpG_context_sampling_31126_30_trimmed_bismark_bt2.CpG",10894,7794,3100,10894
"18031","07_report/CpG_context_sampling_31126_31_trimmed_bismark_bt2.CpG",10841,7805,3036,10841
"18032","07_report/CpG_context_sampling_31126_32_trimmed_bismark_bt2.CpG",10790,7704,3086,10790
"18033","07_report/CpG_context_sampling_31126_33_trimmed_bismark_bt2.CpG",10662,7572,3090,10662
"18034","07_report/CpG_context_sampling_31126_34_trimmed_bismark_bt2.CpG",10673,7623,3050,10673
"18035","07_report/CpG_context_sampling_31126_35_trimmed_bismark_bt2.CpG",10824,7684,3140,10824
"18036","07_report/CpG_context_sampling_31126_36_trimmed_bismark_bt2.CpG",10877,7749,3128,10877
"18037","07_report/CpG_context_sampling_31126_37_trimmed_bismark_bt2.CpG",10747,7599,3148,10747
"18038","07_report/CpG_context_sampling_31126_38_trimmed_bismark_bt2.CpG",10836,7693,3143,10836
"18039","07_report/CpG_context_sampling_31126_39_trimmed_bismark_bt2.CpG",10856,7812,3044,10856
"18040","07_report/CpG_context_sampling_31126_40_trimmed_bismark_bt2.CpG",10707,7628,3079,10707
"18041","07_report/CpG_context_sampling_31126_41_trimmed_bismark_bt2.CpG",10620,7574,3046,10620
"18042","07_report/CpG_context_sampling_31126_42_trimmed_bismark_bt2.CpG",10848,7816,3032,10848
"18043","07_report/CpG_context_sampling_31126_43_trimmed_bismark_bt2.CpG",10739,7592,3147,10739
"18044","07_report/CpG_context_sampling_31126_44_trimmed_bismark_bt2.CpG",10751,7720,3031,10751
"18045","07_report/CpG_context_sampling_31126_45_trimmed_bismark_bt2.CpG",10824,7729,3095,10824
"18046","07_report/CpG_context_sampling_31126_46_trimmed_bismark_bt2.CpG",10698,7702,2996,10698
"18047","07_report/CpG_context_sampling_31126_47_trimmed_bismark_bt2.CpG",10676,7567,3109,10676
"18048","07_report/CpG_context_sampling_31126_48_trimmed_bismark_bt2.CpG",10657,7565,3092,10657
"18049","07_report/CpG_context_sampling_31126_49_trimmed_bismark_bt2.CpG",10762,7705,3057,10762
"18050","07_report/CpG_context_sampling_31126_50_trimmed_bismark_bt2.CpG",10725,7678,3047,10725
"18051","07_report/CpG_context_sampling_31126_51_trimmed_bismark_bt2.CpG",10708,7654,3054,10708
"18052","07_report/CpG_context_sampling_31126_52_trimmed_bismark_bt2.CpG",10659,7644,3015,10659
"18053","07_report/CpG_context_sampling_31126_53_trimmed_bismark_bt2.CpG",10698,7596,3102,10698
"18054","07_report/CpG_context_sampling_31126_54_trimmed_bismark_bt2.CpG",10784,7678,3106,10784
"18055","07_report/CpG_context_sampling_31126_55_trimmed_bismark_bt2.CpG",10725,7648,3077,10725
"18056","07_report/CpG_context_sampling_31126_56_trimmed_bismark_bt2.CpG",10601,7523,3078,10601
"18057","07_report/CpG_context_sampling_31126_57_trimmed_bismark_bt2.CpG",10861,7667,3194,10861
"18058","07_report/CpG_context_sampling_31126_58_trimmed_bismark_bt2.CpG",10807,7705,3102,10807
"18059","07_report/CpG_context_sampling_31126_59_trimmed_bismark_bt2.CpG",11023,7849,3174,11023
"18060","07_report/CpG_context_sampling_31126_60_trimmed_bismark_bt2.CpG",10858,7714,3144,10858
"18061","07_report/CpG_context_sampling_31126_61_trimmed_bismark_bt2.CpG",10741,7637,3104,10741
"18062","07_report/CpG_context_sampling_31126_62_trimmed_bismark_bt2.CpG",10719,7762,2957,10719
"18063","07_report/CpG_context_sampling_31126_63_trimmed_bismark_bt2.CpG",10775,7807,2968,10775
"18064","07_report/CpG_context_sampling_31126_64_trimmed_bismark_bt2.CpG",10593,7596,2997,10593
"18065","07_report/CpG_context_sampling_31126_65_trimmed_bismark_bt2.CpG",10859,7798,3061,10859
"18066","07_report/CpG_context_sampling_31126_66_trimmed_bismark_bt2.CpG",10850,7784,3066,10850
"18067","07_report/CpG_context_sampling_31126_67_trimmed_bismark_bt2.CpG",10966,7865,3101,10966
"18068","07_report/CpG_context_sampling_31126_68_trimmed_bismark_bt2.CpG",10703,7593,3110,10703
"18069","07_report/CpG_context_sampling_31126_69_trimmed_bismark_bt2.CpG",10826,7754,3072,10826
"18070","07_report/CpG_context_sampling_31126_70_trimmed_bismark_bt2.CpG",10949,7874,3075,10949
"18071","07_report/CpG_context_sampling_31126_71_trimmed_bismark_bt2.CpG",10767,7735,3032,10767
"18072","07_report/CpG_context_sampling_31126_72_trimmed_bismark_bt2.CpG",10767,7713,3054,10767
"18073","07_report/CpG_context_sampling_31126_73_trimmed_bismark_bt2.CpG",10822,7822,3000,10822
"18074","07_report/CpG_context_sampling_31126_74_trimmed_bismark_bt2.CpG",10739,7761,2978,10739
"18075","07_report/CpG_context_sampling_31126_75_trimmed_bismark_bt2.CpG",10801,7669,3132,10801
"18076","07_report/CpG_context_sampling_31126_76_trimmed_bismark_bt2.CpG",10902,7751,3151,10902
"18077","07_report/CpG_context_sampling_31126_77_trimmed_bismark_bt2.CpG",10778,7747,3031,10778
"18078","07_report/CpG_context_sampling_31126_78_trimmed_bismark_bt2.CpG",10614,7585,3029,10614
"18079","07_report/CpG_context_sampling_31126_79_trimmed_bismark_bt2.CpG",10622,7670,2952,10622
"18080","07_report/CpG_context_sampling_31126_80_trimmed_bismark_bt2.CpG",10766,7659,3107,10766
"18081","07_report/CpG_context_sampling_31126_81_trimmed_bismark_bt2.CpG",10984,7808,3176,10984
"18082","07_report/CpG_context_sampling_31126_82_trimmed_bismark_bt2.CpG",10850,7784,3066,10850
"18083","07_report/CpG_context_sampling_31126_83_trimmed_bismark_bt2.CpG",10757,7662,3095,10757
"18084","07_report/CpG_context_sampling_31126_84_trimmed_bismark_bt2.CpG",10748,7632,3116,10748
"18085","07_report/CpG_context_sampling_31126_85_trimmed_bismark_bt2.CpG",10780,7730,3050,10780
"18086","07_report/CpG_context_sampling_31126_86_trimmed_bismark_bt2.CpG",10886,7803,3083,10886
"18087","07_report/CpG_context_sampling_31126_87_trimmed_bismark_bt2.CpG",10728,7686,3042,10728
"18088","07_report/CpG_context_sampling_31126_88_trimmed_bismark_bt2.CpG",10678,7663,3015,10678
"18089","07_report/CpG_context_sampling_31126_89_trimmed_bismark_bt2.CpG",10808,7748,3060,10808
"18090","07_report/CpG_context_sampling_31126_90_trimmed_bismark_bt2.CpG",10887,7734,3153,10887
"18091","07_report/CpG_context_sampling_31126_91_trimmed_bismark_bt2.CpG",10858,7784,3074,10858
"18092","07_report/CpG_context_sampling_31126_92_trimmed_bismark_bt2.CpG",10670,7631,3039,10670
"18093","07_report/CpG_context_sampling_31126_93_trimmed_bismark_bt2.CpG",10965,7903,3062,10965
"18094","07_report/CpG_context_sampling_31126_94_trimmed_bismark_bt2.CpG",10770,7792,2978,10770
"18095","07_report/CpG_context_sampling_31126_95_trimmed_bismark_bt2.CpG",10836,7762,3074,10836
"18096","07_report/CpG_context_sampling_31126_96_trimmed_bismark_bt2.CpG",10857,7698,3159,10857
"18097","07_report/CpG_context_sampling_31126_97_trimmed_bismark_bt2.CpG",10716,7708,3008,10716
"18098","07_report/CpG_context_sampling_31126_98_trimmed_bismark_bt2.CpG",10735,7721,3014,10735
"18099","07_report/CpG_context_sampling_31126_99_trimmed_bismark_bt2.CpG",10856,7739,3117,10856
"18100","07_report/CpG_context_sampling_31126_100_trimmed_bismark_bt2.CpG",10816,7762,3054,10816
"18101","07_report/CpG_context_sampling_31126_101_trimmed_bismark_bt2.CpG",10830,7793,3037,10830
"18102","07_report/CpG_context_sampling_31126_102_trimmed_bismark_bt2.CpG",10820,7727,3093,10820
"18103","07_report/CpG_context_sampling_31126_103_trimmed_bismark_bt2.CpG",10767,7664,3103,10767
"18104","07_report/CpG_context_sampling_31126_104_trimmed_bismark_bt2.CpG",10822,7768,3054,10822
"18105","07_report/CpG_context_sampling_31126_105_trimmed_bismark_bt2.CpG",10708,7610,3098,10708
"18106","07_report/CpG_context_sampling_31126_106_trimmed_bismark_bt2.CpG",10787,7781,3006,10787
"18107","07_report/CpG_context_sampling_31126_107_trimmed_bismark_bt2.CpG",10778,7649,3129,10778
"18108","07_report/CpG_context_sampling_31126_108_trimmed_bismark_bt2.CpG",10806,7779,3027,10806
"18109","07_report/CpG_context_sampling_31126_109_trimmed_bismark_bt2.CpG",10785,7681,3104,10785
"18110","07_report/CpG_context_sampling_31126_110_trimmed_bismark_bt2.CpG",10755,7680,3075,10755
"18111","07_report/CpG_context_sampling_31126_111_trimmed_bismark_bt2.CpG",10757,7638,3119,10757
"18112","07_report/CpG_context_sampling_31126_112_trimmed_bismark_bt2.CpG",10872,7756,3116,10872
"18113","07_report/CpG_context_sampling_31126_113_trimmed_bismark_bt2.CpG",10658,7658,3000,10658
"18114","07_report/CpG_context_sampling_31126_114_trimmed_bismark_bt2.CpG",10890,7775,3115,10890
"18115","07_report/CpG_context_sampling_31126_115_trimmed_bismark_bt2.CpG",10886,7804,3082,10886
"18116","07_report/CpG_context_sampling_31126_116_trimmed_bismark_bt2.CpG",10691,7655,3036,10691
"18117","07_report/CpG_context_sampling_31126_117_trimmed_bismark_bt2.CpG",10979,7833,3146,10979
"18118","07_report/CpG_context_sampling_31126_118_trimmed_bismark_bt2.CpG",10923,7767,3156,10923
"18119","07_report/CpG_context_sampling_31126_119_trimmed_bismark_bt2.CpG",10917,7849,3068,10917
"18120","07_report/CpG_context_sampling_31126_120_trimmed_bismark_bt2.CpG",10806,7746,3060,10806
"18121","07_report/CpG_context_sampling_31126_121_trimmed_bismark_bt2.CpG",10682,7592,3090,10682
"18122","07_report/CpG_context_sampling_31126_122_trimmed_bismark_bt2.CpG",10924,7793,3131,10924
"18123","07_report/CpG_context_sampling_31126_123_trimmed_bismark_bt2.CpG",10778,7655,3123,10778
"18124","07_report/CpG_context_sampling_31126_124_trimmed_bismark_bt2.CpG",10867,7709,3158,10867
"18125","07_report/CpG_context_sampling_31126_125_trimmed_bismark_bt2.CpG",10872,7847,3025,10872
"18126","07_report/CpG_context_sampling_31126_126_trimmed_bismark_bt2.CpG",10730,7663,3067,10730
"18127","07_report/CpG_context_sampling_31126_127_trimmed_bismark_bt2.CpG",10749,7741,3008,10749
"18128","07_report/CpG_context_sampling_31126_128_trimmed_bismark_bt2.CpG",10756,7651,3105,10756
"18129","07_report/CpG_context_sampling_31126_129_trimmed_bismark_bt2.CpG",10891,7760,3131,10891
"18130","07_report/CpG_context_sampling_31126_130_trimmed_bismark_bt2.CpG",10857,7761,3096,10857
"18131","07_report/CpG_context_sampling_31126_131_trimmed_bismark_bt2.CpG",10803,7753,3050,10803
"18132","07_report/CpG_context_sampling_31126_132_trimmed_bismark_bt2.CpG",10761,7707,3054,10761
"18133","07_report/CpG_context_sampling_31126_133_trimmed_bismark_bt2.CpG",10899,7769,3130,10899
"18134","07_report/CpG_context_sampling_31126_134_trimmed_bismark_bt2.CpG",10817,7773,3044,10817
"18135","07_report/CpG_context_sampling_31126_135_trimmed_bismark_bt2.CpG",10701,7577,3124,10701
"18136","07_report/CpG_context_sampling_31126_136_trimmed_bismark_bt2.CpG",10669,7603,3066,10669
"18137","07_report/CpG_context_sampling_31126_137_trimmed_bismark_bt2.CpG",10771,7668,3103,10771
"18138","07_report/CpG_context_sampling_31126_138_trimmed_bismark_bt2.CpG",10800,7685,3115,10800
"18139","07_report/CpG_context_sampling_31126_139_trimmed_bismark_bt2.CpG",10767,7783,2984,10767
"18140","07_report/CpG_context_sampling_31126_140_trimmed_bismark_bt2.CpG",10916,7831,3085,10916
"18141","07_report/CpG_context_sampling_31126_141_trimmed_bismark_bt2.CpG",10721,7654,3067,10721
"18142","07_report/CpG_context_sampling_31126_142_trimmed_bismark_bt2.CpG",10749,7637,3112,10749
"18143","07_report/CpG_context_sampling_31126_143_trimmed_bismark_bt2.CpG",10792,7735,3057,10792
"18144","07_report/CpG_context_sampling_31126_144_trimmed_bismark_bt2.CpG",10856,7812,3044,10856
"18145","07_report/CpG_context_sampling_31126_145_trimmed_bismark_bt2.CpG",10754,7680,3074,10754
"18146","07_report/CpG_context_sampling_31126_146_trimmed_bismark_bt2.CpG",10831,7725,3106,10831
"18147","07_report/CpG_context_sampling_31126_147_trimmed_bismark_bt2.CpG",10827,7804,3023,10827
"18148","07_report/CpG_context_sampling_31126_148_trimmed_bismark_bt2.CpG",10623,7607,3016,10623
"18149","07_report/CpG_context_sampling_31126_149_trimmed_bismark_bt2.CpG",10814,7786,3028,10814
"18150","07_report/CpG_context_sampling_31126_150_trimmed_bismark_bt2.CpG",10686,7686,3000,10686
"18151","07_report/CpG_context_sampling_31126_151_trimmed_bismark_bt2.CpG",10779,7716,3063,10779
"18152","07_report/CpG_context_sampling_31126_152_trimmed_bismark_bt2.CpG",10865,7757,3108,10865
"18153","07_report/CpG_context_sampling_31126_153_trimmed_bismark_bt2.CpG",10839,7728,3111,10839
"18154","07_report/CpG_context_sampling_31126_154_trimmed_bismark_bt2.CpG",10832,7737,3095,10832
"18155","07_report/CpG_context_sampling_31126_155_trimmed_bismark_bt2.CpG",10604,7594,3010,10604
"18156","07_report/CpG_context_sampling_31126_156_trimmed_bismark_bt2.CpG",10690,7685,3005,10690
"18157","07_report/CpG_context_sampling_31126_157_trimmed_bismark_bt2.CpG",10750,7684,3066,10750
"18158","07_report/CpG_context_sampling_31126_158_trimmed_bismark_bt2.CpG",10777,7639,3138,10777
"18159","07_report/CpG_context_sampling_31126_159_trimmed_bismark_bt2.CpG",10777,7695,3082,10777
"18160","07_report/CpG_context_sampling_31126_160_trimmed_bismark_bt2.CpG",10846,7828,3018,10846
"18161","07_report/CpG_context_sampling_31126_161_trimmed_bismark_bt2.CpG",10882,7715,3167,10882
"18162","07_report/CpG_context_sampling_31126_162_trimmed_bismark_bt2.CpG",10678,7577,3101,10678
"18163","07_report/CpG_context_sampling_31126_163_trimmed_bismark_bt2.CpG",10760,7677,3083,10760
"18164","07_report/CpG_context_sampling_31126_164_trimmed_bismark_bt2.CpG",10919,7809,3110,10919
"18165","07_report/CpG_context_sampling_31126_165_trimmed_bismark_bt2.CpG",10885,7826,3059,10885
"18166","07_report/CpG_context_sampling_31126_166_trimmed_bismark_bt2.CpG",10827,7711,3116,10827
"18167","07_report/CpG_context_sampling_31126_167_trimmed_bismark_bt2.CpG",10847,7777,3070,10847
"18168","07_report/CpG_context_sampling_31126_168_trimmed_bismark_bt2.CpG",10688,7604,3084,10688
"18169","07_report/CpG_context_sampling_31126_169_trimmed_bismark_bt2.CpG",10694,7718,2976,10694
"18170","07_report/CpG_context_sampling_31126_170_trimmed_bismark_bt2.CpG",10802,7715,3087,10802
"18171","07_report/CpG_context_sampling_31126_171_trimmed_bismark_bt2.CpG",10893,7750,3143,10893
"18172","07_report/CpG_context_sampling_31126_172_trimmed_bismark_bt2.CpG",10963,7850,3113,10963
"18173","07_report/CpG_context_sampling_31126_173_trimmed_bismark_bt2.CpG",10926,7821,3105,10926
"18174","07_report/CpG_context_sampling_31126_174_trimmed_bismark_bt2.CpG",10699,7623,3076,10699
"18175","07_report/CpG_context_sampling_31126_175_trimmed_bismark_bt2.CpG",10819,7698,3121,10819
"18176","07_report/CpG_context_sampling_31126_176_trimmed_bismark_bt2.CpG",10880,7761,3119,10880
"18177","07_report/CpG_context_sampling_31126_177_trimmed_bismark_bt2.CpG",10906,7849,3057,10906
"18178","07_report/CpG_context_sampling_31126_178_trimmed_bismark_bt2.CpG",10756,7666,3090,10756
"18179","07_report/CpG_context_sampling_31126_179_trimmed_bismark_bt2.CpG",10743,7670,3073,10743
"18180","07_report/CpG_context_sampling_31126_180_trimmed_bismark_bt2.CpG",10804,7726,3078,10804
"18181","07_report/CpG_context_sampling_31126_181_trimmed_bismark_bt2.CpG",10774,7738,3036,10774
"18182","07_report/CpG_context_sampling_31126_182_trimmed_bismark_bt2.CpG",10625,7534,3091,10625
"18183","07_report/CpG_context_sampling_31126_183_trimmed_bismark_bt2.CpG",10813,7729,3084,10813
"18184","07_report/CpG_context_sampling_31126_184_trimmed_bismark_bt2.CpG",10807,7761,3046,10807
"18185","07_report/CpG_context_sampling_31126_185_trimmed_bismark_bt2.CpG",10772,7733,3039,10772
"18186","07_report/CpG_context_sampling_31126_186_trimmed_bismark_bt2.CpG",10831,7709,3122,10831
"18187","07_report/CpG_context_sampling_31126_187_trimmed_bismark_bt2.CpG",10733,7630,3103,10733
"18188","07_report/CpG_context_sampling_31126_188_trimmed_bismark_bt2.CpG",10678,7628,3050,10678
"18189","07_report/CpG_context_sampling_31126_189_trimmed_bismark_bt2.CpG",10794,7754,3040,10794
"18190","07_report/CpG_context_sampling_31126_190_trimmed_bismark_bt2.CpG",10850,7690,3160,10850
"18191","07_report/CpG_context_sampling_31126_191_trimmed_bismark_bt2.CpG",10806,7702,3104,10806
"18192","07_report/CpG_context_sampling_31126_192_trimmed_bismark_bt2.CpG",10951,7677,3274,10951
"18193","07_report/CpG_context_sampling_31126_193_trimmed_bismark_bt2.CpG",10755,7747,3008,10755
"18194","07_report/CpG_context_sampling_31126_194_trimmed_bismark_bt2.CpG",10719,7585,3134,10719
"18195","07_report/CpG_context_sampling_31126_195_trimmed_bismark_bt2.CpG",10756,7709,3047,10756
"18196","07_report/CpG_context_sampling_31126_196_trimmed_bismark_bt2.CpG",10786,7720,3066,10786
"18197","07_report/CpG_context_sampling_31126_197_trimmed_bismark_bt2.CpG",10724,7625,3099,10724
"18198","07_report/CpG_context_sampling_31126_198_trimmed_bismark_bt2.CpG",10908,7676,3232,10908
"18199","07_report/CpG_context_sampling_31126_199_trimmed_bismark_bt2.CpG",10694,7612,3082,10694
"18200","07_report/CpG_context_sampling_31126_200_trimmed_bismark_bt2.CpG",10800,7684,3116,10800
"18201","07_report/CpG_context_sampling_31126_201_trimmed_bismark_bt2.CpG",10694,7721,2973,10694
"18202","07_report/CpG_context_sampling_31126_202_trimmed_bismark_bt2.CpG",10739,7687,3052,10739
"18203","07_report/CpG_context_sampling_31126_203_trimmed_bismark_bt2.CpG",10849,7771,3078,10849
"18204","07_report/CpG_context_sampling_31126_204_trimmed_bismark_bt2.CpG",10879,7692,3187,10879
"18205","07_report/CpG_context_sampling_31126_205_trimmed_bismark_bt2.CpG",10863,7795,3068,10863
"18206","07_report/CpG_context_sampling_31126_206_trimmed_bismark_bt2.CpG",10845,7739,3106,10845
"18207","07_report/CpG_context_sampling_31126_207_trimmed_bismark_bt2.CpG",10752,7726,3026,10752
"18208","07_report/CpG_context_sampling_31126_208_trimmed_bismark_bt2.CpG",10661,7699,2962,10661
"18209","07_report/CpG_context_sampling_31126_209_trimmed_bismark_bt2.CpG",10791,7676,3115,10791
"18210","07_report/CpG_context_sampling_31126_210_trimmed_bismark_bt2.CpG",10794,7832,2962,10794
"18211","07_report/CpG_context_sampling_31126_211_trimmed_bismark_bt2.CpG",10752,7684,3068,10752
"18212","07_report/CpG_context_sampling_31126_212_trimmed_bismark_bt2.CpG",10688,7689,2999,10688
"18213","07_report/CpG_context_sampling_31126_213_trimmed_bismark_bt2.CpG",10822,7717,3105,10822
"18214","07_report/CpG_context_sampling_31126_214_trimmed_bismark_bt2.CpG",10848,7730,3118,10848
"18215","07_report/CpG_context_sampling_31126_215_trimmed_bismark_bt2.CpG",10721,7680,3041,10721
"18216","07_report/CpG_context_sampling_31126_216_trimmed_bismark_bt2.CpG",10689,7629,3060,10689
"18217","07_report/CpG_context_sampling_31126_217_trimmed_bismark_bt2.CpG",10908,7804,3104,10908
"18218","07_report/CpG_context_sampling_31126_218_trimmed_bismark_bt2.CpG",10794,7723,3071,10794
"18219","07_report/CpG_context_sampling_31126_219_trimmed_bismark_bt2.CpG",10875,7798,3077,10875
"18220","07_report/CpG_context_sampling_31126_220_trimmed_bismark_bt2.CpG",10960,7830,3130,10960
"18221","07_report/CpG_context_sampling_31126_221_trimmed_bismark_bt2.CpG",10847,7767,3080,10847
"18222","07_report/CpG_context_sampling_31126_222_trimmed_bismark_bt2.CpG",10747,7764,2983,10747
"18223","07_report/CpG_context_sampling_31126_223_trimmed_bismark_bt2.CpG",10688,7577,3111,10688
"18224","07_report/CpG_context_sampling_31126_224_trimmed_bismark_bt2.CpG",10734,7717,3017,10734
"18225","07_report/CpG_context_sampling_31126_225_trimmed_bismark_bt2.CpG",10971,7821,3150,10971
"18226","07_report/CpG_context_sampling_31126_226_trimmed_bismark_bt2.CpG",10806,7674,3132,10806
"18227","07_report/CpG_context_sampling_31126_227_trimmed_bismark_bt2.CpG",10824,7849,2975,10824
"18228","07_report/CpG_context_sampling_31126_228_trimmed_bismark_bt2.CpG",10791,7697,3094,10791
"18229","07_report/CpG_context_sampling_31126_229_trimmed_bismark_bt2.CpG",10764,7748,3016,10764
"18230","07_report/CpG_context_sampling_31126_230_trimmed_bismark_bt2.CpG",10783,7786,2997,10783
"18231","07_report/CpG_context_sampling_31126_231_trimmed_bismark_bt2.CpG",10844,7764,3080,10844
"18232","07_report/CpG_context_sampling_31126_232_trimmed_bismark_bt2.CpG",10873,7713,3160,10873
"18233","07_report/CpG_context_sampling_31126_233_trimmed_bismark_bt2.CpG",10637,7615,3022,10637
"18234","07_report/CpG_context_sampling_31126_234_trimmed_bismark_bt2.CpG",10966,7845,3121,10966
"18235","07_report/CpG_context_sampling_31126_235_trimmed_bismark_bt2.CpG",10721,7724,2997,10721
"18236","07_report/CpG_context_sampling_31126_236_trimmed_bismark_bt2.CpG",10793,7725,3068,10793
"18237","07_report/CpG_context_sampling_31126_237_trimmed_bismark_bt2.CpG",10899,7901,2998,10899
"18238","07_report/CpG_context_sampling_31126_238_trimmed_bismark_bt2.CpG",10725,7664,3061,10725
"18239","07_report/CpG_context_sampling_31126_239_trimmed_bismark_bt2.CpG",10800,7652,3148,10800
"18240","07_report/CpG_context_sampling_31126_240_trimmed_bismark_bt2.CpG",10706,7701,3005,10706
"18241","07_report/CpG_context_sampling_31126_241_trimmed_bismark_bt2.CpG",10853,7716,3137,10853
"18242","07_report/CpG_context_sampling_31126_242_trimmed_bismark_bt2.CpG",10662,7609,3053,10662
"18243","07_report/CpG_context_sampling_31126_243_trimmed_bismark_bt2.CpG",10775,7685,3090,10775
"18244","07_report/CpG_context_sampling_31126_244_trimmed_bismark_bt2.CpG",10723,7602,3121,10723
"18245","07_report/CpG_context_sampling_31126_245_trimmed_bismark_bt2.CpG",10905,7756,3149,10905
"18246","07_report/CpG_context_sampling_31126_246_trimmed_bismark_bt2.CpG",10945,7745,3200,10945
"18247","07_report/CpG_context_sampling_31126_247_trimmed_bismark_bt2.CpG",10700,7619,3081,10700
"18248","07_report/CpG_context_sampling_31126_248_trimmed_bismark_bt2.CpG",10898,7750,3148,10898
"18249","07_report/CpG_context_sampling_31126_249_trimmed_bismark_bt2.CpG",10762,7681,3081,10762
"18250","07_report/CpG_context_sampling_31126_250_trimmed_bismark_bt2.CpG",10751,7658,3093,10751
"18251","07_report/CpG_context_sampling_31126_251_trimmed_bismark_bt2.CpG",10934,7808,3126,10934
"18252","07_report/CpG_context_sampling_31126_252_trimmed_bismark_bt2.CpG",10880,7784,3096,10880
"18253","07_report/CpG_context_sampling_31126_253_trimmed_bismark_bt2.CpG",10776,7756,3020,10776
"18254","07_report/CpG_context_sampling_31126_254_trimmed_bismark_bt2.CpG",10977,7830,3147,10977
"18255","07_report/CpG_context_sampling_31126_255_trimmed_bismark_bt2.CpG",10785,7742,3043,10785
"18256","07_report/CpG_context_sampling_31126_256_trimmed_bismark_bt2.CpG",10737,7721,3016,10737
"18257","07_report/CpG_context_sampling_31126_257_trimmed_bismark_bt2.CpG",10824,7776,3048,10824
"18258","07_report/CpG_context_sampling_31126_258_trimmed_bismark_bt2.CpG",10709,7630,3079,10709
"18259","07_report/CpG_context_sampling_31126_259_trimmed_bismark_bt2.CpG",10641,7680,2961,10641
"18260","07_report/CpG_context_sampling_31126_260_trimmed_bismark_bt2.CpG",10693,7634,3059,10693
"18261","07_report/CpG_context_sampling_31126_261_trimmed_bismark_bt2.CpG",10762,7718,3044,10762
"18262","07_report/CpG_context_sampling_31126_262_trimmed_bismark_bt2.CpG",10729,7667,3062,10729
"18263","07_report/CpG_context_sampling_31126_263_trimmed_bismark_bt2.CpG",10800,7845,2955,10800
"18264","07_report/CpG_context_sampling_31126_264_trimmed_bismark_bt2.CpG",10796,7660,3136,10796
"18265","07_report/CpG_context_sampling_31126_265_trimmed_bismark_bt2.CpG",10849,7822,3027,10849
"18266","07_report/CpG_context_sampling_31126_266_trimmed_bismark_bt2.CpG",10894,7745,3149,10894
"18267","07_report/CpG_context_sampling_31126_267_trimmed_bismark_bt2.CpG",10873,7714,3159,10873
"18268","07_report/CpG_context_sampling_31126_268_trimmed_bismark_bt2.CpG",11029,7807,3222,11029
"18269","07_report/CpG_context_sampling_31126_269_trimmed_bismark_bt2.CpG",10793,7745,3048,10793
"18270","07_report/CpG_context_sampling_31126_270_trimmed_bismark_bt2.CpG",10826,7710,3116,10826
"18271","07_report/CpG_context_sampling_31126_271_trimmed_bismark_bt2.CpG",10720,7640,3080,10720
"18272","07_report/CpG_context_sampling_31126_272_trimmed_bismark_bt2.CpG",10738,7595,3143,10738
"18273","07_report/CpG_context_sampling_31126_273_trimmed_bismark_bt2.CpG",10758,7630,3128,10758
"18274","07_report/CpG_context_sampling_31126_274_trimmed_bismark_bt2.CpG",10715,7730,2985,10715
"18275","07_report/CpG_context_sampling_31126_275_trimmed_bismark_bt2.CpG",10819,7764,3055,10819
"18276","07_report/CpG_context_sampling_31126_276_trimmed_bismark_bt2.CpG",10900,7824,3076,10900
"18277","07_report/CpG_context_sampling_31126_277_trimmed_bismark_bt2.CpG",10787,7713,3074,10787
"18278","07_report/CpG_context_sampling_31126_278_trimmed_bismark_bt2.CpG",10796,7664,3132,10796
"18279","07_report/CpG_context_sampling_31126_279_trimmed_bismark_bt2.CpG",10765,7589,3176,10765
"18280","07_report/CpG_context_sampling_31126_280_trimmed_bismark_bt2.CpG",10610,7638,2972,10610
"18281","07_report/CpG_context_sampling_31126_281_trimmed_bismark_bt2.CpG",10674,7676,2998,10674
"18282","07_report/CpG_context_sampling_31126_282_trimmed_bismark_bt2.CpG",10972,7811,3161,10972
"18283","07_report/CpG_context_sampling_31126_283_trimmed_bismark_bt2.CpG",10629,7644,2985,10629
"18284","07_report/CpG_context_sampling_31126_284_trimmed_bismark_bt2.CpG",10882,7782,3100,10882
"18285","07_report/CpG_context_sampling_31126_285_trimmed_bismark_bt2.CpG",10727,7671,3056,10727
"18286","07_report/CpG_context_sampling_31126_286_trimmed_bismark_bt2.CpG",10676,7607,3069,10676
"18287","07_report/CpG_context_sampling_31126_287_trimmed_bismark_bt2.CpG",10854,7754,3100,10854
"18288","07_report/CpG_context_sampling_31126_288_trimmed_bismark_bt2.CpG",10717,7688,3029,10717
"18289","07_report/CpG_context_sampling_31126_289_trimmed_bismark_bt2.CpG",10822,7741,3081,10822
"18290","07_report/CpG_context_sampling_31126_290_trimmed_bismark_bt2.CpG",10896,7745,3151,10896
"18291","07_report/CpG_context_sampling_31126_291_trimmed_bismark_bt2.CpG",10945,7918,3027,10945
"18292","07_report/CpG_context_sampling_31126_292_trimmed_bismark_bt2.CpG",10889,7781,3108,10889
"18293","07_report/CpG_context_sampling_31126_293_trimmed_bismark_bt2.CpG",10620,7640,2980,10620
"18294","07_report/CpG_context_sampling_31126_294_trimmed_bismark_bt2.CpG",10857,7776,3081,10857
"18295","07_report/CpG_context_sampling_31126_295_trimmed_bismark_bt2.CpG",10878,7848,3030,10878
"18296","07_report/CpG_context_sampling_31126_296_trimmed_bismark_bt2.CpG",10816,7682,3134,10816
"18297","07_report/CpG_context_sampling_31126_297_trimmed_bismark_bt2.CpG",10971,7882,3089,10971
"18298","07_report/CpG_context_sampling_31126_298_trimmed_bismark_bt2.CpG",10708,7643,3065,10708
"18299","07_report/CpG_context_sampling_31126_299_trimmed_bismark_bt2.CpG",10818,7749,3069,10818
"18300","07_report/CpG_context_sampling_31126_300_trimmed_bismark_bt2.CpG",10791,7792,2999,10791
"18301","07_report/CpG_context_sampling_31126_301_trimmed_bismark_bt2.CpG",10780,7743,3037,10780
"18302","07_report/CpG_context_sampling_31126_302_trimmed_bismark_bt2.CpG",10745,7662,3083,10745
"18303","07_report/CpG_context_sampling_31126_303_trimmed_bismark_bt2.CpG",10711,7694,3017,10711
"18304","07_report/CpG_context_sampling_31126_304_trimmed_bismark_bt2.CpG",10683,7616,3067,10683
"18305","07_report/CpG_context_sampling_31126_305_trimmed_bismark_bt2.CpG",10753,7709,3044,10753
"18306","07_report/CpG_context_sampling_31126_306_trimmed_bismark_bt2.CpG",10773,7578,3195,10773
"18307","07_report/CpG_context_sampling_31126_307_trimmed_bismark_bt2.CpG",10767,7747,3020,10767
"18308","07_report/CpG_context_sampling_31126_308_trimmed_bismark_bt2.CpG",10826,7742,3084,10826
"18309","07_report/CpG_context_sampling_31126_309_trimmed_bismark_bt2.CpG",10769,7706,3063,10769
"18310","07_report/CpG_context_sampling_31126_310_trimmed_bismark_bt2.CpG",10747,7698,3049,10747
"18311","07_report/CpG_context_sampling_31126_311_trimmed_bismark_bt2.CpG",10876,7838,3038,10876
"18312","07_report/CpG_context_sampling_31126_312_trimmed_bismark_bt2.CpG",10808,7714,3094,10808
"18313","07_report/CpG_context_sampling_31126_313_trimmed_bismark_bt2.CpG",10778,7781,2997,10778
"18314","07_report/CpG_context_sampling_31126_314_trimmed_bismark_bt2.CpG",10663,7593,3070,10663
"18315","07_report/CpG_context_sampling_31126_315_trimmed_bismark_bt2.CpG",10666,7623,3043,10666
"18316","07_report/CpG_context_sampling_31126_316_trimmed_bismark_bt2.CpG",10763,7693,3070,10763
"18317","07_report/CpG_context_sampling_31126_317_trimmed_bismark_bt2.CpG",10696,7599,3097,10696
"18318","07_report/CpG_context_sampling_31126_318_trimmed_bismark_bt2.CpG",10763,7697,3066,10763
"18319","07_report/CpG_context_sampling_31126_319_trimmed_bismark_bt2.CpG",10797,7743,3054,10797
"18320","07_report/CpG_context_sampling_31126_320_trimmed_bismark_bt2.CpG",10836,7682,3154,10836
"18321","07_report/CpG_context_sampling_31126_321_trimmed_bismark_bt2.CpG",10525,7549,2976,10525
"18322","07_report/CpG_context_sampling_31126_322_trimmed_bismark_bt2.CpG",10706,7623,3083,10706
"18323","07_report/CpG_context_sampling_31126_323_trimmed_bismark_bt2.CpG",10847,7713,3134,10847
"18324","07_report/CpG_context_sampling_31126_324_trimmed_bismark_bt2.CpG",10998,7854,3144,10998
"18325","07_report/CpG_context_sampling_31126_325_trimmed_bismark_bt2.CpG",10927,7862,3065,10927
"18326","07_report/CpG_context_sampling_31126_326_trimmed_bismark_bt2.CpG",10781,7684,3097,10781
"18327","07_report/CpG_context_sampling_31126_327_trimmed_bismark_bt2.CpG",10648,7653,2995,10648
"18328","07_report/CpG_context_sampling_31126_328_trimmed_bismark_bt2.CpG",10899,7806,3093,10899
"18329","07_report/CpG_context_sampling_31126_329_trimmed_bismark_bt2.CpG",10773,7797,2976,10773
"18330","07_report/CpG_context_sampling_31126_330_trimmed_bismark_bt2.CpG",10928,7810,3118,10928
"18331","07_report/CpG_context_sampling_31126_331_trimmed_bismark_bt2.CpG",10799,7675,3124,10799
"18332","07_report/CpG_context_sampling_31126_332_trimmed_bismark_bt2.CpG",10734,7681,3053,10734
"18333","07_report/CpG_context_sampling_31126_333_trimmed_bismark_bt2.CpG",10835,7767,3068,10835
"18334","07_report/CpG_context_sampling_31126_334_trimmed_bismark_bt2.CpG",10927,7865,3062,10927
"18335","07_report/CpG_context_sampling_31126_335_trimmed_bismark_bt2.CpG",10675,7662,3013,10675
"18336","07_report/CpG_context_sampling_31126_336_trimmed_bismark_bt2.CpG",10787,7640,3147,10787
"18337","07_report/CpG_context_sampling_31126_337_trimmed_bismark_bt2.CpG",10651,7659,2992,10651
"18338","07_report/CpG_context_sampling_31126_338_trimmed_bismark_bt2.CpG",10814,7723,3091,10814
"18339","07_report/CpG_context_sampling_31126_339_trimmed_bismark_bt2.CpG",10793,7709,3084,10793
"18340","07_report/CpG_context_sampling_31126_340_trimmed_bismark_bt2.CpG",10797,7766,3031,10797
"18341","07_report/CpG_context_sampling_31126_341_trimmed_bismark_bt2.CpG",10856,7718,3138,10856
"18342","07_report/CpG_context_sampling_31126_342_trimmed_bismark_bt2.CpG",10594,7668,2926,10594
"18343","07_report/CpG_context_sampling_31126_343_trimmed_bismark_bt2.CpG",10773,7682,3091,10773
"18344","07_report/CpG_context_sampling_31126_344_trimmed_bismark_bt2.CpG",10661,7630,3031,10661
"18345","07_report/CpG_context_sampling_31126_345_trimmed_bismark_bt2.CpG",10878,7778,3100,10878
"18346","07_report/CpG_context_sampling_31126_346_trimmed_bismark_bt2.CpG",10822,7728,3094,10822
"18347","07_report/CpG_context_sampling_31126_347_trimmed_bismark_bt2.CpG",10828,7875,2953,10828
"18348","07_report/CpG_context_sampling_31126_348_trimmed_bismark_bt2.CpG",10647,7632,3015,10647
"18349","07_report/CpG_context_sampling_31126_349_trimmed_bismark_bt2.CpG",10653,7524,3129,10653
"18350","07_report/CpG_context_sampling_31126_350_trimmed_bismark_bt2.CpG",10807,7689,3118,10807
"18351","07_report/CpG_context_sampling_31126_351_trimmed_bismark_bt2.CpG",10845,7766,3079,10845
"18352","07_report/CpG_context_sampling_31126_352_trimmed_bismark_bt2.CpG",10956,7899,3057,10956
"18353","07_report/CpG_context_sampling_31126_353_trimmed_bismark_bt2.CpG",10922,7881,3041,10922
"18354","07_report/CpG_context_sampling_31126_354_trimmed_bismark_bt2.CpG",10944,7857,3087,10944
"18355","07_report/CpG_context_sampling_31126_355_trimmed_bismark_bt2.CpG",10792,7734,3058,10792
"18356","07_report/CpG_context_sampling_31126_356_trimmed_bismark_bt2.CpG",10742,7631,3111,10742
"18357","07_report/CpG_context_sampling_31126_357_trimmed_bismark_bt2.CpG",10807,7694,3113,10807
"18358","07_report/CpG_context_sampling_31126_358_trimmed_bismark_bt2.CpG",10799,7724,3075,10799
"18359","07_report/CpG_context_sampling_31126_359_trimmed_bismark_bt2.CpG",10818,7739,3079,10818
"18360","07_report/CpG_context_sampling_31126_360_trimmed_bismark_bt2.CpG",10652,7613,3039,10652
"18361","07_report/CpG_context_sampling_31126_361_trimmed_bismark_bt2.CpG",10892,7816,3076,10892
"18362","07_report/CpG_context_sampling_31126_362_trimmed_bismark_bt2.CpG",10866,7684,3182,10866
"18363","07_report/CpG_context_sampling_31126_363_trimmed_bismark_bt2.CpG",10921,7773,3148,10921
"18364","07_report/CpG_context_sampling_31126_364_trimmed_bismark_bt2.CpG",10899,7832,3067,10899
"18365","07_report/CpG_context_sampling_31126_365_trimmed_bismark_bt2.CpG",10738,7672,3066,10738
"18366","07_report/CpG_context_sampling_31126_366_trimmed_bismark_bt2.CpG",10700,7656,3044,10700
"18367","07_report/CpG_context_sampling_31126_367_trimmed_bismark_bt2.CpG",10816,7709,3107,10816
"18368","07_report/CpG_context_sampling_31126_368_trimmed_bismark_bt2.CpG",10776,7747,3029,10776
"18369","07_report/CpG_context_sampling_31126_369_trimmed_bismark_bt2.CpG",10898,7867,3031,10898
"18370","07_report/CpG_context_sampling_31126_370_trimmed_bismark_bt2.CpG",10767,7735,3032,10767
"18371","07_report/CpG_context_sampling_31126_371_trimmed_bismark_bt2.CpG",10679,7640,3039,10679
"18372","07_report/CpG_context_sampling_31126_372_trimmed_bismark_bt2.CpG",10818,7739,3079,10818
"18373","07_report/CpG_context_sampling_31126_373_trimmed_bismark_bt2.CpG",10731,7652,3079,10731
"18374","07_report/CpG_context_sampling_31126_374_trimmed_bismark_bt2.CpG",10925,7806,3119,10925
"18375","07_report/CpG_context_sampling_31126_375_trimmed_bismark_bt2.CpG",10940,7874,3066,10940
"18376","07_report/CpG_context_sampling_31126_376_trimmed_bismark_bt2.CpG",10672,7633,3039,10672
"18377","07_report/CpG_context_sampling_31126_377_trimmed_bismark_bt2.CpG",10706,7747,2959,10706
"18378","07_report/CpG_context_sampling_31126_378_trimmed_bismark_bt2.CpG",10856,7705,3151,10856
"18379","07_report/CpG_context_sampling_31126_379_trimmed_bismark_bt2.CpG",10720,7611,3109,10720
"18380","07_report/CpG_context_sampling_31126_380_trimmed_bismark_bt2.CpG",10665,7675,2990,10665
"18381","07_report/CpG_context_sampling_31126_381_trimmed_bismark_bt2.CpG",10729,7625,3104,10729
"18382","07_report/CpG_context_sampling_31126_382_trimmed_bismark_bt2.CpG",10776,7649,3127,10776
"18383","07_report/CpG_context_sampling_31126_383_trimmed_bismark_bt2.CpG",10707,7513,3194,10707
"18384","07_report/CpG_context_sampling_31126_384_trimmed_bismark_bt2.CpG",10730,7585,3145,10730
"18385","07_report/CpG_context_sampling_31126_385_trimmed_bismark_bt2.CpG",10812,7693,3119,10812
"18386","07_report/CpG_context_sampling_31126_386_trimmed_bismark_bt2.CpG",10802,7673,3129,10802
"18387","07_report/CpG_context_sampling_31126_387_trimmed_bismark_bt2.CpG",10803,7786,3017,10803
"18388","07_report/CpG_context_sampling_31126_388_trimmed_bismark_bt2.CpG",10909,7768,3141,10909
"18389","07_report/CpG_context_sampling_31126_389_trimmed_bismark_bt2.CpG",10847,7742,3105,10847
"18390","07_report/CpG_context_sampling_31126_390_trimmed_bismark_bt2.CpG",10827,7730,3097,10827
"18391","07_report/CpG_context_sampling_31126_391_trimmed_bismark_bt2.CpG",10848,7744,3104,10848
"18392","07_report/CpG_context_sampling_31126_392_trimmed_bismark_bt2.CpG",10732,7674,3058,10732
"18393","07_report/CpG_context_sampling_31126_393_trimmed_bismark_bt2.CpG",10768,7643,3125,10768
"18394","07_report/CpG_context_sampling_31126_394_trimmed_bismark_bt2.CpG",10746,7716,3030,10746
"18395","07_report/CpG_context_sampling_31126_395_trimmed_bismark_bt2.CpG",10836,7747,3089,10836
"18396","07_report/CpG_context_sampling_31126_396_trimmed_bismark_bt2.CpG",10916,7801,3115,10916
"18397","07_report/CpG_context_sampling_31126_397_trimmed_bismark_bt2.CpG",10774,7775,2999,10774
"18398","07_report/CpG_context_sampling_31126_398_trimmed_bismark_bt2.CpG",10727,7723,3004,10727
"18399","07_report/CpG_context_sampling_31126_399_trimmed_bismark_bt2.CpG",10935,7871,3064,10935
"18400","07_report/CpG_context_sampling_31126_400_trimmed_bismark_bt2.CpG",10793,7705,3088,10793
"18401","07_report/CpG_context_sampling_31126_401_trimmed_bismark_bt2.CpG",10861,7759,3102,10861
"18402","07_report/CpG_context_sampling_31126_402_trimmed_bismark_bt2.CpG",10720,7645,3075,10720
"18403","07_report/CpG_context_sampling_31126_403_trimmed_bismark_bt2.CpG",10998,7749,3249,10998
"18404","07_report/CpG_context_sampling_31126_404_trimmed_bismark_bt2.CpG",10835,7700,3135,10835
"18405","07_report/CpG_context_sampling_31126_405_trimmed_bismark_bt2.CpG",10799,7762,3037,10799
"18406","07_report/CpG_context_sampling_31126_406_trimmed_bismark_bt2.CpG",10810,7757,3053,10810
"18407","07_report/CpG_context_sampling_31126_407_trimmed_bismark_bt2.CpG",10864,7789,3075,10864
"18408","07_report/CpG_context_sampling_31126_408_trimmed_bismark_bt2.CpG",10874,7741,3133,10874
"18409","07_report/CpG_context_sampling_31126_409_trimmed_bismark_bt2.CpG",10813,7730,3083,10813
"18410","07_report/CpG_context_sampling_31126_410_trimmed_bismark_bt2.CpG",10777,7689,3088,10777
"18411","07_report/CpG_context_sampling_31126_411_trimmed_bismark_bt2.CpG",10752,7660,3092,10752
"18412","07_report/CpG_context_sampling_31126_412_trimmed_bismark_bt2.CpG",10622,7557,3065,10622
"18413","07_report/CpG_context_sampling_31126_413_trimmed_bismark_bt2.CpG",10812,7789,3023,10812
"18414","07_report/CpG_context_sampling_31126_414_trimmed_bismark_bt2.CpG",10787,7690,3097,10787
"18415","07_report/CpG_context_sampling_31126_415_trimmed_bismark_bt2.CpG",10806,7699,3107,10806
"18416","07_report/CpG_context_sampling_31126_416_trimmed_bismark_bt2.CpG",10744,7673,3071,10744
"18417","07_report/CpG_context_sampling_31126_417_trimmed_bismark_bt2.CpG",10806,7802,3004,10806
"18418","07_report/CpG_context_sampling_31126_418_trimmed_bismark_bt2.CpG",10765,7662,3103,10765
"18419","07_report/CpG_context_sampling_31126_419_trimmed_bismark_bt2.CpG",10737,7644,3093,10737
"18420","07_report/CpG_context_sampling_31126_420_trimmed_bismark_bt2.CpG",10805,7717,3088,10805
"18421","07_report/CpG_context_sampling_31126_421_trimmed_bismark_bt2.CpG",10808,7765,3043,10808
"18422","07_report/CpG_context_sampling_31126_422_trimmed_bismark_bt2.CpG",10862,7744,3118,10862
"18423","07_report/CpG_context_sampling_31126_423_trimmed_bismark_bt2.CpG",10748,7721,3027,10748
"18424","07_report/CpG_context_sampling_31126_424_trimmed_bismark_bt2.CpG",10895,7828,3067,10895
"18425","07_report/CpG_context_sampling_31126_425_trimmed_bismark_bt2.CpG",10644,7606,3038,10644
"18426","07_report/CpG_context_sampling_31126_426_trimmed_bismark_bt2.CpG",10732,7688,3044,10732
"18427","07_report/CpG_context_sampling_31126_427_trimmed_bismark_bt2.CpG",10799,7701,3098,10799
"18428","07_report/CpG_context_sampling_31126_428_trimmed_bismark_bt2.CpG",10691,7562,3129,10691
"18429","07_report/CpG_context_sampling_31126_429_trimmed_bismark_bt2.CpG",10625,7566,3059,10625
"18430","07_report/CpG_context_sampling_31126_430_trimmed_bismark_bt2.CpG",10745,7719,3026,10745
"18431","07_report/CpG_context_sampling_31126_431_trimmed_bismark_bt2.CpG",10688,7676,3012,10688
"18432","07_report/CpG_context_sampling_31126_432_trimmed_bismark_bt2.CpG",10893,7805,3088,10893
"18433","07_report/CpG_context_sampling_31126_433_trimmed_bismark_bt2.CpG",10915,7761,3154,10915
"18434","07_report/CpG_context_sampling_31126_434_trimmed_bismark_bt2.CpG",10892,7762,3130,10892
"18435","07_report/CpG_context_sampling_31126_435_trimmed_bismark_bt2.CpG",10732,7743,2989,10732
"18436","07_report/CpG_context_sampling_31126_436_trimmed_bismark_bt2.CpG",10861,7809,3052,10861
"18437","07_report/CpG_context_sampling_31126_437_trimmed_bismark_bt2.CpG",10752,7636,3116,10752
"18438","07_report/CpG_context_sampling_31126_438_trimmed_bismark_bt2.CpG",10749,7657,3092,10749
"18439","07_report/CpG_context_sampling_31126_439_trimmed_bismark_bt2.CpG",10713,7675,3038,10713
"18440","07_report/CpG_context_sampling_31126_440_trimmed_bismark_bt2.CpG",10599,7573,3026,10599
"18441","07_report/CpG_context_sampling_31126_441_trimmed_bismark_bt2.CpG",10722,7657,3065,10722
"18442","07_report/CpG_context_sampling_31126_442_trimmed_bismark_bt2.CpG",10925,7779,3146,10925
"18443","07_report/CpG_context_sampling_31126_443_trimmed_bismark_bt2.CpG",10715,7733,2982,10715
"18444","07_report/CpG_context_sampling_31126_444_trimmed_bismark_bt2.CpG",10728,7685,3043,10728
"18445","07_report/CpG_context_sampling_31126_445_trimmed_bismark_bt2.CpG",10751,7721,3030,10751
"18446","07_report/CpG_context_sampling_31126_446_trimmed_bismark_bt2.CpG",10675,7567,3108,10675
"18447","07_report/CpG_context_sampling_31126_447_trimmed_bismark_bt2.CpG",10771,7666,3105,10771
"18448","07_report/CpG_context_sampling_31126_448_trimmed_bismark_bt2.CpG",10881,7889,2992,10881
"18449","07_report/CpG_context_sampling_31126_449_trimmed_bismark_bt2.CpG",10741,7659,3082,10741
"18450","07_report/CpG_context_sampling_31126_450_trimmed_bismark_bt2.CpG",10630,7585,3045,10630
"18451","07_report/CpG_context_sampling_31126_451_trimmed_bismark_bt2.CpG",10909,7802,3107,10909
"18452","07_report/CpG_context_sampling_31126_452_trimmed_bismark_bt2.CpG",10776,7692,3084,10776
"18453","07_report/CpG_context_sampling_31126_453_trimmed_bismark_bt2.CpG",10817,7759,3058,10817
"18454","07_report/CpG_context_sampling_31126_454_trimmed_bismark_bt2.CpG",10865,7707,3158,10865
"18455","07_report/CpG_context_sampling_31126_455_trimmed_bismark_bt2.CpG",10741,7671,3070,10741
"18456","07_report/CpG_context_sampling_31126_456_trimmed_bismark_bt2.CpG",10724,7699,3025,10724
"18457","07_report/CpG_context_sampling_31126_457_trimmed_bismark_bt2.CpG",10771,7632,3139,10771
"18458","07_report/CpG_context_sampling_31126_458_trimmed_bismark_bt2.CpG",10941,7825,3116,10941
"18459","07_report/CpG_context_sampling_31126_459_trimmed_bismark_bt2.CpG",11006,7970,3036,11006
"18460","07_report/CpG_context_sampling_31126_460_trimmed_bismark_bt2.CpG",10772,7639,3133,10772
"18461","07_report/CpG_context_sampling_31126_461_trimmed_bismark_bt2.CpG",10798,7660,3138,10798
"18462","07_report/CpG_context_sampling_31126_462_trimmed_bismark_bt2.CpG",10925,7826,3099,10925
"18463","07_report/CpG_context_sampling_31126_463_trimmed_bismark_bt2.CpG",10741,7690,3051,10741
"18464","07_report/CpG_context_sampling_31126_464_trimmed_bismark_bt2.CpG",10681,7719,2962,10681
"18465","07_report/CpG_context_sampling_31126_465_trimmed_bismark_bt2.CpG",10758,7648,3110,10758
"18466","07_report/CpG_context_sampling_31126_466_trimmed_bismark_bt2.CpG",10899,7799,3100,10899
"18467","07_report/CpG_context_sampling_31126_467_trimmed_bismark_bt2.CpG",10798,7656,3142,10798
"18468","07_report/CpG_context_sampling_31126_468_trimmed_bismark_bt2.CpG",10900,7755,3145,10900
"18469","07_report/CpG_context_sampling_31126_469_trimmed_bismark_bt2.CpG",10805,7812,2993,10805
"18470","07_report/CpG_context_sampling_31126_470_trimmed_bismark_bt2.CpG",10679,7586,3093,10679
"18471","07_report/CpG_context_sampling_31126_471_trimmed_bismark_bt2.CpG",10779,7680,3099,10779
"18472","07_report/CpG_context_sampling_31126_472_trimmed_bismark_bt2.CpG",10699,7649,3050,10699
"18473","07_report/CpG_context_sampling_31126_473_trimmed_bismark_bt2.CpG",10652,7602,3050,10652
"18474","07_report/CpG_context_sampling_31126_474_trimmed_bismark_bt2.CpG",10739,7645,3094,10739
"18475","07_report/CpG_context_sampling_31126_475_trimmed_bismark_bt2.CpG",10671,7626,3045,10671
"18476","07_report/CpG_context_sampling_31126_476_trimmed_bismark_bt2.CpG",10879,7714,3165,10879
"18477","07_report/CpG_context_sampling_31126_477_trimmed_bismark_bt2.CpG",10833,7740,3093,10833
"18478","07_report/CpG_context_sampling_31126_478_trimmed_bismark_bt2.CpG",10730,7652,3078,10730
"18479","07_report/CpG_context_sampling_31126_479_trimmed_bismark_bt2.CpG",10735,7689,3046,10735
"18480","07_report/CpG_context_sampling_31126_480_trimmed_bismark_bt2.CpG",10940,7813,3127,10940
"18481","07_report/CpG_context_sampling_31126_481_trimmed_bismark_bt2.CpG",10909,7749,3160,10909
"18482","07_report/CpG_context_sampling_31126_482_trimmed_bismark_bt2.CpG",10820,7751,3069,10820
"18483","07_report/CpG_context_sampling_31126_483_trimmed_bismark_bt2.CpG",10768,7700,3068,10768
"18484","07_report/CpG_context_sampling_31126_484_trimmed_bismark_bt2.CpG",10763,7693,3070,10763
"18485","07_report/CpG_context_sampling_31126_485_trimmed_bismark_bt2.CpG",10880,7856,3024,10880
"18486","07_report/CpG_context_sampling_31126_486_trimmed_bismark_bt2.CpG",10839,7787,3052,10839
"18487","07_report/CpG_context_sampling_31126_487_trimmed_bismark_bt2.CpG",10773,7648,3125,10773
"18488","07_report/CpG_context_sampling_31126_488_trimmed_bismark_bt2.CpG",10703,7559,3144,10703
"18489","07_report/CpG_context_sampling_31126_489_trimmed_bismark_bt2.CpG",10764,7702,3062,10764
"18490","07_report/CpG_context_sampling_31126_490_trimmed_bismark_bt2.CpG",10959,7800,3159,10959
"18491","07_report/CpG_context_sampling_31126_491_trimmed_bismark_bt2.CpG",10752,7693,3059,10752
"18492","07_report/CpG_context_sampling_31126_492_trimmed_bismark_bt2.CpG",10813,7764,3049,10813
"18493","07_report/CpG_context_sampling_31126_493_trimmed_bismark_bt2.CpG",10832,7777,3055,10832
"18494","07_report/CpG_context_sampling_31126_494_trimmed_bismark_bt2.CpG",10749,7724,3025,10749
"18495","07_report/CpG_context_sampling_31126_495_trimmed_bismark_bt2.CpG",10692,7599,3093,10692
"18496","07_report/CpG_context_sampling_31126_496_trimmed_bismark_bt2.CpG",10884,7768,3116,10884
"18497","07_report/CpG_context_sampling_31126_497_trimmed_bismark_bt2.CpG",10829,7716,3113,10829
"18498","07_report/CpG_context_sampling_31126_498_trimmed_bismark_bt2.CpG",10900,7783,3117,10900
"18499","07_report/CpG_context_sampling_31126_499_trimmed_bismark_bt2.CpG",10732,7723,3009,10732
"18500","07_report/CpG_context_sampling_31126_500_trimmed_bismark_bt2.CpG",10883,7735,3148,10883
"18501","07_report/CpG_context_sampling_31126_501_trimmed_bismark_bt2.CpG",10714,7612,3102,10714
"18502","07_report/CpG_context_sampling_31126_502_trimmed_bismark_bt2.CpG",10760,7707,3053,10760
"18503","07_report/CpG_context_sampling_31126_503_trimmed_bismark_bt2.CpG",10647,7574,3073,10647
"18504","07_report/CpG_context_sampling_31126_504_trimmed_bismark_bt2.CpG",10712,7746,2966,10712
"18505","07_report/CpG_context_sampling_31126_505_trimmed_bismark_bt2.CpG",10813,7741,3072,10813
"18506","07_report/CpG_context_sampling_31126_506_trimmed_bismark_bt2.CpG",10846,7757,3089,10846
"18507","07_report/CpG_context_sampling_31126_507_trimmed_bismark_bt2.CpG",10676,7658,3018,10676
"18508","07_report/CpG_context_sampling_31126_508_trimmed_bismark_bt2.CpG",10913,7754,3159,10913
"18509","07_report/CpG_context_sampling_31126_509_trimmed_bismark_bt2.CpG",10814,7762,3052,10814
"18510","07_report/CpG_context_sampling_31126_510_trimmed_bismark_bt2.CpG",10777,7676,3101,10777
"18511","07_report/CpG_context_sampling_31126_511_trimmed_bismark_bt2.CpG",10806,7766,3040,10806
"18512","07_report/CpG_context_sampling_31126_512_trimmed_bismark_bt2.CpG",11009,7890,3119,11009
"18513","07_report/CpG_context_sampling_31126_513_trimmed_bismark_bt2.CpG",10730,7671,3059,10730
"18514","07_report/CpG_context_sampling_31126_514_trimmed_bismark_bt2.CpG",10767,7653,3114,10767
"18515","07_report/CpG_context_sampling_31126_515_trimmed_bismark_bt2.CpG",10920,7751,3169,10920
"18516","07_report/CpG_context_sampling_31126_516_trimmed_bismark_bt2.CpG",10779,7688,3091,10779
"18517","07_report/CpG_context_sampling_31126_517_trimmed_bismark_bt2.CpG",10912,7794,3118,10912
"18518","07_report/CpG_context_sampling_31126_518_trimmed_bismark_bt2.CpG",10869,7735,3134,10869
"18519","07_report/CpG_context_sampling_31126_519_trimmed_bismark_bt2.CpG",10813,7633,3180,10813
"18520","07_report/CpG_context_sampling_31126_520_trimmed_bismark_bt2.CpG",10837,7659,3178,10837
"18521","07_report/CpG_context_sampling_31126_521_trimmed_bismark_bt2.CpG",10648,7629,3019,10648
"18522","07_report/CpG_context_sampling_31126_522_trimmed_bismark_bt2.CpG",10962,7861,3101,10962
"18523","07_report/CpG_context_sampling_31126_523_trimmed_bismark_bt2.CpG",10753,7713,3040,10753
"18524","07_report/CpG_context_sampling_31126_524_trimmed_bismark_bt2.CpG",10924,7758,3166,10924
"18525","07_report/CpG_context_sampling_31126_525_trimmed_bismark_bt2.CpG",10890,7859,3031,10890
"18526","07_report/CpG_context_sampling_31126_526_trimmed_bismark_bt2.CpG",10704,7624,3080,10704
"18527","07_report/CpG_context_sampling_31126_527_trimmed_bismark_bt2.CpG",10698,7663,3035,10698
"18528","07_report/CpG_context_sampling_31126_528_trimmed_bismark_bt2.CpG",10812,7733,3079,10812
"18529","07_report/CpG_context_sampling_31126_529_trimmed_bismark_bt2.CpG",10953,7774,3179,10953
"18530","07_report/CpG_context_sampling_31126_530_trimmed_bismark_bt2.CpG",10813,7713,3100,10813
"18531","07_report/CpG_context_sampling_31126_531_trimmed_bismark_bt2.CpG",10723,7750,2973,10723
"18532","07_report/CpG_context_sampling_31126_532_trimmed_bismark_bt2.CpG",10868,7786,3082,10868
"18533","07_report/CpG_context_sampling_31126_533_trimmed_bismark_bt2.CpG",10701,7728,2973,10701
"18534","07_report/CpG_context_sampling_31126_534_trimmed_bismark_bt2.CpG",10726,7660,3066,10726
"18535","07_report/CpG_context_sampling_31126_535_trimmed_bismark_bt2.CpG",10575,7494,3081,10575
"18536","07_report/CpG_context_sampling_31126_536_trimmed_bismark_bt2.CpG",10850,7764,3086,10850
"18537","07_report/CpG_context_sampling_31126_537_trimmed_bismark_bt2.CpG",10746,7667,3079,10746
"18538","07_report/CpG_context_sampling_31126_538_trimmed_bismark_bt2.CpG",10707,7643,3064,10707
"18539","07_report/CpG_context_sampling_31126_539_trimmed_bismark_bt2.CpG",10675,7655,3020,10675
"18540","07_report/CpG_context_sampling_31126_540_trimmed_bismark_bt2.CpG",10896,7807,3089,10896
"18541","07_report/CpG_context_sampling_31126_541_trimmed_bismark_bt2.CpG",10841,7761,3080,10841
"18542","07_report/CpG_context_sampling_31126_542_trimmed_bismark_bt2.CpG",10721,7645,3076,10721
"18543","07_report/CpG_context_sampling_31126_543_trimmed_bismark_bt2.CpG",10886,7849,3037,10886
"18544","07_report/CpG_context_sampling_31126_544_trimmed_bismark_bt2.CpG",10670,7550,3120,10670
"18545","07_report/CpG_context_sampling_31126_545_trimmed_bismark_bt2.CpG",10797,7670,3127,10797
"18546","07_report/CpG_context_sampling_31126_546_trimmed_bismark_bt2.CpG",10834,7758,3076,10834
"18547","07_report/CpG_context_sampling_31126_547_trimmed_bismark_bt2.CpG",10718,7637,3081,10718
"18548","07_report/CpG_context_sampling_31126_548_trimmed_bismark_bt2.CpG",11093,7903,3190,11093
"18549","07_report/CpG_context_sampling_31126_549_trimmed_bismark_bt2.CpG",10871,7745,3126,10871
"18550","07_report/CpG_context_sampling_31126_550_trimmed_bismark_bt2.CpG",10654,7594,3060,10654
"18551","07_report/CpG_context_sampling_31126_551_trimmed_bismark_bt2.CpG",10823,7726,3097,10823
"18552","07_report/CpG_context_sampling_31126_552_trimmed_bismark_bt2.CpG",10746,7664,3082,10746
"18553","07_report/CpG_context_sampling_31126_553_trimmed_bismark_bt2.CpG",10754,7650,3104,10754
"18554","07_report/CpG_context_sampling_31126_554_trimmed_bismark_bt2.CpG",10908,7825,3083,10908
"18555","07_report/CpG_context_sampling_31126_555_trimmed_bismark_bt2.CpG",10810,7643,3167,10810
"18556","07_report/CpG_context_sampling_31126_556_trimmed_bismark_bt2.CpG",10801,7750,3051,10801
"18557","07_report/CpG_context_sampling_31126_557_trimmed_bismark_bt2.CpG",10735,7773,2962,10735
"18558","07_report/CpG_context_sampling_31126_558_trimmed_bismark_bt2.CpG",10765,7826,2939,10765
"18559","07_report/CpG_context_sampling_31126_559_trimmed_bismark_bt2.CpG",10725,7733,2992,10725
"18560","07_report/CpG_context_sampling_31126_560_trimmed_bismark_bt2.CpG",10871,7723,3148,10871
"18561","07_report/CpG_context_sampling_31126_561_trimmed_bismark_bt2.CpG",10764,7698,3066,10764
"18562","07_report/CpG_context_sampling_31126_562_trimmed_bismark_bt2.CpG",10645,7583,3062,10645
"18563","07_report/CpG_context_sampling_31126_563_trimmed_bismark_bt2.CpG",10779,7630,3149,10779
"18564","07_report/CpG_context_sampling_31126_564_trimmed_bismark_bt2.CpG",10798,7699,3099,10798
"18565","07_report/CpG_context_sampling_31126_565_trimmed_bismark_bt2.CpG",10874,7741,3133,10874
"18566","07_report/CpG_context_sampling_31126_566_trimmed_bismark_bt2.CpG",10829,7750,3079,10829
"18567","07_report/CpG_context_sampling_31126_567_trimmed_bismark_bt2.CpG",10981,7809,3172,10981
"18568","07_report/CpG_context_sampling_31126_568_trimmed_bismark_bt2.CpG",10731,7679,3052,10731
"18569","07_report/CpG_context_sampling_31126_569_trimmed_bismark_bt2.CpG",10811,7776,3035,10811
"18570","07_report/CpG_context_sampling_31126_570_trimmed_bismark_bt2.CpG",10625,7661,2964,10625
"18571","07_report/CpG_context_sampling_31126_571_trimmed_bismark_bt2.CpG",10813,7669,3144,10813
"18572","07_report/CpG_context_sampling_31126_572_trimmed_bismark_bt2.CpG",10844,7862,2982,10844
"18573","07_report/CpG_context_sampling_31126_573_trimmed_bismark_bt2.CpG",10668,7602,3066,10668
"18574","07_report/CpG_context_sampling_31126_574_trimmed_bismark_bt2.CpG",10804,7706,3098,10804
"18575","07_report/CpG_context_sampling_31126_575_trimmed_bismark_bt2.CpG",10771,7677,3094,10771
"18576","07_report/CpG_context_sampling_31126_576_trimmed_bismark_bt2.CpG",10927,7818,3109,10927
"18577","07_report/CpG_context_sampling_31126_577_trimmed_bismark_bt2.CpG",10866,7744,3122,10866
"18578","07_report/CpG_context_sampling_31126_578_trimmed_bismark_bt2.CpG",10904,7729,3175,10904
"18579","07_report/CpG_context_sampling_31126_579_trimmed_bismark_bt2.CpG",10719,7632,3087,10719
"18580","07_report/CpG_context_sampling_31126_580_trimmed_bismark_bt2.CpG",10715,7687,3028,10715
"18581","07_report/CpG_context_sampling_31126_581_trimmed_bismark_bt2.CpG",10841,7840,3001,10841
"18582","07_report/CpG_context_sampling_31126_582_trimmed_bismark_bt2.CpG",10684,7656,3028,10684
"18583","07_report/CpG_context_sampling_31126_583_trimmed_bismark_bt2.CpG",10924,7896,3028,10924
"18584","07_report/CpG_context_sampling_31126_584_trimmed_bismark_bt2.CpG",10759,7647,3112,10759
"18585","07_report/CpG_context_sampling_31126_585_trimmed_bismark_bt2.CpG",10804,7789,3015,10804
"18586","07_report/CpG_context_sampling_31126_586_trimmed_bismark_bt2.CpG",10864,7740,3124,10864
"18587","07_report/CpG_context_sampling_31126_587_trimmed_bismark_bt2.CpG",10663,7614,3049,10663
"18588","07_report/CpG_context_sampling_31126_588_trimmed_bismark_bt2.CpG",10673,7626,3047,10673
"18589","07_report/CpG_context_sampling_31126_589_trimmed_bismark_bt2.CpG",10772,7703,3069,10772
"18590","07_report/CpG_context_sampling_31126_590_trimmed_bismark_bt2.CpG",10659,7628,3031,10659
"18591","07_report/CpG_context_sampling_31126_591_trimmed_bismark_bt2.CpG",10860,7782,3078,10860
"18592","07_report/CpG_context_sampling_31126_592_trimmed_bismark_bt2.CpG",10841,7773,3068,10841
"18593","07_report/CpG_context_sampling_31126_593_trimmed_bismark_bt2.CpG",10878,7764,3114,10878
"18594","07_report/CpG_context_sampling_31126_594_trimmed_bismark_bt2.CpG",10955,7822,3133,10955
"18595","07_report/CpG_context_sampling_31126_595_trimmed_bismark_bt2.CpG",10855,7785,3070,10855
"18596","07_report/CpG_context_sampling_31126_596_trimmed_bismark_bt2.CpG",10799,7763,3036,10799
"18597","07_report/CpG_context_sampling_31126_597_trimmed_bismark_bt2.CpG",10836,7726,3110,10836
"18598","07_report/CpG_context_sampling_31126_598_trimmed_bismark_bt2.CpG",10743,7703,3040,10743
"18599","07_report/CpG_context_sampling_31126_599_trimmed_bismark_bt2.CpG",10726,7684,3042,10726
"18600","07_report/CpG_context_sampling_31126_600_trimmed_bismark_bt2.CpG",10789,7660,3129,10789
"18601","07_report/CpG_context_sampling_31126_601_trimmed_bismark_bt2.CpG",10833,7756,3077,10833
"18602","07_report/CpG_context_sampling_31126_602_trimmed_bismark_bt2.CpG",10745,7652,3093,10745
"18603","07_report/CpG_context_sampling_31126_603_trimmed_bismark_bt2.CpG",10864,7823,3041,10864
"18604","07_report/CpG_context_sampling_31126_604_trimmed_bismark_bt2.CpG",10687,7668,3019,10687
"18605","07_report/CpG_context_sampling_31126_605_trimmed_bismark_bt2.CpG",10821,7778,3043,10821
"18606","07_report/CpG_context_sampling_31126_606_trimmed_bismark_bt2.CpG",10889,7829,3060,10889
"18607","07_report/CpG_context_sampling_31126_607_trimmed_bismark_bt2.CpG",10842,7735,3107,10842
"18608","07_report/CpG_context_sampling_31126_608_trimmed_bismark_bt2.CpG",10617,7680,2937,10617
"18609","07_report/CpG_context_sampling_31126_609_trimmed_bismark_bt2.CpG",10873,7806,3067,10873
"18610","07_report/CpG_context_sampling_31126_610_trimmed_bismark_bt2.CpG",10815,7807,3008,10815
"18611","07_report/CpG_context_sampling_31126_611_trimmed_bismark_bt2.CpG",10869,7798,3071,10869
"18612","07_report/CpG_context_sampling_31126_612_trimmed_bismark_bt2.CpG",10625,7622,3003,10625
"18613","07_report/CpG_context_sampling_31126_613_trimmed_bismark_bt2.CpG",10975,7786,3189,10975
"18614","07_report/CpG_context_sampling_31126_614_trimmed_bismark_bt2.CpG",10716,7626,3090,10716
"18615","07_report/CpG_context_sampling_31126_615_trimmed_bismark_bt2.CpG",10695,7666,3029,10695
"18616","07_report/CpG_context_sampling_31126_616_trimmed_bismark_bt2.CpG",10748,7713,3035,10748
"18617","07_report/CpG_context_sampling_31126_617_trimmed_bismark_bt2.CpG",10891,7830,3061,10891
"18618","07_report/CpG_context_sampling_31126_618_trimmed_bismark_bt2.CpG",10659,7659,3000,10659
"18619","07_report/CpG_context_sampling_31126_619_trimmed_bismark_bt2.CpG",10742,7655,3087,10742
"18620","07_report/CpG_context_sampling_31126_620_trimmed_bismark_bt2.CpG",10889,7869,3020,10889
"18621","07_report/CpG_context_sampling_31126_621_trimmed_bismark_bt2.CpG",10726,7727,2999,10726
"18622","07_report/CpG_context_sampling_31126_622_trimmed_bismark_bt2.CpG",10828,7783,3045,10828
"18623","07_report/CpG_context_sampling_31126_623_trimmed_bismark_bt2.CpG",10803,7810,2993,10803
"18624","07_report/CpG_context_sampling_31126_624_trimmed_bismark_bt2.CpG",10622,7557,3065,10622
"18625","07_report/CpG_context_sampling_31126_625_trimmed_bismark_bt2.CpG",10939,7786,3153,10939
"18626","07_report/CpG_context_sampling_31126_626_trimmed_bismark_bt2.CpG",10874,7760,3114,10874
"18627","07_report/CpG_context_sampling_31126_627_trimmed_bismark_bt2.CpG",10697,7657,3040,10697
"18628","07_report/CpG_context_sampling_31126_628_trimmed_bismark_bt2.CpG",10780,7706,3074,10780
"18629","07_report/CpG_context_sampling_31126_629_trimmed_bismark_bt2.CpG",10933,7830,3103,10933
"18630","07_report/CpG_context_sampling_31126_630_trimmed_bismark_bt2.CpG",10768,7682,3086,10768
"18631","07_report/CpG_context_sampling_31126_631_trimmed_bismark_bt2.CpG",10642,7597,3045,10642
"18632","07_report/CpG_context_sampling_31126_632_trimmed_bismark_bt2.CpG",10737,7671,3066,10737
"18633","07_report/CpG_context_sampling_31126_633_trimmed_bismark_bt2.CpG",10720,7733,2987,10720
"18634","07_report/CpG_context_sampling_31126_634_trimmed_bismark_bt2.CpG",10785,7766,3019,10785
"18635","07_report/CpG_context_sampling_31126_635_trimmed_bismark_bt2.CpG",10776,7737,3039,10776
"18636","07_report/CpG_context_sampling_31126_636_trimmed_bismark_bt2.CpG",10789,7637,3152,10789
"18637","07_report/CpG_context_sampling_31126_637_trimmed_bismark_bt2.CpG",10707,7670,3037,10707
"18638","07_report/CpG_context_sampling_31126_638_trimmed_bismark_bt2.CpG",10736,7708,3028,10736
"18639","07_report/CpG_context_sampling_31126_639_trimmed_bismark_bt2.CpG",10950,7892,3058,10950
"18640","07_report/CpG_context_sampling_31126_640_trimmed_bismark_bt2.CpG",10856,7724,3132,10856
"18641","07_report/CpG_context_sampling_31126_641_trimmed_bismark_bt2.CpG",10753,7755,2998,10753
"18642","07_report/CpG_context_sampling_31126_642_trimmed_bismark_bt2.CpG",10660,7668,2992,10660
"18643","07_report/CpG_context_sampling_31126_643_trimmed_bismark_bt2.CpG",10748,7735,3013,10748
"18644","07_report/CpG_context_sampling_31126_644_trimmed_bismark_bt2.CpG",10630,7646,2984,10630
"18645","07_report/CpG_context_sampling_31126_645_trimmed_bismark_bt2.CpG",10900,7776,3124,10900
"18646","07_report/CpG_context_sampling_31126_646_trimmed_bismark_bt2.CpG",10842,7775,3067,10842
"18647","07_report/CpG_context_sampling_31126_647_trimmed_bismark_bt2.CpG",10754,7540,3214,10754
"18648","07_report/CpG_context_sampling_31126_648_trimmed_bismark_bt2.CpG",10844,7764,3080,10844
"18649","07_report/CpG_context_sampling_31126_649_trimmed_bismark_bt2.CpG",10836,7705,3131,10836
"18650","07_report/CpG_context_sampling_31126_650_trimmed_bismark_bt2.CpG",10784,7717,3067,10784
"18651","07_report/CpG_context_sampling_31126_651_trimmed_bismark_bt2.CpG",10748,7639,3109,10748
"18652","07_report/CpG_context_sampling_31126_652_trimmed_bismark_bt2.CpG",10906,7869,3037,10906
"18653","07_report/CpG_context_sampling_31126_653_trimmed_bismark_bt2.CpG",10752,7713,3039,10752
"18654","07_report/CpG_context_sampling_31126_654_trimmed_bismark_bt2.CpG",10615,7619,2996,10615
"18655","07_report/CpG_context_sampling_31126_655_trimmed_bismark_bt2.CpG",10813,7679,3134,10813
"18656","07_report/CpG_context_sampling_31126_656_trimmed_bismark_bt2.CpG",10863,7752,3111,10863
"18657","07_report/CpG_context_sampling_31126_657_trimmed_bismark_bt2.CpG",10817,7717,3100,10817
"18658","07_report/CpG_context_sampling_31126_658_trimmed_bismark_bt2.CpG",10927,7767,3160,10927
"18659","07_report/CpG_context_sampling_31126_659_trimmed_bismark_bt2.CpG",10846,7803,3043,10846
"18660","07_report/CpG_context_sampling_31126_660_trimmed_bismark_bt2.CpG",10853,7744,3109,10853
"18661","07_report/CpG_context_sampling_31126_661_trimmed_bismark_bt2.CpG",10728,7669,3059,10728
"18662","07_report/CpG_context_sampling_31126_662_trimmed_bismark_bt2.CpG",10833,7704,3129,10833
"18663","07_report/CpG_context_sampling_31126_663_trimmed_bismark_bt2.CpG",10740,7638,3102,10740
"18664","07_report/CpG_context_sampling_31126_664_trimmed_bismark_bt2.CpG",10782,7729,3053,10782
"18665","07_report/CpG_context_sampling_31126_665_trimmed_bismark_bt2.CpG",10703,7676,3027,10703
"18666","07_report/CpG_context_sampling_31126_666_trimmed_bismark_bt2.CpG",10733,7634,3099,10733
"18667","07_report/CpG_context_sampling_31126_667_trimmed_bismark_bt2.CpG",10941,7850,3091,10941
"18668","07_report/CpG_context_sampling_31126_668_trimmed_bismark_bt2.CpG",10764,7678,3086,10764
"18669","07_report/CpG_context_sampling_31126_669_trimmed_bismark_bt2.CpG",10844,7732,3112,10844
"18670","07_report/CpG_context_sampling_31126_670_trimmed_bismark_bt2.CpG",10774,7729,3045,10774
"18671","07_report/CpG_context_sampling_31126_671_trimmed_bismark_bt2.CpG",10781,7676,3105,10781
"18672","07_report/CpG_context_sampling_31126_672_trimmed_bismark_bt2.CpG",10908,7844,3064,10908
"18673","07_report/CpG_context_sampling_31126_673_trimmed_bismark_bt2.CpG",10742,7647,3095,10742
"18674","07_report/CpG_context_sampling_31126_674_trimmed_bismark_bt2.CpG",10868,7843,3025,10868
"18675","07_report/CpG_context_sampling_31126_675_trimmed_bismark_bt2.CpG",10786,7657,3129,10786
"18676","07_report/CpG_context_sampling_31126_676_trimmed_bismark_bt2.CpG",10712,7638,3074,10712
"18677","07_report/CpG_context_sampling_31126_677_trimmed_bismark_bt2.CpG",10862,7780,3082,10862
"18678","07_report/CpG_context_sampling_31126_678_trimmed_bismark_bt2.CpG",10826,7794,3032,10826
"18679","07_report/CpG_context_sampling_31126_679_trimmed_bismark_bt2.CpG",10841,7744,3097,10841
"18680","07_report/CpG_context_sampling_31126_680_trimmed_bismark_bt2.CpG",10829,7719,3110,10829
"18681","07_report/CpG_context_sampling_31126_681_trimmed_bismark_bt2.CpG",10708,7658,3050,10708
"18682","07_report/CpG_context_sampling_31126_682_trimmed_bismark_bt2.CpG",10793,7755,3038,10793
"18683","07_report/CpG_context_sampling_31126_683_trimmed_bismark_bt2.CpG",10699,7617,3082,10699
"18684","07_report/CpG_context_sampling_31126_684_trimmed_bismark_bt2.CpG",10827,7774,3053,10827
"18685","07_report/CpG_context_sampling_31126_685_trimmed_bismark_bt2.CpG",10835,7725,3110,10835
"18686","07_report/CpG_context_sampling_31126_686_trimmed_bismark_bt2.CpG",10786,7705,3081,10786
"18687","07_report/CpG_context_sampling_31126_687_trimmed_bismark_bt2.CpG",10681,7635,3046,10681
"18688","07_report/CpG_context_sampling_31126_688_trimmed_bismark_bt2.CpG",10825,7776,3049,10825
"18689","07_report/CpG_context_sampling_31126_689_trimmed_bismark_bt2.CpG",10867,7769,3098,10867
"18690","07_report/CpG_context_sampling_31126_690_trimmed_bismark_bt2.CpG",10836,7748,3088,10836
"18691","07_report/CpG_context_sampling_31126_691_trimmed_bismark_bt2.CpG",10742,7678,3064,10742
"18692","07_report/CpG_context_sampling_31126_692_trimmed_bismark_bt2.CpG",10764,7697,3067,10764
"18693","07_report/CpG_context_sampling_31126_693_trimmed_bismark_bt2.CpG",10806,7645,3161,10806
"18694","07_report/CpG_context_sampling_31126_694_trimmed_bismark_bt2.CpG",10780,7630,3150,10780
"18695","07_report/CpG_context_sampling_31126_695_trimmed_bismark_bt2.CpG",10751,7740,3011,10751
"18696","07_report/CpG_context_sampling_31126_696_trimmed_bismark_bt2.CpG",10787,7635,3152,10787
"18697","07_report/CpG_context_sampling_31126_697_trimmed_bismark_bt2.CpG",10697,7699,2998,10697
"18698","07_report/CpG_context_sampling_31126_698_trimmed_bismark_bt2.CpG",10879,7709,3170,10879
"18699","07_report/CpG_context_sampling_31126_699_trimmed_bismark_bt2.CpG",10708,7602,3106,10708
"18700","07_report/CpG_context_sampling_31126_700_trimmed_bismark_bt2.CpG",10755,7730,3025,10755
"18701","07_report/CpG_context_sampling_31126_701_trimmed_bismark_bt2.CpG",10862,7824,3038,10862
"18702","07_report/CpG_context_sampling_31126_702_trimmed_bismark_bt2.CpG",10863,7795,3068,10863
"18703","07_report/CpG_context_sampling_31126_703_trimmed_bismark_bt2.CpG",10695,7622,3073,10695
"18704","07_report/CpG_context_sampling_31126_704_trimmed_bismark_bt2.CpG",10748,7610,3138,10748
"18705","07_report/CpG_context_sampling_31126_705_trimmed_bismark_bt2.CpG",10831,7772,3059,10831
"18706","07_report/CpG_context_sampling_31126_706_trimmed_bismark_bt2.CpG",10816,7767,3049,10816
"18707","07_report/CpG_context_sampling_31126_707_trimmed_bismark_bt2.CpG",10848,7851,2997,10848
"18708","07_report/CpG_context_sampling_31126_708_trimmed_bismark_bt2.CpG",10799,7733,3066,10799
"18709","07_report/CpG_context_sampling_31126_709_trimmed_bismark_bt2.CpG",10830,7730,3100,10830
"18710","07_report/CpG_context_sampling_31126_710_trimmed_bismark_bt2.CpG",10626,7582,3044,10626
"18711","07_report/CpG_context_sampling_31126_711_trimmed_bismark_bt2.CpG",10823,7674,3149,10823
"18712","07_report/CpG_context_sampling_31126_712_trimmed_bismark_bt2.CpG",10762,7718,3044,10762
"18713","07_report/CpG_context_sampling_31126_713_trimmed_bismark_bt2.CpG",10653,7678,2975,10653
"18714","07_report/CpG_context_sampling_31126_714_trimmed_bismark_bt2.CpG",10915,7825,3090,10915
"18715","07_report/CpG_context_sampling_31126_715_trimmed_bismark_bt2.CpG",10672,7675,2997,10672
"18716","07_report/CpG_context_sampling_31126_716_trimmed_bismark_bt2.CpG",10802,7767,3035,10802
"18717","07_report/CpG_context_sampling_31126_717_trimmed_bismark_bt2.CpG",10785,7747,3038,10785
"18718","07_report/CpG_context_sampling_31126_718_trimmed_bismark_bt2.CpG",10808,7772,3036,10808
"18719","07_report/CpG_context_sampling_31126_719_trimmed_bismark_bt2.CpG",10966,7799,3167,10966
"18720","07_report/CpG_context_sampling_31126_720_trimmed_bismark_bt2.CpG",10873,7807,3066,10873
"18721","07_report/CpG_context_sampling_31126_721_trimmed_bismark_bt2.CpG",10764,7747,3017,10764
"18722","07_report/CpG_context_sampling_31126_722_trimmed_bismark_bt2.CpG",10871,7845,3026,10871
"18723","07_report/CpG_context_sampling_31126_723_trimmed_bismark_bt2.CpG",10778,7698,3080,10778
"18724","07_report/CpG_context_sampling_31126_724_trimmed_bismark_bt2.CpG",10897,7694,3203,10897
"18725","07_report/CpG_context_sampling_31126_725_trimmed_bismark_bt2.CpG",10782,7681,3101,10782
"18726","07_report/CpG_context_sampling_31126_726_trimmed_bismark_bt2.CpG",10912,7768,3144,10912
"18727","07_report/CpG_context_sampling_31126_727_trimmed_bismark_bt2.CpG",10813,7751,3062,10813
"18728","07_report/CpG_context_sampling_31126_728_trimmed_bismark_bt2.CpG",10768,7714,3054,10768
"18729","07_report/CpG_context_sampling_31126_729_trimmed_bismark_bt2.CpG",10690,7740,2950,10690
"18730","07_report/CpG_context_sampling_31126_730_trimmed_bismark_bt2.CpG",10760,7700,3060,10760
"18731","07_report/CpG_context_sampling_31126_731_trimmed_bismark_bt2.CpG",10844,7693,3151,10844
"18732","07_report/CpG_context_sampling_31126_732_trimmed_bismark_bt2.CpG",10746,7628,3118,10746
"18733","07_report/CpG_context_sampling_31126_733_trimmed_bismark_bt2.CpG",10945,7818,3127,10945
"18734","07_report/CpG_context_sampling_31126_734_trimmed_bismark_bt2.CpG",10945,7811,3134,10945
"18735","07_report/CpG_context_sampling_31126_735_trimmed_bismark_bt2.CpG",10845,7787,3058,10845
"18736","07_report/CpG_context_sampling_31126_736_trimmed_bismark_bt2.CpG",10657,7617,3040,10657
"18737","07_report/CpG_context_sampling_31126_737_trimmed_bismark_bt2.CpG",10723,7636,3087,10723
"18738","07_report/CpG_context_sampling_31126_738_trimmed_bismark_bt2.CpG",11023,7871,3152,11023
"18739","07_report/CpG_context_sampling_31126_739_trimmed_bismark_bt2.CpG",10860,7706,3154,10860
"18740","07_report/CpG_context_sampling_31126_740_trimmed_bismark_bt2.CpG",10725,7612,3113,10725
"18741","07_report/CpG_context_sampling_31126_741_trimmed_bismark_bt2.CpG",10843,7719,3124,10843
"18742","07_report/CpG_context_sampling_31126_742_trimmed_bismark_bt2.CpG",10786,7682,3104,10786
"18743","07_report/CpG_context_sampling_31126_743_trimmed_bismark_bt2.CpG",10734,7628,3106,10734
"18744","07_report/CpG_context_sampling_31126_744_trimmed_bismark_bt2.CpG",10792,7712,3080,10792
"18745","07_report/CpG_context_sampling_31126_745_trimmed_bismark_bt2.CpG",10707,7681,3026,10707
"18746","07_report/CpG_context_sampling_31126_746_trimmed_bismark_bt2.CpG",10759,7668,3091,10759
"18747","07_report/CpG_context_sampling_31126_747_trimmed_bismark_bt2.CpG",10858,7707,3151,10858
"18748","07_report/CpG_context_sampling_31126_748_trimmed_bismark_bt2.CpG",10853,7760,3093,10853
"18749","07_report/CpG_context_sampling_31126_749_trimmed_bismark_bt2.CpG",10699,7623,3076,10699
"18750","07_report/CpG_context_sampling_31126_750_trimmed_bismark_bt2.CpG",10838,7776,3062,10838
"18751","07_report/CpG_context_sampling_31126_751_trimmed_bismark_bt2.CpG",10792,7655,3137,10792
"18752","07_report/CpG_context_sampling_31126_752_trimmed_bismark_bt2.CpG",10677,7699,2978,10677
"18753","07_report/CpG_context_sampling_31126_753_trimmed_bismark_bt2.CpG",10656,7656,3000,10656
"18754","07_report/CpG_context_sampling_31126_754_trimmed_bismark_bt2.CpG",10675,7629,3046,10675
"18755","07_report/CpG_context_sampling_31126_755_trimmed_bismark_bt2.CpG",10740,7691,3049,10740
"18756","07_report/CpG_context_sampling_31126_756_trimmed_bismark_bt2.CpG",10776,7796,2980,10776
"18757","07_report/CpG_context_sampling_31126_757_trimmed_bismark_bt2.CpG",10678,7601,3077,10678
"18758","07_report/CpG_context_sampling_31126_758_trimmed_bismark_bt2.CpG",10699,7687,3012,10699
"18759","07_report/CpG_context_sampling_31126_759_trimmed_bismark_bt2.CpG",10667,7600,3067,10667
"18760","07_report/CpG_context_sampling_31126_760_trimmed_bismark_bt2.CpG",10873,7787,3086,10873
"18761","07_report/CpG_context_sampling_31126_761_trimmed_bismark_bt2.CpG",10803,7738,3065,10803
"18762","07_report/CpG_context_sampling_31126_762_trimmed_bismark_bt2.CpG",10788,7702,3086,10788
"18763","07_report/CpG_context_sampling_31126_763_trimmed_bismark_bt2.CpG",10688,7662,3026,10688
"18764","07_report/CpG_context_sampling_31126_764_trimmed_bismark_bt2.CpG",10769,7619,3150,10769
"18765","07_report/CpG_context_sampling_31126_765_trimmed_bismark_bt2.CpG",10658,7610,3048,10658
"18766","07_report/CpG_context_sampling_31126_766_trimmed_bismark_bt2.CpG",10708,7615,3093,10708
"18767","07_report/CpG_context_sampling_31126_767_trimmed_bismark_bt2.CpG",10882,7773,3109,10882
"18768","07_report/CpG_context_sampling_31126_768_trimmed_bismark_bt2.CpG",10782,7702,3080,10782
"18769","07_report/CpG_context_sampling_31126_769_trimmed_bismark_bt2.CpG",10776,7644,3132,10776
"18770","07_report/CpG_context_sampling_31126_770_trimmed_bismark_bt2.CpG",10830,7758,3072,10830
"18771","07_report/CpG_context_sampling_31126_771_trimmed_bismark_bt2.CpG",10795,7703,3092,10795
"18772","07_report/CpG_context_sampling_31126_772_trimmed_bismark_bt2.CpG",10905,7783,3122,10905
"18773","07_report/CpG_context_sampling_31126_773_trimmed_bismark_bt2.CpG",10854,7756,3098,10854
"18774","07_report/CpG_context_sampling_31126_774_trimmed_bismark_bt2.CpG",10835,7695,3140,10835
"18775","07_report/CpG_context_sampling_31126_775_trimmed_bismark_bt2.CpG",10806,7797,3009,10806
"18776","07_report/CpG_context_sampling_31126_776_trimmed_bismark_bt2.CpG",10793,7742,3051,10793
"18777","07_report/CpG_context_sampling_31126_777_trimmed_bismark_bt2.CpG",10956,7856,3100,10956
"18778","07_report/CpG_context_sampling_31126_778_trimmed_bismark_bt2.CpG",10709,7695,3014,10709
"18779","07_report/CpG_context_sampling_31126_779_trimmed_bismark_bt2.CpG",10751,7696,3055,10751
"18780","07_report/CpG_context_sampling_31126_780_trimmed_bismark_bt2.CpG",10730,7740,2990,10730
"18781","07_report/CpG_context_sampling_31126_781_trimmed_bismark_bt2.CpG",11024,7854,3170,11024
"18782","07_report/CpG_context_sampling_31126_782_trimmed_bismark_bt2.CpG",10754,7724,3030,10754
"18783","07_report/CpG_context_sampling_31126_783_trimmed_bismark_bt2.CpG",10928,7814,3114,10928
"18784","07_report/CpG_context_sampling_31126_784_trimmed_bismark_bt2.CpG",10636,7721,2915,10636
"18785","07_report/CpG_context_sampling_31126_785_trimmed_bismark_bt2.CpG",10912,7735,3177,10912
"18786","07_report/CpG_context_sampling_31126_786_trimmed_bismark_bt2.CpG",10808,7782,3026,10808
"18787","07_report/CpG_context_sampling_31126_787_trimmed_bismark_bt2.CpG",10882,7741,3141,10882
"18788","07_report/CpG_context_sampling_31126_788_trimmed_bismark_bt2.CpG",10698,7756,2942,10698
"18789","07_report/CpG_context_sampling_31126_789_trimmed_bismark_bt2.CpG",10811,7646,3165,10811
"18790","07_report/CpG_context_sampling_31126_790_trimmed_bismark_bt2.CpG",10692,7681,3011,10692
"18791","07_report/CpG_context_sampling_31126_791_trimmed_bismark_bt2.CpG",10795,7708,3087,10795
"18792","07_report/CpG_context_sampling_31126_792_trimmed_bismark_bt2.CpG",10786,7644,3142,10786
"18793","07_report/CpG_context_sampling_31126_793_trimmed_bismark_bt2.CpG",10818,7689,3129,10818
"18794","07_report/CpG_context_sampling_31126_794_trimmed_bismark_bt2.CpG",10981,7837,3144,10981
"18795","07_report/CpG_context_sampling_31126_795_trimmed_bismark_bt2.CpG",10829,7676,3153,10829
"18796","07_report/CpG_context_sampling_31126_796_trimmed_bismark_bt2.CpG",10855,7791,3064,10855
"18797","07_report/CpG_context_sampling_31126_797_trimmed_bismark_bt2.CpG",10647,7629,3018,10647
"18798","07_report/CpG_context_sampling_31126_798_trimmed_bismark_bt2.CpG",10755,7699,3056,10755
"18799","07_report/CpG_context_sampling_31126_799_trimmed_bismark_bt2.CpG",10814,7760,3054,10814
"18800","07_report/CpG_context_sampling_31126_800_trimmed_bismark_bt2.CpG",10616,7654,2962,10616
"18801","07_report/CpG_context_sampling_31126_801_trimmed_bismark_bt2.CpG",10993,7883,3110,10993
"18802","07_report/CpG_context_sampling_31126_802_trimmed_bismark_bt2.CpG",10800,7727,3073,10800
"18803","07_report/CpG_context_sampling_31126_803_trimmed_bismark_bt2.CpG",10940,7882,3058,10940
"18804","07_report/CpG_context_sampling_31126_804_trimmed_bismark_bt2.CpG",10776,7706,3070,10776
"18805","07_report/CpG_context_sampling_31126_805_trimmed_bismark_bt2.CpG",10911,7784,3127,10911
"18806","07_report/CpG_context_sampling_31126_806_trimmed_bismark_bt2.CpG",10888,7832,3056,10888
"18807","07_report/CpG_context_sampling_31126_807_trimmed_bismark_bt2.CpG",10677,7659,3018,10677
"18808","07_report/CpG_context_sampling_31126_808_trimmed_bismark_bt2.CpG",10770,7682,3088,10770
"18809","07_report/CpG_context_sampling_31126_809_trimmed_bismark_bt2.CpG",10848,7806,3042,10848
"18810","07_report/CpG_context_sampling_31126_810_trimmed_bismark_bt2.CpG",10871,7803,3068,10871
"18811","07_report/CpG_context_sampling_31126_811_trimmed_bismark_bt2.CpG",10771,7688,3083,10771
"18812","07_report/CpG_context_sampling_31126_812_trimmed_bismark_bt2.CpG",10931,7731,3200,10931
"18813","07_report/CpG_context_sampling_31126_813_trimmed_bismark_bt2.CpG",10821,7666,3155,10821
"18814","07_report/CpG_context_sampling_31126_814_trimmed_bismark_bt2.CpG",10796,7684,3112,10796
"18815","07_report/CpG_context_sampling_31126_815_trimmed_bismark_bt2.CpG",10838,7682,3156,10838
"18816","07_report/CpG_context_sampling_31126_816_trimmed_bismark_bt2.CpG",10920,7881,3039,10920
"18817","07_report/CpG_context_sampling_31126_817_trimmed_bismark_bt2.CpG",10864,7854,3010,10864
"18818","07_report/CpG_context_sampling_31126_818_trimmed_bismark_bt2.CpG",10697,7665,3032,10697
"18819","07_report/CpG_context_sampling_31126_819_trimmed_bismark_bt2.CpG",10719,7615,3104,10719
"18820","07_report/CpG_context_sampling_31126_820_trimmed_bismark_bt2.CpG",10817,7815,3002,10817
"18821","07_report/CpG_context_sampling_31126_821_trimmed_bismark_bt2.CpG",10672,7674,2998,10672
"18822","07_report/CpG_context_sampling_31126_822_trimmed_bismark_bt2.CpG",10837,7709,3128,10837
"18823","07_report/CpG_context_sampling_31126_823_trimmed_bismark_bt2.CpG",10910,7884,3026,10910
"18824","07_report/CpG_context_sampling_31126_824_trimmed_bismark_bt2.CpG",10670,7644,3026,10670
"18825","07_report/CpG_context_sampling_31126_825_trimmed_bismark_bt2.CpG",10929,7804,3125,10929
"18826","07_report/CpG_context_sampling_31126_826_trimmed_bismark_bt2.CpG",10803,7750,3053,10803
"18827","07_report/CpG_context_sampling_31126_827_trimmed_bismark_bt2.CpG",10837,7737,3100,10837
"18828","07_report/CpG_context_sampling_31126_828_trimmed_bismark_bt2.CpG",10783,7755,3028,10783
"18829","07_report/CpG_context_sampling_31126_829_trimmed_bismark_bt2.CpG",10852,7720,3132,10852
"18830","07_report/CpG_context_sampling_31126_830_trimmed_bismark_bt2.CpG",10630,7662,2968,10630
"18831","07_report/CpG_context_sampling_31126_831_trimmed_bismark_bt2.CpG",10742,7723,3019,10742
"18832","07_report/CpG_context_sampling_31126_832_trimmed_bismark_bt2.CpG",10624,7637,2987,10624
"18833","07_report/CpG_context_sampling_31126_833_trimmed_bismark_bt2.CpG",10898,7795,3103,10898
"18834","07_report/CpG_context_sampling_31126_834_trimmed_bismark_bt2.CpG",10726,7674,3052,10726
"18835","07_report/CpG_context_sampling_31126_835_trimmed_bismark_bt2.CpG",10773,7727,3046,10773
"18836","07_report/CpG_context_sampling_31126_836_trimmed_bismark_bt2.CpG",10789,7755,3034,10789
"18837","07_report/CpG_context_sampling_31126_837_trimmed_bismark_bt2.CpG",10681,7587,3094,10681
"18838","07_report/CpG_context_sampling_31126_838_trimmed_bismark_bt2.CpG",10949,7848,3101,10949
"18839","07_report/CpG_context_sampling_31126_839_trimmed_bismark_bt2.CpG",10752,7680,3072,10752
"18840","07_report/CpG_context_sampling_31126_840_trimmed_bismark_bt2.CpG",10771,7651,3120,10771
"18841","07_report/CpG_context_sampling_31126_841_trimmed_bismark_bt2.CpG",10676,7688,2988,10676
"18842","07_report/CpG_context_sampling_31126_842_trimmed_bismark_bt2.CpG",10853,7804,3049,10853
"18843","07_report/CpG_context_sampling_31126_843_trimmed_bismark_bt2.CpG",10883,7799,3084,10883
"18844","07_report/CpG_context_sampling_31126_844_trimmed_bismark_bt2.CpG",10814,7739,3075,10814
"18845","07_report/CpG_context_sampling_31126_845_trimmed_bismark_bt2.CpG",10816,7774,3042,10816
"18846","07_report/CpG_context_sampling_31126_846_trimmed_bismark_bt2.CpG",10934,7818,3116,10934
"18847","07_report/CpG_context_sampling_31126_847_trimmed_bismark_bt2.CpG",10833,7755,3078,10833
"18848","07_report/CpG_context_sampling_31126_848_trimmed_bismark_bt2.CpG",10644,7673,2971,10644
"18849","07_report/CpG_context_sampling_31126_849_trimmed_bismark_bt2.CpG",10808,7727,3081,10808
"18850","07_report/CpG_context_sampling_31126_850_trimmed_bismark_bt2.CpG",10778,7819,2959,10778
"18851","07_report/CpG_context_sampling_31126_851_trimmed_bismark_bt2.CpG",10831,7727,3104,10831
"18852","07_report/CpG_context_sampling_31126_852_trimmed_bismark_bt2.CpG",10936,7821,3115,10936
"18853","07_report/CpG_context_sampling_31126_853_trimmed_bismark_bt2.CpG",10628,7602,3026,10628
"18854","07_report/CpG_context_sampling_31126_854_trimmed_bismark_bt2.CpG",10748,7651,3097,10748
"18855","07_report/CpG_context_sampling_31126_855_trimmed_bismark_bt2.CpG",10734,7685,3049,10734
"18856","07_report/CpG_context_sampling_31126_856_trimmed_bismark_bt2.CpG",10737,7763,2974,10737
"18857","07_report/CpG_context_sampling_31126_857_trimmed_bismark_bt2.CpG",10767,7702,3065,10767
"18858","07_report/CpG_context_sampling_31126_858_trimmed_bismark_bt2.CpG",10908,7764,3144,10908
"18859","07_report/CpG_context_sampling_31126_859_trimmed_bismark_bt2.CpG",10839,7807,3032,10839
"18860","07_report/CpG_context_sampling_31126_860_trimmed_bismark_bt2.CpG",10858,7853,3005,10858
"18861","07_report/CpG_context_sampling_31126_861_trimmed_bismark_bt2.CpG",10772,7704,3068,10772
"18862","07_report/CpG_context_sampling_31126_862_trimmed_bismark_bt2.CpG",10727,7782,2945,10727
"18863","07_report/CpG_context_sampling_31126_863_trimmed_bismark_bt2.CpG",10710,7617,3093,10710
"18864","07_report/CpG_context_sampling_31126_864_trimmed_bismark_bt2.CpG",10812,7773,3039,10812
"18865","07_report/CpG_context_sampling_31126_865_trimmed_bismark_bt2.CpG",10893,7705,3188,10893
"18866","07_report/CpG_context_sampling_31126_866_trimmed_bismark_bt2.CpG",10754,7657,3097,10754
"18867","07_report/CpG_context_sampling_31126_867_trimmed_bismark_bt2.CpG",10736,7714,3022,10736
"18868","07_report/CpG_context_sampling_31126_868_trimmed_bismark_bt2.CpG",10793,7664,3129,10793
"18869","07_report/CpG_context_sampling_31126_869_trimmed_bismark_bt2.CpG",10633,7567,3066,10633
"18870","07_report/CpG_context_sampling_31126_870_trimmed_bismark_bt2.CpG",10849,7741,3108,10849
"18871","07_report/CpG_context_sampling_31126_871_trimmed_bismark_bt2.CpG",10952,7817,3135,10952
"18872","07_report/CpG_context_sampling_31126_872_trimmed_bismark_bt2.CpG",10685,7650,3035,10685
"18873","07_report/CpG_context_sampling_31126_873_trimmed_bismark_bt2.CpG",10700,7580,3120,10700
"18874","07_report/CpG_context_sampling_31126_874_trimmed_bismark_bt2.CpG",10729,7654,3075,10729
"18875","07_report/CpG_context_sampling_31126_875_trimmed_bismark_bt2.CpG",10659,7677,2982,10659
"18876","07_report/CpG_context_sampling_31126_876_trimmed_bismark_bt2.CpG",10862,7792,3070,10862
"18877","07_report/CpG_context_sampling_31126_877_trimmed_bismark_bt2.CpG",10901,7845,3056,10901
"18878","07_report/CpG_context_sampling_31126_878_trimmed_bismark_bt2.CpG",10854,7829,3025,10854
"18879","07_report/CpG_context_sampling_31126_879_trimmed_bismark_bt2.CpG",10741,7699,3042,10741
"18880","07_report/CpG_context_sampling_31126_880_trimmed_bismark_bt2.CpG",10726,7613,3113,10726
"18881","07_report/CpG_context_sampling_31126_881_trimmed_bismark_bt2.CpG",10675,7634,3041,10675
"18882","07_report/CpG_context_sampling_31126_882_trimmed_bismark_bt2.CpG",10779,7714,3065,10779
"18883","07_report/CpG_context_sampling_31126_883_trimmed_bismark_bt2.CpG",10736,7620,3116,10736
"18884","07_report/CpG_context_sampling_31126_884_trimmed_bismark_bt2.CpG",10576,7628,2948,10576
"18885","07_report/CpG_context_sampling_31126_885_trimmed_bismark_bt2.CpG",10845,7751,3094,10845
"18886","07_report/CpG_context_sampling_31126_886_trimmed_bismark_bt2.CpG",10838,7696,3142,10838
"18887","07_report/CpG_context_sampling_31126_887_trimmed_bismark_bt2.CpG",10798,7717,3081,10798
"18888","07_report/CpG_context_sampling_31126_888_trimmed_bismark_bt2.CpG",10811,7688,3123,10811
"18889","07_report/CpG_context_sampling_31126_889_trimmed_bismark_bt2.CpG",10896,7804,3092,10896
"18890","07_report/CpG_context_sampling_31126_890_trimmed_bismark_bt2.CpG",10783,7801,2982,10783
"18891","07_report/CpG_context_sampling_31126_891_trimmed_bismark_bt2.CpG",10767,7723,3044,10767
"18892","07_report/CpG_context_sampling_31126_892_trimmed_bismark_bt2.CpG",10654,7635,3019,10654
"18893","07_report/CpG_context_sampling_31126_893_trimmed_bismark_bt2.CpG",10776,7700,3076,10776
"18894","07_report/CpG_context_sampling_31126_894_trimmed_bismark_bt2.CpG",10923,7820,3103,10923
"18895","07_report/CpG_context_sampling_31126_895_trimmed_bismark_bt2.CpG",10892,7761,3131,10892
"18896","07_report/CpG_context_sampling_31126_896_trimmed_bismark_bt2.CpG",10850,7712,3138,10850
"18897","07_report/CpG_context_sampling_31126_897_trimmed_bismark_bt2.CpG",10839,7698,3141,10839
"18898","07_report/CpG_context_sampling_31126_898_trimmed_bismark_bt2.CpG",10815,7748,3067,10815
"18899","07_report/CpG_context_sampling_31126_899_trimmed_bismark_bt2.CpG",10833,7825,3008,10833
"18900","07_report/CpG_context_sampling_31126_900_trimmed_bismark_bt2.CpG",10724,7678,3046,10724
"18901","07_report/CpG_context_sampling_31126_901_trimmed_bismark_bt2.CpG",10830,7830,3000,10830
"18902","07_report/CpG_context_sampling_31126_902_trimmed_bismark_bt2.CpG",10927,7861,3066,10927
"18903","07_report/CpG_context_sampling_31126_903_trimmed_bismark_bt2.CpG",10830,7750,3080,10830
"18904","07_report/CpG_context_sampling_31126_904_trimmed_bismark_bt2.CpG",10839,7742,3097,10839
"18905","07_report/CpG_context_sampling_31126_905_trimmed_bismark_bt2.CpG",10773,7703,3070,10773
"18906","07_report/CpG_context_sampling_31126_906_trimmed_bismark_bt2.CpG",10868,7719,3149,10868
"18907","07_report/CpG_context_sampling_31126_907_trimmed_bismark_bt2.CpG",10632,7533,3099,10632
"18908","07_report/CpG_context_sampling_31126_908_trimmed_bismark_bt2.CpG",10798,7708,3090,10798
"18909","07_report/CpG_context_sampling_31126_909_trimmed_bismark_bt2.CpG",10751,7626,3125,10751
"18910","07_report/CpG_context_sampling_31126_910_trimmed_bismark_bt2.CpG",10769,7671,3098,10769
"18911","07_report/CpG_context_sampling_31126_911_trimmed_bismark_bt2.CpG",10736,7606,3130,10736
"18912","07_report/CpG_context_sampling_31126_912_trimmed_bismark_bt2.CpG",10803,7818,2985,10803
"18913","07_report/CpG_context_sampling_31126_913_trimmed_bismark_bt2.CpG",10861,7845,3016,10861
"18914","07_report/CpG_context_sampling_31126_914_trimmed_bismark_bt2.CpG",10856,7736,3120,10856
"18915","07_report/CpG_context_sampling_31126_915_trimmed_bismark_bt2.CpG",10794,7753,3041,10794
"18916","07_report/CpG_context_sampling_31126_916_trimmed_bismark_bt2.CpG",10841,7734,3107,10841
"18917","07_report/CpG_context_sampling_31126_917_trimmed_bismark_bt2.CpG",10871,7779,3092,10871
"18918","07_report/CpG_context_sampling_31126_918_trimmed_bismark_bt2.CpG",10775,7679,3096,10775
"18919","07_report/CpG_context_sampling_31126_919_trimmed_bismark_bt2.CpG",10911,7763,3148,10911
"18920","07_report/CpG_context_sampling_31126_920_trimmed_bismark_bt2.CpG",10766,7667,3099,10766
"18921","07_report/CpG_context_sampling_31126_921_trimmed_bismark_bt2.CpG",10609,7563,3046,10609
"18922","07_report/CpG_context_sampling_31126_922_trimmed_bismark_bt2.CpG",10789,7702,3087,10789
"18923","07_report/CpG_context_sampling_31126_923_trimmed_bismark_bt2.CpG",10807,7757,3050,10807
"18924","07_report/CpG_context_sampling_31126_924_trimmed_bismark_bt2.CpG",10810,7764,3046,10810
"18925","07_report/CpG_context_sampling_31126_925_trimmed_bismark_bt2.CpG",10657,7656,3001,10657
"18926","07_report/CpG_context_sampling_31126_926_trimmed_bismark_bt2.CpG",10740,7635,3105,10740
"18927","07_report/CpG_context_sampling_31126_927_trimmed_bismark_bt2.CpG",10787,7774,3013,10787
"18928","07_report/CpG_context_sampling_31126_928_trimmed_bismark_bt2.CpG",10859,7697,3162,10859
"18929","07_report/CpG_context_sampling_31126_929_trimmed_bismark_bt2.CpG",10830,7806,3024,10830
"18930","07_report/CpG_context_sampling_31126_930_trimmed_bismark_bt2.CpG",10766,7718,3048,10766
"18931","07_report/CpG_context_sampling_31126_931_trimmed_bismark_bt2.CpG",10783,7750,3033,10783
"18932","07_report/CpG_context_sampling_31126_932_trimmed_bismark_bt2.CpG",10734,7613,3121,10734
"18933","07_report/CpG_context_sampling_31126_933_trimmed_bismark_bt2.CpG",10950,7838,3112,10950
"18934","07_report/CpG_context_sampling_31126_934_trimmed_bismark_bt2.CpG",10784,7681,3103,10784
"18935","07_report/CpG_context_sampling_31126_935_trimmed_bismark_bt2.CpG",10893,7795,3098,10893
"18936","07_report/CpG_context_sampling_31126_936_trimmed_bismark_bt2.CpG",10846,7758,3088,10846
"18937","07_report/CpG_context_sampling_31126_937_trimmed_bismark_bt2.CpG",10720,7678,3042,10720
"18938","07_report/CpG_context_sampling_31126_938_trimmed_bismark_bt2.CpG",10799,7672,3127,10799
"18939","07_report/CpG_context_sampling_31126_939_trimmed_bismark_bt2.CpG",10761,7749,3012,10761
"18940","07_report/CpG_context_sampling_31126_940_trimmed_bismark_bt2.CpG",10838,7705,3133,10838
"18941","07_report/CpG_context_sampling_31126_941_trimmed_bismark_bt2.CpG",10766,7728,3038,10766
"18942","07_report/CpG_context_sampling_31126_942_trimmed_bismark_bt2.CpG",10748,7723,3025,10748
"18943","07_report/CpG_context_sampling_31126_943_trimmed_bismark_bt2.CpG",10862,7789,3073,10862
"18944","07_report/CpG_context_sampling_31126_944_trimmed_bismark_bt2.CpG",10822,7757,3065,10822
"18945","07_report/CpG_context_sampling_31126_945_trimmed_bismark_bt2.CpG",10830,7754,3076,10830
"18946","07_report/CpG_context_sampling_31126_946_trimmed_bismark_bt2.CpG",10725,7760,2965,10725
"18947","07_report/CpG_context_sampling_31126_947_trimmed_bismark_bt2.CpG",10672,7713,2959,10672
"18948","07_report/CpG_context_sampling_31126_948_trimmed_bismark_bt2.CpG",10876,7840,3036,10876
"18949","07_report/CpG_context_sampling_31126_949_trimmed_bismark_bt2.CpG",10846,7731,3115,10846
"18950","07_report/CpG_context_sampling_31126_950_trimmed_bismark_bt2.CpG",10704,7621,3083,10704
"18951","07_report/CpG_context_sampling_31126_951_trimmed_bismark_bt2.CpG",10650,7703,2947,10650
"18952","07_report/CpG_context_sampling_31126_952_trimmed_bismark_bt2.CpG",10844,7810,3034,10844
"18953","07_report/CpG_context_sampling_31126_953_trimmed_bismark_bt2.CpG",10768,7713,3055,10768
"18954","07_report/CpG_context_sampling_31126_954_trimmed_bismark_bt2.CpG",10856,7738,3118,10856
"18955","07_report/CpG_context_sampling_31126_955_trimmed_bismark_bt2.CpG",10807,7593,3214,10807
"18956","07_report/CpG_context_sampling_31126_956_trimmed_bismark_bt2.CpG",10778,7717,3061,10778
"18957","07_report/CpG_context_sampling_31126_957_trimmed_bismark_bt2.CpG",10775,7674,3101,10775
"18958","07_report/CpG_context_sampling_31126_958_trimmed_bismark_bt2.CpG",10723,7694,3029,10723
"18959","07_report/CpG_context_sampling_31126_959_trimmed_bismark_bt2.CpG",10764,7581,3183,10764
"18960","07_report/CpG_context_sampling_31126_960_trimmed_bismark_bt2.CpG",10918,7746,3172,10918
"18961","07_report/CpG_context_sampling_31126_961_trimmed_bismark_bt2.CpG",10846,7802,3044,10846
"18962","07_report/CpG_context_sampling_31126_962_trimmed_bismark_bt2.CpG",11005,7844,3161,11005
"18963","07_report/CpG_context_sampling_31126_963_trimmed_bismark_bt2.CpG",10948,7737,3211,10948
"18964","07_report/CpG_context_sampling_31126_964_trimmed_bismark_bt2.CpG",10896,7826,3070,10896
"18965","07_report/CpG_context_sampling_31126_965_trimmed_bismark_bt2.CpG",10704,7697,3007,10704
"18966","07_report/CpG_context_sampling_31126_966_trimmed_bismark_bt2.CpG",10867,7827,3040,10867
"18967","07_report/CpG_context_sampling_31126_967_trimmed_bismark_bt2.CpG",10910,7840,3070,10910
"18968","07_report/CpG_context_sampling_31126_968_trimmed_bismark_bt2.CpG",10781,7733,3048,10781
"18969","07_report/CpG_context_sampling_31126_969_trimmed_bismark_bt2.CpG",10867,7780,3087,10867
"18970","07_report/CpG_context_sampling_31126_970_trimmed_bismark_bt2.CpG",10713,7626,3087,10713
"18971","07_report/CpG_context_sampling_31126_971_trimmed_bismark_bt2.CpG",10689,7723,2966,10689
"18972","07_report/CpG_context_sampling_31126_972_trimmed_bismark_bt2.CpG",10766,7707,3059,10766
"18973","07_report/CpG_context_sampling_31126_973_trimmed_bismark_bt2.CpG",10831,7844,2987,10831
"18974","07_report/CpG_context_sampling_31126_974_trimmed_bismark_bt2.CpG",10883,7816,3067,10883
"18975","07_report/CpG_context_sampling_31126_975_trimmed_bismark_bt2.CpG",10869,7763,3106,10869
"18976","07_report/CpG_context_sampling_31126_976_trimmed_bismark_bt2.CpG",10997,7891,3106,10997
"18977","07_report/CpG_context_sampling_31126_977_trimmed_bismark_bt2.CpG",10806,7731,3075,10806
"18978","07_report/CpG_context_sampling_31126_978_trimmed_bismark_bt2.CpG",10727,7624,3103,10727
"18979","07_report/CpG_context_sampling_31126_979_trimmed_bismark_bt2.CpG",10765,7744,3021,10765
"18980","07_report/CpG_context_sampling_31126_980_trimmed_bismark_bt2.CpG",10761,7767,2994,10761
"18981","07_report/CpG_context_sampling_31126_981_trimmed_bismark_bt2.CpG",10654,7686,2968,10654
"18982","07_report/CpG_context_sampling_31126_982_trimmed_bismark_bt2.CpG",10743,7658,3085,10743
"18983","07_report/CpG_context_sampling_31126_983_trimmed_bismark_bt2.CpG",10726,7556,3170,10726
"18984","07_report/CpG_context_sampling_31126_984_trimmed_bismark_bt2.CpG",10881,7854,3027,10881
"18985","07_report/CpG_context_sampling_31126_985_trimmed_bismark_bt2.CpG",10776,7651,3125,10776
"18986","07_report/CpG_context_sampling_31126_986_trimmed_bismark_bt2.CpG",10679,7580,3099,10679
"18987","07_report/CpG_context_sampling_31126_987_trimmed_bismark_bt2.CpG",10785,7726,3059,10785
"18988","07_report/CpG_context_sampling_31126_988_trimmed_bismark_bt2.CpG",10781,7636,3145,10781
"18989","07_report/CpG_context_sampling_31126_989_trimmed_bismark_bt2.CpG",10728,7675,3053,10728
"18990","07_report/CpG_context_sampling_31126_990_trimmed_bismark_bt2.CpG",10881,7719,3162,10881
"18991","07_report/CpG_context_sampling_31126_991_trimmed_bismark_bt2.CpG",10866,7742,3124,10866
"18992","07_report/CpG_context_sampling_31126_992_trimmed_bismark_bt2.CpG",10811,7867,2944,10811
"18993","07_report/CpG_context_sampling_31126_993_trimmed_bismark_bt2.CpG",10603,7567,3036,10603
"18994","07_report/CpG_context_sampling_31126_994_trimmed_bismark_bt2.CpG",10827,7756,3071,10827
"18995","07_report/CpG_context_sampling_31126_995_trimmed_bismark_bt2.CpG",10902,7756,3146,10902
"18996","07_report/CpG_context_sampling_31126_996_trimmed_bismark_bt2.CpG",10777,7708,3069,10777
"18997","07_report/CpG_context_sampling_31126_997_trimmed_bismark_bt2.CpG",10795,7687,3108,10795
"18998","07_report/CpG_context_sampling_31126_998_trimmed_bismark_bt2.CpG",10947,7857,3090,10947
"18999","07_report/CpG_context_sampling_31126_999_trimmed_bismark_bt2.CpG",10862,7674,3188,10862
"19000","07_report/CpG_context_sampling_31126_1000_trimmed_bismark_bt2.CpG",10846,7664,3182,10846
"19001","07_report/CpG_context_sampling_34239_1_trimmed_bismark_bt2.CpG",11903,8533,3370,11903
"19002","07_report/CpG_context_sampling_34239_2_trimmed_bismark_bt2.CpG",11730,8381,3349,11730
"19003","07_report/CpG_context_sampling_34239_3_trimmed_bismark_bt2.CpG",11777,8400,3377,11777
"19004","07_report/CpG_context_sampling_34239_4_trimmed_bismark_bt2.CpG",11908,8471,3437,11908
"19005","07_report/CpG_context_sampling_34239_5_trimmed_bismark_bt2.CpG",11907,8507,3400,11907
"19006","07_report/CpG_context_sampling_34239_6_trimmed_bismark_bt2.CpG",11874,8484,3390,11874
"19007","07_report/CpG_context_sampling_34239_7_trimmed_bismark_bt2.CpG",11793,8394,3399,11793
"19008","07_report/CpG_context_sampling_34239_8_trimmed_bismark_bt2.CpG",11878,8539,3339,11878
"19009","07_report/CpG_context_sampling_34239_9_trimmed_bismark_bt2.CpG",11687,8370,3317,11687
"19010","07_report/CpG_context_sampling_34239_10_trimmed_bismark_bt2.CpG",11954,8538,3416,11954
"19011","07_report/CpG_context_sampling_34239_11_trimmed_bismark_bt2.CpG",11855,8448,3407,11855
"19012","07_report/CpG_context_sampling_34239_12_trimmed_bismark_bt2.CpG",11772,8436,3336,11772
"19013","07_report/CpG_context_sampling_34239_13_trimmed_bismark_bt2.CpG",11935,8554,3381,11935
"19014","07_report/CpG_context_sampling_34239_14_trimmed_bismark_bt2.CpG",11759,8486,3273,11759
"19015","07_report/CpG_context_sampling_34239_15_trimmed_bismark_bt2.CpG",11953,8514,3439,11953
"19016","07_report/CpG_context_sampling_34239_16_trimmed_bismark_bt2.CpG",11993,8582,3411,11993
"19017","07_report/CpG_context_sampling_34239_17_trimmed_bismark_bt2.CpG",11749,8473,3276,11749
"19018","07_report/CpG_context_sampling_34239_18_trimmed_bismark_bt2.CpG",11705,8416,3289,11705
"19019","07_report/CpG_context_sampling_34239_19_trimmed_bismark_bt2.CpG",11913,8581,3332,11913
"19020","07_report/CpG_context_sampling_34239_20_trimmed_bismark_bt2.CpG",11879,8412,3467,11879
"19021","07_report/CpG_context_sampling_34239_21_trimmed_bismark_bt2.CpG",11894,8482,3412,11894
"19022","07_report/CpG_context_sampling_34239_22_trimmed_bismark_bt2.CpG",11936,8559,3377,11936
"19023","07_report/CpG_context_sampling_34239_23_trimmed_bismark_bt2.CpG",11915,8526,3389,11915
"19024","07_report/CpG_context_sampling_34239_24_trimmed_bismark_bt2.CpG",11897,8511,3386,11897
"19025","07_report/CpG_context_sampling_34239_25_trimmed_bismark_bt2.CpG",12036,8556,3480,12036
"19026","07_report/CpG_context_sampling_34239_26_trimmed_bismark_bt2.CpG",11829,8492,3337,11829
"19027","07_report/CpG_context_sampling_34239_27_trimmed_bismark_bt2.CpG",12032,8627,3405,12032
"19028","07_report/CpG_context_sampling_34239_28_trimmed_bismark_bt2.CpG",11940,8564,3376,11940
"19029","07_report/CpG_context_sampling_34239_29_trimmed_bismark_bt2.CpG",11837,8515,3322,11837
"19030","07_report/CpG_context_sampling_34239_30_trimmed_bismark_bt2.CpG",12053,8612,3441,12053
"19031","07_report/CpG_context_sampling_34239_31_trimmed_bismark_bt2.CpG",11757,8351,3406,11757
"19032","07_report/CpG_context_sampling_34239_32_trimmed_bismark_bt2.CpG",11988,8577,3411,11988
"19033","07_report/CpG_context_sampling_34239_33_trimmed_bismark_bt2.CpG",11950,8530,3420,11950
"19034","07_report/CpG_context_sampling_34239_34_trimmed_bismark_bt2.CpG",11855,8398,3457,11855
"19035","07_report/CpG_context_sampling_34239_35_trimmed_bismark_bt2.CpG",11896,8502,3394,11896
"19036","07_report/CpG_context_sampling_34239_36_trimmed_bismark_bt2.CpG",11932,8470,3462,11932
"19037","07_report/CpG_context_sampling_34239_37_trimmed_bismark_bt2.CpG",11791,8471,3320,11791
"19038","07_report/CpG_context_sampling_34239_38_trimmed_bismark_bt2.CpG",12014,8550,3464,12014
"19039","07_report/CpG_context_sampling_34239_39_trimmed_bismark_bt2.CpG",11931,8655,3276,11931
"19040","07_report/CpG_context_sampling_34239_40_trimmed_bismark_bt2.CpG",11825,8476,3349,11825
"19041","07_report/CpG_context_sampling_34239_41_trimmed_bismark_bt2.CpG",11839,8494,3345,11839
"19042","07_report/CpG_context_sampling_34239_42_trimmed_bismark_bt2.CpG",11782,8413,3369,11782
"19043","07_report/CpG_context_sampling_34239_43_trimmed_bismark_bt2.CpG",11939,8663,3276,11939
"19044","07_report/CpG_context_sampling_34239_44_trimmed_bismark_bt2.CpG",11926,8541,3385,11926
"19045","07_report/CpG_context_sampling_34239_45_trimmed_bismark_bt2.CpG",11817,8422,3395,11817
"19046","07_report/CpG_context_sampling_34239_46_trimmed_bismark_bt2.CpG",11864,8501,3363,11864
"19047","07_report/CpG_context_sampling_34239_47_trimmed_bismark_bt2.CpG",11894,8545,3349,11894
"19048","07_report/CpG_context_sampling_34239_48_trimmed_bismark_bt2.CpG",11807,8454,3353,11807
"19049","07_report/CpG_context_sampling_34239_49_trimmed_bismark_bt2.CpG",11935,8619,3316,11935
"19050","07_report/CpG_context_sampling_34239_50_trimmed_bismark_bt2.CpG",11881,8568,3313,11881
"19051","07_report/CpG_context_sampling_34239_51_trimmed_bismark_bt2.CpG",11782,8326,3456,11782
"19052","07_report/CpG_context_sampling_34239_52_trimmed_bismark_bt2.CpG",11867,8565,3302,11867
"19053","07_report/CpG_context_sampling_34239_53_trimmed_bismark_bt2.CpG",11898,8542,3356,11898
"19054","07_report/CpG_context_sampling_34239_54_trimmed_bismark_bt2.CpG",11813,8465,3348,11813
"19055","07_report/CpG_context_sampling_34239_55_trimmed_bismark_bt2.CpG",11934,8469,3465,11934
"19056","07_report/CpG_context_sampling_34239_56_trimmed_bismark_bt2.CpG",11983,8493,3490,11983
"19057","07_report/CpG_context_sampling_34239_57_trimmed_bismark_bt2.CpG",11971,8611,3360,11971
"19058","07_report/CpG_context_sampling_34239_58_trimmed_bismark_bt2.CpG",11936,8544,3392,11936
"19059","07_report/CpG_context_sampling_34239_59_trimmed_bismark_bt2.CpG",11704,8280,3424,11704
"19060","07_report/CpG_context_sampling_34239_60_trimmed_bismark_bt2.CpG",11784,8347,3437,11784
"19061","07_report/CpG_context_sampling_34239_61_trimmed_bismark_bt2.CpG",11941,8511,3430,11941
"19062","07_report/CpG_context_sampling_34239_62_trimmed_bismark_bt2.CpG",11819,8402,3417,11819
"19063","07_report/CpG_context_sampling_34239_63_trimmed_bismark_bt2.CpG",11785,8433,3352,11785
"19064","07_report/CpG_context_sampling_34239_64_trimmed_bismark_bt2.CpG",11926,8503,3423,11926
"19065","07_report/CpG_context_sampling_34239_65_trimmed_bismark_bt2.CpG",11856,8450,3406,11856
"19066","07_report/CpG_context_sampling_34239_66_trimmed_bismark_bt2.CpG",11925,8472,3453,11925
"19067","07_report/CpG_context_sampling_34239_67_trimmed_bismark_bt2.CpG",11855,8477,3378,11855
"19068","07_report/CpG_context_sampling_34239_68_trimmed_bismark_bt2.CpG",11839,8476,3363,11839
"19069","07_report/CpG_context_sampling_34239_69_trimmed_bismark_bt2.CpG",11927,8521,3406,11927
"19070","07_report/CpG_context_sampling_34239_70_trimmed_bismark_bt2.CpG",11959,8600,3359,11959
"19071","07_report/CpG_context_sampling_34239_71_trimmed_bismark_bt2.CpG",11730,8430,3300,11730
"19072","07_report/CpG_context_sampling_34239_72_trimmed_bismark_bt2.CpG",11777,8513,3264,11777
"19073","07_report/CpG_context_sampling_34239_73_trimmed_bismark_bt2.CpG",11838,8490,3348,11838
"19074","07_report/CpG_context_sampling_34239_74_trimmed_bismark_bt2.CpG",11923,8491,3432,11923
"19075","07_report/CpG_context_sampling_34239_75_trimmed_bismark_bt2.CpG",11875,8442,3433,11875
"19076","07_report/CpG_context_sampling_34239_76_trimmed_bismark_bt2.CpG",11912,8512,3400,11912
"19077","07_report/CpG_context_sampling_34239_77_trimmed_bismark_bt2.CpG",11825,8455,3370,11825
"19078","07_report/CpG_context_sampling_34239_78_trimmed_bismark_bt2.CpG",11841,8449,3392,11841
"19079","07_report/CpG_context_sampling_34239_79_trimmed_bismark_bt2.CpG",12012,8616,3396,12012
"19080","07_report/CpG_context_sampling_34239_80_trimmed_bismark_bt2.CpG",11863,8441,3422,11863
"19081","07_report/CpG_context_sampling_34239_81_trimmed_bismark_bt2.CpG",11828,8417,3411,11828
"19082","07_report/CpG_context_sampling_34239_82_trimmed_bismark_bt2.CpG",11905,8445,3460,11905
"19083","07_report/CpG_context_sampling_34239_83_trimmed_bismark_bt2.CpG",11852,8451,3401,11852
"19084","07_report/CpG_context_sampling_34239_84_trimmed_bismark_bt2.CpG",11911,8470,3441,11911
"19085","07_report/CpG_context_sampling_34239_85_trimmed_bismark_bt2.CpG",11777,8423,3354,11777
"19086","07_report/CpG_context_sampling_34239_86_trimmed_bismark_bt2.CpG",11906,8569,3337,11906
"19087","07_report/CpG_context_sampling_34239_87_trimmed_bismark_bt2.CpG",11940,8535,3405,11940
"19088","07_report/CpG_context_sampling_34239_88_trimmed_bismark_bt2.CpG",11699,8378,3321,11699
"19089","07_report/CpG_context_sampling_34239_89_trimmed_bismark_bt2.CpG",11800,8414,3386,11800
"19090","07_report/CpG_context_sampling_34239_90_trimmed_bismark_bt2.CpG",11991,8547,3444,11991
"19091","07_report/CpG_context_sampling_34239_91_trimmed_bismark_bt2.CpG",11910,8560,3350,11910
"19092","07_report/CpG_context_sampling_34239_92_trimmed_bismark_bt2.CpG",11738,8404,3334,11738
"19093","07_report/CpG_context_sampling_34239_93_trimmed_bismark_bt2.CpG",11720,8376,3344,11720
"19094","07_report/CpG_context_sampling_34239_94_trimmed_bismark_bt2.CpG",11843,8425,3418,11843
"19095","07_report/CpG_context_sampling_34239_95_trimmed_bismark_bt2.CpG",11965,8577,3388,11965
"19096","07_report/CpG_context_sampling_34239_96_trimmed_bismark_bt2.CpG",11752,8392,3360,11752
"19097","07_report/CpG_context_sampling_34239_97_trimmed_bismark_bt2.CpG",11984,8533,3451,11984
"19098","07_report/CpG_context_sampling_34239_98_trimmed_bismark_bt2.CpG",11722,8409,3313,11722
"19099","07_report/CpG_context_sampling_34239_99_trimmed_bismark_bt2.CpG",11731,8312,3419,11731
"19100","07_report/CpG_context_sampling_34239_100_trimmed_bismark_bt2.CpG",11853,8490,3363,11853
"19101","07_report/CpG_context_sampling_34239_101_trimmed_bismark_bt2.CpG",11815,8363,3452,11815
"19102","07_report/CpG_context_sampling_34239_102_trimmed_bismark_bt2.CpG",12035,8628,3407,12035
"19103","07_report/CpG_context_sampling_34239_103_trimmed_bismark_bt2.CpG",11840,8388,3452,11840
"19104","07_report/CpG_context_sampling_34239_104_trimmed_bismark_bt2.CpG",11876,8370,3506,11876
"19105","07_report/CpG_context_sampling_34239_105_trimmed_bismark_bt2.CpG",11713,8380,3333,11713
"19106","07_report/CpG_context_sampling_34239_106_trimmed_bismark_bt2.CpG",11862,8495,3367,11862
"19107","07_report/CpG_context_sampling_34239_107_trimmed_bismark_bt2.CpG",11950,8629,3321,11950
"19108","07_report/CpG_context_sampling_34239_108_trimmed_bismark_bt2.CpG",11874,8543,3331,11874
"19109","07_report/CpG_context_sampling_34239_109_trimmed_bismark_bt2.CpG",11877,8562,3315,11877
"19110","07_report/CpG_context_sampling_34239_110_trimmed_bismark_bt2.CpG",12034,8611,3423,12034
"19111","07_report/CpG_context_sampling_34239_111_trimmed_bismark_bt2.CpG",11846,8502,3344,11846
"19112","07_report/CpG_context_sampling_34239_112_trimmed_bismark_bt2.CpG",11987,8550,3437,11987
"19113","07_report/CpG_context_sampling_34239_113_trimmed_bismark_bt2.CpG",11924,8551,3373,11924
"19114","07_report/CpG_context_sampling_34239_114_trimmed_bismark_bt2.CpG",11677,8387,3290,11677
"19115","07_report/CpG_context_sampling_34239_115_trimmed_bismark_bt2.CpG",11871,8471,3400,11871
"19116","07_report/CpG_context_sampling_34239_116_trimmed_bismark_bt2.CpG",11845,8502,3343,11845
"19117","07_report/CpG_context_sampling_34239_117_trimmed_bismark_bt2.CpG",11905,8487,3418,11905
"19118","07_report/CpG_context_sampling_34239_118_trimmed_bismark_bt2.CpG",11985,8599,3386,11985
"19119","07_report/CpG_context_sampling_34239_119_trimmed_bismark_bt2.CpG",11749,8522,3227,11749
"19120","07_report/CpG_context_sampling_34239_120_trimmed_bismark_bt2.CpG",11845,8475,3370,11845
"19121","07_report/CpG_context_sampling_34239_121_trimmed_bismark_bt2.CpG",11820,8307,3513,11820
"19122","07_report/CpG_context_sampling_34239_122_trimmed_bismark_bt2.CpG",11784,8386,3398,11784
"19123","07_report/CpG_context_sampling_34239_123_trimmed_bismark_bt2.CpG",11792,8406,3386,11792
"19124","07_report/CpG_context_sampling_34239_124_trimmed_bismark_bt2.CpG",11985,8633,3352,11985
"19125","07_report/CpG_context_sampling_34239_125_trimmed_bismark_bt2.CpG",11860,8464,3396,11860
"19126","07_report/CpG_context_sampling_34239_126_trimmed_bismark_bt2.CpG",12019,8507,3512,12019
"19127","07_report/CpG_context_sampling_34239_127_trimmed_bismark_bt2.CpG",11861,8577,3284,11861
"19128","07_report/CpG_context_sampling_34239_128_trimmed_bismark_bt2.CpG",11949,8549,3400,11949
"19129","07_report/CpG_context_sampling_34239_129_trimmed_bismark_bt2.CpG",11822,8516,3306,11822
"19130","07_report/CpG_context_sampling_34239_130_trimmed_bismark_bt2.CpG",11866,8493,3373,11866
"19131","07_report/CpG_context_sampling_34239_131_trimmed_bismark_bt2.CpG",11921,8540,3381,11921
"19132","07_report/CpG_context_sampling_34239_132_trimmed_bismark_bt2.CpG",11894,8440,3454,11894
"19133","07_report/CpG_context_sampling_34239_133_trimmed_bismark_bt2.CpG",11858,8574,3284,11858
"19134","07_report/CpG_context_sampling_34239_134_trimmed_bismark_bt2.CpG",11988,8572,3416,11988
"19135","07_report/CpG_context_sampling_34239_135_trimmed_bismark_bt2.CpG",11885,8459,3426,11885
"19136","07_report/CpG_context_sampling_34239_136_trimmed_bismark_bt2.CpG",11898,8537,3361,11898
"19137","07_report/CpG_context_sampling_34239_137_trimmed_bismark_bt2.CpG",11882,8485,3397,11882
"19138","07_report/CpG_context_sampling_34239_138_trimmed_bismark_bt2.CpG",11944,8523,3421,11944
"19139","07_report/CpG_context_sampling_34239_139_trimmed_bismark_bt2.CpG",11871,8462,3409,11871
"19140","07_report/CpG_context_sampling_34239_140_trimmed_bismark_bt2.CpG",11862,8483,3379,11862
"19141","07_report/CpG_context_sampling_34239_141_trimmed_bismark_bt2.CpG",11769,8504,3265,11769
"19142","07_report/CpG_context_sampling_34239_142_trimmed_bismark_bt2.CpG",11945,8569,3376,11945
"19143","07_report/CpG_context_sampling_34239_143_trimmed_bismark_bt2.CpG",11752,8467,3285,11752
"19144","07_report/CpG_context_sampling_34239_144_trimmed_bismark_bt2.CpG",12052,8684,3368,12052
"19145","07_report/CpG_context_sampling_34239_145_trimmed_bismark_bt2.CpG",11788,8494,3294,11788
"19146","07_report/CpG_context_sampling_34239_146_trimmed_bismark_bt2.CpG",11793,8426,3367,11793
"19147","07_report/CpG_context_sampling_34239_147_trimmed_bismark_bt2.CpG",11838,8393,3445,11838
"19148","07_report/CpG_context_sampling_34239_148_trimmed_bismark_bt2.CpG",11860,8552,3308,11860
"19149","07_report/CpG_context_sampling_34239_149_trimmed_bismark_bt2.CpG",11838,8465,3373,11838
"19150","07_report/CpG_context_sampling_34239_150_trimmed_bismark_bt2.CpG",11863,8510,3353,11863
"19151","07_report/CpG_context_sampling_34239_151_trimmed_bismark_bt2.CpG",11920,8605,3315,11920
"19152","07_report/CpG_context_sampling_34239_152_trimmed_bismark_bt2.CpG",11939,8499,3440,11939
"19153","07_report/CpG_context_sampling_34239_153_trimmed_bismark_bt2.CpG",11842,8500,3342,11842
"19154","07_report/CpG_context_sampling_34239_154_trimmed_bismark_bt2.CpG",11924,8584,3340,11924
"19155","07_report/CpG_context_sampling_34239_155_trimmed_bismark_bt2.CpG",11948,8560,3388,11948
"19156","07_report/CpG_context_sampling_34239_156_trimmed_bismark_bt2.CpG",11731,8386,3345,11731
"19157","07_report/CpG_context_sampling_34239_157_trimmed_bismark_bt2.CpG",11864,8446,3418,11864
"19158","07_report/CpG_context_sampling_34239_158_trimmed_bismark_bt2.CpG",11802,8404,3398,11802
"19159","07_report/CpG_context_sampling_34239_159_trimmed_bismark_bt2.CpG",11943,8578,3365,11943
"19160","07_report/CpG_context_sampling_34239_160_trimmed_bismark_bt2.CpG",11829,8525,3304,11829
"19161","07_report/CpG_context_sampling_34239_161_trimmed_bismark_bt2.CpG",11969,8637,3332,11969
"19162","07_report/CpG_context_sampling_34239_162_trimmed_bismark_bt2.CpG",11823,8445,3378,11823
"19163","07_report/CpG_context_sampling_34239_163_trimmed_bismark_bt2.CpG",11851,8583,3268,11851
"19164","07_report/CpG_context_sampling_34239_164_trimmed_bismark_bt2.CpG",11950,8484,3466,11950
"19165","07_report/CpG_context_sampling_34239_165_trimmed_bismark_bt2.CpG",11917,8433,3484,11917
"19166","07_report/CpG_context_sampling_34239_166_trimmed_bismark_bt2.CpG",11826,8488,3338,11826
"19167","07_report/CpG_context_sampling_34239_167_trimmed_bismark_bt2.CpG",11889,8472,3417,11889
"19168","07_report/CpG_context_sampling_34239_168_trimmed_bismark_bt2.CpG",11875,8458,3417,11875
"19169","07_report/CpG_context_sampling_34239_169_trimmed_bismark_bt2.CpG",11889,8531,3358,11889
"19170","07_report/CpG_context_sampling_34239_170_trimmed_bismark_bt2.CpG",11985,8571,3414,11985
"19171","07_report/CpG_context_sampling_34239_171_trimmed_bismark_bt2.CpG",11848,8526,3322,11848
"19172","07_report/CpG_context_sampling_34239_172_trimmed_bismark_bt2.CpG",11945,8536,3409,11945
"19173","07_report/CpG_context_sampling_34239_173_trimmed_bismark_bt2.CpG",11763,8417,3346,11763
"19174","07_report/CpG_context_sampling_34239_174_trimmed_bismark_bt2.CpG",12046,8651,3395,12046
"19175","07_report/CpG_context_sampling_34239_175_trimmed_bismark_bt2.CpG",11906,8543,3363,11906
"19176","07_report/CpG_context_sampling_34239_176_trimmed_bismark_bt2.CpG",11862,8504,3358,11862
"19177","07_report/CpG_context_sampling_34239_177_trimmed_bismark_bt2.CpG",11719,8362,3357,11719
"19178","07_report/CpG_context_sampling_34239_178_trimmed_bismark_bt2.CpG",11805,8404,3401,11805
"19179","07_report/CpG_context_sampling_34239_179_trimmed_bismark_bt2.CpG",11922,8563,3359,11922
"19180","07_report/CpG_context_sampling_34239_180_trimmed_bismark_bt2.CpG",12084,8628,3456,12084
"19181","07_report/CpG_context_sampling_34239_181_trimmed_bismark_bt2.CpG",11830,8539,3291,11830
"19182","07_report/CpG_context_sampling_34239_182_trimmed_bismark_bt2.CpG",11954,8568,3386,11954
"19183","07_report/CpG_context_sampling_34239_183_trimmed_bismark_bt2.CpG",11889,8506,3383,11889
"19184","07_report/CpG_context_sampling_34239_184_trimmed_bismark_bt2.CpG",11938,8540,3398,11938
"19185","07_report/CpG_context_sampling_34239_185_trimmed_bismark_bt2.CpG",11979,8540,3439,11979
"19186","07_report/CpG_context_sampling_34239_186_trimmed_bismark_bt2.CpG",11888,8602,3286,11888
"19187","07_report/CpG_context_sampling_34239_187_trimmed_bismark_bt2.CpG",11987,8584,3403,11987
"19188","07_report/CpG_context_sampling_34239_188_trimmed_bismark_bt2.CpG",11801,8417,3384,11801
"19189","07_report/CpG_context_sampling_34239_189_trimmed_bismark_bt2.CpG",11969,8596,3373,11969
"19190","07_report/CpG_context_sampling_34239_190_trimmed_bismark_bt2.CpG",11802,8462,3340,11802
"19191","07_report/CpG_context_sampling_34239_191_trimmed_bismark_bt2.CpG",11821,8470,3351,11821
"19192","07_report/CpG_context_sampling_34239_192_trimmed_bismark_bt2.CpG",12012,8620,3392,12012
"19193","07_report/CpG_context_sampling_34239_193_trimmed_bismark_bt2.CpG",11938,8581,3357,11938
"19194","07_report/CpG_context_sampling_34239_194_trimmed_bismark_bt2.CpG",11841,8459,3382,11841
"19195","07_report/CpG_context_sampling_34239_195_trimmed_bismark_bt2.CpG",11911,8413,3498,11911
"19196","07_report/CpG_context_sampling_34239_196_trimmed_bismark_bt2.CpG",11855,8377,3478,11855
"19197","07_report/CpG_context_sampling_34239_197_trimmed_bismark_bt2.CpG",11932,8514,3418,11932
"19198","07_report/CpG_context_sampling_34239_198_trimmed_bismark_bt2.CpG",12071,8662,3409,12071
"19199","07_report/CpG_context_sampling_34239_199_trimmed_bismark_bt2.CpG",12085,8769,3316,12085
"19200","07_report/CpG_context_sampling_34239_200_trimmed_bismark_bt2.CpG",11893,8589,3304,11893
"19201","07_report/CpG_context_sampling_34239_201_trimmed_bismark_bt2.CpG",11743,8337,3406,11743
"19202","07_report/CpG_context_sampling_34239_202_trimmed_bismark_bt2.CpG",11786,8436,3350,11786
"19203","07_report/CpG_context_sampling_34239_203_trimmed_bismark_bt2.CpG",11795,8460,3335,11795
"19204","07_report/CpG_context_sampling_34239_204_trimmed_bismark_bt2.CpG",11762,8480,3282,11762
"19205","07_report/CpG_context_sampling_34239_205_trimmed_bismark_bt2.CpG",11849,8517,3332,11849
"19206","07_report/CpG_context_sampling_34239_206_trimmed_bismark_bt2.CpG",11965,8588,3377,11965
"19207","07_report/CpG_context_sampling_34239_207_trimmed_bismark_bt2.CpG",11829,8556,3273,11829
"19208","07_report/CpG_context_sampling_34239_208_trimmed_bismark_bt2.CpG",11877,8467,3410,11877
"19209","07_report/CpG_context_sampling_34239_209_trimmed_bismark_bt2.CpG",11734,8389,3345,11734
"19210","07_report/CpG_context_sampling_34239_210_trimmed_bismark_bt2.CpG",12030,8710,3320,12030
"19211","07_report/CpG_context_sampling_34239_211_trimmed_bismark_bt2.CpG",11890,8451,3439,11890
"19212","07_report/CpG_context_sampling_34239_212_trimmed_bismark_bt2.CpG",12033,8595,3438,12033
"19213","07_report/CpG_context_sampling_34239_213_trimmed_bismark_bt2.CpG",11813,8480,3333,11813
"19214","07_report/CpG_context_sampling_34239_214_trimmed_bismark_bt2.CpG",12004,8625,3379,12004
"19215","07_report/CpG_context_sampling_34239_215_trimmed_bismark_bt2.CpG",11819,8486,3333,11819
"19216","07_report/CpG_context_sampling_34239_216_trimmed_bismark_bt2.CpG",11903,8484,3419,11903
"19217","07_report/CpG_context_sampling_34239_217_trimmed_bismark_bt2.CpG",11826,8511,3315,11826
"19218","07_report/CpG_context_sampling_34239_218_trimmed_bismark_bt2.CpG",11981,8665,3316,11981
"19219","07_report/CpG_context_sampling_34239_219_trimmed_bismark_bt2.CpG",11783,8397,3386,11783
"19220","07_report/CpG_context_sampling_34239_220_trimmed_bismark_bt2.CpG",11794,8379,3415,11794
"19221","07_report/CpG_context_sampling_34239_221_trimmed_bismark_bt2.CpG",11887,8537,3350,11887
"19222","07_report/CpG_context_sampling_34239_222_trimmed_bismark_bt2.CpG",11877,8536,3341,11877
"19223","07_report/CpG_context_sampling_34239_223_trimmed_bismark_bt2.CpG",11723,8385,3338,11723
"19224","07_report/CpG_context_sampling_34239_224_trimmed_bismark_bt2.CpG",11936,8491,3445,11936
"19225","07_report/CpG_context_sampling_34239_225_trimmed_bismark_bt2.CpG",11655,8407,3248,11655
"19226","07_report/CpG_context_sampling_34239_226_trimmed_bismark_bt2.CpG",11864,8544,3320,11864
"19227","07_report/CpG_context_sampling_34239_227_trimmed_bismark_bt2.CpG",11859,8525,3334,11859
"19228","07_report/CpG_context_sampling_34239_228_trimmed_bismark_bt2.CpG",11773,8413,3360,11773
"19229","07_report/CpG_context_sampling_34239_229_trimmed_bismark_bt2.CpG",11787,8415,3372,11787
"19230","07_report/CpG_context_sampling_34239_230_trimmed_bismark_bt2.CpG",11825,8443,3382,11825
"19231","07_report/CpG_context_sampling_34239_231_trimmed_bismark_bt2.CpG",11909,8545,3364,11909
"19232","07_report/CpG_context_sampling_34239_232_trimmed_bismark_bt2.CpG",11888,8550,3338,11888
"19233","07_report/CpG_context_sampling_34239_233_trimmed_bismark_bt2.CpG",11857,8475,3382,11857
"19234","07_report/CpG_context_sampling_34239_234_trimmed_bismark_bt2.CpG",11812,8447,3365,11812
"19235","07_report/CpG_context_sampling_34239_235_trimmed_bismark_bt2.CpG",12008,8605,3403,12008
"19236","07_report/CpG_context_sampling_34239_236_trimmed_bismark_bt2.CpG",11873,8418,3455,11873
"19237","07_report/CpG_context_sampling_34239_237_trimmed_bismark_bt2.CpG",11886,8476,3410,11886
"19238","07_report/CpG_context_sampling_34239_238_trimmed_bismark_bt2.CpG",11854,8366,3488,11854
"19239","07_report/CpG_context_sampling_34239_239_trimmed_bismark_bt2.CpG",11833,8411,3422,11833
"19240","07_report/CpG_context_sampling_34239_240_trimmed_bismark_bt2.CpG",11767,8325,3442,11767
"19241","07_report/CpG_context_sampling_34239_241_trimmed_bismark_bt2.CpG",11903,8423,3480,11903
"19242","07_report/CpG_context_sampling_34239_242_trimmed_bismark_bt2.CpG",11941,8485,3456,11941
"19243","07_report/CpG_context_sampling_34239_243_trimmed_bismark_bt2.CpG",11724,8483,3241,11724
"19244","07_report/CpG_context_sampling_34239_244_trimmed_bismark_bt2.CpG",11746,8389,3357,11746
"19245","07_report/CpG_context_sampling_34239_245_trimmed_bismark_bt2.CpG",11881,8531,3350,11881
"19246","07_report/CpG_context_sampling_34239_246_trimmed_bismark_bt2.CpG",11832,8426,3406,11832
"19247","07_report/CpG_context_sampling_34239_247_trimmed_bismark_bt2.CpG",12027,8657,3370,12027
"19248","07_report/CpG_context_sampling_34239_248_trimmed_bismark_bt2.CpG",11818,8458,3360,11818
"19249","07_report/CpG_context_sampling_34239_249_trimmed_bismark_bt2.CpG",11885,8432,3453,11885
"19250","07_report/CpG_context_sampling_34239_250_trimmed_bismark_bt2.CpG",11930,8613,3317,11930
"19251","07_report/CpG_context_sampling_34239_251_trimmed_bismark_bt2.CpG",11943,8527,3416,11943
"19252","07_report/CpG_context_sampling_34239_252_trimmed_bismark_bt2.CpG",11719,8345,3374,11719
"19253","07_report/CpG_context_sampling_34239_253_trimmed_bismark_bt2.CpG",11928,8593,3335,11928
"19254","07_report/CpG_context_sampling_34239_254_trimmed_bismark_bt2.CpG",11944,8470,3474,11944
"19255","07_report/CpG_context_sampling_34239_255_trimmed_bismark_bt2.CpG",11868,8489,3379,11868
"19256","07_report/CpG_context_sampling_34239_256_trimmed_bismark_bt2.CpG",11765,8338,3427,11765
"19257","07_report/CpG_context_sampling_34239_257_trimmed_bismark_bt2.CpG",11900,8490,3410,11900
"19258","07_report/CpG_context_sampling_34239_258_trimmed_bismark_bt2.CpG",11835,8421,3414,11835
"19259","07_report/CpG_context_sampling_34239_259_trimmed_bismark_bt2.CpG",11894,8584,3310,11894
"19260","07_report/CpG_context_sampling_34239_260_trimmed_bismark_bt2.CpG",11891,8505,3386,11891
"19261","07_report/CpG_context_sampling_34239_261_trimmed_bismark_bt2.CpG",11831,8481,3350,11831
"19262","07_report/CpG_context_sampling_34239_262_trimmed_bismark_bt2.CpG",11948,8536,3412,11948
"19263","07_report/CpG_context_sampling_34239_263_trimmed_bismark_bt2.CpG",11940,8492,3448,11940
"19264","07_report/CpG_context_sampling_34239_264_trimmed_bismark_bt2.CpG",11911,8522,3389,11911
"19265","07_report/CpG_context_sampling_34239_265_trimmed_bismark_bt2.CpG",12076,8661,3415,12076
"19266","07_report/CpG_context_sampling_34239_266_trimmed_bismark_bt2.CpG",11745,8434,3311,11745
"19267","07_report/CpG_context_sampling_34239_267_trimmed_bismark_bt2.CpG",11813,8509,3304,11813
"19268","07_report/CpG_context_sampling_34239_268_trimmed_bismark_bt2.CpG",11842,8485,3357,11842
"19269","07_report/CpG_context_sampling_34239_269_trimmed_bismark_bt2.CpG",11819,8443,3376,11819
"19270","07_report/CpG_context_sampling_34239_270_trimmed_bismark_bt2.CpG",11826,8508,3318,11826
"19271","07_report/CpG_context_sampling_34239_271_trimmed_bismark_bt2.CpG",11903,8496,3407,11903
"19272","07_report/CpG_context_sampling_34239_272_trimmed_bismark_bt2.CpG",11839,8472,3367,11839
"19273","07_report/CpG_context_sampling_34239_273_trimmed_bismark_bt2.CpG",11881,8556,3325,11881
"19274","07_report/CpG_context_sampling_34239_274_trimmed_bismark_bt2.CpG",11925,8530,3395,11925
"19275","07_report/CpG_context_sampling_34239_275_trimmed_bismark_bt2.CpG",11819,8503,3316,11819
"19276","07_report/CpG_context_sampling_34239_276_trimmed_bismark_bt2.CpG",11889,8494,3395,11889
"19277","07_report/CpG_context_sampling_34239_277_trimmed_bismark_bt2.CpG",11777,8509,3268,11777
"19278","07_report/CpG_context_sampling_34239_278_trimmed_bismark_bt2.CpG",11823,8509,3314,11823
"19279","07_report/CpG_context_sampling_34239_279_trimmed_bismark_bt2.CpG",11635,8295,3340,11635
"19280","07_report/CpG_context_sampling_34239_280_trimmed_bismark_bt2.CpG",11838,8484,3354,11838
"19281","07_report/CpG_context_sampling_34239_281_trimmed_bismark_bt2.CpG",11721,8341,3380,11721
"19282","07_report/CpG_context_sampling_34239_282_trimmed_bismark_bt2.CpG",11946,8499,3447,11946
"19283","07_report/CpG_context_sampling_34239_283_trimmed_bismark_bt2.CpG",11975,8590,3385,11975
"19284","07_report/CpG_context_sampling_34239_284_trimmed_bismark_bt2.CpG",11937,8645,3292,11937
"19285","07_report/CpG_context_sampling_34239_285_trimmed_bismark_bt2.CpG",11909,8511,3398,11909
"19286","07_report/CpG_context_sampling_34239_286_trimmed_bismark_bt2.CpG",11670,8370,3300,11670
"19287","07_report/CpG_context_sampling_34239_287_trimmed_bismark_bt2.CpG",11879,8474,3405,11879
"19288","07_report/CpG_context_sampling_34239_288_trimmed_bismark_bt2.CpG",11827,8464,3363,11827
"19289","07_report/CpG_context_sampling_34239_289_trimmed_bismark_bt2.CpG",11583,8267,3316,11583
"19290","07_report/CpG_context_sampling_34239_290_trimmed_bismark_bt2.CpG",11969,8626,3343,11969
"19291","07_report/CpG_context_sampling_34239_291_trimmed_bismark_bt2.CpG",12051,8635,3416,12051
"19292","07_report/CpG_context_sampling_34239_292_trimmed_bismark_bt2.CpG",11994,8614,3380,11994
"19293","07_report/CpG_context_sampling_34239_293_trimmed_bismark_bt2.CpG",11900,8541,3359,11900
"19294","07_report/CpG_context_sampling_34239_294_trimmed_bismark_bt2.CpG",11825,8533,3292,11825
"19295","07_report/CpG_context_sampling_34239_295_trimmed_bismark_bt2.CpG",11798,8478,3320,11798
"19296","07_report/CpG_context_sampling_34239_296_trimmed_bismark_bt2.CpG",11772,8484,3288,11772
"19297","07_report/CpG_context_sampling_34239_297_trimmed_bismark_bt2.CpG",11722,8242,3480,11722
"19298","07_report/CpG_context_sampling_34239_298_trimmed_bismark_bt2.CpG",12013,8593,3420,12013
"19299","07_report/CpG_context_sampling_34239_299_trimmed_bismark_bt2.CpG",11902,8563,3339,11902
"19300","07_report/CpG_context_sampling_34239_300_trimmed_bismark_bt2.CpG",11887,8547,3340,11887
"19301","07_report/CpG_context_sampling_34239_301_trimmed_bismark_bt2.CpG",11912,8588,3324,11912
"19302","07_report/CpG_context_sampling_34239_302_trimmed_bismark_bt2.CpG",11813,8475,3338,11813
"19303","07_report/CpG_context_sampling_34239_303_trimmed_bismark_bt2.CpG",11991,8609,3382,11991
"19304","07_report/CpG_context_sampling_34239_304_trimmed_bismark_bt2.CpG",11838,8451,3387,11838
"19305","07_report/CpG_context_sampling_34239_305_trimmed_bismark_bt2.CpG",11824,8411,3413,11824
"19306","07_report/CpG_context_sampling_34239_306_trimmed_bismark_bt2.CpG",11977,8555,3422,11977
"19307","07_report/CpG_context_sampling_34239_307_trimmed_bismark_bt2.CpG",11781,8478,3303,11781
"19308","07_report/CpG_context_sampling_34239_308_trimmed_bismark_bt2.CpG",11842,8444,3398,11842
"19309","07_report/CpG_context_sampling_34239_309_trimmed_bismark_bt2.CpG",11940,8533,3407,11940
"19310","07_report/CpG_context_sampling_34239_310_trimmed_bismark_bt2.CpG",11945,8581,3364,11945
"19311","07_report/CpG_context_sampling_34239_311_trimmed_bismark_bt2.CpG",11803,8453,3350,11803
"19312","07_report/CpG_context_sampling_34239_312_trimmed_bismark_bt2.CpG",12054,8611,3443,12054
"19313","07_report/CpG_context_sampling_34239_313_trimmed_bismark_bt2.CpG",11752,8356,3396,11752
"19314","07_report/CpG_context_sampling_34239_314_trimmed_bismark_bt2.CpG",11963,8584,3379,11963
"19315","07_report/CpG_context_sampling_34239_315_trimmed_bismark_bt2.CpG",11805,8432,3373,11805
"19316","07_report/CpG_context_sampling_34239_316_trimmed_bismark_bt2.CpG",11854,8523,3331,11854
"19317","07_report/CpG_context_sampling_34239_317_trimmed_bismark_bt2.CpG",12068,8588,3480,12068
"19318","07_report/CpG_context_sampling_34239_318_trimmed_bismark_bt2.CpG",11857,8527,3330,11857
"19319","07_report/CpG_context_sampling_34239_319_trimmed_bismark_bt2.CpG",11950,8566,3384,11950
"19320","07_report/CpG_context_sampling_34239_320_trimmed_bismark_bt2.CpG",11881,8547,3334,11881
"19321","07_report/CpG_context_sampling_34239_321_trimmed_bismark_bt2.CpG",11832,8547,3285,11832
"19322","07_report/CpG_context_sampling_34239_322_trimmed_bismark_bt2.CpG",11934,8541,3393,11934
"19323","07_report/CpG_context_sampling_34239_323_trimmed_bismark_bt2.CpG",11910,8483,3427,11910
"19324","07_report/CpG_context_sampling_34239_324_trimmed_bismark_bt2.CpG",11881,8481,3400,11881
"19325","07_report/CpG_context_sampling_34239_325_trimmed_bismark_bt2.CpG",12076,8685,3391,12076
"19326","07_report/CpG_context_sampling_34239_326_trimmed_bismark_bt2.CpG",11851,8435,3416,11851
"19327","07_report/CpG_context_sampling_34239_327_trimmed_bismark_bt2.CpG",11972,8530,3442,11972
"19328","07_report/CpG_context_sampling_34239_328_trimmed_bismark_bt2.CpG",11987,8641,3346,11987
"19329","07_report/CpG_context_sampling_34239_329_trimmed_bismark_bt2.CpG",11901,8523,3378,11901
"19330","07_report/CpG_context_sampling_34239_330_trimmed_bismark_bt2.CpG",11910,8552,3358,11910
"19331","07_report/CpG_context_sampling_34239_331_trimmed_bismark_bt2.CpG",11889,8502,3387,11889
"19332","07_report/CpG_context_sampling_34239_332_trimmed_bismark_bt2.CpG",11882,8603,3279,11882
"19333","07_report/CpG_context_sampling_34239_333_trimmed_bismark_bt2.CpG",11996,8613,3383,11996
"19334","07_report/CpG_context_sampling_34239_334_trimmed_bismark_bt2.CpG",11964,8694,3270,11964
"19335","07_report/CpG_context_sampling_34239_335_trimmed_bismark_bt2.CpG",11801,8415,3386,11801
"19336","07_report/CpG_context_sampling_34239_336_trimmed_bismark_bt2.CpG",11831,8325,3506,11831
"19337","07_report/CpG_context_sampling_34239_337_trimmed_bismark_bt2.CpG",11766,8396,3370,11766
"19338","07_report/CpG_context_sampling_34239_338_trimmed_bismark_bt2.CpG",11966,8569,3397,11966
"19339","07_report/CpG_context_sampling_34239_339_trimmed_bismark_bt2.CpG",11928,8545,3383,11928
"19340","07_report/CpG_context_sampling_34239_340_trimmed_bismark_bt2.CpG",11924,8523,3401,11924
"19341","07_report/CpG_context_sampling_34239_341_trimmed_bismark_bt2.CpG",11780,8398,3382,11780
"19342","07_report/CpG_context_sampling_34239_342_trimmed_bismark_bt2.CpG",11891,8519,3372,11891
"19343","07_report/CpG_context_sampling_34239_343_trimmed_bismark_bt2.CpG",11860,8458,3402,11860
"19344","07_report/CpG_context_sampling_34239_344_trimmed_bismark_bt2.CpG",11861,8480,3381,11861
"19345","07_report/CpG_context_sampling_34239_345_trimmed_bismark_bt2.CpG",11943,8449,3494,11943
"19346","07_report/CpG_context_sampling_34239_346_trimmed_bismark_bt2.CpG",11905,8530,3375,11905
"19347","07_report/CpG_context_sampling_34239_347_trimmed_bismark_bt2.CpG",11860,8472,3388,11860
"19348","07_report/CpG_context_sampling_34239_348_trimmed_bismark_bt2.CpG",11875,8423,3452,11875
"19349","07_report/CpG_context_sampling_34239_349_trimmed_bismark_bt2.CpG",11806,8536,3270,11806
"19350","07_report/CpG_context_sampling_34239_350_trimmed_bismark_bt2.CpG",11818,8407,3411,11818
"19351","07_report/CpG_context_sampling_34239_351_trimmed_bismark_bt2.CpG",12009,8557,3452,12009
"19352","07_report/CpG_context_sampling_34239_352_trimmed_bismark_bt2.CpG",11911,8557,3354,11911
"19353","07_report/CpG_context_sampling_34239_353_trimmed_bismark_bt2.CpG",12032,8620,3412,12032
"19354","07_report/CpG_context_sampling_34239_354_trimmed_bismark_bt2.CpG",11922,8575,3347,11922
"19355","07_report/CpG_context_sampling_34239_355_trimmed_bismark_bt2.CpG",11874,8525,3349,11874
"19356","07_report/CpG_context_sampling_34239_356_trimmed_bismark_bt2.CpG",11882,8506,3376,11882
"19357","07_report/CpG_context_sampling_34239_357_trimmed_bismark_bt2.CpG",11844,8517,3327,11844
"19358","07_report/CpG_context_sampling_34239_358_trimmed_bismark_bt2.CpG",11781,8474,3307,11781
"19359","07_report/CpG_context_sampling_34239_359_trimmed_bismark_bt2.CpG",11891,8465,3426,11891
"19360","07_report/CpG_context_sampling_34239_360_trimmed_bismark_bt2.CpG",11825,8496,3329,11825
"19361","07_report/CpG_context_sampling_34239_361_trimmed_bismark_bt2.CpG",11890,8430,3460,11890
"19362","07_report/CpG_context_sampling_34239_362_trimmed_bismark_bt2.CpG",11945,8541,3404,11945
"19363","07_report/CpG_context_sampling_34239_363_trimmed_bismark_bt2.CpG",11878,8422,3456,11878
"19364","07_report/CpG_context_sampling_34239_364_trimmed_bismark_bt2.CpG",11928,8464,3464,11928
"19365","07_report/CpG_context_sampling_34239_365_trimmed_bismark_bt2.CpG",11934,8506,3428,11934
"19366","07_report/CpG_context_sampling_34239_366_trimmed_bismark_bt2.CpG",12032,8653,3379,12032
"19367","07_report/CpG_context_sampling_34239_367_trimmed_bismark_bt2.CpG",11964,8523,3441,11964
"19368","07_report/CpG_context_sampling_34239_368_trimmed_bismark_bt2.CpG",11796,8501,3295,11796
"19369","07_report/CpG_context_sampling_34239_369_trimmed_bismark_bt2.CpG",11713,8382,3331,11713
"19370","07_report/CpG_context_sampling_34239_370_trimmed_bismark_bt2.CpG",11799,8475,3324,11799
"19371","07_report/CpG_context_sampling_34239_371_trimmed_bismark_bt2.CpG",11768,8412,3356,11768
"19372","07_report/CpG_context_sampling_34239_372_trimmed_bismark_bt2.CpG",11747,8489,3258,11747
"19373","07_report/CpG_context_sampling_34239_373_trimmed_bismark_bt2.CpG",11855,8530,3325,11855
"19374","07_report/CpG_context_sampling_34239_374_trimmed_bismark_bt2.CpG",11716,8423,3293,11716
"19375","07_report/CpG_context_sampling_34239_375_trimmed_bismark_bt2.CpG",11781,8393,3388,11781
"19376","07_report/CpG_context_sampling_34239_376_trimmed_bismark_bt2.CpG",11710,8342,3368,11710
"19377","07_report/CpG_context_sampling_34239_377_trimmed_bismark_bt2.CpG",11823,8460,3363,11823
"19378","07_report/CpG_context_sampling_34239_378_trimmed_bismark_bt2.CpG",11843,8464,3379,11843
"19379","07_report/CpG_context_sampling_34239_379_trimmed_bismark_bt2.CpG",11893,8505,3388,11893
"19380","07_report/CpG_context_sampling_34239_380_trimmed_bismark_bt2.CpG",11765,8379,3386,11765
"19381","07_report/CpG_context_sampling_34239_381_trimmed_bismark_bt2.CpG",12028,8600,3428,12028
"19382","07_report/CpG_context_sampling_34239_382_trimmed_bismark_bt2.CpG",11869,8467,3402,11869
"19383","07_report/CpG_context_sampling_34239_383_trimmed_bismark_bt2.CpG",11967,8495,3472,11967
"19384","07_report/CpG_context_sampling_34239_384_trimmed_bismark_bt2.CpG",11756,8499,3257,11756
"19385","07_report/CpG_context_sampling_34239_385_trimmed_bismark_bt2.CpG",11776,8423,3353,11776
"19386","07_report/CpG_context_sampling_34239_386_trimmed_bismark_bt2.CpG",11918,8549,3369,11918
"19387","07_report/CpG_context_sampling_34239_387_trimmed_bismark_bt2.CpG",11938,8530,3408,11938
"19388","07_report/CpG_context_sampling_34239_388_trimmed_bismark_bt2.CpG",11732,8408,3324,11732
"19389","07_report/CpG_context_sampling_34239_389_trimmed_bismark_bt2.CpG",12013,8610,3403,12013
"19390","07_report/CpG_context_sampling_34239_390_trimmed_bismark_bt2.CpG",11838,8390,3448,11838
"19391","07_report/CpG_context_sampling_34239_391_trimmed_bismark_bt2.CpG",11769,8394,3375,11769
"19392","07_report/CpG_context_sampling_34239_392_trimmed_bismark_bt2.CpG",11868,8464,3404,11868
"19393","07_report/CpG_context_sampling_34239_393_trimmed_bismark_bt2.CpG",11905,8493,3412,11905
"19394","07_report/CpG_context_sampling_34239_394_trimmed_bismark_bt2.CpG",11990,8512,3478,11990
"19395","07_report/CpG_context_sampling_34239_395_trimmed_bismark_bt2.CpG",11878,8512,3366,11878
"19396","07_report/CpG_context_sampling_34239_396_trimmed_bismark_bt2.CpG",11933,8578,3355,11933
"19397","07_report/CpG_context_sampling_34239_397_trimmed_bismark_bt2.CpG",11815,8418,3397,11815
"19398","07_report/CpG_context_sampling_34239_398_trimmed_bismark_bt2.CpG",11961,8490,3471,11961
"19399","07_report/CpG_context_sampling_34239_399_trimmed_bismark_bt2.CpG",11722,8368,3354,11722
"19400","07_report/CpG_context_sampling_34239_400_trimmed_bismark_bt2.CpG",11832,8494,3338,11832
"19401","07_report/CpG_context_sampling_34239_401_trimmed_bismark_bt2.CpG",11919,8558,3361,11919
"19402","07_report/CpG_context_sampling_34239_402_trimmed_bismark_bt2.CpG",11832,8470,3362,11832
"19403","07_report/CpG_context_sampling_34239_403_trimmed_bismark_bt2.CpG",11844,8464,3380,11844
"19404","07_report/CpG_context_sampling_34239_404_trimmed_bismark_bt2.CpG",11804,8445,3359,11804
"19405","07_report/CpG_context_sampling_34239_405_trimmed_bismark_bt2.CpG",11813,8484,3329,11813
"19406","07_report/CpG_context_sampling_34239_406_trimmed_bismark_bt2.CpG",11929,8473,3456,11929
"19407","07_report/CpG_context_sampling_34239_407_trimmed_bismark_bt2.CpG",11858,8529,3329,11858
"19408","07_report/CpG_context_sampling_34239_408_trimmed_bismark_bt2.CpG",11730,8361,3369,11730
"19409","07_report/CpG_context_sampling_34239_409_trimmed_bismark_bt2.CpG",11757,8483,3274,11757
"19410","07_report/CpG_context_sampling_34239_410_trimmed_bismark_bt2.CpG",11708,8446,3262,11708
"19411","07_report/CpG_context_sampling_34239_411_trimmed_bismark_bt2.CpG",11802,8417,3385,11802
"19412","07_report/CpG_context_sampling_34239_412_trimmed_bismark_bt2.CpG",11844,8489,3355,11844
"19413","07_report/CpG_context_sampling_34239_413_trimmed_bismark_bt2.CpG",11934,8562,3372,11934
"19414","07_report/CpG_context_sampling_34239_414_trimmed_bismark_bt2.CpG",11863,8520,3343,11863
"19415","07_report/CpG_context_sampling_34239_415_trimmed_bismark_bt2.CpG",11809,8451,3358,11809
"19416","07_report/CpG_context_sampling_34239_416_trimmed_bismark_bt2.CpG",11829,8472,3357,11829
"19417","07_report/CpG_context_sampling_34239_417_trimmed_bismark_bt2.CpG",11890,8488,3402,11890
"19418","07_report/CpG_context_sampling_34239_418_trimmed_bismark_bt2.CpG",11906,8520,3386,11906
"19419","07_report/CpG_context_sampling_34239_419_trimmed_bismark_bt2.CpG",11896,8582,3314,11896
"19420","07_report/CpG_context_sampling_34239_420_trimmed_bismark_bt2.CpG",11909,8543,3366,11909
"19421","07_report/CpG_context_sampling_34239_421_trimmed_bismark_bt2.CpG",11890,8442,3448,11890
"19422","07_report/CpG_context_sampling_34239_422_trimmed_bismark_bt2.CpG",11797,8412,3385,11797
"19423","07_report/CpG_context_sampling_34239_423_trimmed_bismark_bt2.CpG",11931,8522,3409,11931
"19424","07_report/CpG_context_sampling_34239_424_trimmed_bismark_bt2.CpG",11732,8317,3415,11732
"19425","07_report/CpG_context_sampling_34239_425_trimmed_bismark_bt2.CpG",11844,8501,3343,11844
"19426","07_report/CpG_context_sampling_34239_426_trimmed_bismark_bt2.CpG",11840,8450,3390,11840
"19427","07_report/CpG_context_sampling_34239_427_trimmed_bismark_bt2.CpG",11933,8564,3369,11933
"19428","07_report/CpG_context_sampling_34239_428_trimmed_bismark_bt2.CpG",11947,8514,3433,11947
"19429","07_report/CpG_context_sampling_34239_429_trimmed_bismark_bt2.CpG",11865,8525,3340,11865
"19430","07_report/CpG_context_sampling_34239_430_trimmed_bismark_bt2.CpG",11751,8364,3387,11751
"19431","07_report/CpG_context_sampling_34239_431_trimmed_bismark_bt2.CpG",11856,8582,3274,11856
"19432","07_report/CpG_context_sampling_34239_432_trimmed_bismark_bt2.CpG",11965,8658,3307,11965
"19433","07_report/CpG_context_sampling_34239_433_trimmed_bismark_bt2.CpG",11928,8525,3403,11928
"19434","07_report/CpG_context_sampling_34239_434_trimmed_bismark_bt2.CpG",11866,8518,3348,11866
"19435","07_report/CpG_context_sampling_34239_435_trimmed_bismark_bt2.CpG",11904,8566,3338,11904
"19436","07_report/CpG_context_sampling_34239_436_trimmed_bismark_bt2.CpG",11913,8545,3368,11913
"19437","07_report/CpG_context_sampling_34239_437_trimmed_bismark_bt2.CpG",11911,8576,3335,11911
"19438","07_report/CpG_context_sampling_34239_438_trimmed_bismark_bt2.CpG",11862,8453,3409,11862
"19439","07_report/CpG_context_sampling_34239_439_trimmed_bismark_bt2.CpG",11865,8460,3405,11865
"19440","07_report/CpG_context_sampling_34239_440_trimmed_bismark_bt2.CpG",11767,8381,3386,11767
"19441","07_report/CpG_context_sampling_34239_441_trimmed_bismark_bt2.CpG",11756,8437,3319,11756
"19442","07_report/CpG_context_sampling_34239_442_trimmed_bismark_bt2.CpG",11911,8454,3457,11911
"19443","07_report/CpG_context_sampling_34239_443_trimmed_bismark_bt2.CpG",11928,8577,3351,11928
"19444","07_report/CpG_context_sampling_34239_444_trimmed_bismark_bt2.CpG",11779,8467,3312,11779
"19445","07_report/CpG_context_sampling_34239_445_trimmed_bismark_bt2.CpG",11992,8704,3288,11992
"19446","07_report/CpG_context_sampling_34239_446_trimmed_bismark_bt2.CpG",12118,8640,3478,12118
"19447","07_report/CpG_context_sampling_34239_447_trimmed_bismark_bt2.CpG",11823,8506,3317,11823
"19448","07_report/CpG_context_sampling_34239_448_trimmed_bismark_bt2.CpG",11881,8448,3433,11881
"19449","07_report/CpG_context_sampling_34239_449_trimmed_bismark_bt2.CpG",11892,8605,3287,11892
"19450","07_report/CpG_context_sampling_34239_450_trimmed_bismark_bt2.CpG",11879,8557,3322,11879
"19451","07_report/CpG_context_sampling_34239_451_trimmed_bismark_bt2.CpG",11749,8407,3342,11749
"19452","07_report/CpG_context_sampling_34239_452_trimmed_bismark_bt2.CpG",11738,8392,3346,11738
"19453","07_report/CpG_context_sampling_34239_453_trimmed_bismark_bt2.CpG",11762,8364,3398,11762
"19454","07_report/CpG_context_sampling_34239_454_trimmed_bismark_bt2.CpG",11989,8546,3443,11989
"19455","07_report/CpG_context_sampling_34239_455_trimmed_bismark_bt2.CpG",11955,8559,3396,11955
"19456","07_report/CpG_context_sampling_34239_456_trimmed_bismark_bt2.CpG",11785,8426,3359,11785
"19457","07_report/CpG_context_sampling_34239_457_trimmed_bismark_bt2.CpG",11900,8506,3394,11900
"19458","07_report/CpG_context_sampling_34239_458_trimmed_bismark_bt2.CpG",11864,8430,3434,11864
"19459","07_report/CpG_context_sampling_34239_459_trimmed_bismark_bt2.CpG",11806,8393,3413,11806
"19460","07_report/CpG_context_sampling_34239_460_trimmed_bismark_bt2.CpG",11908,8518,3390,11908
"19461","07_report/CpG_context_sampling_34239_461_trimmed_bismark_bt2.CpG",11880,8450,3430,11880
"19462","07_report/CpG_context_sampling_34239_462_trimmed_bismark_bt2.CpG",11803,8395,3408,11803
"19463","07_report/CpG_context_sampling_34239_463_trimmed_bismark_bt2.CpG",11954,8578,3376,11954
"19464","07_report/CpG_context_sampling_34239_464_trimmed_bismark_bt2.CpG",11843,8442,3401,11843
"19465","07_report/CpG_context_sampling_34239_465_trimmed_bismark_bt2.CpG",11815,8429,3386,11815
"19466","07_report/CpG_context_sampling_34239_466_trimmed_bismark_bt2.CpG",12073,8665,3408,12073
"19467","07_report/CpG_context_sampling_34239_467_trimmed_bismark_bt2.CpG",11929,8432,3497,11929
"19468","07_report/CpG_context_sampling_34239_468_trimmed_bismark_bt2.CpG",11873,8458,3415,11873
"19469","07_report/CpG_context_sampling_34239_469_trimmed_bismark_bt2.CpG",11810,8448,3362,11810
"19470","07_report/CpG_context_sampling_34239_470_trimmed_bismark_bt2.CpG",11873,8541,3332,11873
"19471","07_report/CpG_context_sampling_34239_471_trimmed_bismark_bt2.CpG",11770,8398,3372,11770
"19472","07_report/CpG_context_sampling_34239_472_trimmed_bismark_bt2.CpG",11933,8510,3423,11933
"19473","07_report/CpG_context_sampling_34239_473_trimmed_bismark_bt2.CpG",11904,8549,3355,11904
"19474","07_report/CpG_context_sampling_34239_474_trimmed_bismark_bt2.CpG",11944,8545,3399,11944
"19475","07_report/CpG_context_sampling_34239_475_trimmed_bismark_bt2.CpG",11988,8607,3381,11988
"19476","07_report/CpG_context_sampling_34239_476_trimmed_bismark_bt2.CpG",12077,8714,3363,12077
"19477","07_report/CpG_context_sampling_34239_477_trimmed_bismark_bt2.CpG",11784,8385,3399,11784
"19478","07_report/CpG_context_sampling_34239_478_trimmed_bismark_bt2.CpG",11908,8398,3510,11908
"19479","07_report/CpG_context_sampling_34239_479_trimmed_bismark_bt2.CpG",11945,8529,3416,11945
"19480","07_report/CpG_context_sampling_34239_480_trimmed_bismark_bt2.CpG",11892,8474,3418,11892
"19481","07_report/CpG_context_sampling_34239_481_trimmed_bismark_bt2.CpG",11888,8551,3337,11888
"19482","07_report/CpG_context_sampling_34239_482_trimmed_bismark_bt2.CpG",11759,8362,3397,11759
"19483","07_report/CpG_context_sampling_34239_483_trimmed_bismark_bt2.CpG",11943,8622,3321,11943
"19484","07_report/CpG_context_sampling_34239_484_trimmed_bismark_bt2.CpG",11918,8528,3390,11918
"19485","07_report/CpG_context_sampling_34239_485_trimmed_bismark_bt2.CpG",11877,8439,3438,11877
"19486","07_report/CpG_context_sampling_34239_486_trimmed_bismark_bt2.CpG",12007,8564,3443,12007
"19487","07_report/CpG_context_sampling_34239_487_trimmed_bismark_bt2.CpG",11954,8585,3369,11954
"19488","07_report/CpG_context_sampling_34239_488_trimmed_bismark_bt2.CpG",11731,8428,3303,11731
"19489","07_report/CpG_context_sampling_34239_489_trimmed_bismark_bt2.CpG",11956,8643,3313,11956
"19490","07_report/CpG_context_sampling_34239_490_trimmed_bismark_bt2.CpG",11867,8418,3449,11867
"19491","07_report/CpG_context_sampling_34239_491_trimmed_bismark_bt2.CpG",11939,8574,3365,11939
"19492","07_report/CpG_context_sampling_34239_492_trimmed_bismark_bt2.CpG",11747,8387,3360,11747
"19493","07_report/CpG_context_sampling_34239_493_trimmed_bismark_bt2.CpG",11858,8474,3384,11858
"19494","07_report/CpG_context_sampling_34239_494_trimmed_bismark_bt2.CpG",11906,8491,3415,11906
"19495","07_report/CpG_context_sampling_34239_495_trimmed_bismark_bt2.CpG",11816,8477,3339,11816
"19496","07_report/CpG_context_sampling_34239_496_trimmed_bismark_bt2.CpG",11908,8548,3360,11908
"19497","07_report/CpG_context_sampling_34239_497_trimmed_bismark_bt2.CpG",11915,8510,3405,11915
"19498","07_report/CpG_context_sampling_34239_498_trimmed_bismark_bt2.CpG",11817,8548,3269,11817
"19499","07_report/CpG_context_sampling_34239_499_trimmed_bismark_bt2.CpG",11838,8379,3459,11838
"19500","07_report/CpG_context_sampling_34239_500_trimmed_bismark_bt2.CpG",11681,8358,3323,11681
"19501","07_report/CpG_context_sampling_34239_501_trimmed_bismark_bt2.CpG",11953,8518,3435,11953
"19502","07_report/CpG_context_sampling_34239_502_trimmed_bismark_bt2.CpG",11853,8498,3355,11853
"19503","07_report/CpG_context_sampling_34239_503_trimmed_bismark_bt2.CpG",11804,8477,3327,11804
"19504","07_report/CpG_context_sampling_34239_504_trimmed_bismark_bt2.CpG",11861,8570,3291,11861
"19505","07_report/CpG_context_sampling_34239_505_trimmed_bismark_bt2.CpG",12025,8524,3501,12025
"19506","07_report/CpG_context_sampling_34239_506_trimmed_bismark_bt2.CpG",11786,8409,3377,11786
"19507","07_report/CpG_context_sampling_34239_507_trimmed_bismark_bt2.CpG",11869,8495,3374,11869
"19508","07_report/CpG_context_sampling_34239_508_trimmed_bismark_bt2.CpG",11861,8555,3306,11861
"19509","07_report/CpG_context_sampling_34239_509_trimmed_bismark_bt2.CpG",11741,8357,3384,11741
"19510","07_report/CpG_context_sampling_34239_510_trimmed_bismark_bt2.CpG",11769,8436,3333,11769
"19511","07_report/CpG_context_sampling_34239_511_trimmed_bismark_bt2.CpG",11914,8522,3392,11914
"19512","07_report/CpG_context_sampling_34239_512_trimmed_bismark_bt2.CpG",11782,8379,3403,11782
"19513","07_report/CpG_context_sampling_34239_513_trimmed_bismark_bt2.CpG",11723,8357,3366,11723
"19514","07_report/CpG_context_sampling_34239_514_trimmed_bismark_bt2.CpG",11985,8569,3416,11985
"19515","07_report/CpG_context_sampling_34239_515_trimmed_bismark_bt2.CpG",11769,8351,3418,11769
"19516","07_report/CpG_context_sampling_34239_516_trimmed_bismark_bt2.CpG",11875,8424,3451,11875
"19517","07_report/CpG_context_sampling_34239_517_trimmed_bismark_bt2.CpG",11931,8416,3515,11931
"19518","07_report/CpG_context_sampling_34239_518_trimmed_bismark_bt2.CpG",11897,8581,3316,11897
"19519","07_report/CpG_context_sampling_34239_519_trimmed_bismark_bt2.CpG",11869,8501,3368,11869
"19520","07_report/CpG_context_sampling_34239_520_trimmed_bismark_bt2.CpG",11889,8553,3336,11889
"19521","07_report/CpG_context_sampling_34239_521_trimmed_bismark_bt2.CpG",11737,8344,3393,11737
"19522","07_report/CpG_context_sampling_34239_522_trimmed_bismark_bt2.CpG",11910,8543,3367,11910
"19523","07_report/CpG_context_sampling_34239_523_trimmed_bismark_bt2.CpG",11894,8530,3364,11894
"19524","07_report/CpG_context_sampling_34239_524_trimmed_bismark_bt2.CpG",11882,8441,3441,11882
"19525","07_report/CpG_context_sampling_34239_525_trimmed_bismark_bt2.CpG",11943,8517,3426,11943
"19526","07_report/CpG_context_sampling_34239_526_trimmed_bismark_bt2.CpG",11849,8492,3357,11849
"19527","07_report/CpG_context_sampling_34239_527_trimmed_bismark_bt2.CpG",11824,8390,3434,11824
"19528","07_report/CpG_context_sampling_34239_528_trimmed_bismark_bt2.CpG",12029,8669,3360,12029
"19529","07_report/CpG_context_sampling_34239_529_trimmed_bismark_bt2.CpG",11912,8515,3397,11912
"19530","07_report/CpG_context_sampling_34239_530_trimmed_bismark_bt2.CpG",11873,8317,3556,11873
"19531","07_report/CpG_context_sampling_34239_531_trimmed_bismark_bt2.CpG",11829,8360,3469,11829
"19532","07_report/CpG_context_sampling_34239_532_trimmed_bismark_bt2.CpG",11972,8695,3277,11972
"19533","07_report/CpG_context_sampling_34239_533_trimmed_bismark_bt2.CpG",11973,8576,3397,11973
"19534","07_report/CpG_context_sampling_34239_534_trimmed_bismark_bt2.CpG",11995,8636,3359,11995
"19535","07_report/CpG_context_sampling_34239_535_trimmed_bismark_bt2.CpG",11816,8400,3416,11816
"19536","07_report/CpG_context_sampling_34239_536_trimmed_bismark_bt2.CpG",11794,8473,3321,11794
"19537","07_report/CpG_context_sampling_34239_537_trimmed_bismark_bt2.CpG",11765,8365,3400,11765
"19538","07_report/CpG_context_sampling_34239_538_trimmed_bismark_bt2.CpG",11909,8522,3387,11909
"19539","07_report/CpG_context_sampling_34239_539_trimmed_bismark_bt2.CpG",11896,8523,3373,11896
"19540","07_report/CpG_context_sampling_34239_540_trimmed_bismark_bt2.CpG",11990,8579,3411,11990
"19541","07_report/CpG_context_sampling_34239_541_trimmed_bismark_bt2.CpG",11754,8439,3315,11754
"19542","07_report/CpG_context_sampling_34239_542_trimmed_bismark_bt2.CpG",11924,8550,3374,11924
"19543","07_report/CpG_context_sampling_34239_543_trimmed_bismark_bt2.CpG",11722,8362,3360,11722
"19544","07_report/CpG_context_sampling_34239_544_trimmed_bismark_bt2.CpG",11988,8561,3427,11988
"19545","07_report/CpG_context_sampling_34239_545_trimmed_bismark_bt2.CpG",11803,8443,3360,11803
"19546","07_report/CpG_context_sampling_34239_546_trimmed_bismark_bt2.CpG",11902,8625,3277,11902
"19547","07_report/CpG_context_sampling_34239_547_trimmed_bismark_bt2.CpG",11942,8517,3425,11942
"19548","07_report/CpG_context_sampling_34239_548_trimmed_bismark_bt2.CpG",11789,8379,3410,11789
"19549","07_report/CpG_context_sampling_34239_549_trimmed_bismark_bt2.CpG",11966,8529,3437,11966
"19550","07_report/CpG_context_sampling_34239_550_trimmed_bismark_bt2.CpG",11975,8508,3467,11975
"19551","07_report/CpG_context_sampling_34239_551_trimmed_bismark_bt2.CpG",11818,8423,3395,11818
"19552","07_report/CpG_context_sampling_34239_552_trimmed_bismark_bt2.CpG",11905,8449,3456,11905
"19553","07_report/CpG_context_sampling_34239_553_trimmed_bismark_bt2.CpG",11945,8565,3380,11945
"19554","07_report/CpG_context_sampling_34239_554_trimmed_bismark_bt2.CpG",11860,8554,3306,11860
"19555","07_report/CpG_context_sampling_34239_555_trimmed_bismark_bt2.CpG",11872,8549,3323,11872
"19556","07_report/CpG_context_sampling_34239_556_trimmed_bismark_bt2.CpG",11861,8460,3401,11861
"19557","07_report/CpG_context_sampling_34239_557_trimmed_bismark_bt2.CpG",11717,8402,3315,11717
"19558","07_report/CpG_context_sampling_34239_558_trimmed_bismark_bt2.CpG",12075,8629,3446,12075
"19559","07_report/CpG_context_sampling_34239_559_trimmed_bismark_bt2.CpG",11821,8559,3262,11821
"19560","07_report/CpG_context_sampling_34239_560_trimmed_bismark_bt2.CpG",11815,8439,3376,11815
"19561","07_report/CpG_context_sampling_34239_561_trimmed_bismark_bt2.CpG",11833,8420,3413,11833
"19562","07_report/CpG_context_sampling_34239_562_trimmed_bismark_bt2.CpG",11936,8508,3428,11936
"19563","07_report/CpG_context_sampling_34239_563_trimmed_bismark_bt2.CpG",11900,8507,3393,11900
"19564","07_report/CpG_context_sampling_34239_564_trimmed_bismark_bt2.CpG",12053,8565,3488,12053
"19565","07_report/CpG_context_sampling_34239_565_trimmed_bismark_bt2.CpG",11739,8359,3380,11739
"19566","07_report/CpG_context_sampling_34239_566_trimmed_bismark_bt2.CpG",11809,8389,3420,11809
"19567","07_report/CpG_context_sampling_34239_567_trimmed_bismark_bt2.CpG",11649,8361,3288,11649
"19568","07_report/CpG_context_sampling_34239_568_trimmed_bismark_bt2.CpG",11918,8500,3418,11918
"19569","07_report/CpG_context_sampling_34239_569_trimmed_bismark_bt2.CpG",11849,8456,3393,11849
"19570","07_report/CpG_context_sampling_34239_570_trimmed_bismark_bt2.CpG",11695,8328,3367,11695
"19571","07_report/CpG_context_sampling_34239_571_trimmed_bismark_bt2.CpG",11885,8441,3444,11885
"19572","07_report/CpG_context_sampling_34239_572_trimmed_bismark_bt2.CpG",11900,8518,3382,11900
"19573","07_report/CpG_context_sampling_34239_573_trimmed_bismark_bt2.CpG",11901,8483,3418,11901
"19574","07_report/CpG_context_sampling_34239_574_trimmed_bismark_bt2.CpG",11781,8440,3341,11781
"19575","07_report/CpG_context_sampling_34239_575_trimmed_bismark_bt2.CpG",11902,8597,3305,11902
"19576","07_report/CpG_context_sampling_34239_576_trimmed_bismark_bt2.CpG",11825,8557,3268,11825
"19577","07_report/CpG_context_sampling_34239_577_trimmed_bismark_bt2.CpG",11924,8592,3332,11924
"19578","07_report/CpG_context_sampling_34239_578_trimmed_bismark_bt2.CpG",11968,8525,3443,11968
"19579","07_report/CpG_context_sampling_34239_579_trimmed_bismark_bt2.CpG",11800,8489,3311,11800
"19580","07_report/CpG_context_sampling_34239_580_trimmed_bismark_bt2.CpG",11821,8418,3403,11821
"19581","07_report/CpG_context_sampling_34239_581_trimmed_bismark_bt2.CpG",11776,8412,3364,11776
"19582","07_report/CpG_context_sampling_34239_582_trimmed_bismark_bt2.CpG",11921,8474,3447,11921
"19583","07_report/CpG_context_sampling_34239_583_trimmed_bismark_bt2.CpG",11794,8420,3374,11794
"19584","07_report/CpG_context_sampling_34239_584_trimmed_bismark_bt2.CpG",11766,8361,3405,11766
"19585","07_report/CpG_context_sampling_34239_585_trimmed_bismark_bt2.CpG",12104,8676,3428,12104
"19586","07_report/CpG_context_sampling_34239_586_trimmed_bismark_bt2.CpG",11966,8576,3390,11966
"19587","07_report/CpG_context_sampling_34239_587_trimmed_bismark_bt2.CpG",11954,8533,3421,11954
"19588","07_report/CpG_context_sampling_34239_588_trimmed_bismark_bt2.CpG",12073,8640,3433,12073
"19589","07_report/CpG_context_sampling_34239_589_trimmed_bismark_bt2.CpG",11760,8411,3349,11760
"19590","07_report/CpG_context_sampling_34239_590_trimmed_bismark_bt2.CpG",11818,8405,3413,11818
"19591","07_report/CpG_context_sampling_34239_591_trimmed_bismark_bt2.CpG",11971,8478,3493,11971
"19592","07_report/CpG_context_sampling_34239_592_trimmed_bismark_bt2.CpG",11784,8537,3247,11784
"19593","07_report/CpG_context_sampling_34239_593_trimmed_bismark_bt2.CpG",11909,8390,3519,11909
"19594","07_report/CpG_context_sampling_34239_594_trimmed_bismark_bt2.CpG",12007,8646,3361,12007
"19595","07_report/CpG_context_sampling_34239_595_trimmed_bismark_bt2.CpG",11877,8427,3450,11877
"19596","07_report/CpG_context_sampling_34239_596_trimmed_bismark_bt2.CpG",11926,8479,3447,11926
"19597","07_report/CpG_context_sampling_34239_597_trimmed_bismark_bt2.CpG",11851,8423,3428,11851
"19598","07_report/CpG_context_sampling_34239_598_trimmed_bismark_bt2.CpG",11957,8485,3472,11957
"19599","07_report/CpG_context_sampling_34239_599_trimmed_bismark_bt2.CpG",11896,8528,3368,11896
"19600","07_report/CpG_context_sampling_34239_600_trimmed_bismark_bt2.CpG",11873,8468,3405,11873
"19601","07_report/CpG_context_sampling_34239_601_trimmed_bismark_bt2.CpG",11840,8441,3399,11840
"19602","07_report/CpG_context_sampling_34239_602_trimmed_bismark_bt2.CpG",11846,8494,3352,11846
"19603","07_report/CpG_context_sampling_34239_603_trimmed_bismark_bt2.CpG",11748,8488,3260,11748
"19604","07_report/CpG_context_sampling_34239_604_trimmed_bismark_bt2.CpG",11739,8406,3333,11739
"19605","07_report/CpG_context_sampling_34239_605_trimmed_bismark_bt2.CpG",11743,8430,3313,11743
"19606","07_report/CpG_context_sampling_34239_606_trimmed_bismark_bt2.CpG",11852,8446,3406,11852
"19607","07_report/CpG_context_sampling_34239_607_trimmed_bismark_bt2.CpG",11776,8374,3402,11776
"19608","07_report/CpG_context_sampling_34239_608_trimmed_bismark_bt2.CpG",11887,8496,3391,11887
"19609","07_report/CpG_context_sampling_34239_609_trimmed_bismark_bt2.CpG",11893,8432,3461,11893
"19610","07_report/CpG_context_sampling_34239_610_trimmed_bismark_bt2.CpG",11849,8541,3308,11849
"19611","07_report/CpG_context_sampling_34239_611_trimmed_bismark_bt2.CpG",11821,8338,3483,11821
"19612","07_report/CpG_context_sampling_34239_612_trimmed_bismark_bt2.CpG",11907,8501,3406,11907
"19613","07_report/CpG_context_sampling_34239_613_trimmed_bismark_bt2.CpG",11848,8459,3389,11848
"19614","07_report/CpG_context_sampling_34239_614_trimmed_bismark_bt2.CpG",11912,8562,3350,11912
"19615","07_report/CpG_context_sampling_34239_615_trimmed_bismark_bt2.CpG",11809,8373,3436,11809
"19616","07_report/CpG_context_sampling_34239_616_trimmed_bismark_bt2.CpG",11879,8453,3426,11879
"19617","07_report/CpG_context_sampling_34239_617_trimmed_bismark_bt2.CpG",11745,8308,3437,11745
"19618","07_report/CpG_context_sampling_34239_618_trimmed_bismark_bt2.CpG",11827,8460,3367,11827
"19619","07_report/CpG_context_sampling_34239_619_trimmed_bismark_bt2.CpG",11774,8461,3313,11774
"19620","07_report/CpG_context_sampling_34239_620_trimmed_bismark_bt2.CpG",11865,8503,3362,11865
"19621","07_report/CpG_context_sampling_34239_621_trimmed_bismark_bt2.CpG",11847,8606,3241,11847
"19622","07_report/CpG_context_sampling_34239_622_trimmed_bismark_bt2.CpG",11801,8411,3390,11801
"19623","07_report/CpG_context_sampling_34239_623_trimmed_bismark_bt2.CpG",11841,8527,3314,11841
"19624","07_report/CpG_context_sampling_34239_624_trimmed_bismark_bt2.CpG",11691,8315,3376,11691
"19625","07_report/CpG_context_sampling_34239_625_trimmed_bismark_bt2.CpG",11969,8510,3459,11969
"19626","07_report/CpG_context_sampling_34239_626_trimmed_bismark_bt2.CpG",11916,8529,3387,11916
"19627","07_report/CpG_context_sampling_34239_627_trimmed_bismark_bt2.CpG",11748,8343,3405,11748
"19628","07_report/CpG_context_sampling_34239_628_trimmed_bismark_bt2.CpG",12016,8557,3459,12016
"19629","07_report/CpG_context_sampling_34239_629_trimmed_bismark_bt2.CpG",11949,8480,3469,11949
"19630","07_report/CpG_context_sampling_34239_630_trimmed_bismark_bt2.CpG",12053,8590,3463,12053
"19631","07_report/CpG_context_sampling_34239_631_trimmed_bismark_bt2.CpG",11881,8564,3317,11881
"19632","07_report/CpG_context_sampling_34239_632_trimmed_bismark_bt2.CpG",11828,8552,3276,11828
"19633","07_report/CpG_context_sampling_34239_633_trimmed_bismark_bt2.CpG",11826,8407,3419,11826
"19634","07_report/CpG_context_sampling_34239_634_trimmed_bismark_bt2.CpG",11818,8440,3378,11818
"19635","07_report/CpG_context_sampling_34239_635_trimmed_bismark_bt2.CpG",11902,8415,3487,11902
"19636","07_report/CpG_context_sampling_34239_636_trimmed_bismark_bt2.CpG",11829,8446,3383,11829
"19637","07_report/CpG_context_sampling_34239_637_trimmed_bismark_bt2.CpG",11736,8438,3298,11736
"19638","07_report/CpG_context_sampling_34239_638_trimmed_bismark_bt2.CpG",11919,8506,3413,11919
"19639","07_report/CpG_context_sampling_34239_639_trimmed_bismark_bt2.CpG",12062,8669,3393,12062
"19640","07_report/CpG_context_sampling_34239_640_trimmed_bismark_bt2.CpG",11885,8463,3422,11885
"19641","07_report/CpG_context_sampling_34239_641_trimmed_bismark_bt2.CpG",11891,8535,3356,11891
"19642","07_report/CpG_context_sampling_34239_642_trimmed_bismark_bt2.CpG",11982,8596,3386,11982
"19643","07_report/CpG_context_sampling_34239_643_trimmed_bismark_bt2.CpG",11736,8369,3367,11736
"19644","07_report/CpG_context_sampling_34239_644_trimmed_bismark_bt2.CpG",11921,8528,3393,11921
"19645","07_report/CpG_context_sampling_34239_645_trimmed_bismark_bt2.CpG",11832,8430,3402,11832
"19646","07_report/CpG_context_sampling_34239_646_trimmed_bismark_bt2.CpG",11748,8387,3361,11748
"19647","07_report/CpG_context_sampling_34239_647_trimmed_bismark_bt2.CpG",11834,8449,3385,11834
"19648","07_report/CpG_context_sampling_34239_648_trimmed_bismark_bt2.CpG",11833,8469,3364,11833
"19649","07_report/CpG_context_sampling_34239_649_trimmed_bismark_bt2.CpG",11958,8528,3430,11958
"19650","07_report/CpG_context_sampling_34239_650_trimmed_bismark_bt2.CpG",11817,8451,3366,11817
"19651","07_report/CpG_context_sampling_34239_651_trimmed_bismark_bt2.CpG",11971,8509,3462,11971
"19652","07_report/CpG_context_sampling_34239_652_trimmed_bismark_bt2.CpG",11761,8476,3285,11761
"19653","07_report/CpG_context_sampling_34239_653_trimmed_bismark_bt2.CpG",11647,8407,3240,11647
"19654","07_report/CpG_context_sampling_34239_654_trimmed_bismark_bt2.CpG",12001,8595,3406,12001
"19655","07_report/CpG_context_sampling_34239_655_trimmed_bismark_bt2.CpG",11915,8471,3444,11915
"19656","07_report/CpG_context_sampling_34239_656_trimmed_bismark_bt2.CpG",11725,8363,3362,11725
"19657","07_report/CpG_context_sampling_34239_657_trimmed_bismark_bt2.CpG",11836,8377,3459,11836
"19658","07_report/CpG_context_sampling_34239_658_trimmed_bismark_bt2.CpG",11908,8433,3475,11908
"19659","07_report/CpG_context_sampling_34239_659_trimmed_bismark_bt2.CpG",11825,8326,3499,11825
"19660","07_report/CpG_context_sampling_34239_660_trimmed_bismark_bt2.CpG",11863,8511,3352,11863
"19661","07_report/CpG_context_sampling_34239_661_trimmed_bismark_bt2.CpG",11826,8490,3336,11826
"19662","07_report/CpG_context_sampling_34239_662_trimmed_bismark_bt2.CpG",11757,8377,3380,11757
"19663","07_report/CpG_context_sampling_34239_663_trimmed_bismark_bt2.CpG",11920,8577,3343,11920
"19664","07_report/CpG_context_sampling_34239_664_trimmed_bismark_bt2.CpG",12045,8649,3396,12045
"19665","07_report/CpG_context_sampling_34239_665_trimmed_bismark_bt2.CpG",11925,8551,3374,11925
"19666","07_report/CpG_context_sampling_34239_666_trimmed_bismark_bt2.CpG",11907,8540,3367,11907
"19667","07_report/CpG_context_sampling_34239_667_trimmed_bismark_bt2.CpG",11922,8611,3311,11922
"19668","07_report/CpG_context_sampling_34239_668_trimmed_bismark_bt2.CpG",11809,8432,3377,11809
"19669","07_report/CpG_context_sampling_34239_669_trimmed_bismark_bt2.CpG",11769,8442,3327,11769
"19670","07_report/CpG_context_sampling_34239_670_trimmed_bismark_bt2.CpG",11841,8474,3367,11841
"19671","07_report/CpG_context_sampling_34239_671_trimmed_bismark_bt2.CpG",11737,8303,3434,11737
"19672","07_report/CpG_context_sampling_34239_672_trimmed_bismark_bt2.CpG",11919,8538,3381,11919
"19673","07_report/CpG_context_sampling_34239_673_trimmed_bismark_bt2.CpG",11888,8440,3448,11888
"19674","07_report/CpG_context_sampling_34239_674_trimmed_bismark_bt2.CpG",11915,8501,3414,11915
"19675","07_report/CpG_context_sampling_34239_675_trimmed_bismark_bt2.CpG",11694,8275,3419,11694
"19676","07_report/CpG_context_sampling_34239_676_trimmed_bismark_bt2.CpG",11983,8527,3456,11983
"19677","07_report/CpG_context_sampling_34239_677_trimmed_bismark_bt2.CpG",11920,8537,3383,11920
"19678","07_report/CpG_context_sampling_34239_678_trimmed_bismark_bt2.CpG",11782,8515,3267,11782
"19679","07_report/CpG_context_sampling_34239_679_trimmed_bismark_bt2.CpG",11882,8532,3350,11882
"19680","07_report/CpG_context_sampling_34239_680_trimmed_bismark_bt2.CpG",11799,8435,3364,11799
"19681","07_report/CpG_context_sampling_34239_681_trimmed_bismark_bt2.CpG",11898,8492,3406,11898
"19682","07_report/CpG_context_sampling_34239_682_trimmed_bismark_bt2.CpG",11885,8517,3368,11885
"19683","07_report/CpG_context_sampling_34239_683_trimmed_bismark_bt2.CpG",11793,8365,3428,11793
"19684","07_report/CpG_context_sampling_34239_684_trimmed_bismark_bt2.CpG",11808,8448,3360,11808
"19685","07_report/CpG_context_sampling_34239_685_trimmed_bismark_bt2.CpG",11907,8490,3417,11907
"19686","07_report/CpG_context_sampling_34239_686_trimmed_bismark_bt2.CpG",11829,8412,3417,11829
"19687","07_report/CpG_context_sampling_34239_687_trimmed_bismark_bt2.CpG",11954,8507,3447,11954
"19688","07_report/CpG_context_sampling_34239_688_trimmed_bismark_bt2.CpG",11811,8455,3356,11811
"19689","07_report/CpG_context_sampling_34239_689_trimmed_bismark_bt2.CpG",11963,8500,3463,11963
"19690","07_report/CpG_context_sampling_34239_690_trimmed_bismark_bt2.CpG",11729,8335,3394,11729
"19691","07_report/CpG_context_sampling_34239_691_trimmed_bismark_bt2.CpG",11798,8542,3256,11798
"19692","07_report/CpG_context_sampling_34239_692_trimmed_bismark_bt2.CpG",11948,8581,3367,11948
"19693","07_report/CpG_context_sampling_34239_693_trimmed_bismark_bt2.CpG",11901,8474,3427,11901
"19694","07_report/CpG_context_sampling_34239_694_trimmed_bismark_bt2.CpG",11890,8514,3376,11890
"19695","07_report/CpG_context_sampling_34239_695_trimmed_bismark_bt2.CpG",11949,8514,3435,11949
"19696","07_report/CpG_context_sampling_34239_696_trimmed_bismark_bt2.CpG",11776,8459,3317,11776
"19697","07_report/CpG_context_sampling_34239_697_trimmed_bismark_bt2.CpG",11873,8432,3441,11873
"19698","07_report/CpG_context_sampling_34239_698_trimmed_bismark_bt2.CpG",12003,8523,3480,12003
"19699","07_report/CpG_context_sampling_34239_699_trimmed_bismark_bt2.CpG",11753,8383,3370,11753
"19700","07_report/CpG_context_sampling_34239_700_trimmed_bismark_bt2.CpG",11865,8537,3328,11865
"19701","07_report/CpG_context_sampling_34239_701_trimmed_bismark_bt2.CpG",11797,8407,3390,11797
"19702","07_report/CpG_context_sampling_34239_702_trimmed_bismark_bt2.CpG",11746,8360,3386,11746
"19703","07_report/CpG_context_sampling_34239_703_trimmed_bismark_bt2.CpG",11826,8462,3364,11826
"19704","07_report/CpG_context_sampling_34239_704_trimmed_bismark_bt2.CpG",11889,8395,3494,11889
"19705","07_report/CpG_context_sampling_34239_705_trimmed_bismark_bt2.CpG",11714,8452,3262,11714
"19706","07_report/CpG_context_sampling_34239_706_trimmed_bismark_bt2.CpG",11778,8399,3379,11778
"19707","07_report/CpG_context_sampling_34239_707_trimmed_bismark_bt2.CpG",11739,8443,3296,11739
"19708","07_report/CpG_context_sampling_34239_708_trimmed_bismark_bt2.CpG",11823,8391,3432,11823
"19709","07_report/CpG_context_sampling_34239_709_trimmed_bismark_bt2.CpG",11785,8510,3275,11785
"19710","07_report/CpG_context_sampling_34239_710_trimmed_bismark_bt2.CpG",11905,8508,3397,11905
"19711","07_report/CpG_context_sampling_34239_711_trimmed_bismark_bt2.CpG",11972,8526,3446,11972
"19712","07_report/CpG_context_sampling_34239_712_trimmed_bismark_bt2.CpG",11860,8352,3508,11860
"19713","07_report/CpG_context_sampling_34239_713_trimmed_bismark_bt2.CpG",11909,8552,3357,11909
"19714","07_report/CpG_context_sampling_34239_714_trimmed_bismark_bt2.CpG",11982,8556,3426,11982
"19715","07_report/CpG_context_sampling_34239_715_trimmed_bismark_bt2.CpG",11952,8493,3459,11952
"19716","07_report/CpG_context_sampling_34239_716_trimmed_bismark_bt2.CpG",11945,8518,3427,11945
"19717","07_report/CpG_context_sampling_34239_717_trimmed_bismark_bt2.CpG",11955,8514,3441,11955
"19718","07_report/CpG_context_sampling_34239_718_trimmed_bismark_bt2.CpG",11893,8532,3361,11893
"19719","07_report/CpG_context_sampling_34239_719_trimmed_bismark_bt2.CpG",11843,8411,3432,11843
"19720","07_report/CpG_context_sampling_34239_720_trimmed_bismark_bt2.CpG",11840,8464,3376,11840
"19721","07_report/CpG_context_sampling_34239_721_trimmed_bismark_bt2.CpG",11940,8571,3369,11940
"19722","07_report/CpG_context_sampling_34239_722_trimmed_bismark_bt2.CpG",11895,8543,3352,11895
"19723","07_report/CpG_context_sampling_34239_723_trimmed_bismark_bt2.CpG",11910,8504,3406,11910
"19724","07_report/CpG_context_sampling_34239_724_trimmed_bismark_bt2.CpG",11781,8384,3397,11781
"19725","07_report/CpG_context_sampling_34239_725_trimmed_bismark_bt2.CpG",11755,8411,3344,11755
"19726","07_report/CpG_context_sampling_34239_726_trimmed_bismark_bt2.CpG",11808,8491,3317,11808
"19727","07_report/CpG_context_sampling_34239_727_trimmed_bismark_bt2.CpG",11866,8617,3249,11866
"19728","07_report/CpG_context_sampling_34239_728_trimmed_bismark_bt2.CpG",11758,8430,3328,11758
"19729","07_report/CpG_context_sampling_34239_729_trimmed_bismark_bt2.CpG",11802,8415,3387,11802
"19730","07_report/CpG_context_sampling_34239_730_trimmed_bismark_bt2.CpG",11797,8449,3348,11797
"19731","07_report/CpG_context_sampling_34239_731_trimmed_bismark_bt2.CpG",11876,8408,3468,11876
"19732","07_report/CpG_context_sampling_34239_732_trimmed_bismark_bt2.CpG",11874,8481,3393,11874
"19733","07_report/CpG_context_sampling_34239_733_trimmed_bismark_bt2.CpG",12049,8620,3429,12049
"19734","07_report/CpG_context_sampling_34239_734_trimmed_bismark_bt2.CpG",11922,8573,3349,11922
"19735","07_report/CpG_context_sampling_34239_735_trimmed_bismark_bt2.CpG",11890,8509,3381,11890
"19736","07_report/CpG_context_sampling_34239_736_trimmed_bismark_bt2.CpG",11799,8396,3403,11799
"19737","07_report/CpG_context_sampling_34239_737_trimmed_bismark_bt2.CpG",11666,8336,3330,11666
"19738","07_report/CpG_context_sampling_34239_738_trimmed_bismark_bt2.CpG",11823,8409,3414,11823
"19739","07_report/CpG_context_sampling_34239_739_trimmed_bismark_bt2.CpG",11873,8511,3362,11873
"19740","07_report/CpG_context_sampling_34239_740_trimmed_bismark_bt2.CpG",11864,8454,3410,11864
"19741","07_report/CpG_context_sampling_34239_741_trimmed_bismark_bt2.CpG",11906,8465,3441,11906
"19742","07_report/CpG_context_sampling_34239_742_trimmed_bismark_bt2.CpG",11827,8448,3379,11827
"19743","07_report/CpG_context_sampling_34239_743_trimmed_bismark_bt2.CpG",11806,8282,3524,11806
"19744","07_report/CpG_context_sampling_34239_744_trimmed_bismark_bt2.CpG",11848,8531,3317,11848
"19745","07_report/CpG_context_sampling_34239_745_trimmed_bismark_bt2.CpG",11877,8418,3459,11877
"19746","07_report/CpG_context_sampling_34239_746_trimmed_bismark_bt2.CpG",11756,8477,3279,11756
"19747","07_report/CpG_context_sampling_34239_747_trimmed_bismark_bt2.CpG",11859,8446,3413,11859
"19748","07_report/CpG_context_sampling_34239_748_trimmed_bismark_bt2.CpG",11746,8444,3302,11746
"19749","07_report/CpG_context_sampling_34239_749_trimmed_bismark_bt2.CpG",11884,8521,3363,11884
"19750","07_report/CpG_context_sampling_34239_750_trimmed_bismark_bt2.CpG",11868,8482,3386,11868
"19751","07_report/CpG_context_sampling_34239_751_trimmed_bismark_bt2.CpG",11838,8540,3298,11838
"19752","07_report/CpG_context_sampling_34239_752_trimmed_bismark_bt2.CpG",11860,8494,3366,11860
"19753","07_report/CpG_context_sampling_34239_753_trimmed_bismark_bt2.CpG",11959,8659,3300,11959
"19754","07_report/CpG_context_sampling_34239_754_trimmed_bismark_bt2.CpG",11904,8561,3343,11904
"19755","07_report/CpG_context_sampling_34239_755_trimmed_bismark_bt2.CpG",11923,8537,3386,11923
"19756","07_report/CpG_context_sampling_34239_756_trimmed_bismark_bt2.CpG",11964,8577,3387,11964
"19757","07_report/CpG_context_sampling_34239_757_trimmed_bismark_bt2.CpG",12030,8626,3404,12030
"19758","07_report/CpG_context_sampling_34239_758_trimmed_bismark_bt2.CpG",11862,8440,3422,11862
"19759","07_report/CpG_context_sampling_34239_759_trimmed_bismark_bt2.CpG",11823,8411,3412,11823
"19760","07_report/CpG_context_sampling_34239_760_trimmed_bismark_bt2.CpG",11887,8585,3302,11887
"19761","07_report/CpG_context_sampling_34239_761_trimmed_bismark_bt2.CpG",11983,8572,3411,11983
"19762","07_report/CpG_context_sampling_34239_762_trimmed_bismark_bt2.CpG",11807,8474,3333,11807
"19763","07_report/CpG_context_sampling_34239_763_trimmed_bismark_bt2.CpG",12003,8519,3484,12003
"19764","07_report/CpG_context_sampling_34239_764_trimmed_bismark_bt2.CpG",11760,8322,3438,11760
"19765","07_report/CpG_context_sampling_34239_765_trimmed_bismark_bt2.CpG",11855,8475,3380,11855
"19766","07_report/CpG_context_sampling_34239_766_trimmed_bismark_bt2.CpG",11783,8419,3364,11783
"19767","07_report/CpG_context_sampling_34239_767_trimmed_bismark_bt2.CpG",11945,8565,3380,11945
"19768","07_report/CpG_context_sampling_34239_768_trimmed_bismark_bt2.CpG",11897,8554,3343,11897
"19769","07_report/CpG_context_sampling_34239_769_trimmed_bismark_bt2.CpG",11909,8443,3466,11909
"19770","07_report/CpG_context_sampling_34239_770_trimmed_bismark_bt2.CpG",11848,8470,3378,11848
"19771","07_report/CpG_context_sampling_34239_771_trimmed_bismark_bt2.CpG",11749,8381,3368,11749
"19772","07_report/CpG_context_sampling_34239_772_trimmed_bismark_bt2.CpG",11932,8525,3407,11932
"19773","07_report/CpG_context_sampling_34239_773_trimmed_bismark_bt2.CpG",11824,8502,3322,11824
"19774","07_report/CpG_context_sampling_34239_774_trimmed_bismark_bt2.CpG",11839,8420,3419,11839
"19775","07_report/CpG_context_sampling_34239_775_trimmed_bismark_bt2.CpG",11843,8503,3340,11843
"19776","07_report/CpG_context_sampling_34239_776_trimmed_bismark_bt2.CpG",11844,8522,3322,11844
"19777","07_report/CpG_context_sampling_34239_777_trimmed_bismark_bt2.CpG",11859,8500,3359,11859
"19778","07_report/CpG_context_sampling_34239_778_trimmed_bismark_bt2.CpG",11925,8456,3469,11925
"19779","07_report/CpG_context_sampling_34239_779_trimmed_bismark_bt2.CpG",11847,8448,3399,11847
"19780","07_report/CpG_context_sampling_34239_780_trimmed_bismark_bt2.CpG",11953,8558,3395,11953
"19781","07_report/CpG_context_sampling_34239_781_trimmed_bismark_bt2.CpG",11750,8386,3364,11750
"19782","07_report/CpG_context_sampling_34239_782_trimmed_bismark_bt2.CpG",12037,8716,3321,12037
"19783","07_report/CpG_context_sampling_34239_783_trimmed_bismark_bt2.CpG",11865,8457,3408,11865
"19784","07_report/CpG_context_sampling_34239_784_trimmed_bismark_bt2.CpG",11903,8463,3440,11903
"19785","07_report/CpG_context_sampling_34239_785_trimmed_bismark_bt2.CpG",11966,8595,3371,11966
"19786","07_report/CpG_context_sampling_34239_786_trimmed_bismark_bt2.CpG",11883,8531,3352,11883
"19787","07_report/CpG_context_sampling_34239_787_trimmed_bismark_bt2.CpG",11832,8469,3363,11832
"19788","07_report/CpG_context_sampling_34239_788_trimmed_bismark_bt2.CpG",11765,8428,3337,11765
"19789","07_report/CpG_context_sampling_34239_789_trimmed_bismark_bt2.CpG",11826,8507,3319,11826
"19790","07_report/CpG_context_sampling_34239_790_trimmed_bismark_bt2.CpG",11932,8574,3358,11932
"19791","07_report/CpG_context_sampling_34239_791_trimmed_bismark_bt2.CpG",11874,8408,3466,11874
"19792","07_report/CpG_context_sampling_34239_792_trimmed_bismark_bt2.CpG",11912,8592,3320,11912
"19793","07_report/CpG_context_sampling_34239_793_trimmed_bismark_bt2.CpG",11962,8518,3444,11962
"19794","07_report/CpG_context_sampling_34239_794_trimmed_bismark_bt2.CpG",11838,8509,3329,11838
"19795","07_report/CpG_context_sampling_34239_795_trimmed_bismark_bt2.CpG",11799,8519,3280,11799
"19796","07_report/CpG_context_sampling_34239_796_trimmed_bismark_bt2.CpG",11864,8525,3339,11864
"19797","07_report/CpG_context_sampling_34239_797_trimmed_bismark_bt2.CpG",11845,8389,3456,11845
"19798","07_report/CpG_context_sampling_34239_798_trimmed_bismark_bt2.CpG",11950,8637,3313,11950
"19799","07_report/CpG_context_sampling_34239_799_trimmed_bismark_bt2.CpG",11859,8514,3345,11859
"19800","07_report/CpG_context_sampling_34239_800_trimmed_bismark_bt2.CpG",12068,8562,3506,12068
"19801","07_report/CpG_context_sampling_34239_801_trimmed_bismark_bt2.CpG",11896,8518,3378,11896
"19802","07_report/CpG_context_sampling_34239_802_trimmed_bismark_bt2.CpG",11958,8411,3547,11958
"19803","07_report/CpG_context_sampling_34239_803_trimmed_bismark_bt2.CpG",11870,8446,3424,11870
"19804","07_report/CpG_context_sampling_34239_804_trimmed_bismark_bt2.CpG",11964,8596,3368,11964
"19805","07_report/CpG_context_sampling_34239_805_trimmed_bismark_bt2.CpG",11978,8427,3551,11978
"19806","07_report/CpG_context_sampling_34239_806_trimmed_bismark_bt2.CpG",11771,8397,3374,11771
"19807","07_report/CpG_context_sampling_34239_807_trimmed_bismark_bt2.CpG",11779,8549,3230,11779
"19808","07_report/CpG_context_sampling_34239_808_trimmed_bismark_bt2.CpG",11913,8526,3387,11913
"19809","07_report/CpG_context_sampling_34239_809_trimmed_bismark_bt2.CpG",11894,8508,3386,11894
"19810","07_report/CpG_context_sampling_34239_810_trimmed_bismark_bt2.CpG",11801,8486,3315,11801
"19811","07_report/CpG_context_sampling_34239_811_trimmed_bismark_bt2.CpG",11856,8489,3367,11856
"19812","07_report/CpG_context_sampling_34239_812_trimmed_bismark_bt2.CpG",11894,8515,3379,11894
"19813","07_report/CpG_context_sampling_34239_813_trimmed_bismark_bt2.CpG",11830,8469,3361,11830
"19814","07_report/CpG_context_sampling_34239_814_trimmed_bismark_bt2.CpG",11762,8408,3354,11762
"19815","07_report/CpG_context_sampling_34239_815_trimmed_bismark_bt2.CpG",11830,8404,3426,11830
"19816","07_report/CpG_context_sampling_34239_816_trimmed_bismark_bt2.CpG",11865,8548,3317,11865
"19817","07_report/CpG_context_sampling_34239_817_trimmed_bismark_bt2.CpG",11917,8534,3383,11917
"19818","07_report/CpG_context_sampling_34239_818_trimmed_bismark_bt2.CpG",11941,8535,3406,11941
"19819","07_report/CpG_context_sampling_34239_819_trimmed_bismark_bt2.CpG",11861,8544,3317,11861
"19820","07_report/CpG_context_sampling_34239_820_trimmed_bismark_bt2.CpG",11877,8601,3276,11877
"19821","07_report/CpG_context_sampling_34239_821_trimmed_bismark_bt2.CpG",11990,8495,3495,11990
"19822","07_report/CpG_context_sampling_34239_822_trimmed_bismark_bt2.CpG",12006,8598,3408,12006
"19823","07_report/CpG_context_sampling_34239_823_trimmed_bismark_bt2.CpG",11852,8473,3379,11852
"19824","07_report/CpG_context_sampling_34239_824_trimmed_bismark_bt2.CpG",11776,8480,3296,11776
"19825","07_report/CpG_context_sampling_34239_825_trimmed_bismark_bt2.CpG",11945,8565,3380,11945
"19826","07_report/CpG_context_sampling_34239_826_trimmed_bismark_bt2.CpG",11788,8411,3377,11788
"19827","07_report/CpG_context_sampling_34239_827_trimmed_bismark_bt2.CpG",11858,8515,3343,11858
"19828","07_report/CpG_context_sampling_34239_828_trimmed_bismark_bt2.CpG",11949,8544,3405,11949
"19829","07_report/CpG_context_sampling_34239_829_trimmed_bismark_bt2.CpG",11875,8493,3382,11875
"19830","07_report/CpG_context_sampling_34239_830_trimmed_bismark_bt2.CpG",11927,8578,3349,11927
"19831","07_report/CpG_context_sampling_34239_831_trimmed_bismark_bt2.CpG",11745,8343,3402,11745
"19832","07_report/CpG_context_sampling_34239_832_trimmed_bismark_bt2.CpG",11910,8530,3380,11910
"19833","07_report/CpG_context_sampling_34239_833_trimmed_bismark_bt2.CpG",11782,8364,3418,11782
"19834","07_report/CpG_context_sampling_34239_834_trimmed_bismark_bt2.CpG",12070,8654,3416,12070
"19835","07_report/CpG_context_sampling_34239_835_trimmed_bismark_bt2.CpG",11818,8381,3437,11818
"19836","07_report/CpG_context_sampling_34239_836_trimmed_bismark_bt2.CpG",11852,8467,3385,11852
"19837","07_report/CpG_context_sampling_34239_837_trimmed_bismark_bt2.CpG",11848,8432,3416,11848
"19838","07_report/CpG_context_sampling_34239_838_trimmed_bismark_bt2.CpG",11730,8395,3335,11730
"19839","07_report/CpG_context_sampling_34239_839_trimmed_bismark_bt2.CpG",11869,8503,3366,11869
"19840","07_report/CpG_context_sampling_34239_840_trimmed_bismark_bt2.CpG",11822,8476,3346,11822
"19841","07_report/CpG_context_sampling_34239_841_trimmed_bismark_bt2.CpG",11750,8403,3347,11750
"19842","07_report/CpG_context_sampling_34239_842_trimmed_bismark_bt2.CpG",11933,8545,3388,11933
"19843","07_report/CpG_context_sampling_34239_843_trimmed_bismark_bt2.CpG",11959,8614,3345,11959
"19844","07_report/CpG_context_sampling_34239_844_trimmed_bismark_bt2.CpG",11984,8524,3460,11984
"19845","07_report/CpG_context_sampling_34239_845_trimmed_bismark_bt2.CpG",11959,8501,3458,11959
"19846","07_report/CpG_context_sampling_34239_846_trimmed_bismark_bt2.CpG",11787,8466,3321,11787
"19847","07_report/CpG_context_sampling_34239_847_trimmed_bismark_bt2.CpG",11887,8513,3374,11887
"19848","07_report/CpG_context_sampling_34239_848_trimmed_bismark_bt2.CpG",11884,8614,3270,11884
"19849","07_report/CpG_context_sampling_34239_849_trimmed_bismark_bt2.CpG",11906,8553,3353,11906
"19850","07_report/CpG_context_sampling_34239_850_trimmed_bismark_bt2.CpG",11909,8457,3452,11909
"19851","07_report/CpG_context_sampling_34239_851_trimmed_bismark_bt2.CpG",11978,8554,3424,11978
"19852","07_report/CpG_context_sampling_34239_852_trimmed_bismark_bt2.CpG",11953,8566,3387,11953
"19853","07_report/CpG_context_sampling_34239_853_trimmed_bismark_bt2.CpG",11801,8430,3371,11801
"19854","07_report/CpG_context_sampling_34239_854_trimmed_bismark_bt2.CpG",11821,8497,3324,11821
"19855","07_report/CpG_context_sampling_34239_855_trimmed_bismark_bt2.CpG",11994,8593,3401,11994
"19856","07_report/CpG_context_sampling_34239_856_trimmed_bismark_bt2.CpG",11898,8440,3458,11898
"19857","07_report/CpG_context_sampling_34239_857_trimmed_bismark_bt2.CpG",11931,8618,3313,11931
"19858","07_report/CpG_context_sampling_34239_858_trimmed_bismark_bt2.CpG",11878,8493,3385,11878
"19859","07_report/CpG_context_sampling_34239_859_trimmed_bismark_bt2.CpG",11774,8426,3348,11774
"19860","07_report/CpG_context_sampling_34239_860_trimmed_bismark_bt2.CpG",11766,8473,3293,11766
"19861","07_report/CpG_context_sampling_34239_861_trimmed_bismark_bt2.CpG",11910,8457,3453,11910
"19862","07_report/CpG_context_sampling_34239_862_trimmed_bismark_bt2.CpG",11927,8596,3331,11927
"19863","07_report/CpG_context_sampling_34239_863_trimmed_bismark_bt2.CpG",11814,8462,3352,11814
"19864","07_report/CpG_context_sampling_34239_864_trimmed_bismark_bt2.CpG",11928,8549,3379,11928
"19865","07_report/CpG_context_sampling_34239_865_trimmed_bismark_bt2.CpG",11745,8373,3372,11745
"19866","07_report/CpG_context_sampling_34239_866_trimmed_bismark_bt2.CpG",11947,8627,3320,11947
"19867","07_report/CpG_context_sampling_34239_867_trimmed_bismark_bt2.CpG",11821,8479,3342,11821
"19868","07_report/CpG_context_sampling_34239_868_trimmed_bismark_bt2.CpG",11986,8522,3464,11986
"19869","07_report/CpG_context_sampling_34239_869_trimmed_bismark_bt2.CpG",11835,8429,3406,11835
"19870","07_report/CpG_context_sampling_34239_870_trimmed_bismark_bt2.CpG",11628,8225,3403,11628
"19871","07_report/CpG_context_sampling_34239_871_trimmed_bismark_bt2.CpG",11722,8393,3329,11722
"19872","07_report/CpG_context_sampling_34239_872_trimmed_bismark_bt2.CpG",12004,8596,3408,12004
"19873","07_report/CpG_context_sampling_34239_873_trimmed_bismark_bt2.CpG",11900,8562,3338,11900
"19874","07_report/CpG_context_sampling_34239_874_trimmed_bismark_bt2.CpG",11759,8435,3324,11759
"19875","07_report/CpG_context_sampling_34239_875_trimmed_bismark_bt2.CpG",11959,8494,3465,11959
"19876","07_report/CpG_context_sampling_34239_876_trimmed_bismark_bt2.CpG",11970,8537,3433,11970
"19877","07_report/CpG_context_sampling_34239_877_trimmed_bismark_bt2.CpG",12078,8601,3477,12078
"19878","07_report/CpG_context_sampling_34239_878_trimmed_bismark_bt2.CpG",11912,8508,3404,11912
"19879","07_report/CpG_context_sampling_34239_879_trimmed_bismark_bt2.CpG",11854,8490,3364,11854
"19880","07_report/CpG_context_sampling_34239_880_trimmed_bismark_bt2.CpG",11971,8567,3404,11971
"19881","07_report/CpG_context_sampling_34239_881_trimmed_bismark_bt2.CpG",11714,8366,3348,11714
"19882","07_report/CpG_context_sampling_34239_882_trimmed_bismark_bt2.CpG",11796,8390,3406,11796
"19883","07_report/CpG_context_sampling_34239_883_trimmed_bismark_bt2.CpG",11889,8533,3356,11889
"19884","07_report/CpG_context_sampling_34239_884_trimmed_bismark_bt2.CpG",11960,8550,3410,11960
"19885","07_report/CpG_context_sampling_34239_885_trimmed_bismark_bt2.CpG",11840,8477,3363,11840
"19886","07_report/CpG_context_sampling_34239_886_trimmed_bismark_bt2.CpG",11979,8616,3363,11979
"19887","07_report/CpG_context_sampling_34239_887_trimmed_bismark_bt2.CpG",11831,8473,3358,11831
"19888","07_report/CpG_context_sampling_34239_888_trimmed_bismark_bt2.CpG",11876,8447,3429,11876
"19889","07_report/CpG_context_sampling_34239_889_trimmed_bismark_bt2.CpG",11974,8542,3432,11974
"19890","07_report/CpG_context_sampling_34239_890_trimmed_bismark_bt2.CpG",11849,8427,3422,11849
"19891","07_report/CpG_context_sampling_34239_891_trimmed_bismark_bt2.CpG",11929,8429,3500,11929
"19892","07_report/CpG_context_sampling_34239_892_trimmed_bismark_bt2.CpG",11885,8508,3377,11885
"19893","07_report/CpG_context_sampling_34239_893_trimmed_bismark_bt2.CpG",11891,8564,3327,11891
"19894","07_report/CpG_context_sampling_34239_894_trimmed_bismark_bt2.CpG",11779,8421,3358,11779
"19895","07_report/CpG_context_sampling_34239_895_trimmed_bismark_bt2.CpG",11894,8435,3459,11894
"19896","07_report/CpG_context_sampling_34239_896_trimmed_bismark_bt2.CpG",11826,8413,3413,11826
"19897","07_report/CpG_context_sampling_34239_897_trimmed_bismark_bt2.CpG",11762,8536,3226,11762
"19898","07_report/CpG_context_sampling_34239_898_trimmed_bismark_bt2.CpG",11753,8401,3352,11753
"19899","07_report/CpG_context_sampling_34239_899_trimmed_bismark_bt2.CpG",11825,8379,3446,11825
"19900","07_report/CpG_context_sampling_34239_900_trimmed_bismark_bt2.CpG",11799,8520,3279,11799
"19901","07_report/CpG_context_sampling_34239_901_trimmed_bismark_bt2.CpG",11907,8527,3380,11907
"19902","07_report/CpG_context_sampling_34239_902_trimmed_bismark_bt2.CpG",11860,8475,3385,11860
"19903","07_report/CpG_context_sampling_34239_903_trimmed_bismark_bt2.CpG",11882,8463,3419,11882
"19904","07_report/CpG_context_sampling_34239_904_trimmed_bismark_bt2.CpG",11889,8539,3350,11889
"19905","07_report/CpG_context_sampling_34239_905_trimmed_bismark_bt2.CpG",12011,8611,3400,12011
"19906","07_report/CpG_context_sampling_34239_906_trimmed_bismark_bt2.CpG",11754,8426,3328,11754
"19907","07_report/CpG_context_sampling_34239_907_trimmed_bismark_bt2.CpG",11957,8548,3409,11957
"19908","07_report/CpG_context_sampling_34239_908_trimmed_bismark_bt2.CpG",11837,8398,3439,11837
"19909","07_report/CpG_context_sampling_34239_909_trimmed_bismark_bt2.CpG",11914,8511,3403,11914
"19910","07_report/CpG_context_sampling_34239_910_trimmed_bismark_bt2.CpG",11660,8339,3321,11660
"19911","07_report/CpG_context_sampling_34239_911_trimmed_bismark_bt2.CpG",11899,8442,3457,11899
"19912","07_report/CpG_context_sampling_34239_912_trimmed_bismark_bt2.CpG",11829,8520,3309,11829
"19913","07_report/CpG_context_sampling_34239_913_trimmed_bismark_bt2.CpG",11916,8584,3332,11916
"19914","07_report/CpG_context_sampling_34239_914_trimmed_bismark_bt2.CpG",11845,8425,3420,11845
"19915","07_report/CpG_context_sampling_34239_915_trimmed_bismark_bt2.CpG",12048,8581,3467,12048
"19916","07_report/CpG_context_sampling_34239_916_trimmed_bismark_bt2.CpG",11901,8531,3370,11901
"19917","07_report/CpG_context_sampling_34239_917_trimmed_bismark_bt2.CpG",11834,8437,3397,11834
"19918","07_report/CpG_context_sampling_34239_918_trimmed_bismark_bt2.CpG",11804,8415,3389,11804
"19919","07_report/CpG_context_sampling_34239_919_trimmed_bismark_bt2.CpG",11952,8564,3388,11952
"19920","07_report/CpG_context_sampling_34239_920_trimmed_bismark_bt2.CpG",11834,8436,3398,11834
"19921","07_report/CpG_context_sampling_34239_921_trimmed_bismark_bt2.CpG",11913,8568,3345,11913
"19922","07_report/CpG_context_sampling_34239_922_trimmed_bismark_bt2.CpG",11864,8411,3453,11864
"19923","07_report/CpG_context_sampling_34239_923_trimmed_bismark_bt2.CpG",11964,8530,3434,11964
"19924","07_report/CpG_context_sampling_34239_924_trimmed_bismark_bt2.CpG",11875,8523,3352,11875
"19925","07_report/CpG_context_sampling_34239_925_trimmed_bismark_bt2.CpG",11852,8472,3380,11852
"19926","07_report/CpG_context_sampling_34239_926_trimmed_bismark_bt2.CpG",11963,8612,3351,11963
"19927","07_report/CpG_context_sampling_34239_927_trimmed_bismark_bt2.CpG",12030,8646,3384,12030
"19928","07_report/CpG_context_sampling_34239_928_trimmed_bismark_bt2.CpG",11844,8391,3453,11844
"19929","07_report/CpG_context_sampling_34239_929_trimmed_bismark_bt2.CpG",11938,8518,3420,11938
"19930","07_report/CpG_context_sampling_34239_930_trimmed_bismark_bt2.CpG",11920,8624,3296,11920
"19931","07_report/CpG_context_sampling_34239_931_trimmed_bismark_bt2.CpG",11915,8553,3362,11915
"19932","07_report/CpG_context_sampling_34239_932_trimmed_bismark_bt2.CpG",11798,8432,3366,11798
"19933","07_report/CpG_context_sampling_34239_933_trimmed_bismark_bt2.CpG",11910,8527,3383,11910
"19934","07_report/CpG_context_sampling_34239_934_trimmed_bismark_bt2.CpG",11953,8605,3348,11953
"19935","07_report/CpG_context_sampling_34239_935_trimmed_bismark_bt2.CpG",11867,8510,3357,11867
"19936","07_report/CpG_context_sampling_34239_936_trimmed_bismark_bt2.CpG",11909,8507,3402,11909
"19937","07_report/CpG_context_sampling_34239_937_trimmed_bismark_bt2.CpG",11966,8546,3420,11966
"19938","07_report/CpG_context_sampling_34239_938_trimmed_bismark_bt2.CpG",12016,8603,3413,12016
"19939","07_report/CpG_context_sampling_34239_939_trimmed_bismark_bt2.CpG",11808,8361,3447,11808
"19940","07_report/CpG_context_sampling_34239_940_trimmed_bismark_bt2.CpG",11826,8419,3407,11826
"19941","07_report/CpG_context_sampling_34239_941_trimmed_bismark_bt2.CpG",11961,8525,3436,11961
"19942","07_report/CpG_context_sampling_34239_942_trimmed_bismark_bt2.CpG",11834,8456,3378,11834
"19943","07_report/CpG_context_sampling_34239_943_trimmed_bismark_bt2.CpG",11840,8475,3365,11840
"19944","07_report/CpG_context_sampling_34239_944_trimmed_bismark_bt2.CpG",11932,8570,3362,11932
"19945","07_report/CpG_context_sampling_34239_945_trimmed_bismark_bt2.CpG",11880,8439,3441,11880
"19946","07_report/CpG_context_sampling_34239_946_trimmed_bismark_bt2.CpG",11998,8580,3418,11998
"19947","07_report/CpG_context_sampling_34239_947_trimmed_bismark_bt2.CpG",11763,8419,3344,11763
"19948","07_report/CpG_context_sampling_34239_948_trimmed_bismark_bt2.CpG",11809,8436,3373,11809
"19949","07_report/CpG_context_sampling_34239_949_trimmed_bismark_bt2.CpG",11883,8523,3360,11883
"19950","07_report/CpG_context_sampling_34239_950_trimmed_bismark_bt2.CpG",11702,8414,3288,11702
"19951","07_report/CpG_context_sampling_34239_951_trimmed_bismark_bt2.CpG",11822,8357,3465,11822
"19952","07_report/CpG_context_sampling_34239_952_trimmed_bismark_bt2.CpG",11881,8505,3376,11881
"19953","07_report/CpG_context_sampling_34239_953_trimmed_bismark_bt2.CpG",11846,8553,3293,11846
"19954","07_report/CpG_context_sampling_34239_954_trimmed_bismark_bt2.CpG",11839,8522,3317,11839
"19955","07_report/CpG_context_sampling_34239_955_trimmed_bismark_bt2.CpG",11865,8509,3356,11865
"19956","07_report/CpG_context_sampling_34239_956_trimmed_bismark_bt2.CpG",12014,8541,3473,12014
"19957","07_report/CpG_context_sampling_34239_957_trimmed_bismark_bt2.CpG",11887,8516,3371,11887
"19958","07_report/CpG_context_sampling_34239_958_trimmed_bismark_bt2.CpG",11829,8392,3437,11829
"19959","07_report/CpG_context_sampling_34239_959_trimmed_bismark_bt2.CpG",11812,8431,3381,11812
"19960","07_report/CpG_context_sampling_34239_960_trimmed_bismark_bt2.CpG",12034,8610,3424,12034
"19961","07_report/CpG_context_sampling_34239_961_trimmed_bismark_bt2.CpG",11875,8418,3457,11875
"19962","07_report/CpG_context_sampling_34239_962_trimmed_bismark_bt2.CpG",11858,8428,3430,11858
"19963","07_report/CpG_context_sampling_34239_963_trimmed_bismark_bt2.CpG",12031,8642,3389,12031
"19964","07_report/CpG_context_sampling_34239_964_trimmed_bismark_bt2.CpG",11786,8367,3419,11786
"19965","07_report/CpG_context_sampling_34239_965_trimmed_bismark_bt2.CpG",11812,8487,3325,11812
"19966","07_report/CpG_context_sampling_34239_966_trimmed_bismark_bt2.CpG",11935,8574,3361,11935
"19967","07_report/CpG_context_sampling_34239_967_trimmed_bismark_bt2.CpG",12168,8620,3548,12168
"19968","07_report/CpG_context_sampling_34239_968_trimmed_bismark_bt2.CpG",11977,8551,3426,11977
"19969","07_report/CpG_context_sampling_34239_969_trimmed_bismark_bt2.CpG",11852,8528,3324,11852
"19970","07_report/CpG_context_sampling_34239_970_trimmed_bismark_bt2.CpG",11753,8386,3367,11753
"19971","07_report/CpG_context_sampling_34239_971_trimmed_bismark_bt2.CpG",11708,8338,3370,11708
"19972","07_report/CpG_context_sampling_34239_972_trimmed_bismark_bt2.CpG",11879,8462,3417,11879
"19973","07_report/CpG_context_sampling_34239_973_trimmed_bismark_bt2.CpG",11791,8530,3261,11791
"19974","07_report/CpG_context_sampling_34239_974_trimmed_bismark_bt2.CpG",11883,8478,3405,11883
"19975","07_report/CpG_context_sampling_34239_975_trimmed_bismark_bt2.CpG",11782,8361,3421,11782
"19976","07_report/CpG_context_sampling_34239_976_trimmed_bismark_bt2.CpG",12020,8532,3488,12020
"19977","07_report/CpG_context_sampling_34239_977_trimmed_bismark_bt2.CpG",11969,8566,3403,11969
"19978","07_report/CpG_context_sampling_34239_978_trimmed_bismark_bt2.CpG",11716,8404,3312,11716
"19979","07_report/CpG_context_sampling_34239_979_trimmed_bismark_bt2.CpG",11903,8564,3339,11903
"19980","07_report/CpG_context_sampling_34239_980_trimmed_bismark_bt2.CpG",12028,8613,3415,12028
"19981","07_report/CpG_context_sampling_34239_981_trimmed_bismark_bt2.CpG",11813,8451,3362,11813
"19982","07_report/CpG_context_sampling_34239_982_trimmed_bismark_bt2.CpG",11944,8493,3451,11944
"19983","07_report/CpG_context_sampling_34239_983_trimmed_bismark_bt2.CpG",11746,8428,3318,11746
"19984","07_report/CpG_context_sampling_34239_984_trimmed_bismark_bt2.CpG",11813,8515,3298,11813
"19985","07_report/CpG_context_sampling_34239_985_trimmed_bismark_bt2.CpG",11984,8609,3375,11984
"19986","07_report/CpG_context_sampling_34239_986_trimmed_bismark_bt2.CpG",11856,8477,3379,11856
"19987","07_report/CpG_context_sampling_34239_987_trimmed_bismark_bt2.CpG",11844,8480,3364,11844
"19988","07_report/CpG_context_sampling_34239_988_trimmed_bismark_bt2.CpG",11969,8550,3419,11969
"19989","07_report/CpG_context_sampling_34239_989_trimmed_bismark_bt2.CpG",11960,8490,3470,11960
"19990","07_report/CpG_context_sampling_34239_990_trimmed_bismark_bt2.CpG",11950,8571,3379,11950
"19991","07_report/CpG_context_sampling_34239_991_trimmed_bismark_bt2.CpG",11886,8437,3449,11886
"19992","07_report/CpG_context_sampling_34239_992_trimmed_bismark_bt2.CpG",12001,8594,3407,12001
"19993","07_report/CpG_context_sampling_34239_993_trimmed_bismark_bt2.CpG",11908,8508,3400,11908
"19994","07_report/CpG_context_sampling_34239_994_trimmed_bismark_bt2.CpG",11788,8509,3279,11788
"19995","07_report/CpG_context_sampling_34239_995_trimmed_bismark_bt2.CpG",11803,8342,3461,11803
"19996","07_report/CpG_context_sampling_34239_996_trimmed_bismark_bt2.CpG",11917,8560,3357,11917
"19997","07_report/CpG_context_sampling_34239_997_trimmed_bismark_bt2.CpG",11903,8457,3446,11903
"19998","07_report/CpG_context_sampling_34239_998_trimmed_bismark_bt2.CpG",11916,8515,3401,11916
"19999","07_report/CpG_context_sampling_34239_999_trimmed_bismark_bt2.CpG",11926,8529,3397,11926
"20000","07_report/CpG_context_sampling_34239_1000_trimmed_bismark_bt2.CpG",11836,8517,3319,11836
"20001","07_report/CpG_context_sampling_37352_1_trimmed_bismark_bt2.CpG",12759,9135,3624,12759
"20002","07_report/CpG_context_sampling_37352_2_trimmed_bismark_bt2.CpG",12803,9071,3732,12803
"20003","07_report/CpG_context_sampling_37352_3_trimmed_bismark_bt2.CpG",12928,9274,3654,12928
"20004","07_report/CpG_context_sampling_37352_4_trimmed_bismark_bt2.CpG",12989,9308,3681,12989
"20005","07_report/CpG_context_sampling_37352_5_trimmed_bismark_bt2.CpG",12869,9189,3680,12869
"20006","07_report/CpG_context_sampling_37352_6_trimmed_bismark_bt2.CpG",12841,9215,3626,12841
"20007","07_report/CpG_context_sampling_37352_7_trimmed_bismark_bt2.CpG",12817,9070,3747,12817
"20008","07_report/CpG_context_sampling_37352_8_trimmed_bismark_bt2.CpG",12940,9266,3674,12940
"20009","07_report/CpG_context_sampling_37352_9_trimmed_bismark_bt2.CpG",12947,9165,3782,12947
"20010","07_report/CpG_context_sampling_37352_10_trimmed_bismark_bt2.CpG",12957,9278,3679,12957
"20011","07_report/CpG_context_sampling_37352_11_trimmed_bismark_bt2.CpG",12855,9242,3613,12855
"20012","07_report/CpG_context_sampling_37352_12_trimmed_bismark_bt2.CpG",12963,9168,3795,12963
"20013","07_report/CpG_context_sampling_37352_13_trimmed_bismark_bt2.CpG",12911,9281,3630,12911
"20014","07_report/CpG_context_sampling_37352_14_trimmed_bismark_bt2.CpG",13052,9360,3692,13052
"20015","07_report/CpG_context_sampling_37352_15_trimmed_bismark_bt2.CpG",13140,9363,3777,13140
"20016","07_report/CpG_context_sampling_37352_16_trimmed_bismark_bt2.CpG",12860,9260,3600,12860
"20017","07_report/CpG_context_sampling_37352_17_trimmed_bismark_bt2.CpG",12777,9167,3610,12777
"20018","07_report/CpG_context_sampling_37352_18_trimmed_bismark_bt2.CpG",12796,9228,3568,12796
"20019","07_report/CpG_context_sampling_37352_19_trimmed_bismark_bt2.CpG",12992,9255,3737,12992
"20020","07_report/CpG_context_sampling_37352_20_trimmed_bismark_bt2.CpG",12959,9230,3729,12959
"20021","07_report/CpG_context_sampling_37352_21_trimmed_bismark_bt2.CpG",12980,9300,3680,12980
"20022","07_report/CpG_context_sampling_37352_22_trimmed_bismark_bt2.CpG",12873,9227,3646,12873
"20023","07_report/CpG_context_sampling_37352_23_trimmed_bismark_bt2.CpG",12848,9133,3715,12848
"20024","07_report/CpG_context_sampling_37352_24_trimmed_bismark_bt2.CpG",12848,9148,3700,12848
"20025","07_report/CpG_context_sampling_37352_25_trimmed_bismark_bt2.CpG",13084,9376,3708,13084
"20026","07_report/CpG_context_sampling_37352_26_trimmed_bismark_bt2.CpG",12927,9255,3672,12927
"20027","07_report/CpG_context_sampling_37352_27_trimmed_bismark_bt2.CpG",12963,9210,3753,12963
"20028","07_report/CpG_context_sampling_37352_28_trimmed_bismark_bt2.CpG",12917,9272,3645,12917
"20029","07_report/CpG_context_sampling_37352_29_trimmed_bismark_bt2.CpG",12986,9253,3733,12986
"20030","07_report/CpG_context_sampling_37352_30_trimmed_bismark_bt2.CpG",12909,9273,3636,12909
"20031","07_report/CpG_context_sampling_37352_31_trimmed_bismark_bt2.CpG",12975,9249,3726,12975
"20032","07_report/CpG_context_sampling_37352_32_trimmed_bismark_bt2.CpG",12981,9347,3634,12981
"20033","07_report/CpG_context_sampling_37352_33_trimmed_bismark_bt2.CpG",13057,9358,3699,13057
"20034","07_report/CpG_context_sampling_37352_34_trimmed_bismark_bt2.CpG",13046,9355,3691,13046
"20035","07_report/CpG_context_sampling_37352_35_trimmed_bismark_bt2.CpG",13100,9327,3773,13100
"20036","07_report/CpG_context_sampling_37352_36_trimmed_bismark_bt2.CpG",12970,9277,3693,12970
"20037","07_report/CpG_context_sampling_37352_37_trimmed_bismark_bt2.CpG",12994,9319,3675,12994
"20038","07_report/CpG_context_sampling_37352_38_trimmed_bismark_bt2.CpG",12922,9241,3681,12922
"20039","07_report/CpG_context_sampling_37352_39_trimmed_bismark_bt2.CpG",13136,9461,3675,13136
"20040","07_report/CpG_context_sampling_37352_40_trimmed_bismark_bt2.CpG",12995,9270,3725,12995
"20041","07_report/CpG_context_sampling_37352_41_trimmed_bismark_bt2.CpG",12996,9317,3679,12996
"20042","07_report/CpG_context_sampling_37352_42_trimmed_bismark_bt2.CpG",13037,9311,3726,13037
"20043","07_report/CpG_context_sampling_37352_43_trimmed_bismark_bt2.CpG",12984,9290,3694,12984
"20044","07_report/CpG_context_sampling_37352_44_trimmed_bismark_bt2.CpG",12970,9405,3565,12970
"20045","07_report/CpG_context_sampling_37352_45_trimmed_bismark_bt2.CpG",12882,9301,3581,12882
"20046","07_report/CpG_context_sampling_37352_46_trimmed_bismark_bt2.CpG",12947,9275,3672,12947
"20047","07_report/CpG_context_sampling_37352_47_trimmed_bismark_bt2.CpG",12928,9248,3680,12928
"20048","07_report/CpG_context_sampling_37352_48_trimmed_bismark_bt2.CpG",12915,9265,3650,12915
"20049","07_report/CpG_context_sampling_37352_49_trimmed_bismark_bt2.CpG",13067,9325,3742,13067
"20050","07_report/CpG_context_sampling_37352_50_trimmed_bismark_bt2.CpG",12953,9389,3564,12953
"20051","07_report/CpG_context_sampling_37352_51_trimmed_bismark_bt2.CpG",12937,9119,3818,12937
"20052","07_report/CpG_context_sampling_37352_52_trimmed_bismark_bt2.CpG",13161,9383,3778,13161
"20053","07_report/CpG_context_sampling_37352_53_trimmed_bismark_bt2.CpG",12803,9222,3581,12803
"20054","07_report/CpG_context_sampling_37352_54_trimmed_bismark_bt2.CpG",12815,9183,3632,12815
"20055","07_report/CpG_context_sampling_37352_55_trimmed_bismark_bt2.CpG",13216,9469,3747,13216
"20056","07_report/CpG_context_sampling_37352_56_trimmed_bismark_bt2.CpG",12898,9235,3663,12898
"20057","07_report/CpG_context_sampling_37352_57_trimmed_bismark_bt2.CpG",12963,9272,3691,12963
"20058","07_report/CpG_context_sampling_37352_58_trimmed_bismark_bt2.CpG",13071,9330,3741,13071
"20059","07_report/CpG_context_sampling_37352_59_trimmed_bismark_bt2.CpG",13054,9237,3817,13054
"20060","07_report/CpG_context_sampling_37352_60_trimmed_bismark_bt2.CpG",12946,9240,3706,12946
"20061","07_report/CpG_context_sampling_37352_61_trimmed_bismark_bt2.CpG",13069,9248,3821,13069
"20062","07_report/CpG_context_sampling_37352_62_trimmed_bismark_bt2.CpG",12982,9292,3690,12982
"20063","07_report/CpG_context_sampling_37352_63_trimmed_bismark_bt2.CpG",12778,9002,3776,12778
"20064","07_report/CpG_context_sampling_37352_64_trimmed_bismark_bt2.CpG",13039,9369,3670,13039
"20065","07_report/CpG_context_sampling_37352_65_trimmed_bismark_bt2.CpG",12956,9229,3727,12956
"20066","07_report/CpG_context_sampling_37352_66_trimmed_bismark_bt2.CpG",12970,9262,3708,12970
"20067","07_report/CpG_context_sampling_37352_67_trimmed_bismark_bt2.CpG",13077,9303,3774,13077
"20068","07_report/CpG_context_sampling_37352_68_trimmed_bismark_bt2.CpG",12878,9124,3754,12878
"20069","07_report/CpG_context_sampling_37352_69_trimmed_bismark_bt2.CpG",13011,9239,3772,13011
"20070","07_report/CpG_context_sampling_37352_70_trimmed_bismark_bt2.CpG",12869,9177,3692,12869
"20071","07_report/CpG_context_sampling_37352_71_trimmed_bismark_bt2.CpG",12810,9211,3599,12810
"20072","07_report/CpG_context_sampling_37352_72_trimmed_bismark_bt2.CpG",13030,9392,3638,13030
"20073","07_report/CpG_context_sampling_37352_73_trimmed_bismark_bt2.CpG",13124,9424,3700,13124
"20074","07_report/CpG_context_sampling_37352_74_trimmed_bismark_bt2.CpG",12980,9352,3628,12980
"20075","07_report/CpG_context_sampling_37352_75_trimmed_bismark_bt2.CpG",12872,9278,3594,12872
"20076","07_report/CpG_context_sampling_37352_76_trimmed_bismark_bt2.CpG",13192,9367,3825,13192
"20077","07_report/CpG_context_sampling_37352_77_trimmed_bismark_bt2.CpG",12961,9262,3699,12961
"20078","07_report/CpG_context_sampling_37352_78_trimmed_bismark_bt2.CpG",12998,9285,3713,12998
"20079","07_report/CpG_context_sampling_37352_79_trimmed_bismark_bt2.CpG",12951,9312,3639,12951
"20080","07_report/CpG_context_sampling_37352_80_trimmed_bismark_bt2.CpG",12918,9186,3732,12918
"20081","07_report/CpG_context_sampling_37352_81_trimmed_bismark_bt2.CpG",12905,9217,3688,12905
"20082","07_report/CpG_context_sampling_37352_82_trimmed_bismark_bt2.CpG",12896,9179,3717,12896
"20083","07_report/CpG_context_sampling_37352_83_trimmed_bismark_bt2.CpG",12981,9296,3685,12981
"20084","07_report/CpG_context_sampling_37352_84_trimmed_bismark_bt2.CpG",12808,9147,3661,12808
"20085","07_report/CpG_context_sampling_37352_85_trimmed_bismark_bt2.CpG",13024,9353,3671,13024
"20086","07_report/CpG_context_sampling_37352_86_trimmed_bismark_bt2.CpG",12964,9233,3731,12964
"20087","07_report/CpG_context_sampling_37352_87_trimmed_bismark_bt2.CpG",12986,9264,3722,12986
"20088","07_report/CpG_context_sampling_37352_88_trimmed_bismark_bt2.CpG",12987,9309,3678,12987
"20089","07_report/CpG_context_sampling_37352_89_trimmed_bismark_bt2.CpG",12867,9276,3591,12867
"20090","07_report/CpG_context_sampling_37352_90_trimmed_bismark_bt2.CpG",13104,9333,3771,13104
"20091","07_report/CpG_context_sampling_37352_91_trimmed_bismark_bt2.CpG",12915,9250,3665,12915
"20092","07_report/CpG_context_sampling_37352_92_trimmed_bismark_bt2.CpG",12980,9295,3685,12980
"20093","07_report/CpG_context_sampling_37352_93_trimmed_bismark_bt2.CpG",12834,9153,3681,12834
"20094","07_report/CpG_context_sampling_37352_94_trimmed_bismark_bt2.CpG",12986,9272,3714,12986
"20095","07_report/CpG_context_sampling_37352_95_trimmed_bismark_bt2.CpG",12761,9200,3561,12761
"20096","07_report/CpG_context_sampling_37352_96_trimmed_bismark_bt2.CpG",12838,9293,3545,12838
"20097","07_report/CpG_context_sampling_37352_97_trimmed_bismark_bt2.CpG",12998,9260,3738,12998
"20098","07_report/CpG_context_sampling_37352_98_trimmed_bismark_bt2.CpG",12850,9213,3637,12850
"20099","07_report/CpG_context_sampling_37352_99_trimmed_bismark_bt2.CpG",12835,9085,3750,12835
"20100","07_report/CpG_context_sampling_37352_100_trimmed_bismark_bt2.CpG",12969,9213,3756,12969
"20101","07_report/CpG_context_sampling_37352_101_trimmed_bismark_bt2.CpG",12948,9170,3778,12948
"20102","07_report/CpG_context_sampling_37352_102_trimmed_bismark_bt2.CpG",12732,9089,3643,12732
"20103","07_report/CpG_context_sampling_37352_103_trimmed_bismark_bt2.CpG",13116,9384,3732,13116
"20104","07_report/CpG_context_sampling_37352_104_trimmed_bismark_bt2.CpG",12858,9151,3707,12858
"20105","07_report/CpG_context_sampling_37352_105_trimmed_bismark_bt2.CpG",12961,9267,3694,12961
"20106","07_report/CpG_context_sampling_37352_106_trimmed_bismark_bt2.CpG",12886,9265,3621,12886
"20107","07_report/CpG_context_sampling_37352_107_trimmed_bismark_bt2.CpG",12942,9229,3713,12942
"20108","07_report/CpG_context_sampling_37352_108_trimmed_bismark_bt2.CpG",12974,9247,3727,12974
"20109","07_report/CpG_context_sampling_37352_109_trimmed_bismark_bt2.CpG",12860,9256,3604,12860
"20110","07_report/CpG_context_sampling_37352_110_trimmed_bismark_bt2.CpG",13035,9277,3758,13035
"20111","07_report/CpG_context_sampling_37352_111_trimmed_bismark_bt2.CpG",12805,9203,3602,12805
"20112","07_report/CpG_context_sampling_37352_112_trimmed_bismark_bt2.CpG",12947,9259,3688,12947
"20113","07_report/CpG_context_sampling_37352_113_trimmed_bismark_bt2.CpG",12838,9180,3658,12838
"20114","07_report/CpG_context_sampling_37352_114_trimmed_bismark_bt2.CpG",12962,9267,3695,12962
"20115","07_report/CpG_context_sampling_37352_115_trimmed_bismark_bt2.CpG",13037,9346,3691,13037
"20116","07_report/CpG_context_sampling_37352_116_trimmed_bismark_bt2.CpG",13000,9328,3672,13000
"20117","07_report/CpG_context_sampling_37352_117_trimmed_bismark_bt2.CpG",13045,9285,3760,13045
"20118","07_report/CpG_context_sampling_37352_118_trimmed_bismark_bt2.CpG",13035,9299,3736,13035
"20119","07_report/CpG_context_sampling_37352_119_trimmed_bismark_bt2.CpG",12897,9194,3703,12897
"20120","07_report/CpG_context_sampling_37352_120_trimmed_bismark_bt2.CpG",12972,9200,3772,12972
"20121","07_report/CpG_context_sampling_37352_121_trimmed_bismark_bt2.CpG",13000,9250,3750,13000
"20122","07_report/CpG_context_sampling_37352_122_trimmed_bismark_bt2.CpG",13024,9415,3609,13024
"20123","07_report/CpG_context_sampling_37352_123_trimmed_bismark_bt2.CpG",13107,9500,3607,13107
"20124","07_report/CpG_context_sampling_37352_124_trimmed_bismark_bt2.CpG",13021,9332,3689,13021
"20125","07_report/CpG_context_sampling_37352_125_trimmed_bismark_bt2.CpG",12992,9414,3578,12992
"20126","07_report/CpG_context_sampling_37352_126_trimmed_bismark_bt2.CpG",13037,9338,3699,13037
"20127","07_report/CpG_context_sampling_37352_127_trimmed_bismark_bt2.CpG",12871,9204,3667,12871
"20128","07_report/CpG_context_sampling_37352_128_trimmed_bismark_bt2.CpG",12908,9242,3666,12908
"20129","07_report/CpG_context_sampling_37352_129_trimmed_bismark_bt2.CpG",12985,9260,3725,12985
"20130","07_report/CpG_context_sampling_37352_130_trimmed_bismark_bt2.CpG",12952,9142,3810,12952
"20131","07_report/CpG_context_sampling_37352_131_trimmed_bismark_bt2.CpG",12986,9256,3730,12986
"20132","07_report/CpG_context_sampling_37352_132_trimmed_bismark_bt2.CpG",13009,9357,3652,13009
"20133","07_report/CpG_context_sampling_37352_133_trimmed_bismark_bt2.CpG",13101,9435,3666,13101
"20134","07_report/CpG_context_sampling_37352_134_trimmed_bismark_bt2.CpG",12932,9355,3577,12932
"20135","07_report/CpG_context_sampling_37352_135_trimmed_bismark_bt2.CpG",12880,9288,3592,12880
"20136","07_report/CpG_context_sampling_37352_136_trimmed_bismark_bt2.CpG",12912,9268,3644,12912
"20137","07_report/CpG_context_sampling_37352_137_trimmed_bismark_bt2.CpG",12940,9303,3637,12940
"20138","07_report/CpG_context_sampling_37352_138_trimmed_bismark_bt2.CpG",13059,9280,3779,13059
"20139","07_report/CpG_context_sampling_37352_139_trimmed_bismark_bt2.CpG",12941,9243,3698,12941
"20140","07_report/CpG_context_sampling_37352_140_trimmed_bismark_bt2.CpG",12945,9273,3672,12945
"20141","07_report/CpG_context_sampling_37352_141_trimmed_bismark_bt2.CpG",12941,9237,3704,12941
"20142","07_report/CpG_context_sampling_37352_142_trimmed_bismark_bt2.CpG",12859,9227,3632,12859
"20143","07_report/CpG_context_sampling_37352_143_trimmed_bismark_bt2.CpG",12893,9284,3609,12893
"20144","07_report/CpG_context_sampling_37352_144_trimmed_bismark_bt2.CpG",12983,9312,3671,12983
"20145","07_report/CpG_context_sampling_37352_145_trimmed_bismark_bt2.CpG",12995,9316,3679,12995
"20146","07_report/CpG_context_sampling_37352_146_trimmed_bismark_bt2.CpG",12864,9277,3587,12864
"20147","07_report/CpG_context_sampling_37352_147_trimmed_bismark_bt2.CpG",12914,9215,3699,12914
"20148","07_report/CpG_context_sampling_37352_148_trimmed_bismark_bt2.CpG",12909,9251,3658,12909
"20149","07_report/CpG_context_sampling_37352_149_trimmed_bismark_bt2.CpG",13002,9397,3605,13002
"20150","07_report/CpG_context_sampling_37352_150_trimmed_bismark_bt2.CpG",12932,9241,3691,12932
"20151","07_report/CpG_context_sampling_37352_151_trimmed_bismark_bt2.CpG",13059,9355,3704,13059
"20152","07_report/CpG_context_sampling_37352_152_trimmed_bismark_bt2.CpG",13069,9257,3812,13069
"20153","07_report/CpG_context_sampling_37352_153_trimmed_bismark_bt2.CpG",12911,9163,3748,12911
"20154","07_report/CpG_context_sampling_37352_154_trimmed_bismark_bt2.CpG",12991,9217,3774,12991
"20155","07_report/CpG_context_sampling_37352_155_trimmed_bismark_bt2.CpG",12948,9190,3758,12948
"20156","07_report/CpG_context_sampling_37352_156_trimmed_bismark_bt2.CpG",13091,9433,3658,13091
"20157","07_report/CpG_context_sampling_37352_157_trimmed_bismark_bt2.CpG",13269,9447,3822,13269
"20158","07_report/CpG_context_sampling_37352_158_trimmed_bismark_bt2.CpG",13019,9286,3733,13019
"20159","07_report/CpG_context_sampling_37352_159_trimmed_bismark_bt2.CpG",13006,9238,3768,13006
"20160","07_report/CpG_context_sampling_37352_160_trimmed_bismark_bt2.CpG",13125,9388,3737,13125
"20161","07_report/CpG_context_sampling_37352_161_trimmed_bismark_bt2.CpG",13012,9343,3669,13012
"20162","07_report/CpG_context_sampling_37352_162_trimmed_bismark_bt2.CpG",12977,9186,3791,12977
"20163","07_report/CpG_context_sampling_37352_163_trimmed_bismark_bt2.CpG",12879,9213,3666,12879
"20164","07_report/CpG_context_sampling_37352_164_trimmed_bismark_bt2.CpG",12872,9220,3652,12872
"20165","07_report/CpG_context_sampling_37352_165_trimmed_bismark_bt2.CpG",13048,9376,3672,13048
"20166","07_report/CpG_context_sampling_37352_166_trimmed_bismark_bt2.CpG",12831,9134,3697,12831
"20167","07_report/CpG_context_sampling_37352_167_trimmed_bismark_bt2.CpG",12975,9256,3719,12975
"20168","07_report/CpG_context_sampling_37352_168_trimmed_bismark_bt2.CpG",12792,9146,3646,12792
"20169","07_report/CpG_context_sampling_37352_169_trimmed_bismark_bt2.CpG",12822,9222,3600,12822
"20170","07_report/CpG_context_sampling_37352_170_trimmed_bismark_bt2.CpG",12983,9293,3690,12983
"20171","07_report/CpG_context_sampling_37352_171_trimmed_bismark_bt2.CpG",13055,9375,3680,13055
"20172","07_report/CpG_context_sampling_37352_172_trimmed_bismark_bt2.CpG",13013,9251,3762,13013
"20173","07_report/CpG_context_sampling_37352_173_trimmed_bismark_bt2.CpG",12922,9236,3686,12922
"20174","07_report/CpG_context_sampling_37352_174_trimmed_bismark_bt2.CpG",13024,9392,3632,13024
"20175","07_report/CpG_context_sampling_37352_175_trimmed_bismark_bt2.CpG",12946,9295,3651,12946
"20176","07_report/CpG_context_sampling_37352_176_trimmed_bismark_bt2.CpG",13057,9357,3700,13057
"20177","07_report/CpG_context_sampling_37352_177_trimmed_bismark_bt2.CpG",12911,9145,3766,12911
"20178","07_report/CpG_context_sampling_37352_178_trimmed_bismark_bt2.CpG",12881,9174,3707,12881
"20179","07_report/CpG_context_sampling_37352_179_trimmed_bismark_bt2.CpG",12886,9320,3566,12886
"20180","07_report/CpG_context_sampling_37352_180_trimmed_bismark_bt2.CpG",12881,9261,3620,12881
"20181","07_report/CpG_context_sampling_37352_181_trimmed_bismark_bt2.CpG",12923,9210,3713,12923
"20182","07_report/CpG_context_sampling_37352_182_trimmed_bismark_bt2.CpG",12995,9321,3674,12995
"20183","07_report/CpG_context_sampling_37352_183_trimmed_bismark_bt2.CpG",12876,9220,3656,12876
"20184","07_report/CpG_context_sampling_37352_184_trimmed_bismark_bt2.CpG",13053,9376,3677,13053
"20185","07_report/CpG_context_sampling_37352_185_trimmed_bismark_bt2.CpG",12976,9305,3671,12976
"20186","07_report/CpG_context_sampling_37352_186_trimmed_bismark_bt2.CpG",12925,9238,3687,12925
"20187","07_report/CpG_context_sampling_37352_187_trimmed_bismark_bt2.CpG",13030,9319,3711,13030
"20188","07_report/CpG_context_sampling_37352_188_trimmed_bismark_bt2.CpG",12798,9082,3716,12798
"20189","07_report/CpG_context_sampling_37352_189_trimmed_bismark_bt2.CpG",12963,9292,3671,12963
"20190","07_report/CpG_context_sampling_37352_190_trimmed_bismark_bt2.CpG",13077,9333,3744,13077
"20191","07_report/CpG_context_sampling_37352_191_trimmed_bismark_bt2.CpG",12899,9254,3645,12899
"20192","07_report/CpG_context_sampling_37352_192_trimmed_bismark_bt2.CpG",12987,9221,3766,12987
"20193","07_report/CpG_context_sampling_37352_193_trimmed_bismark_bt2.CpG",13059,9264,3795,13059
"20194","07_report/CpG_context_sampling_37352_194_trimmed_bismark_bt2.CpG",12907,9130,3777,12907
"20195","07_report/CpG_context_sampling_37352_195_trimmed_bismark_bt2.CpG",12979,9269,3710,12979
"20196","07_report/CpG_context_sampling_37352_196_trimmed_bismark_bt2.CpG",12978,9257,3721,12978
"20197","07_report/CpG_context_sampling_37352_197_trimmed_bismark_bt2.CpG",12979,9296,3683,12979
"20198","07_report/CpG_context_sampling_37352_198_trimmed_bismark_bt2.CpG",12989,9376,3613,12989
"20199","07_report/CpG_context_sampling_37352_199_trimmed_bismark_bt2.CpG",12967,9318,3649,12967
"20200","07_report/CpG_context_sampling_37352_200_trimmed_bismark_bt2.CpG",12925,9351,3574,12925
"20201","07_report/CpG_context_sampling_37352_201_trimmed_bismark_bt2.CpG",12890,9251,3639,12890
"20202","07_report/CpG_context_sampling_37352_202_trimmed_bismark_bt2.CpG",13019,9234,3785,13019
"20203","07_report/CpG_context_sampling_37352_203_trimmed_bismark_bt2.CpG",13082,9410,3672,13082
"20204","07_report/CpG_context_sampling_37352_204_trimmed_bismark_bt2.CpG",12969,9276,3693,12969
"20205","07_report/CpG_context_sampling_37352_205_trimmed_bismark_bt2.CpG",12911,9195,3716,12911
"20206","07_report/CpG_context_sampling_37352_206_trimmed_bismark_bt2.CpG",12888,9207,3681,12888
"20207","07_report/CpG_context_sampling_37352_207_trimmed_bismark_bt2.CpG",12950,9255,3695,12950
"20208","07_report/CpG_context_sampling_37352_208_trimmed_bismark_bt2.CpG",13064,9267,3797,13064
"20209","07_report/CpG_context_sampling_37352_209_trimmed_bismark_bt2.CpG",12978,9268,3710,12978
"20210","07_report/CpG_context_sampling_37352_210_trimmed_bismark_bt2.CpG",13000,9310,3690,13000
"20211","07_report/CpG_context_sampling_37352_211_trimmed_bismark_bt2.CpG",12981,9307,3674,12981
"20212","07_report/CpG_context_sampling_37352_212_trimmed_bismark_bt2.CpG",12942,9308,3634,12942
"20213","07_report/CpG_context_sampling_37352_213_trimmed_bismark_bt2.CpG",12972,9374,3598,12972
"20214","07_report/CpG_context_sampling_37352_214_trimmed_bismark_bt2.CpG",12929,9348,3581,12929
"20215","07_report/CpG_context_sampling_37352_215_trimmed_bismark_bt2.CpG",12860,9098,3762,12860
"20216","07_report/CpG_context_sampling_37352_216_trimmed_bismark_bt2.CpG",12777,9149,3628,12777
"20217","07_report/CpG_context_sampling_37352_217_trimmed_bismark_bt2.CpG",12790,9184,3606,12790
"20218","07_report/CpG_context_sampling_37352_218_trimmed_bismark_bt2.CpG",12881,9211,3670,12881
"20219","07_report/CpG_context_sampling_37352_219_trimmed_bismark_bt2.CpG",12864,9127,3737,12864
"20220","07_report/CpG_context_sampling_37352_220_trimmed_bismark_bt2.CpG",12947,9261,3686,12947
"20221","07_report/CpG_context_sampling_37352_221_trimmed_bismark_bt2.CpG",13086,9438,3648,13086
"20222","07_report/CpG_context_sampling_37352_222_trimmed_bismark_bt2.CpG",12912,9223,3689,12912
"20223","07_report/CpG_context_sampling_37352_223_trimmed_bismark_bt2.CpG",12908,9333,3575,12908
"20224","07_report/CpG_context_sampling_37352_224_trimmed_bismark_bt2.CpG",13065,9384,3681,13065
"20225","07_report/CpG_context_sampling_37352_225_trimmed_bismark_bt2.CpG",12827,9163,3664,12827
"20226","07_report/CpG_context_sampling_37352_226_trimmed_bismark_bt2.CpG",13045,9419,3626,13045
"20227","07_report/CpG_context_sampling_37352_227_trimmed_bismark_bt2.CpG",13032,9327,3705,13032
"20228","07_report/CpG_context_sampling_37352_228_trimmed_bismark_bt2.CpG",12856,9287,3569,12856
"20229","07_report/CpG_context_sampling_37352_229_trimmed_bismark_bt2.CpG",12949,9339,3610,12949
"20230","07_report/CpG_context_sampling_37352_230_trimmed_bismark_bt2.CpG",12941,9187,3754,12941
"20231","07_report/CpG_context_sampling_37352_231_trimmed_bismark_bt2.CpG",12926,9264,3662,12926
"20232","07_report/CpG_context_sampling_37352_232_trimmed_bismark_bt2.CpG",13003,9334,3669,13003
"20233","07_report/CpG_context_sampling_37352_233_trimmed_bismark_bt2.CpG",13062,9308,3754,13062
"20234","07_report/CpG_context_sampling_37352_234_trimmed_bismark_bt2.CpG",12977,9273,3704,12977
"20235","07_report/CpG_context_sampling_37352_235_trimmed_bismark_bt2.CpG",12960,9328,3632,12960
"20236","07_report/CpG_context_sampling_37352_236_trimmed_bismark_bt2.CpG",12960,9278,3682,12960
"20237","07_report/CpG_context_sampling_37352_237_trimmed_bismark_bt2.CpG",12971,9294,3677,12971
"20238","07_report/CpG_context_sampling_37352_238_trimmed_bismark_bt2.CpG",13001,9308,3693,13001
"20239","07_report/CpG_context_sampling_37352_239_trimmed_bismark_bt2.CpG",12933,9210,3723,12933
"20240","07_report/CpG_context_sampling_37352_240_trimmed_bismark_bt2.CpG",13015,9308,3707,13015
"20241","07_report/CpG_context_sampling_37352_241_trimmed_bismark_bt2.CpG",12861,9142,3719,12861
"20242","07_report/CpG_context_sampling_37352_242_trimmed_bismark_bt2.CpG",12938,9232,3706,12938
"20243","07_report/CpG_context_sampling_37352_243_trimmed_bismark_bt2.CpG",13115,9377,3738,13115
"20244","07_report/CpG_context_sampling_37352_244_trimmed_bismark_bt2.CpG",13093,9343,3750,13093
"20245","07_report/CpG_context_sampling_37352_245_trimmed_bismark_bt2.CpG",12843,9242,3601,12843
"20246","07_report/CpG_context_sampling_37352_246_trimmed_bismark_bt2.CpG",13065,9384,3681,13065
"20247","07_report/CpG_context_sampling_37352_247_trimmed_bismark_bt2.CpG",13044,9308,3736,13044
"20248","07_report/CpG_context_sampling_37352_248_trimmed_bismark_bt2.CpG",13038,9290,3748,13038
"20249","07_report/CpG_context_sampling_37352_249_trimmed_bismark_bt2.CpG",13056,9384,3672,13056
"20250","07_report/CpG_context_sampling_37352_250_trimmed_bismark_bt2.CpG",12958,9257,3701,12958
"20251","07_report/CpG_context_sampling_37352_251_trimmed_bismark_bt2.CpG",12981,9216,3765,12981
"20252","07_report/CpG_context_sampling_37352_252_trimmed_bismark_bt2.CpG",12926,9127,3799,12926
"20253","07_report/CpG_context_sampling_37352_253_trimmed_bismark_bt2.CpG",13041,9329,3712,13041
"20254","07_report/CpG_context_sampling_37352_254_trimmed_bismark_bt2.CpG",12876,9208,3668,12876
"20255","07_report/CpG_context_sampling_37352_255_trimmed_bismark_bt2.CpG",13008,9301,3707,13008
"20256","07_report/CpG_context_sampling_37352_256_trimmed_bismark_bt2.CpG",12904,9218,3686,12904
"20257","07_report/CpG_context_sampling_37352_257_trimmed_bismark_bt2.CpG",12970,9219,3751,12970
"20258","07_report/CpG_context_sampling_37352_258_trimmed_bismark_bt2.CpG",12876,9241,3635,12876
"20259","07_report/CpG_context_sampling_37352_259_trimmed_bismark_bt2.CpG",12954,9310,3644,12954
"20260","07_report/CpG_context_sampling_37352_260_trimmed_bismark_bt2.CpG",13020,9383,3637,13020
"20261","07_report/CpG_context_sampling_37352_261_trimmed_bismark_bt2.CpG",12986,9363,3623,12986
"20262","07_report/CpG_context_sampling_37352_262_trimmed_bismark_bt2.CpG",13021,9271,3750,13021
"20263","07_report/CpG_context_sampling_37352_263_trimmed_bismark_bt2.CpG",12898,9211,3687,12898
"20264","07_report/CpG_context_sampling_37352_264_trimmed_bismark_bt2.CpG",13005,9225,3780,13005
"20265","07_report/CpG_context_sampling_37352_265_trimmed_bismark_bt2.CpG",12997,9217,3780,12997
"20266","07_report/CpG_context_sampling_37352_266_trimmed_bismark_bt2.CpG",12932,9246,3686,12932
"20267","07_report/CpG_context_sampling_37352_267_trimmed_bismark_bt2.CpG",13056,9348,3708,13056
"20268","07_report/CpG_context_sampling_37352_268_trimmed_bismark_bt2.CpG",12862,9171,3691,12862
"20269","07_report/CpG_context_sampling_37352_269_trimmed_bismark_bt2.CpG",12905,9196,3709,12905
"20270","07_report/CpG_context_sampling_37352_270_trimmed_bismark_bt2.CpG",12941,9250,3691,12941
"20271","07_report/CpG_context_sampling_37352_271_trimmed_bismark_bt2.CpG",12935,9183,3752,12935
"20272","07_report/CpG_context_sampling_37352_272_trimmed_bismark_bt2.CpG",12970,9271,3699,12970
"20273","07_report/CpG_context_sampling_37352_273_trimmed_bismark_bt2.CpG",13021,9315,3706,13021
"20274","07_report/CpG_context_sampling_37352_274_trimmed_bismark_bt2.CpG",13050,9406,3644,13050
"20275","07_report/CpG_context_sampling_37352_275_trimmed_bismark_bt2.CpG",12987,9312,3675,12987
"20276","07_report/CpG_context_sampling_37352_276_trimmed_bismark_bt2.CpG",13036,9336,3700,13036
"20277","07_report/CpG_context_sampling_37352_277_trimmed_bismark_bt2.CpG",12909,9287,3622,12909
"20278","07_report/CpG_context_sampling_37352_278_trimmed_bismark_bt2.CpG",12989,9270,3719,12989
"20279","07_report/CpG_context_sampling_37352_279_trimmed_bismark_bt2.CpG",13037,9372,3665,13037
"20280","07_report/CpG_context_sampling_37352_280_trimmed_bismark_bt2.CpG",12869,9193,3676,12869
"20281","07_report/CpG_context_sampling_37352_281_trimmed_bismark_bt2.CpG",13001,9346,3655,13001
"20282","07_report/CpG_context_sampling_37352_282_trimmed_bismark_bt2.CpG",12947,9209,3738,12947
"20283","07_report/CpG_context_sampling_37352_283_trimmed_bismark_bt2.CpG",12850,9196,3654,12850
"20284","07_report/CpG_context_sampling_37352_284_trimmed_bismark_bt2.CpG",12647,9065,3582,12647
"20285","07_report/CpG_context_sampling_37352_285_trimmed_bismark_bt2.CpG",12747,9022,3725,12747
"20286","07_report/CpG_context_sampling_37352_286_trimmed_bismark_bt2.CpG",12986,9376,3610,12986
"20287","07_report/CpG_context_sampling_37352_287_trimmed_bismark_bt2.CpG",12892,9228,3664,12892
"20288","07_report/CpG_context_sampling_37352_288_trimmed_bismark_bt2.CpG",13060,9387,3673,13060
"20289","07_report/CpG_context_sampling_37352_289_trimmed_bismark_bt2.CpG",12850,9233,3617,12850
"20290","07_report/CpG_context_sampling_37352_290_trimmed_bismark_bt2.CpG",12846,9257,3589,12846
"20291","07_report/CpG_context_sampling_37352_291_trimmed_bismark_bt2.CpG",13071,9385,3686,13071
"20292","07_report/CpG_context_sampling_37352_292_trimmed_bismark_bt2.CpG",12796,9167,3629,12796
"20293","07_report/CpG_context_sampling_37352_293_trimmed_bismark_bt2.CpG",13037,9336,3701,13037
"20294","07_report/CpG_context_sampling_37352_294_trimmed_bismark_bt2.CpG",12901,9216,3685,12901
"20295","07_report/CpG_context_sampling_37352_295_trimmed_bismark_bt2.CpG",12949,9306,3643,12949
"20296","07_report/CpG_context_sampling_37352_296_trimmed_bismark_bt2.CpG",13052,9238,3814,13052
"20297","07_report/CpG_context_sampling_37352_297_trimmed_bismark_bt2.CpG",12989,9417,3572,12989
"20298","07_report/CpG_context_sampling_37352_298_trimmed_bismark_bt2.CpG",13109,9336,3773,13109
"20299","07_report/CpG_context_sampling_37352_299_trimmed_bismark_bt2.CpG",12969,9338,3631,12969
"20300","07_report/CpG_context_sampling_37352_300_trimmed_bismark_bt2.CpG",12918,9206,3712,12918
"20301","07_report/CpG_context_sampling_37352_301_trimmed_bismark_bt2.CpG",12733,9107,3626,12733
"20302","07_report/CpG_context_sampling_37352_302_trimmed_bismark_bt2.CpG",12870,9183,3687,12870
"20303","07_report/CpG_context_sampling_37352_303_trimmed_bismark_bt2.CpG",12987,9324,3663,12987
"20304","07_report/CpG_context_sampling_37352_304_trimmed_bismark_bt2.CpG",12868,9049,3819,12868
"20305","07_report/CpG_context_sampling_37352_305_trimmed_bismark_bt2.CpG",12983,9343,3640,12983
"20306","07_report/CpG_context_sampling_37352_306_trimmed_bismark_bt2.CpG",13042,9244,3798,13042
"20307","07_report/CpG_context_sampling_37352_307_trimmed_bismark_bt2.CpG",12892,9208,3684,12892
"20308","07_report/CpG_context_sampling_37352_308_trimmed_bismark_bt2.CpG",12881,9180,3701,12881
"20309","07_report/CpG_context_sampling_37352_309_trimmed_bismark_bt2.CpG",12917,9223,3694,12917
"20310","07_report/CpG_context_sampling_37352_310_trimmed_bismark_bt2.CpG",13051,9318,3733,13051
"20311","07_report/CpG_context_sampling_37352_311_trimmed_bismark_bt2.CpG",12937,9239,3698,12937
"20312","07_report/CpG_context_sampling_37352_312_trimmed_bismark_bt2.CpG",12879,9175,3704,12879
"20313","07_report/CpG_context_sampling_37352_313_trimmed_bismark_bt2.CpG",12975,9331,3644,12975
"20314","07_report/CpG_context_sampling_37352_314_trimmed_bismark_bt2.CpG",12838,9166,3672,12838
"20315","07_report/CpG_context_sampling_37352_315_trimmed_bismark_bt2.CpG",12904,9231,3673,12904
"20316","07_report/CpG_context_sampling_37352_316_trimmed_bismark_bt2.CpG",12919,9197,3722,12919
"20317","07_report/CpG_context_sampling_37352_317_trimmed_bismark_bt2.CpG",12911,9268,3643,12911
"20318","07_report/CpG_context_sampling_37352_318_trimmed_bismark_bt2.CpG",13009,9358,3651,13009
"20319","07_report/CpG_context_sampling_37352_319_trimmed_bismark_bt2.CpG",12864,9145,3719,12864
"20320","07_report/CpG_context_sampling_37352_320_trimmed_bismark_bt2.CpG",12918,9208,3710,12918
"20321","07_report/CpG_context_sampling_37352_321_trimmed_bismark_bt2.CpG",12802,9141,3661,12802
"20322","07_report/CpG_context_sampling_37352_322_trimmed_bismark_bt2.CpG",12932,9280,3652,12932
"20323","07_report/CpG_context_sampling_37352_323_trimmed_bismark_bt2.CpG",12975,9230,3745,12975
"20324","07_report/CpG_context_sampling_37352_324_trimmed_bismark_bt2.CpG",13037,9311,3726,13037
"20325","07_report/CpG_context_sampling_37352_325_trimmed_bismark_bt2.CpG",13040,9344,3696,13040
"20326","07_report/CpG_context_sampling_37352_326_trimmed_bismark_bt2.CpG",13003,9260,3743,13003
"20327","07_report/CpG_context_sampling_37352_327_trimmed_bismark_bt2.CpG",12856,9164,3692,12856
"20328","07_report/CpG_context_sampling_37352_328_trimmed_bismark_bt2.CpG",13014,9284,3730,13014
"20329","07_report/CpG_context_sampling_37352_329_trimmed_bismark_bt2.CpG",12885,9230,3655,12885
"20330","07_report/CpG_context_sampling_37352_330_trimmed_bismark_bt2.CpG",13032,9240,3792,13032
"20331","07_report/CpG_context_sampling_37352_331_trimmed_bismark_bt2.CpG",13032,9285,3747,13032
"20332","07_report/CpG_context_sampling_37352_332_trimmed_bismark_bt2.CpG",13013,9353,3660,13013
"20333","07_report/CpG_context_sampling_37352_333_trimmed_bismark_bt2.CpG",12988,9316,3672,12988
"20334","07_report/CpG_context_sampling_37352_334_trimmed_bismark_bt2.CpG",13002,9340,3662,13002
"20335","07_report/CpG_context_sampling_37352_335_trimmed_bismark_bt2.CpG",12966,9323,3643,12966
"20336","07_report/CpG_context_sampling_37352_336_trimmed_bismark_bt2.CpG",12888,9181,3707,12888
"20337","07_report/CpG_context_sampling_37352_337_trimmed_bismark_bt2.CpG",12891,9274,3617,12891
"20338","07_report/CpG_context_sampling_37352_338_trimmed_bismark_bt2.CpG",12936,9256,3680,12936
"20339","07_report/CpG_context_sampling_37352_339_trimmed_bismark_bt2.CpG",12926,9251,3675,12926
"20340","07_report/CpG_context_sampling_37352_340_trimmed_bismark_bt2.CpG",12983,9266,3717,12983
"20341","07_report/CpG_context_sampling_37352_341_trimmed_bismark_bt2.CpG",12892,9224,3668,12892
"20342","07_report/CpG_context_sampling_37352_342_trimmed_bismark_bt2.CpG",13091,9407,3684,13091
"20343","07_report/CpG_context_sampling_37352_343_trimmed_bismark_bt2.CpG",12874,9136,3738,12874
"20344","07_report/CpG_context_sampling_37352_344_trimmed_bismark_bt2.CpG",12922,9228,3694,12922
"20345","07_report/CpG_context_sampling_37352_345_trimmed_bismark_bt2.CpG",12951,9241,3710,12951
"20346","07_report/CpG_context_sampling_37352_346_trimmed_bismark_bt2.CpG",12896,9270,3626,12896
"20347","07_report/CpG_context_sampling_37352_347_trimmed_bismark_bt2.CpG",12691,9027,3664,12691
"20348","07_report/CpG_context_sampling_37352_348_trimmed_bismark_bt2.CpG",12902,9190,3712,12902
"20349","07_report/CpG_context_sampling_37352_349_trimmed_bismark_bt2.CpG",13016,9301,3715,13016
"20350","07_report/CpG_context_sampling_37352_350_trimmed_bismark_bt2.CpG",12842,9167,3675,12842
"20351","07_report/CpG_context_sampling_37352_351_trimmed_bismark_bt2.CpG",12881,9203,3678,12881
"20352","07_report/CpG_context_sampling_37352_352_trimmed_bismark_bt2.CpG",12910,9206,3704,12910
"20353","07_report/CpG_context_sampling_37352_353_trimmed_bismark_bt2.CpG",12866,9174,3692,12866
"20354","07_report/CpG_context_sampling_37352_354_trimmed_bismark_bt2.CpG",12962,9228,3734,12962
"20355","07_report/CpG_context_sampling_37352_355_trimmed_bismark_bt2.CpG",12864,9181,3683,12864
"20356","07_report/CpG_context_sampling_37352_356_trimmed_bismark_bt2.CpG",12897,9264,3633,12897
"20357","07_report/CpG_context_sampling_37352_357_trimmed_bismark_bt2.CpG",12972,9249,3723,12972
"20358","07_report/CpG_context_sampling_37352_358_trimmed_bismark_bt2.CpG",12771,9177,3594,12771
"20359","07_report/CpG_context_sampling_37352_359_trimmed_bismark_bt2.CpG",12968,9171,3797,12968
"20360","07_report/CpG_context_sampling_37352_360_trimmed_bismark_bt2.CpG",12936,9258,3678,12936
"20361","07_report/CpG_context_sampling_37352_361_trimmed_bismark_bt2.CpG",13024,9334,3690,13024
"20362","07_report/CpG_context_sampling_37352_362_trimmed_bismark_bt2.CpG",12884,9263,3621,12884
"20363","07_report/CpG_context_sampling_37352_363_trimmed_bismark_bt2.CpG",12853,9194,3659,12853
"20364","07_report/CpG_context_sampling_37352_364_trimmed_bismark_bt2.CpG",12876,9310,3566,12876
"20365","07_report/CpG_context_sampling_37352_365_trimmed_bismark_bt2.CpG",13063,9311,3752,13063
"20366","07_report/CpG_context_sampling_37352_366_trimmed_bismark_bt2.CpG",12887,9238,3649,12887
"20367","07_report/CpG_context_sampling_37352_367_trimmed_bismark_bt2.CpG",12961,9254,3707,12961
"20368","07_report/CpG_context_sampling_37352_368_trimmed_bismark_bt2.CpG",12949,9272,3677,12949
"20369","07_report/CpG_context_sampling_37352_369_trimmed_bismark_bt2.CpG",13028,9257,3771,13028
"20370","07_report/CpG_context_sampling_37352_370_trimmed_bismark_bt2.CpG",12979,9311,3668,12979
"20371","07_report/CpG_context_sampling_37352_371_trimmed_bismark_bt2.CpG",13028,9422,3606,13028
"20372","07_report/CpG_context_sampling_37352_372_trimmed_bismark_bt2.CpG",12869,9167,3702,12869
"20373","07_report/CpG_context_sampling_37352_373_trimmed_bismark_bt2.CpG",12931,9212,3719,12931
"20374","07_report/CpG_context_sampling_37352_374_trimmed_bismark_bt2.CpG",12932,9238,3694,12932
"20375","07_report/CpG_context_sampling_37352_375_trimmed_bismark_bt2.CpG",12878,9115,3763,12878
"20376","07_report/CpG_context_sampling_37352_376_trimmed_bismark_bt2.CpG",12993,9220,3773,12993
"20377","07_report/CpG_context_sampling_37352_377_trimmed_bismark_bt2.CpG",12960,9341,3619,12960
"20378","07_report/CpG_context_sampling_37352_378_trimmed_bismark_bt2.CpG",12928,9208,3720,12928
"20379","07_report/CpG_context_sampling_37352_379_trimmed_bismark_bt2.CpG",12841,9247,3594,12841
"20380","07_report/CpG_context_sampling_37352_380_trimmed_bismark_bt2.CpG",12873,9127,3746,12873
"20381","07_report/CpG_context_sampling_37352_381_trimmed_bismark_bt2.CpG",12931,9179,3752,12931
"20382","07_report/CpG_context_sampling_37352_382_trimmed_bismark_bt2.CpG",12811,9089,3722,12811
"20383","07_report/CpG_context_sampling_37352_383_trimmed_bismark_bt2.CpG",13176,9390,3786,13176
"20384","07_report/CpG_context_sampling_37352_384_trimmed_bismark_bt2.CpG",12988,9252,3736,12988
"20385","07_report/CpG_context_sampling_37352_385_trimmed_bismark_bt2.CpG",12904,9164,3740,12904
"20386","07_report/CpG_context_sampling_37352_386_trimmed_bismark_bt2.CpG",13095,9278,3817,13095
"20387","07_report/CpG_context_sampling_37352_387_trimmed_bismark_bt2.CpG",13054,9250,3804,13054
"20388","07_report/CpG_context_sampling_37352_388_trimmed_bismark_bt2.CpG",12919,9271,3648,12919
"20389","07_report/CpG_context_sampling_37352_389_trimmed_bismark_bt2.CpG",12784,9196,3588,12784
"20390","07_report/CpG_context_sampling_37352_390_trimmed_bismark_bt2.CpG",12771,9184,3587,12771
"20391","07_report/CpG_context_sampling_37352_391_trimmed_bismark_bt2.CpG",13000,9296,3704,13000
"20392","07_report/CpG_context_sampling_37352_392_trimmed_bismark_bt2.CpG",12975,9293,3682,12975
"20393","07_report/CpG_context_sampling_37352_393_trimmed_bismark_bt2.CpG",12731,9066,3665,12731
"20394","07_report/CpG_context_sampling_37352_394_trimmed_bismark_bt2.CpG",12903,9229,3674,12903
"20395","07_report/CpG_context_sampling_37352_395_trimmed_bismark_bt2.CpG",12962,9213,3749,12962
"20396","07_report/CpG_context_sampling_37352_396_trimmed_bismark_bt2.CpG",12948,9223,3725,12948
"20397","07_report/CpG_context_sampling_37352_397_trimmed_bismark_bt2.CpG",13001,9251,3750,13001
"20398","07_report/CpG_context_sampling_37352_398_trimmed_bismark_bt2.CpG",13133,9412,3721,13133
"20399","07_report/CpG_context_sampling_37352_399_trimmed_bismark_bt2.CpG",12945,9363,3582,12945
"20400","07_report/CpG_context_sampling_37352_400_trimmed_bismark_bt2.CpG",12850,9163,3687,12850
"20401","07_report/CpG_context_sampling_37352_401_trimmed_bismark_bt2.CpG",12967,9320,3647,12967
"20402","07_report/CpG_context_sampling_37352_402_trimmed_bismark_bt2.CpG",12980,9270,3710,12980
"20403","07_report/CpG_context_sampling_37352_403_trimmed_bismark_bt2.CpG",12970,9250,3720,12970
"20404","07_report/CpG_context_sampling_37352_404_trimmed_bismark_bt2.CpG",12975,9198,3777,12975
"20405","07_report/CpG_context_sampling_37352_405_trimmed_bismark_bt2.CpG",12996,9256,3740,12996
"20406","07_report/CpG_context_sampling_37352_406_trimmed_bismark_bt2.CpG",12963,9263,3700,12963
"20407","07_report/CpG_context_sampling_37352_407_trimmed_bismark_bt2.CpG",13038,9321,3717,13038
"20408","07_report/CpG_context_sampling_37352_408_trimmed_bismark_bt2.CpG",12934,9299,3635,12934
"20409","07_report/CpG_context_sampling_37352_409_trimmed_bismark_bt2.CpG",12908,9322,3586,12908
"20410","07_report/CpG_context_sampling_37352_410_trimmed_bismark_bt2.CpG",12911,9280,3631,12911
"20411","07_report/CpG_context_sampling_37352_411_trimmed_bismark_bt2.CpG",12953,9225,3728,12953
"20412","07_report/CpG_context_sampling_37352_412_trimmed_bismark_bt2.CpG",12864,9312,3552,12864
"20413","07_report/CpG_context_sampling_37352_413_trimmed_bismark_bt2.CpG",12792,9152,3640,12792
"20414","07_report/CpG_context_sampling_37352_414_trimmed_bismark_bt2.CpG",12921,9114,3807,12921
"20415","07_report/CpG_context_sampling_37352_415_trimmed_bismark_bt2.CpG",13017,9283,3734,13017
"20416","07_report/CpG_context_sampling_37352_416_trimmed_bismark_bt2.CpG",12988,9296,3692,12988
"20417","07_report/CpG_context_sampling_37352_417_trimmed_bismark_bt2.CpG",13080,9303,3777,13080
"20418","07_report/CpG_context_sampling_37352_418_trimmed_bismark_bt2.CpG",13013,9363,3650,13013
"20419","07_report/CpG_context_sampling_37352_419_trimmed_bismark_bt2.CpG",13051,9466,3585,13051
"20420","07_report/CpG_context_sampling_37352_420_trimmed_bismark_bt2.CpG",12947,9235,3712,12947
"20421","07_report/CpG_context_sampling_37352_421_trimmed_bismark_bt2.CpG",12995,9353,3642,12995
"20422","07_report/CpG_context_sampling_37352_422_trimmed_bismark_bt2.CpG",13051,9337,3714,13051
"20423","07_report/CpG_context_sampling_37352_423_trimmed_bismark_bt2.CpG",12928,9313,3615,12928
"20424","07_report/CpG_context_sampling_37352_424_trimmed_bismark_bt2.CpG",12923,9133,3790,12923
"20425","07_report/CpG_context_sampling_37352_425_trimmed_bismark_bt2.CpG",12846,9104,3742,12846
"20426","07_report/CpG_context_sampling_37352_426_trimmed_bismark_bt2.CpG",12956,9269,3687,12956
"20427","07_report/CpG_context_sampling_37352_427_trimmed_bismark_bt2.CpG",12954,9278,3676,12954
"20428","07_report/CpG_context_sampling_37352_428_trimmed_bismark_bt2.CpG",12948,9212,3736,12948
"20429","07_report/CpG_context_sampling_37352_429_trimmed_bismark_bt2.CpG",12927,9262,3665,12927
"20430","07_report/CpG_context_sampling_37352_430_trimmed_bismark_bt2.CpG",12858,9230,3628,12858
"20431","07_report/CpG_context_sampling_37352_431_trimmed_bismark_bt2.CpG",12892,9215,3677,12892
"20432","07_report/CpG_context_sampling_37352_432_trimmed_bismark_bt2.CpG",13035,9336,3699,13035
"20433","07_report/CpG_context_sampling_37352_433_trimmed_bismark_bt2.CpG",13106,9343,3763,13106
"20434","07_report/CpG_context_sampling_37352_434_trimmed_bismark_bt2.CpG",13052,9307,3745,13052
"20435","07_report/CpG_context_sampling_37352_435_trimmed_bismark_bt2.CpG",13065,9316,3749,13065
"20436","07_report/CpG_context_sampling_37352_436_trimmed_bismark_bt2.CpG",13015,9259,3756,13015
"20437","07_report/CpG_context_sampling_37352_437_trimmed_bismark_bt2.CpG",13040,9314,3726,13040
"20438","07_report/CpG_context_sampling_37352_438_trimmed_bismark_bt2.CpG",12839,9211,3628,12839
"20439","07_report/CpG_context_sampling_37352_439_trimmed_bismark_bt2.CpG",12796,9209,3587,12796
"20440","07_report/CpG_context_sampling_37352_440_trimmed_bismark_bt2.CpG",12922,9238,3684,12922
"20441","07_report/CpG_context_sampling_37352_441_trimmed_bismark_bt2.CpG",12911,9291,3620,12911
"20442","07_report/CpG_context_sampling_37352_442_trimmed_bismark_bt2.CpG",13015,9241,3774,13015
"20443","07_report/CpG_context_sampling_37352_443_trimmed_bismark_bt2.CpG",12938,9291,3647,12938
"20444","07_report/CpG_context_sampling_37352_444_trimmed_bismark_bt2.CpG",13007,9277,3730,13007
"20445","07_report/CpG_context_sampling_37352_445_trimmed_bismark_bt2.CpG",12928,9290,3638,12928
"20446","07_report/CpG_context_sampling_37352_446_trimmed_bismark_bt2.CpG",13036,9311,3725,13036
"20447","07_report/CpG_context_sampling_37352_447_trimmed_bismark_bt2.CpG",12980,9313,3667,12980
"20448","07_report/CpG_context_sampling_37352_448_trimmed_bismark_bt2.CpG",12983,9270,3713,12983
"20449","07_report/CpG_context_sampling_37352_449_trimmed_bismark_bt2.CpG",12858,9199,3659,12858
"20450","07_report/CpG_context_sampling_37352_450_trimmed_bismark_bt2.CpG",12928,9143,3785,12928
"20451","07_report/CpG_context_sampling_37352_451_trimmed_bismark_bt2.CpG",12966,9286,3680,12966
"20452","07_report/CpG_context_sampling_37352_452_trimmed_bismark_bt2.CpG",12885,9152,3733,12885
"20453","07_report/CpG_context_sampling_37352_453_trimmed_bismark_bt2.CpG",12917,9261,3656,12917
"20454","07_report/CpG_context_sampling_37352_454_trimmed_bismark_bt2.CpG",13085,9294,3791,13085
"20455","07_report/CpG_context_sampling_37352_455_trimmed_bismark_bt2.CpG",13010,9267,3743,13010
"20456","07_report/CpG_context_sampling_37352_456_trimmed_bismark_bt2.CpG",12797,9146,3651,12797
"20457","07_report/CpG_context_sampling_37352_457_trimmed_bismark_bt2.CpG",12852,9279,3573,12852
"20458","07_report/CpG_context_sampling_37352_458_trimmed_bismark_bt2.CpG",13078,9345,3733,13078
"20459","07_report/CpG_context_sampling_37352_459_trimmed_bismark_bt2.CpG",12683,9001,3682,12683
"20460","07_report/CpG_context_sampling_37352_460_trimmed_bismark_bt2.CpG",12944,9281,3663,12944
"20461","07_report/CpG_context_sampling_37352_461_trimmed_bismark_bt2.CpG",12927,9346,3581,12927
"20462","07_report/CpG_context_sampling_37352_462_trimmed_bismark_bt2.CpG",12901,9300,3601,12901
"20463","07_report/CpG_context_sampling_37352_463_trimmed_bismark_bt2.CpG",13049,9259,3790,13049
"20464","07_report/CpG_context_sampling_37352_464_trimmed_bismark_bt2.CpG",12807,9166,3641,12807
"20465","07_report/CpG_context_sampling_37352_465_trimmed_bismark_bt2.CpG",12980,9339,3641,12980
"20466","07_report/CpG_context_sampling_37352_466_trimmed_bismark_bt2.CpG",12817,9149,3668,12817
"20467","07_report/CpG_context_sampling_37352_467_trimmed_bismark_bt2.CpG",12932,9237,3695,12932
"20468","07_report/CpG_context_sampling_37352_468_trimmed_bismark_bt2.CpG",12865,9281,3584,12865
"20469","07_report/CpG_context_sampling_37352_469_trimmed_bismark_bt2.CpG",12976,9264,3712,12976
"20470","07_report/CpG_context_sampling_37352_470_trimmed_bismark_bt2.CpG",12884,9241,3643,12884
"20471","07_report/CpG_context_sampling_37352_471_trimmed_bismark_bt2.CpG",12938,9337,3601,12938
"20472","07_report/CpG_context_sampling_37352_472_trimmed_bismark_bt2.CpG",12971,9210,3761,12971
"20473","07_report/CpG_context_sampling_37352_473_trimmed_bismark_bt2.CpG",12909,9243,3666,12909
"20474","07_report/CpG_context_sampling_37352_474_trimmed_bismark_bt2.CpG",12833,9290,3543,12833
"20475","07_report/CpG_context_sampling_37352_475_trimmed_bismark_bt2.CpG",12931,9265,3666,12931
"20476","07_report/CpG_context_sampling_37352_476_trimmed_bismark_bt2.CpG",13019,9284,3735,13019
"20477","07_report/CpG_context_sampling_37352_477_trimmed_bismark_bt2.CpG",12891,9237,3654,12891
"20478","07_report/CpG_context_sampling_37352_478_trimmed_bismark_bt2.CpG",12955,9370,3585,12955
"20479","07_report/CpG_context_sampling_37352_479_trimmed_bismark_bt2.CpG",12834,9143,3691,12834
"20480","07_report/CpG_context_sampling_37352_480_trimmed_bismark_bt2.CpG",12936,9194,3742,12936
"20481","07_report/CpG_context_sampling_37352_481_trimmed_bismark_bt2.CpG",12957,9312,3645,12957
"20482","07_report/CpG_context_sampling_37352_482_trimmed_bismark_bt2.CpG",12954,9266,3688,12954
"20483","07_report/CpG_context_sampling_37352_483_trimmed_bismark_bt2.CpG",13113,9366,3747,13113
"20484","07_report/CpG_context_sampling_37352_484_trimmed_bismark_bt2.CpG",12871,9181,3690,12871
"20485","07_report/CpG_context_sampling_37352_485_trimmed_bismark_bt2.CpG",12957,9235,3722,12957
"20486","07_report/CpG_context_sampling_37352_486_trimmed_bismark_bt2.CpG",12958,9322,3636,12958
"20487","07_report/CpG_context_sampling_37352_487_trimmed_bismark_bt2.CpG",12879,9258,3621,12879
"20488","07_report/CpG_context_sampling_37352_488_trimmed_bismark_bt2.CpG",12914,9157,3757,12914
"20489","07_report/CpG_context_sampling_37352_489_trimmed_bismark_bt2.CpG",12904,9222,3682,12904
"20490","07_report/CpG_context_sampling_37352_490_trimmed_bismark_bt2.CpG",13008,9322,3686,13008
"20491","07_report/CpG_context_sampling_37352_491_trimmed_bismark_bt2.CpG",13143,9456,3687,13143
"20492","07_report/CpG_context_sampling_37352_492_trimmed_bismark_bt2.CpG",13001,9324,3677,13001
"20493","07_report/CpG_context_sampling_37352_493_trimmed_bismark_bt2.CpG",12919,9316,3603,12919
"20494","07_report/CpG_context_sampling_37352_494_trimmed_bismark_bt2.CpG",12899,9264,3635,12899
"20495","07_report/CpG_context_sampling_37352_495_trimmed_bismark_bt2.CpG",12964,9243,3721,12964
"20496","07_report/CpG_context_sampling_37352_496_trimmed_bismark_bt2.CpG",13007,9308,3699,13007
"20497","07_report/CpG_context_sampling_37352_497_trimmed_bismark_bt2.CpG",12954,9227,3727,12954
"20498","07_report/CpG_context_sampling_37352_498_trimmed_bismark_bt2.CpG",13063,9344,3719,13063
"20499","07_report/CpG_context_sampling_37352_499_trimmed_bismark_bt2.CpG",12759,9058,3701,12759
"20500","07_report/CpG_context_sampling_37352_500_trimmed_bismark_bt2.CpG",13031,9285,3746,13031
"20501","07_report/CpG_context_sampling_37352_501_trimmed_bismark_bt2.CpG",12810,9220,3590,12810
"20502","07_report/CpG_context_sampling_37352_502_trimmed_bismark_bt2.CpG",12859,9215,3644,12859
"20503","07_report/CpG_context_sampling_37352_503_trimmed_bismark_bt2.CpG",13090,9387,3703,13090
"20504","07_report/CpG_context_sampling_37352_504_trimmed_bismark_bt2.CpG",13003,9264,3739,13003
"20505","07_report/CpG_context_sampling_37352_505_trimmed_bismark_bt2.CpG",12967,9356,3611,12967
"20506","07_report/CpG_context_sampling_37352_506_trimmed_bismark_bt2.CpG",12956,9279,3677,12956
"20507","07_report/CpG_context_sampling_37352_507_trimmed_bismark_bt2.CpG",12879,9244,3635,12879
"20508","07_report/CpG_context_sampling_37352_508_trimmed_bismark_bt2.CpG",12856,9169,3687,12856
"20509","07_report/CpG_context_sampling_37352_509_trimmed_bismark_bt2.CpG",13012,9254,3758,13012
"20510","07_report/CpG_context_sampling_37352_510_trimmed_bismark_bt2.CpG",13081,9367,3714,13081
"20511","07_report/CpG_context_sampling_37352_511_trimmed_bismark_bt2.CpG",12858,9162,3696,12858
"20512","07_report/CpG_context_sampling_37352_512_trimmed_bismark_bt2.CpG",12934,9220,3714,12934
"20513","07_report/CpG_context_sampling_37352_513_trimmed_bismark_bt2.CpG",12877,9259,3618,12877
"20514","07_report/CpG_context_sampling_37352_514_trimmed_bismark_bt2.CpG",12813,9127,3686,12813
"20515","07_report/CpG_context_sampling_37352_515_trimmed_bismark_bt2.CpG",12887,9211,3676,12887
"20516","07_report/CpG_context_sampling_37352_516_trimmed_bismark_bt2.CpG",13012,9290,3722,13012
"20517","07_report/CpG_context_sampling_37352_517_trimmed_bismark_bt2.CpG",13001,9309,3692,13001
"20518","07_report/CpG_context_sampling_37352_518_trimmed_bismark_bt2.CpG",12841,9195,3646,12841
"20519","07_report/CpG_context_sampling_37352_519_trimmed_bismark_bt2.CpG",12950,9264,3686,12950
"20520","07_report/CpG_context_sampling_37352_520_trimmed_bismark_bt2.CpG",13002,9294,3708,13002
"20521","07_report/CpG_context_sampling_37352_521_trimmed_bismark_bt2.CpG",12904,9246,3658,12904
"20522","07_report/CpG_context_sampling_37352_522_trimmed_bismark_bt2.CpG",12732,9100,3632,12732
"20523","07_report/CpG_context_sampling_37352_523_trimmed_bismark_bt2.CpG",12854,9161,3693,12854
"20524","07_report/CpG_context_sampling_37352_524_trimmed_bismark_bt2.CpG",13105,9382,3723,13105
"20525","07_report/CpG_context_sampling_37352_525_trimmed_bismark_bt2.CpG",12944,9220,3724,12944
"20526","07_report/CpG_context_sampling_37352_526_trimmed_bismark_bt2.CpG",12867,9239,3628,12867
"20527","07_report/CpG_context_sampling_37352_527_trimmed_bismark_bt2.CpG",12978,9264,3714,12978
"20528","07_report/CpG_context_sampling_37352_528_trimmed_bismark_bt2.CpG",12935,9267,3668,12935
"20529","07_report/CpG_context_sampling_37352_529_trimmed_bismark_bt2.CpG",13050,9380,3670,13050
"20530","07_report/CpG_context_sampling_37352_530_trimmed_bismark_bt2.CpG",13115,9372,3743,13115
"20531","07_report/CpG_context_sampling_37352_531_trimmed_bismark_bt2.CpG",12949,9212,3737,12949
"20532","07_report/CpG_context_sampling_37352_532_trimmed_bismark_bt2.CpG",12740,9154,3586,12740
"20533","07_report/CpG_context_sampling_37352_533_trimmed_bismark_bt2.CpG",13004,9284,3720,13004
"20534","07_report/CpG_context_sampling_37352_534_trimmed_bismark_bt2.CpG",12890,9217,3673,12890
"20535","07_report/CpG_context_sampling_37352_535_trimmed_bismark_bt2.CpG",12913,9229,3684,12913
"20536","07_report/CpG_context_sampling_37352_536_trimmed_bismark_bt2.CpG",12936,9217,3719,12936
"20537","07_report/CpG_context_sampling_37352_537_trimmed_bismark_bt2.CpG",13009,9281,3728,13009
"20538","07_report/CpG_context_sampling_37352_538_trimmed_bismark_bt2.CpG",12843,9248,3595,12843
"20539","07_report/CpG_context_sampling_37352_539_trimmed_bismark_bt2.CpG",12913,9200,3713,12913
"20540","07_report/CpG_context_sampling_37352_540_trimmed_bismark_bt2.CpG",13093,9348,3745,13093
"20541","07_report/CpG_context_sampling_37352_541_trimmed_bismark_bt2.CpG",13017,9290,3727,13017
"20542","07_report/CpG_context_sampling_37352_542_trimmed_bismark_bt2.CpG",12824,9256,3568,12824
"20543","07_report/CpG_context_sampling_37352_543_trimmed_bismark_bt2.CpG",12778,9165,3613,12778
"20544","07_report/CpG_context_sampling_37352_544_trimmed_bismark_bt2.CpG",12945,9268,3677,12945
"20545","07_report/CpG_context_sampling_37352_545_trimmed_bismark_bt2.CpG",12953,9329,3624,12953
"20546","07_report/CpG_context_sampling_37352_546_trimmed_bismark_bt2.CpG",12916,9239,3677,12916
"20547","07_report/CpG_context_sampling_37352_547_trimmed_bismark_bt2.CpG",12825,9165,3660,12825
"20548","07_report/CpG_context_sampling_37352_548_trimmed_bismark_bt2.CpG",12976,9270,3706,12976
"20549","07_report/CpG_context_sampling_37352_549_trimmed_bismark_bt2.CpG",12977,9326,3651,12977
"20550","07_report/CpG_context_sampling_37352_550_trimmed_bismark_bt2.CpG",13061,9371,3690,13061
"20551","07_report/CpG_context_sampling_37352_551_trimmed_bismark_bt2.CpG",12889,9158,3731,12889
"20552","07_report/CpG_context_sampling_37352_552_trimmed_bismark_bt2.CpG",12995,9227,3768,12995
"20553","07_report/CpG_context_sampling_37352_553_trimmed_bismark_bt2.CpG",13007,9252,3755,13007
"20554","07_report/CpG_context_sampling_37352_554_trimmed_bismark_bt2.CpG",12832,9229,3603,12832
"20555","07_report/CpG_context_sampling_37352_555_trimmed_bismark_bt2.CpG",12872,9277,3595,12872
"20556","07_report/CpG_context_sampling_37352_556_trimmed_bismark_bt2.CpG",12997,9291,3706,12997
"20557","07_report/CpG_context_sampling_37352_557_trimmed_bismark_bt2.CpG",12928,9259,3669,12928
"20558","07_report/CpG_context_sampling_37352_558_trimmed_bismark_bt2.CpG",12980,9217,3763,12980
"20559","07_report/CpG_context_sampling_37352_559_trimmed_bismark_bt2.CpG",12894,9248,3646,12894
"20560","07_report/CpG_context_sampling_37352_560_trimmed_bismark_bt2.CpG",12790,9066,3724,12790
"20561","07_report/CpG_context_sampling_37352_561_trimmed_bismark_bt2.CpG",13158,9375,3783,13158
"20562","07_report/CpG_context_sampling_37352_562_trimmed_bismark_bt2.CpG",12870,9331,3539,12870
"20563","07_report/CpG_context_sampling_37352_563_trimmed_bismark_bt2.CpG",13007,9269,3738,13007
"20564","07_report/CpG_context_sampling_37352_564_trimmed_bismark_bt2.CpG",12855,9130,3725,12855
"20565","07_report/CpG_context_sampling_37352_565_trimmed_bismark_bt2.CpG",12951,9274,3677,12951
"20566","07_report/CpG_context_sampling_37352_566_trimmed_bismark_bt2.CpG",13008,9255,3753,13008
"20567","07_report/CpG_context_sampling_37352_567_trimmed_bismark_bt2.CpG",12921,9221,3700,12921
"20568","07_report/CpG_context_sampling_37352_568_trimmed_bismark_bt2.CpG",12860,9152,3708,12860
"20569","07_report/CpG_context_sampling_37352_569_trimmed_bismark_bt2.CpG",12954,9249,3705,12954
"20570","07_report/CpG_context_sampling_37352_570_trimmed_bismark_bt2.CpG",12937,9319,3618,12937
"20571","07_report/CpG_context_sampling_37352_571_trimmed_bismark_bt2.CpG",12844,9178,3666,12844
"20572","07_report/CpG_context_sampling_37352_572_trimmed_bismark_bt2.CpG",12997,9309,3688,12997
"20573","07_report/CpG_context_sampling_37352_573_trimmed_bismark_bt2.CpG",12919,9232,3687,12919
"20574","07_report/CpG_context_sampling_37352_574_trimmed_bismark_bt2.CpG",12845,9217,3628,12845
"20575","07_report/CpG_context_sampling_37352_575_trimmed_bismark_bt2.CpG",13094,9426,3668,13094
"20576","07_report/CpG_context_sampling_37352_576_trimmed_bismark_bt2.CpG",13100,9380,3720,13100
"20577","07_report/CpG_context_sampling_37352_577_trimmed_bismark_bt2.CpG",13124,9353,3771,13124
"20578","07_report/CpG_context_sampling_37352_578_trimmed_bismark_bt2.CpG",12942,9207,3735,12942
"20579","07_report/CpG_context_sampling_37352_579_trimmed_bismark_bt2.CpG",13110,9330,3780,13110
"20580","07_report/CpG_context_sampling_37352_580_trimmed_bismark_bt2.CpG",12985,9348,3637,12985
"20581","07_report/CpG_context_sampling_37352_581_trimmed_bismark_bt2.CpG",12902,9277,3625,12902
"20582","07_report/CpG_context_sampling_37352_582_trimmed_bismark_bt2.CpG",13001,9324,3677,13001
"20583","07_report/CpG_context_sampling_37352_583_trimmed_bismark_bt2.CpG",12709,9138,3571,12709
"20584","07_report/CpG_context_sampling_37352_584_trimmed_bismark_bt2.CpG",12995,9305,3690,12995
"20585","07_report/CpG_context_sampling_37352_585_trimmed_bismark_bt2.CpG",12942,9262,3680,12942
"20586","07_report/CpG_context_sampling_37352_586_trimmed_bismark_bt2.CpG",13031,9300,3731,13031
"20587","07_report/CpG_context_sampling_37352_587_trimmed_bismark_bt2.CpG",12883,9155,3728,12883
"20588","07_report/CpG_context_sampling_37352_588_trimmed_bismark_bt2.CpG",13136,9401,3735,13136
"20589","07_report/CpG_context_sampling_37352_589_trimmed_bismark_bt2.CpG",13067,9217,3850,13067
"20590","07_report/CpG_context_sampling_37352_590_trimmed_bismark_bt2.CpG",13108,9301,3807,13108
"20591","07_report/CpG_context_sampling_37352_591_trimmed_bismark_bt2.CpG",12747,9129,3618,12747
"20592","07_report/CpG_context_sampling_37352_592_trimmed_bismark_bt2.CpG",12813,9008,3805,12813
"20593","07_report/CpG_context_sampling_37352_593_trimmed_bismark_bt2.CpG",13079,9310,3769,13079
"20594","07_report/CpG_context_sampling_37352_594_trimmed_bismark_bt2.CpG",13005,9210,3795,13005
"20595","07_report/CpG_context_sampling_37352_595_trimmed_bismark_bt2.CpG",12978,9215,3763,12978
"20596","07_report/CpG_context_sampling_37352_596_trimmed_bismark_bt2.CpG",12835,9225,3610,12835
"20597","07_report/CpG_context_sampling_37352_597_trimmed_bismark_bt2.CpG",12820,9135,3685,12820
"20598","07_report/CpG_context_sampling_37352_598_trimmed_bismark_bt2.CpG",12986,9192,3794,12986
"20599","07_report/CpG_context_sampling_37352_599_trimmed_bismark_bt2.CpG",12979,9334,3645,12979
"20600","07_report/CpG_context_sampling_37352_600_trimmed_bismark_bt2.CpG",12910,9292,3618,12910
"20601","07_report/CpG_context_sampling_37352_601_trimmed_bismark_bt2.CpG",13037,9314,3723,13037
"20602","07_report/CpG_context_sampling_37352_602_trimmed_bismark_bt2.CpG",12965,9324,3641,12965
"20603","07_report/CpG_context_sampling_37352_603_trimmed_bismark_bt2.CpG",12913,9287,3626,12913
"20604","07_report/CpG_context_sampling_37352_604_trimmed_bismark_bt2.CpG",12775,9113,3662,12775
"20605","07_report/CpG_context_sampling_37352_605_trimmed_bismark_bt2.CpG",12965,9256,3709,12965
"20606","07_report/CpG_context_sampling_37352_606_trimmed_bismark_bt2.CpG",12953,9320,3633,12953
"20607","07_report/CpG_context_sampling_37352_607_trimmed_bismark_bt2.CpG",13069,9354,3715,13069
"20608","07_report/CpG_context_sampling_37352_608_trimmed_bismark_bt2.CpG",12938,9333,3605,12938
"20609","07_report/CpG_context_sampling_37352_609_trimmed_bismark_bt2.CpG",12902,9262,3640,12902
"20610","07_report/CpG_context_sampling_37352_610_trimmed_bismark_bt2.CpG",12875,9197,3678,12875
"20611","07_report/CpG_context_sampling_37352_611_trimmed_bismark_bt2.CpG",12852,9098,3754,12852
"20612","07_report/CpG_context_sampling_37352_612_trimmed_bismark_bt2.CpG",13030,9314,3716,13030
"20613","07_report/CpG_context_sampling_37352_613_trimmed_bismark_bt2.CpG",12978,9167,3811,12978
"20614","07_report/CpG_context_sampling_37352_614_trimmed_bismark_bt2.CpG",13010,9373,3637,13010
"20615","07_report/CpG_context_sampling_37352_615_trimmed_bismark_bt2.CpG",12854,9219,3635,12854
"20616","07_report/CpG_context_sampling_37352_616_trimmed_bismark_bt2.CpG",13059,9314,3745,13059
"20617","07_report/CpG_context_sampling_37352_617_trimmed_bismark_bt2.CpG",12878,9186,3692,12878
"20618","07_report/CpG_context_sampling_37352_618_trimmed_bismark_bt2.CpG",12966,9312,3654,12966
"20619","07_report/CpG_context_sampling_37352_619_trimmed_bismark_bt2.CpG",12922,9264,3658,12922
"20620","07_report/CpG_context_sampling_37352_620_trimmed_bismark_bt2.CpG",12859,9202,3657,12859
"20621","07_report/CpG_context_sampling_37352_621_trimmed_bismark_bt2.CpG",12942,9254,3688,12942
"20622","07_report/CpG_context_sampling_37352_622_trimmed_bismark_bt2.CpG",13011,9195,3816,13011
"20623","07_report/CpG_context_sampling_37352_623_trimmed_bismark_bt2.CpG",12970,9301,3669,12970
"20624","07_report/CpG_context_sampling_37352_624_trimmed_bismark_bt2.CpG",13006,9291,3715,13006
"20625","07_report/CpG_context_sampling_37352_625_trimmed_bismark_bt2.CpG",13040,9349,3691,13040
"20626","07_report/CpG_context_sampling_37352_626_trimmed_bismark_bt2.CpG",12957,9238,3719,12957
"20627","07_report/CpG_context_sampling_37352_627_trimmed_bismark_bt2.CpG",12912,9167,3745,12912
"20628","07_report/CpG_context_sampling_37352_628_trimmed_bismark_bt2.CpG",12937,9251,3686,12937
"20629","07_report/CpG_context_sampling_37352_629_trimmed_bismark_bt2.CpG",12942,9180,3762,12942
"20630","07_report/CpG_context_sampling_37352_630_trimmed_bismark_bt2.CpG",12984,9286,3698,12984
"20631","07_report/CpG_context_sampling_37352_631_trimmed_bismark_bt2.CpG",12783,9252,3531,12783
"20632","07_report/CpG_context_sampling_37352_632_trimmed_bismark_bt2.CpG",12804,9097,3707,12804
"20633","07_report/CpG_context_sampling_37352_633_trimmed_bismark_bt2.CpG",12916,9268,3648,12916
"20634","07_report/CpG_context_sampling_37352_634_trimmed_bismark_bt2.CpG",12998,9295,3703,12998
"20635","07_report/CpG_context_sampling_37352_635_trimmed_bismark_bt2.CpG",12930,9276,3654,12930
"20636","07_report/CpG_context_sampling_37352_636_trimmed_bismark_bt2.CpG",12919,9218,3701,12919
"20637","07_report/CpG_context_sampling_37352_637_trimmed_bismark_bt2.CpG",12964,9210,3754,12964
"20638","07_report/CpG_context_sampling_37352_638_trimmed_bismark_bt2.CpG",12925,9282,3643,12925
"20639","07_report/CpG_context_sampling_37352_639_trimmed_bismark_bt2.CpG",12828,9196,3632,12828
"20640","07_report/CpG_context_sampling_37352_640_trimmed_bismark_bt2.CpG",12840,9141,3699,12840
"20641","07_report/CpG_context_sampling_37352_641_trimmed_bismark_bt2.CpG",12896,9192,3704,12896
"20642","07_report/CpG_context_sampling_37352_642_trimmed_bismark_bt2.CpG",12901,9258,3643,12901
"20643","07_report/CpG_context_sampling_37352_643_trimmed_bismark_bt2.CpG",12905,9263,3642,12905
"20644","07_report/CpG_context_sampling_37352_644_trimmed_bismark_bt2.CpG",12915,9152,3763,12915
"20645","07_report/CpG_context_sampling_37352_645_trimmed_bismark_bt2.CpG",13105,9392,3713,13105
"20646","07_report/CpG_context_sampling_37352_646_trimmed_bismark_bt2.CpG",12844,9207,3637,12844
"20647","07_report/CpG_context_sampling_37352_647_trimmed_bismark_bt2.CpG",13063,9324,3739,13063
"20648","07_report/CpG_context_sampling_37352_648_trimmed_bismark_bt2.CpG",12999,9324,3675,12999
"20649","07_report/CpG_context_sampling_37352_649_trimmed_bismark_bt2.CpG",13059,9360,3699,13059
"20650","07_report/CpG_context_sampling_37352_650_trimmed_bismark_bt2.CpG",12911,9230,3681,12911
"20651","07_report/CpG_context_sampling_37352_651_trimmed_bismark_bt2.CpG",12952,9373,3579,12952
"20652","07_report/CpG_context_sampling_37352_652_trimmed_bismark_bt2.CpG",13092,9359,3733,13092
"20653","07_report/CpG_context_sampling_37352_653_trimmed_bismark_bt2.CpG",12916,9210,3706,12916
"20654","07_report/CpG_context_sampling_37352_654_trimmed_bismark_bt2.CpG",12937,9312,3625,12937
"20655","07_report/CpG_context_sampling_37352_655_trimmed_bismark_bt2.CpG",13192,9444,3748,13192
"20656","07_report/CpG_context_sampling_37352_656_trimmed_bismark_bt2.CpG",12973,9316,3657,12973
"20657","07_report/CpG_context_sampling_37352_657_trimmed_bismark_bt2.CpG",12939,9173,3766,12939
"20658","07_report/CpG_context_sampling_37352_658_trimmed_bismark_bt2.CpG",12943,9366,3577,12943
"20659","07_report/CpG_context_sampling_37352_659_trimmed_bismark_bt2.CpG",12831,9125,3706,12831
"20660","07_report/CpG_context_sampling_37352_660_trimmed_bismark_bt2.CpG",12932,9374,3558,12932
"20661","07_report/CpG_context_sampling_37352_661_trimmed_bismark_bt2.CpG",13093,9322,3771,13093
"20662","07_report/CpG_context_sampling_37352_662_trimmed_bismark_bt2.CpG",12966,9282,3684,12966
"20663","07_report/CpG_context_sampling_37352_663_trimmed_bismark_bt2.CpG",12997,9279,3718,12997
"20664","07_report/CpG_context_sampling_37352_664_trimmed_bismark_bt2.CpG",12917,9183,3734,12917
"20665","07_report/CpG_context_sampling_37352_665_trimmed_bismark_bt2.CpG",13048,9311,3737,13048
"20666","07_report/CpG_context_sampling_37352_666_trimmed_bismark_bt2.CpG",13069,9235,3834,13069
"20667","07_report/CpG_context_sampling_37352_667_trimmed_bismark_bt2.CpG",12774,9103,3671,12774
"20668","07_report/CpG_context_sampling_37352_668_trimmed_bismark_bt2.CpG",13038,9311,3727,13038
"20669","07_report/CpG_context_sampling_37352_669_trimmed_bismark_bt2.CpG",12931,9211,3720,12931
"20670","07_report/CpG_context_sampling_37352_670_trimmed_bismark_bt2.CpG",12813,9231,3582,12813
"20671","07_report/CpG_context_sampling_37352_671_trimmed_bismark_bt2.CpG",13011,9377,3634,13011
"20672","07_report/CpG_context_sampling_37352_672_trimmed_bismark_bt2.CpG",13061,9276,3785,13061
"20673","07_report/CpG_context_sampling_37352_673_trimmed_bismark_bt2.CpG",12921,9373,3548,12921
"20674","07_report/CpG_context_sampling_37352_674_trimmed_bismark_bt2.CpG",12869,9179,3690,12869
"20675","07_report/CpG_context_sampling_37352_675_trimmed_bismark_bt2.CpG",13111,9319,3792,13111
"20676","07_report/CpG_context_sampling_37352_676_trimmed_bismark_bt2.CpG",12969,9209,3760,12969
"20677","07_report/CpG_context_sampling_37352_677_trimmed_bismark_bt2.CpG",12997,9303,3694,12997
"20678","07_report/CpG_context_sampling_37352_678_trimmed_bismark_bt2.CpG",12895,9164,3731,12895
"20679","07_report/CpG_context_sampling_37352_679_trimmed_bismark_bt2.CpG",13014,9266,3748,13014
"20680","07_report/CpG_context_sampling_37352_680_trimmed_bismark_bt2.CpG",12946,9286,3660,12946
"20681","07_report/CpG_context_sampling_37352_681_trimmed_bismark_bt2.CpG",13069,9285,3784,13069
"20682","07_report/CpG_context_sampling_37352_682_trimmed_bismark_bt2.CpG",12892,9344,3548,12892
"20683","07_report/CpG_context_sampling_37352_683_trimmed_bismark_bt2.CpG",13023,9271,3752,13023
"20684","07_report/CpG_context_sampling_37352_684_trimmed_bismark_bt2.CpG",13067,9360,3707,13067
"20685","07_report/CpG_context_sampling_37352_685_trimmed_bismark_bt2.CpG",12921,9201,3720,12921
"20686","07_report/CpG_context_sampling_37352_686_trimmed_bismark_bt2.CpG",12954,9245,3709,12954
"20687","07_report/CpG_context_sampling_37352_687_trimmed_bismark_bt2.CpG",12866,9244,3622,12866
"20688","07_report/CpG_context_sampling_37352_688_trimmed_bismark_bt2.CpG",12914,9256,3658,12914
"20689","07_report/CpG_context_sampling_37352_689_trimmed_bismark_bt2.CpG",12905,9234,3671,12905
"20690","07_report/CpG_context_sampling_37352_690_trimmed_bismark_bt2.CpG",12923,9280,3643,12923
"20691","07_report/CpG_context_sampling_37352_691_trimmed_bismark_bt2.CpG",12990,9329,3661,12990
"20692","07_report/CpG_context_sampling_37352_692_trimmed_bismark_bt2.CpG",13009,9349,3660,13009
"20693","07_report/CpG_context_sampling_37352_693_trimmed_bismark_bt2.CpG",12958,9281,3677,12958
"20694","07_report/CpG_context_sampling_37352_694_trimmed_bismark_bt2.CpG",12946,9208,3738,12946
"20695","07_report/CpG_context_sampling_37352_695_trimmed_bismark_bt2.CpG",13062,9374,3688,13062
"20696","07_report/CpG_context_sampling_37352_696_trimmed_bismark_bt2.CpG",12907,9260,3647,12907
"20697","07_report/CpG_context_sampling_37352_697_trimmed_bismark_bt2.CpG",12889,9308,3581,12889
"20698","07_report/CpG_context_sampling_37352_698_trimmed_bismark_bt2.CpG",12888,9180,3708,12888
"20699","07_report/CpG_context_sampling_37352_699_trimmed_bismark_bt2.CpG",12960,9325,3635,12960
"20700","07_report/CpG_context_sampling_37352_700_trimmed_bismark_bt2.CpG",12845,9259,3586,12845
"20701","07_report/CpG_context_sampling_37352_701_trimmed_bismark_bt2.CpG",12940,9250,3690,12940
"20702","07_report/CpG_context_sampling_37352_702_trimmed_bismark_bt2.CpG",12904,9235,3669,12904
"20703","07_report/CpG_context_sampling_37352_703_trimmed_bismark_bt2.CpG",12928,9255,3673,12928
"20704","07_report/CpG_context_sampling_37352_704_trimmed_bismark_bt2.CpG",12819,9225,3594,12819
"20705","07_report/CpG_context_sampling_37352_705_trimmed_bismark_bt2.CpG",13074,9365,3709,13074
"20706","07_report/CpG_context_sampling_37352_706_trimmed_bismark_bt2.CpG",12934,9217,3717,12934
"20707","07_report/CpG_context_sampling_37352_707_trimmed_bismark_bt2.CpG",13058,9372,3686,13058
"20708","07_report/CpG_context_sampling_37352_708_trimmed_bismark_bt2.CpG",13004,9311,3693,13004
"20709","07_report/CpG_context_sampling_37352_709_trimmed_bismark_bt2.CpG",12792,9097,3695,12792
"20710","07_report/CpG_context_sampling_37352_710_trimmed_bismark_bt2.CpG",12894,9220,3674,12894
"20711","07_report/CpG_context_sampling_37352_711_trimmed_bismark_bt2.CpG",13067,9356,3711,13067
"20712","07_report/CpG_context_sampling_37352_712_trimmed_bismark_bt2.CpG",12972,9302,3670,12972
"20713","07_report/CpG_context_sampling_37352_713_trimmed_bismark_bt2.CpG",12738,9023,3715,12738
"20714","07_report/CpG_context_sampling_37352_714_trimmed_bismark_bt2.CpG",12834,9232,3602,12834
"20715","07_report/CpG_context_sampling_37352_715_trimmed_bismark_bt2.CpG",13053,9291,3762,13053
"20716","07_report/CpG_context_sampling_37352_716_trimmed_bismark_bt2.CpG",13055,9362,3693,13055
"20717","07_report/CpG_context_sampling_37352_717_trimmed_bismark_bt2.CpG",12968,9218,3750,12968
"20718","07_report/CpG_context_sampling_37352_718_trimmed_bismark_bt2.CpG",13063,9323,3740,13063
"20719","07_report/CpG_context_sampling_37352_719_trimmed_bismark_bt2.CpG",13009,9346,3663,13009
"20720","07_report/CpG_context_sampling_37352_720_trimmed_bismark_bt2.CpG",13006,9250,3756,13006
"20721","07_report/CpG_context_sampling_37352_721_trimmed_bismark_bt2.CpG",13103,9373,3730,13103
"20722","07_report/CpG_context_sampling_37352_722_trimmed_bismark_bt2.CpG",12926,9271,3655,12926
"20723","07_report/CpG_context_sampling_37352_723_trimmed_bismark_bt2.CpG",13061,9278,3783,13061
"20724","07_report/CpG_context_sampling_37352_724_trimmed_bismark_bt2.CpG",12874,9075,3799,12874
"20725","07_report/CpG_context_sampling_37352_725_trimmed_bismark_bt2.CpG",13021,9331,3690,13021
"20726","07_report/CpG_context_sampling_37352_726_trimmed_bismark_bt2.CpG",13038,9298,3740,13038
"20727","07_report/CpG_context_sampling_37352_727_trimmed_bismark_bt2.CpG",13177,9428,3749,13177
"20728","07_report/CpG_context_sampling_37352_728_trimmed_bismark_bt2.CpG",13070,9360,3710,13070
"20729","07_report/CpG_context_sampling_37352_729_trimmed_bismark_bt2.CpG",12922,9202,3720,12922
"20730","07_report/CpG_context_sampling_37352_730_trimmed_bismark_bt2.CpG",13062,9206,3856,13062
"20731","07_report/CpG_context_sampling_37352_731_trimmed_bismark_bt2.CpG",13077,9383,3694,13077
"20732","07_report/CpG_context_sampling_37352_732_trimmed_bismark_bt2.CpG",12804,9131,3673,12804
"20733","07_report/CpG_context_sampling_37352_733_trimmed_bismark_bt2.CpG",12853,9145,3708,12853
"20734","07_report/CpG_context_sampling_37352_734_trimmed_bismark_bt2.CpG",12911,9239,3672,12911
"20735","07_report/CpG_context_sampling_37352_735_trimmed_bismark_bt2.CpG",12764,9102,3662,12764
"20736","07_report/CpG_context_sampling_37352_736_trimmed_bismark_bt2.CpG",12830,9170,3660,12830
"20737","07_report/CpG_context_sampling_37352_737_trimmed_bismark_bt2.CpG",12805,9075,3730,12805
"20738","07_report/CpG_context_sampling_37352_738_trimmed_bismark_bt2.CpG",12970,9334,3636,12970
"20739","07_report/CpG_context_sampling_37352_739_trimmed_bismark_bt2.CpG",12865,9206,3659,12865
"20740","07_report/CpG_context_sampling_37352_740_trimmed_bismark_bt2.CpG",13109,9310,3799,13109
"20741","07_report/CpG_context_sampling_37352_741_trimmed_bismark_bt2.CpG",12768,9087,3681,12768
"20742","07_report/CpG_context_sampling_37352_742_trimmed_bismark_bt2.CpG",12943,9277,3666,12943
"20743","07_report/CpG_context_sampling_37352_743_trimmed_bismark_bt2.CpG",12956,9261,3695,12956
"20744","07_report/CpG_context_sampling_37352_744_trimmed_bismark_bt2.CpG",12880,9114,3766,12880
"20745","07_report/CpG_context_sampling_37352_745_trimmed_bismark_bt2.CpG",13022,9321,3701,13022
"20746","07_report/CpG_context_sampling_37352_746_trimmed_bismark_bt2.CpG",12933,9321,3612,12933
"20747","07_report/CpG_context_sampling_37352_747_trimmed_bismark_bt2.CpG",12948,9327,3621,12948
"20748","07_report/CpG_context_sampling_37352_748_trimmed_bismark_bt2.CpG",13019,9256,3763,13019
"20749","07_report/CpG_context_sampling_37352_749_trimmed_bismark_bt2.CpG",12918,9143,3775,12918
"20750","07_report/CpG_context_sampling_37352_750_trimmed_bismark_bt2.CpG",12984,9266,3718,12984
"20751","07_report/CpG_context_sampling_37352_751_trimmed_bismark_bt2.CpG",13002,9300,3702,13002
"20752","07_report/CpG_context_sampling_37352_752_trimmed_bismark_bt2.CpG",12936,9166,3770,12936
"20753","07_report/CpG_context_sampling_37352_753_trimmed_bismark_bt2.CpG",12900,9328,3572,12900
"20754","07_report/CpG_context_sampling_37352_754_trimmed_bismark_bt2.CpG",13167,9410,3757,13167
"20755","07_report/CpG_context_sampling_37352_755_trimmed_bismark_bt2.CpG",12827,9242,3585,12827
"20756","07_report/CpG_context_sampling_37352_756_trimmed_bismark_bt2.CpG",12709,9065,3644,12709
"20757","07_report/CpG_context_sampling_37352_757_trimmed_bismark_bt2.CpG",12892,9098,3794,12892
"20758","07_report/CpG_context_sampling_37352_758_trimmed_bismark_bt2.CpG",13085,9348,3737,13085
"20759","07_report/CpG_context_sampling_37352_759_trimmed_bismark_bt2.CpG",12999,9371,3628,12999
"20760","07_report/CpG_context_sampling_37352_760_trimmed_bismark_bt2.CpG",12892,9231,3661,12892
"20761","07_report/CpG_context_sampling_37352_761_trimmed_bismark_bt2.CpG",12928,9184,3744,12928
"20762","07_report/CpG_context_sampling_37352_762_trimmed_bismark_bt2.CpG",13095,9385,3710,13095
"20763","07_report/CpG_context_sampling_37352_763_trimmed_bismark_bt2.CpG",13034,9207,3827,13034
"20764","07_report/CpG_context_sampling_37352_764_trimmed_bismark_bt2.CpG",12946,9280,3666,12946
"20765","07_report/CpG_context_sampling_37352_765_trimmed_bismark_bt2.CpG",12875,9226,3649,12875
"20766","07_report/CpG_context_sampling_37352_766_trimmed_bismark_bt2.CpG",12911,9236,3675,12911
"20767","07_report/CpG_context_sampling_37352_767_trimmed_bismark_bt2.CpG",12916,9307,3609,12916
"20768","07_report/CpG_context_sampling_37352_768_trimmed_bismark_bt2.CpG",12943,9239,3704,12943
"20769","07_report/CpG_context_sampling_37352_769_trimmed_bismark_bt2.CpG",12963,9287,3676,12963
"20770","07_report/CpG_context_sampling_37352_770_trimmed_bismark_bt2.CpG",12974,9349,3625,12974
"20771","07_report/CpG_context_sampling_37352_771_trimmed_bismark_bt2.CpG",13050,9367,3683,13050
"20772","07_report/CpG_context_sampling_37352_772_trimmed_bismark_bt2.CpG",12838,9217,3621,12838
"20773","07_report/CpG_context_sampling_37352_773_trimmed_bismark_bt2.CpG",12983,9230,3753,12983
"20774","07_report/CpG_context_sampling_37352_774_trimmed_bismark_bt2.CpG",12908,9310,3598,12908
"20775","07_report/CpG_context_sampling_37352_775_trimmed_bismark_bt2.CpG",12976,9323,3653,12976
"20776","07_report/CpG_context_sampling_37352_776_trimmed_bismark_bt2.CpG",12937,9130,3807,12937
"20777","07_report/CpG_context_sampling_37352_777_trimmed_bismark_bt2.CpG",13076,9376,3700,13076
"20778","07_report/CpG_context_sampling_37352_778_trimmed_bismark_bt2.CpG",13048,9372,3676,13048
"20779","07_report/CpG_context_sampling_37352_779_trimmed_bismark_bt2.CpG",13016,9284,3732,13016
"20780","07_report/CpG_context_sampling_37352_780_trimmed_bismark_bt2.CpG",13052,9321,3731,13052
"20781","07_report/CpG_context_sampling_37352_781_trimmed_bismark_bt2.CpG",12971,9328,3643,12971
"20782","07_report/CpG_context_sampling_37352_782_trimmed_bismark_bt2.CpG",13039,9280,3759,13039
"20783","07_report/CpG_context_sampling_37352_783_trimmed_bismark_bt2.CpG",12990,9365,3625,12990
"20784","07_report/CpG_context_sampling_37352_784_trimmed_bismark_bt2.CpG",12661,9081,3580,12661
"20785","07_report/CpG_context_sampling_37352_785_trimmed_bismark_bt2.CpG",12888,9191,3697,12888
"20786","07_report/CpG_context_sampling_37352_786_trimmed_bismark_bt2.CpG",13001,9241,3760,13001
"20787","07_report/CpG_context_sampling_37352_787_trimmed_bismark_bt2.CpG",13003,9330,3673,13003
"20788","07_report/CpG_context_sampling_37352_788_trimmed_bismark_bt2.CpG",12813,9132,3681,12813
"20789","07_report/CpG_context_sampling_37352_789_trimmed_bismark_bt2.CpG",12894,9171,3723,12894
"20790","07_report/CpG_context_sampling_37352_790_trimmed_bismark_bt2.CpG",12800,9211,3589,12800
"20791","07_report/CpG_context_sampling_37352_791_trimmed_bismark_bt2.CpG",12980,9250,3730,12980
"20792","07_report/CpG_context_sampling_37352_792_trimmed_bismark_bt2.CpG",12861,9174,3687,12861
"20793","07_report/CpG_context_sampling_37352_793_trimmed_bismark_bt2.CpG",12910,9179,3731,12910
"20794","07_report/CpG_context_sampling_37352_794_trimmed_bismark_bt2.CpG",12976,9240,3736,12976
"20795","07_report/CpG_context_sampling_37352_795_trimmed_bismark_bt2.CpG",12752,9031,3721,12752
"20796","07_report/CpG_context_sampling_37352_796_trimmed_bismark_bt2.CpG",12831,9203,3628,12831
"20797","07_report/CpG_context_sampling_37352_797_trimmed_bismark_bt2.CpG",13099,9362,3737,13099
"20798","07_report/CpG_context_sampling_37352_798_trimmed_bismark_bt2.CpG",12971,9267,3704,12971
"20799","07_report/CpG_context_sampling_37352_799_trimmed_bismark_bt2.CpG",12979,9300,3679,12979
"20800","07_report/CpG_context_sampling_37352_800_trimmed_bismark_bt2.CpG",12921,9248,3673,12921
"20801","07_report/CpG_context_sampling_37352_801_trimmed_bismark_bt2.CpG",13142,9418,3724,13142
"20802","07_report/CpG_context_sampling_37352_802_trimmed_bismark_bt2.CpG",12832,9183,3649,12832
"20803","07_report/CpG_context_sampling_37352_803_trimmed_bismark_bt2.CpG",12974,9313,3661,12974
"20804","07_report/CpG_context_sampling_37352_804_trimmed_bismark_bt2.CpG",13021,9261,3760,13021
"20805","07_report/CpG_context_sampling_37352_805_trimmed_bismark_bt2.CpG",12921,9184,3737,12921
"20806","07_report/CpG_context_sampling_37352_806_trimmed_bismark_bt2.CpG",13001,9218,3783,13001
"20807","07_report/CpG_context_sampling_37352_807_trimmed_bismark_bt2.CpG",13077,9326,3751,13077
"20808","07_report/CpG_context_sampling_37352_808_trimmed_bismark_bt2.CpG",12896,9184,3712,12896
"20809","07_report/CpG_context_sampling_37352_809_trimmed_bismark_bt2.CpG",13110,9384,3726,13110
"20810","07_report/CpG_context_sampling_37352_810_trimmed_bismark_bt2.CpG",12922,9314,3608,12922
"20811","07_report/CpG_context_sampling_37352_811_trimmed_bismark_bt2.CpG",13029,9317,3712,13029
"20812","07_report/CpG_context_sampling_37352_812_trimmed_bismark_bt2.CpG",12982,9431,3551,12982
"20813","07_report/CpG_context_sampling_37352_813_trimmed_bismark_bt2.CpG",12944,9309,3635,12944
"20814","07_report/CpG_context_sampling_37352_814_trimmed_bismark_bt2.CpG",12792,9151,3641,12792
"20815","07_report/CpG_context_sampling_37352_815_trimmed_bismark_bt2.CpG",12905,9177,3728,12905
"20816","07_report/CpG_context_sampling_37352_816_trimmed_bismark_bt2.CpG",12892,9301,3591,12892
"20817","07_report/CpG_context_sampling_37352_817_trimmed_bismark_bt2.CpG",13011,9318,3693,13011
"20818","07_report/CpG_context_sampling_37352_818_trimmed_bismark_bt2.CpG",12896,9246,3650,12896
"20819","07_report/CpG_context_sampling_37352_819_trimmed_bismark_bt2.CpG",13033,9330,3703,13033
"20820","07_report/CpG_context_sampling_37352_820_trimmed_bismark_bt2.CpG",12850,9206,3644,12850
"20821","07_report/CpG_context_sampling_37352_821_trimmed_bismark_bt2.CpG",12995,9376,3619,12995
"20822","07_report/CpG_context_sampling_37352_822_trimmed_bismark_bt2.CpG",12900,9230,3670,12900
"20823","07_report/CpG_context_sampling_37352_823_trimmed_bismark_bt2.CpG",12885,9204,3681,12885
"20824","07_report/CpG_context_sampling_37352_824_trimmed_bismark_bt2.CpG",12939,9225,3714,12939
"20825","07_report/CpG_context_sampling_37352_825_trimmed_bismark_bt2.CpG",13247,9454,3793,13247
"20826","07_report/CpG_context_sampling_37352_826_trimmed_bismark_bt2.CpG",12908,9229,3679,12908
"20827","07_report/CpG_context_sampling_37352_827_trimmed_bismark_bt2.CpG",13075,9416,3659,13075
"20828","07_report/CpG_context_sampling_37352_828_trimmed_bismark_bt2.CpG",12961,9245,3716,12961
"20829","07_report/CpG_context_sampling_37352_829_trimmed_bismark_bt2.CpG",12921,9236,3685,12921
"20830","07_report/CpG_context_sampling_37352_830_trimmed_bismark_bt2.CpG",12868,9235,3633,12868
"20831","07_report/CpG_context_sampling_37352_831_trimmed_bismark_bt2.CpG",12890,9196,3694,12890
"20832","07_report/CpG_context_sampling_37352_832_trimmed_bismark_bt2.CpG",12912,9294,3618,12912
"20833","07_report/CpG_context_sampling_37352_833_trimmed_bismark_bt2.CpG",12945,9257,3688,12945
"20834","07_report/CpG_context_sampling_37352_834_trimmed_bismark_bt2.CpG",12941,9238,3703,12941
"20835","07_report/CpG_context_sampling_37352_835_trimmed_bismark_bt2.CpG",12964,9321,3643,12964
"20836","07_report/CpG_context_sampling_37352_836_trimmed_bismark_bt2.CpG",12835,9046,3789,12835
"20837","07_report/CpG_context_sampling_37352_837_trimmed_bismark_bt2.CpG",12964,9186,3778,12964
"20838","07_report/CpG_context_sampling_37352_838_trimmed_bismark_bt2.CpG",13005,9202,3803,13005
"20839","07_report/CpG_context_sampling_37352_839_trimmed_bismark_bt2.CpG",13092,9391,3701,13092
"20840","07_report/CpG_context_sampling_37352_840_trimmed_bismark_bt2.CpG",13034,9255,3779,13034
"20841","07_report/CpG_context_sampling_37352_841_trimmed_bismark_bt2.CpG",12929,9170,3759,12929
"20842","07_report/CpG_context_sampling_37352_842_trimmed_bismark_bt2.CpG",12846,9193,3653,12846
"20843","07_report/CpG_context_sampling_37352_843_trimmed_bismark_bt2.CpG",12990,9314,3676,12990
"20844","07_report/CpG_context_sampling_37352_844_trimmed_bismark_bt2.CpG",13050,9349,3701,13050
"20845","07_report/CpG_context_sampling_37352_845_trimmed_bismark_bt2.CpG",12847,9284,3563,12847
"20846","07_report/CpG_context_sampling_37352_846_trimmed_bismark_bt2.CpG",12789,9097,3692,12789
"20847","07_report/CpG_context_sampling_37352_847_trimmed_bismark_bt2.CpG",13060,9426,3634,13060
"20848","07_report/CpG_context_sampling_37352_848_trimmed_bismark_bt2.CpG",12987,9373,3614,12987
"20849","07_report/CpG_context_sampling_37352_849_trimmed_bismark_bt2.CpG",12940,9288,3652,12940
"20850","07_report/CpG_context_sampling_37352_850_trimmed_bismark_bt2.CpG",13027,9438,3589,13027
"20851","07_report/CpG_context_sampling_37352_851_trimmed_bismark_bt2.CpG",12915,9296,3619,12915
"20852","07_report/CpG_context_sampling_37352_852_trimmed_bismark_bt2.CpG",12974,9374,3600,12974
"20853","07_report/CpG_context_sampling_37352_853_trimmed_bismark_bt2.CpG",12742,9105,3637,12742
"20854","07_report/CpG_context_sampling_37352_854_trimmed_bismark_bt2.CpG",12731,9043,3688,12731
"20855","07_report/CpG_context_sampling_37352_855_trimmed_bismark_bt2.CpG",13030,9374,3656,13030
"20856","07_report/CpG_context_sampling_37352_856_trimmed_bismark_bt2.CpG",12878,9216,3662,12878
"20857","07_report/CpG_context_sampling_37352_857_trimmed_bismark_bt2.CpG",12847,9203,3644,12847
"20858","07_report/CpG_context_sampling_37352_858_trimmed_bismark_bt2.CpG",13021,9289,3732,13021
"20859","07_report/CpG_context_sampling_37352_859_trimmed_bismark_bt2.CpG",13100,9416,3684,13100
"20860","07_report/CpG_context_sampling_37352_860_trimmed_bismark_bt2.CpG",12837,9119,3718,12837
"20861","07_report/CpG_context_sampling_37352_861_trimmed_bismark_bt2.CpG",12922,9234,3688,12922
"20862","07_report/CpG_context_sampling_37352_862_trimmed_bismark_bt2.CpG",12875,9169,3706,12875
"20863","07_report/CpG_context_sampling_37352_863_trimmed_bismark_bt2.CpG",12930,9246,3684,12930
"20864","07_report/CpG_context_sampling_37352_864_trimmed_bismark_bt2.CpG",12782,9122,3660,12782
"20865","07_report/CpG_context_sampling_37352_865_trimmed_bismark_bt2.CpG",12947,9250,3697,12947
"20866","07_report/CpG_context_sampling_37352_866_trimmed_bismark_bt2.CpG",12926,9258,3668,12926
"20867","07_report/CpG_context_sampling_37352_867_trimmed_bismark_bt2.CpG",12998,9298,3700,12998
"20868","07_report/CpG_context_sampling_37352_868_trimmed_bismark_bt2.CpG",12913,9225,3688,12913
"20869","07_report/CpG_context_sampling_37352_869_trimmed_bismark_bt2.CpG",12983,9292,3691,12983
"20870","07_report/CpG_context_sampling_37352_870_trimmed_bismark_bt2.CpG",12923,9349,3574,12923
"20871","07_report/CpG_context_sampling_37352_871_trimmed_bismark_bt2.CpG",13024,9272,3752,13024
"20872","07_report/CpG_context_sampling_37352_872_trimmed_bismark_bt2.CpG",12933,9194,3739,12933
"20873","07_report/CpG_context_sampling_37352_873_trimmed_bismark_bt2.CpG",12897,9221,3676,12897
"20874","07_report/CpG_context_sampling_37352_874_trimmed_bismark_bt2.CpG",13012,9299,3713,13012
"20875","07_report/CpG_context_sampling_37352_875_trimmed_bismark_bt2.CpG",12967,9185,3782,12967
"20876","07_report/CpG_context_sampling_37352_876_trimmed_bismark_bt2.CpG",13117,9411,3706,13117
"20877","07_report/CpG_context_sampling_37352_877_trimmed_bismark_bt2.CpG",13013,9265,3748,13013
"20878","07_report/CpG_context_sampling_37352_878_trimmed_bismark_bt2.CpG",13110,9368,3742,13110
"20879","07_report/CpG_context_sampling_37352_879_trimmed_bismark_bt2.CpG",12929,9213,3716,12929
"20880","07_report/CpG_context_sampling_37352_880_trimmed_bismark_bt2.CpG",13056,9411,3645,13056
"20881","07_report/CpG_context_sampling_37352_881_trimmed_bismark_bt2.CpG",12934,9281,3653,12934
"20882","07_report/CpG_context_sampling_37352_882_trimmed_bismark_bt2.CpG",12953,9213,3740,12953
"20883","07_report/CpG_context_sampling_37352_883_trimmed_bismark_bt2.CpG",12949,9172,3777,12949
"20884","07_report/CpG_context_sampling_37352_884_trimmed_bismark_bt2.CpG",13117,9332,3785,13117
"20885","07_report/CpG_context_sampling_37352_885_trimmed_bismark_bt2.CpG",13030,9310,3720,13030
"20886","07_report/CpG_context_sampling_37352_886_trimmed_bismark_bt2.CpG",12960,9282,3678,12960
"20887","07_report/CpG_context_sampling_37352_887_trimmed_bismark_bt2.CpG",12936,9201,3735,12936
"20888","07_report/CpG_context_sampling_37352_888_trimmed_bismark_bt2.CpG",13033,9324,3709,13033
"20889","07_report/CpG_context_sampling_37352_889_trimmed_bismark_bt2.CpG",13029,9231,3798,13029
"20890","07_report/CpG_context_sampling_37352_890_trimmed_bismark_bt2.CpG",12981,9301,3680,12981
"20891","07_report/CpG_context_sampling_37352_891_trimmed_bismark_bt2.CpG",13001,9271,3730,13001
"20892","07_report/CpG_context_sampling_37352_892_trimmed_bismark_bt2.CpG",12911,9332,3579,12911
"20893","07_report/CpG_context_sampling_37352_893_trimmed_bismark_bt2.CpG",12958,9236,3722,12958
"20894","07_report/CpG_context_sampling_37352_894_trimmed_bismark_bt2.CpG",12958,9320,3638,12958
"20895","07_report/CpG_context_sampling_37352_895_trimmed_bismark_bt2.CpG",12848,9201,3647,12848
"20896","07_report/CpG_context_sampling_37352_896_trimmed_bismark_bt2.CpG",12880,9134,3746,12880
"20897","07_report/CpG_context_sampling_37352_897_trimmed_bismark_bt2.CpG",12949,9290,3659,12949
"20898","07_report/CpG_context_sampling_37352_898_trimmed_bismark_bt2.CpG",13035,9298,3737,13035
"20899","07_report/CpG_context_sampling_37352_899_trimmed_bismark_bt2.CpG",13060,9323,3737,13060
"20900","07_report/CpG_context_sampling_37352_900_trimmed_bismark_bt2.CpG",12875,9197,3678,12875
"20901","07_report/CpG_context_sampling_37352_901_trimmed_bismark_bt2.CpG",12917,9266,3651,12917
"20902","07_report/CpG_context_sampling_37352_902_trimmed_bismark_bt2.CpG",12928,9220,3708,12928
"20903","07_report/CpG_context_sampling_37352_903_trimmed_bismark_bt2.CpG",12973,9264,3709,12973
"20904","07_report/CpG_context_sampling_37352_904_trimmed_bismark_bt2.CpG",13082,9415,3667,13082
"20905","07_report/CpG_context_sampling_37352_905_trimmed_bismark_bt2.CpG",12964,9302,3662,12964
"20906","07_report/CpG_context_sampling_37352_906_trimmed_bismark_bt2.CpG",12993,9333,3660,12993
"20907","07_report/CpG_context_sampling_37352_907_trimmed_bismark_bt2.CpG",12857,9208,3649,12857
"20908","07_report/CpG_context_sampling_37352_908_trimmed_bismark_bt2.CpG",13019,9291,3728,13019
"20909","07_report/CpG_context_sampling_37352_909_trimmed_bismark_bt2.CpG",12903,9254,3649,12903
"20910","07_report/CpG_context_sampling_37352_910_trimmed_bismark_bt2.CpG",12891,9186,3705,12891
"20911","07_report/CpG_context_sampling_37352_911_trimmed_bismark_bt2.CpG",12996,9284,3712,12996
"20912","07_report/CpG_context_sampling_37352_912_trimmed_bismark_bt2.CpG",13032,9299,3733,13032
"20913","07_report/CpG_context_sampling_37352_913_trimmed_bismark_bt2.CpG",13035,9253,3782,13035
"20914","07_report/CpG_context_sampling_37352_914_trimmed_bismark_bt2.CpG",12905,9220,3685,12905
"20915","07_report/CpG_context_sampling_37352_915_trimmed_bismark_bt2.CpG",12990,9320,3670,12990
"20916","07_report/CpG_context_sampling_37352_916_trimmed_bismark_bt2.CpG",12864,9179,3685,12864
"20917","07_report/CpG_context_sampling_37352_917_trimmed_bismark_bt2.CpG",13058,9295,3763,13058
"20918","07_report/CpG_context_sampling_37352_918_trimmed_bismark_bt2.CpG",12942,9310,3632,12942
"20919","07_report/CpG_context_sampling_37352_919_trimmed_bismark_bt2.CpG",12855,9218,3637,12855
"20920","07_report/CpG_context_sampling_37352_920_trimmed_bismark_bt2.CpG",12986,9286,3700,12986
"20921","07_report/CpG_context_sampling_37352_921_trimmed_bismark_bt2.CpG",12846,9141,3705,12846
"20922","07_report/CpG_context_sampling_37352_922_trimmed_bismark_bt2.CpG",12936,9267,3669,12936
"20923","07_report/CpG_context_sampling_37352_923_trimmed_bismark_bt2.CpG",12973,9305,3668,12973
"20924","07_report/CpG_context_sampling_37352_924_trimmed_bismark_bt2.CpG",13086,9296,3790,13086
"20925","07_report/CpG_context_sampling_37352_925_trimmed_bismark_bt2.CpG",13026,9281,3745,13026
"20926","07_report/CpG_context_sampling_37352_926_trimmed_bismark_bt2.CpG",13009,9336,3673,13009
"20927","07_report/CpG_context_sampling_37352_927_trimmed_bismark_bt2.CpG",12860,9212,3648,12860
"20928","07_report/CpG_context_sampling_37352_928_trimmed_bismark_bt2.CpG",12958,9304,3654,12958
"20929","07_report/CpG_context_sampling_37352_929_trimmed_bismark_bt2.CpG",12925,9138,3787,12925
"20930","07_report/CpG_context_sampling_37352_930_trimmed_bismark_bt2.CpG",13002,9299,3703,13002
"20931","07_report/CpG_context_sampling_37352_931_trimmed_bismark_bt2.CpG",13163,9379,3784,13163
"20932","07_report/CpG_context_sampling_37352_932_trimmed_bismark_bt2.CpG",13032,9332,3700,13032
"20933","07_report/CpG_context_sampling_37352_933_trimmed_bismark_bt2.CpG",13014,9321,3693,13014
"20934","07_report/CpG_context_sampling_37352_934_trimmed_bismark_bt2.CpG",12854,9216,3638,12854
"20935","07_report/CpG_context_sampling_37352_935_trimmed_bismark_bt2.CpG",12852,9232,3620,12852
"20936","07_report/CpG_context_sampling_37352_936_trimmed_bismark_bt2.CpG",12962,9193,3769,12962
"20937","07_report/CpG_context_sampling_37352_937_trimmed_bismark_bt2.CpG",12831,9140,3691,12831
"20938","07_report/CpG_context_sampling_37352_938_trimmed_bismark_bt2.CpG",12970,9299,3671,12970
"20939","07_report/CpG_context_sampling_37352_939_trimmed_bismark_bt2.CpG",12952,9296,3656,12952
"20940","07_report/CpG_context_sampling_37352_940_trimmed_bismark_bt2.CpG",12989,9342,3647,12989
"20941","07_report/CpG_context_sampling_37352_941_trimmed_bismark_bt2.CpG",12776,9136,3640,12776
"20942","07_report/CpG_context_sampling_37352_942_trimmed_bismark_bt2.CpG",13121,9488,3633,13121
"20943","07_report/CpG_context_sampling_37352_943_trimmed_bismark_bt2.CpG",12900,9201,3699,12900
"20944","07_report/CpG_context_sampling_37352_944_trimmed_bismark_bt2.CpG",12952,9307,3645,12952
"20945","07_report/CpG_context_sampling_37352_945_trimmed_bismark_bt2.CpG",12893,9222,3671,12893
"20946","07_report/CpG_context_sampling_37352_946_trimmed_bismark_bt2.CpG",12830,9242,3588,12830
"20947","07_report/CpG_context_sampling_37352_947_trimmed_bismark_bt2.CpG",12941,9287,3654,12941
"20948","07_report/CpG_context_sampling_37352_948_trimmed_bismark_bt2.CpG",12971,9310,3661,12971
"20949","07_report/CpG_context_sampling_37352_949_trimmed_bismark_bt2.CpG",12969,9355,3614,12969
"20950","07_report/CpG_context_sampling_37352_950_trimmed_bismark_bt2.CpG",12859,9174,3685,12859
"20951","07_report/CpG_context_sampling_37352_951_trimmed_bismark_bt2.CpG",13060,9219,3841,13060
"20952","07_report/CpG_context_sampling_37352_952_trimmed_bismark_bt2.CpG",12928,9234,3694,12928
"20953","07_report/CpG_context_sampling_37352_953_trimmed_bismark_bt2.CpG",12971,9259,3712,12971
"20954","07_report/CpG_context_sampling_37352_954_trimmed_bismark_bt2.CpG",12700,9082,3618,12700
"20955","07_report/CpG_context_sampling_37352_955_trimmed_bismark_bt2.CpG",12953,9207,3746,12953
"20956","07_report/CpG_context_sampling_37352_956_trimmed_bismark_bt2.CpG",12994,9284,3710,12994
"20957","07_report/CpG_context_sampling_37352_957_trimmed_bismark_bt2.CpG",12991,9259,3732,12991
"20958","07_report/CpG_context_sampling_37352_958_trimmed_bismark_bt2.CpG",12991,9377,3614,12991
"20959","07_report/CpG_context_sampling_37352_959_trimmed_bismark_bt2.CpG",12853,9148,3705,12853
"20960","07_report/CpG_context_sampling_37352_960_trimmed_bismark_bt2.CpG",13050,9321,3729,13050
"20961","07_report/CpG_context_sampling_37352_961_trimmed_bismark_bt2.CpG",12928,9225,3703,12928
"20962","07_report/CpG_context_sampling_37352_962_trimmed_bismark_bt2.CpG",13137,9387,3750,13137
"20963","07_report/CpG_context_sampling_37352_963_trimmed_bismark_bt2.CpG",12981,9369,3612,12981
"20964","07_report/CpG_context_sampling_37352_964_trimmed_bismark_bt2.CpG",12865,9237,3628,12865
"20965","07_report/CpG_context_sampling_37352_965_trimmed_bismark_bt2.CpG",13028,9381,3647,13028
"20966","07_report/CpG_context_sampling_37352_966_trimmed_bismark_bt2.CpG",12948,9190,3758,12948
"20967","07_report/CpG_context_sampling_37352_967_trimmed_bismark_bt2.CpG",13151,9437,3714,13151
"20968","07_report/CpG_context_sampling_37352_968_trimmed_bismark_bt2.CpG",12993,9297,3696,12993
"20969","07_report/CpG_context_sampling_37352_969_trimmed_bismark_bt2.CpG",12995,9204,3791,12995
"20970","07_report/CpG_context_sampling_37352_970_trimmed_bismark_bt2.CpG",12846,9173,3673,12846
"20971","07_report/CpG_context_sampling_37352_971_trimmed_bismark_bt2.CpG",12837,9208,3629,12837
"20972","07_report/CpG_context_sampling_37352_972_trimmed_bismark_bt2.CpG",12912,9288,3624,12912
"20973","07_report/CpG_context_sampling_37352_973_trimmed_bismark_bt2.CpG",12907,9179,3728,12907
"20974","07_report/CpG_context_sampling_37352_974_trimmed_bismark_bt2.CpG",13044,9251,3793,13044
"20975","07_report/CpG_context_sampling_37352_975_trimmed_bismark_bt2.CpG",12851,9108,3743,12851
"20976","07_report/CpG_context_sampling_37352_976_trimmed_bismark_bt2.CpG",13077,9350,3727,13077
"20977","07_report/CpG_context_sampling_37352_977_trimmed_bismark_bt2.CpG",13090,9370,3720,13090
"20978","07_report/CpG_context_sampling_37352_978_trimmed_bismark_bt2.CpG",12955,9275,3680,12955
"20979","07_report/CpG_context_sampling_37352_979_trimmed_bismark_bt2.CpG",12976,9305,3671,12976
"20980","07_report/CpG_context_sampling_37352_980_trimmed_bismark_bt2.CpG",12974,9277,3697,12974
"20981","07_report/CpG_context_sampling_37352_981_trimmed_bismark_bt2.CpG",12872,9281,3591,12872
"20982","07_report/CpG_context_sampling_37352_982_trimmed_bismark_bt2.CpG",13094,9473,3621,13094
"20983","07_report/CpG_context_sampling_37352_983_trimmed_bismark_bt2.CpG",13024,9327,3697,13024
"20984","07_report/CpG_context_sampling_37352_984_trimmed_bismark_bt2.CpG",12611,8978,3633,12611
"20985","07_report/CpG_context_sampling_37352_985_trimmed_bismark_bt2.CpG",12900,9265,3635,12900
"20986","07_report/CpG_context_sampling_37352_986_trimmed_bismark_bt2.CpG",12897,9229,3668,12897
"20987","07_report/CpG_context_sampling_37352_987_trimmed_bismark_bt2.CpG",13042,9342,3700,13042
"20988","07_report/CpG_context_sampling_37352_988_trimmed_bismark_bt2.CpG",12847,9216,3631,12847
"20989","07_report/CpG_context_sampling_37352_989_trimmed_bismark_bt2.CpG",12858,9169,3689,12858
"20990","07_report/CpG_context_sampling_37352_990_trimmed_bismark_bt2.CpG",12956,9211,3745,12956
"20991","07_report/CpG_context_sampling_37352_991_trimmed_bismark_bt2.CpG",12916,9266,3650,12916
"20992","07_report/CpG_context_sampling_37352_992_trimmed_bismark_bt2.CpG",13001,9279,3722,13001
"20993","07_report/CpG_context_sampling_37352_993_trimmed_bismark_bt2.CpG",13038,9376,3662,13038
"20994","07_report/CpG_context_sampling_37352_994_trimmed_bismark_bt2.CpG",12912,9221,3691,12912
"20995","07_report/CpG_context_sampling_37352_995_trimmed_bismark_bt2.CpG",13038,9390,3648,13038
"20996","07_report/CpG_context_sampling_37352_996_trimmed_bismark_bt2.CpG",12897,9237,3660,12897
"20997","07_report/CpG_context_sampling_37352_997_trimmed_bismark_bt2.CpG",12937,9235,3702,12937
"20998","07_report/CpG_context_sampling_37352_998_trimmed_bismark_bt2.CpG",12902,9265,3637,12902
"20999","07_report/CpG_context_sampling_37352_999_trimmed_bismark_bt2.CpG",12940,9167,3773,12940
"21000","07_report/CpG_context_sampling_37352_1000_trimmed_bismark_bt2.CpG",12973,9228,3745,12973
